# Variable: A
# Sample shape: (2800,)
# Date: 2019-05-03 14:13:49.554534
2.470216512847469303e+01
2.456376446932176449e+01
2.466534255095904982e+01
2.482375055635022676e+01
2.485942038103764418e+01
2.467679941350464645e+01
2.477610639288955596e+01
2.502640913929953470e+01
2.453017032364611083e+01
2.468417192791578785e+01
2.472758865316246712e+01
2.452519548025926710e+01
2.462303367156582823e+01
2.461981972516587902e+01
2.474368688466720911e+01
2.455036740471815193e+01
2.479768707964140262e+01
2.468137963109904476e+01
2.480565492108392789e+01
2.488682340500973567e+01
2.453303443661830840e+01
2.460898610399314279e+01
2.464193860428158445e+01
2.464892465249381814e+01
2.477720164397085867e+01
2.455878264628544727e+01
2.435109852177563283e+01
2.474606438509586681e+01
2.491019442184271426e+01
2.486043816844735233e+01
2.443508604166684606e+01
2.484899301068653088e+01
2.455318130107746200e+01
2.457172840584400220e+01
2.445431446167353329e+01
2.501476221323967053e+01
2.450827025462379893e+01
2.456243048231172565e+01
2.478781272413229786e+01
2.452614321473459569e+01
2.449889283485199343e+01
2.454702980753893016e+01
2.462214328744346048e+01
2.481438028493301218e+01
2.464504791208095114e+01
2.490760403683751889e+01
2.463261991868533940e+01
2.510727475304272716e+01
2.432679871435759011e+01
2.488875023531068820e+01
2.466364473479254826e+01
2.454395633424638845e+01
2.472405366089560630e+01
2.451831891812051722e+01
2.459911022736872255e+01
2.466162242071923671e+01
2.471524893610462925e+01
2.455593142270039309e+01
2.486666779579591591e+01
2.470441495605048488e+01
2.439897347885905532e+01
2.473455122527269978e+01
2.490043734397402275e+01
2.444586016592037581e+01
2.508275900773323031e+01
2.469986064202829823e+01
2.448669709409979589e+01
2.476013410166857653e+01
2.460738758660619752e+01
2.468605168928937132e+01
2.466781851867884967e+01
2.466723133167513993e+01
2.489917795056488004e+01
2.449817308133394178e+01
2.431197251508287138e+01
2.457855300341152827e+01
2.466498046020969781e+01
2.482687255421715378e+01
2.462772622484165552e+01
2.487883124734859308e+01
2.461198347581780155e+01
2.478922324396868859e+01
2.479778756488315494e+01
2.461040941256029058e+01
2.450704695127317123e+01
2.444863053966431110e+01
2.528586191658650861e+01
2.449376173199592088e+01
2.484521502982095953e+01
2.470927004464775933e+01
2.466680684324626327e+01
2.474298671071707290e+01
2.471377714505499767e+01
2.476531756219046798e+01
2.458196521388716960e+01
2.469979789106212920e+01
2.458316041724874523e+01
2.494037276962917815e+01
2.462786148050749446e+01
2.473817485879272127e+01
2.465752654794462728e+01
2.463014997144343354e+01
2.475377725211424007e+01
2.457695719178507332e+01
2.446601747778699476e+01
2.465977122974376101e+01
2.450022306003761940e+01
2.483892074669401495e+01
2.462017958428566899e+01
2.463355614836910590e+01
2.477488366888334070e+01
2.471766607399636939e+01
2.453826026769237245e+01
2.461773231767957171e+01
2.470598524387717632e+01
2.472137994035512421e+01
2.476766146994398810e+01
2.449189129610020998e+01
2.468444032820821832e+01
2.483587436223627165e+01
2.473685527392797923e+01
2.460472986454059097e+01
2.483735954448704319e+01
2.458366637397827148e+01
2.449740389783377026e+01
2.434567081217348417e+01
2.481963762178867938e+01
2.455818703141606818e+01
2.485849818912923581e+01
2.479388542378498528e+01
2.456349938812667943e+01
2.451831369553533335e+01
2.472204216094073104e+01
2.472460150076912555e+01
2.463543098386534425e+01
2.471605459977603303e+01
2.452617717401158615e+01
2.481082431107401831e+01
2.485634467822869809e+01
2.470122622451766503e+01
2.454520216481614270e+01
2.479370042628741189e+01
2.458300710244282428e+01
2.483013108906486011e+01
2.467389617684249359e+01
2.468662532188716696e+01
2.447116507327018198e+01
2.494227654690537577e+01
2.463063492436693735e+01
2.462065018862471533e+01
2.498629411778911447e+01
2.455851287513826264e+01
2.481569405266414208e+01
2.471901516577959512e+01
2.476765804941716453e+01
2.446713136051763016e+01
2.485044212269673025e+01
2.474047527902084909e+01
2.460959593385046418e+01
2.468698355621740603e+01
2.470816204830065033e+01
2.456189667893955431e+01
2.454876838913583370e+01
2.465826434572947790e+01
2.456639119384891856e+01
2.492627596725593975e+01
2.452873214986519557e+01
2.432900369485240333e+01
2.482345345191476227e+01
2.464087694745504109e+01
2.436740933254740327e+01
2.462977432899996444e+01
2.485469407514101903e+01
2.477970187682665681e+01
2.446842325707116217e+01
2.462779738424277909e+01
2.508585321997370343e+01
2.482520585040078132e+01
2.461442882858258940e+01
2.456938458142196779e+01
2.451600781952650365e+01
2.489142664564724328e+01
2.455066726165938107e+01
2.459021306476360991e+01
2.487351049595368480e+01
2.463662015338560707e+01
2.472531872312814372e+01
2.484276383897479334e+01
2.450083343899111554e+01
2.464031650893302938e+01
2.417882493570009927e+01
2.475759457075233883e+01
2.466944425150554210e+01
2.478047923186080581e+01
2.459720047856577807e+01
2.459320198963174420e+01
2.474215209335624976e+01
2.470492631196183098e+01
2.452439508956578962e+01
2.473298032108047195e+01
2.465516970014907372e+01
2.505104230016599232e+01
2.439493068928771891e+01
2.459132788334790831e+01
2.496047043123722275e+01
2.446967973863086598e+01
2.455798151721425526e+01
2.456191264228428039e+01
2.477554354374952794e+01
2.469709463526721649e+01
2.503595566509640946e+01
2.468151215644643059e+01
2.462916311763306254e+01
2.507182120606566400e+01
2.463191929712790085e+01
2.450627163981972600e+01
2.448665570281174908e+01
2.452095248976402786e+01
2.477220354490791010e+01
2.446605244168796034e+01
2.460273583905946992e+01
2.477774464877263583e+01
2.477827654112950029e+01
2.467141370186462268e+01
2.456703008977085290e+01
2.451213454333472086e+01
2.495734392655380773e+01
2.459315579540221464e+01
2.457526582452026176e+01
2.476743098737776805e+01
2.463669034878071074e+01
2.438055157554246577e+01
2.471331531736152698e+01
2.484485033707849411e+01
2.487438750387748243e+01
2.462212741294003138e+01
2.485138958388118624e+01
2.504494692418948887e+01
2.458056513277663768e+01
2.462025156303947782e+01
2.462956582521208659e+01
2.468862890665473131e+01
2.435302824963012469e+01
2.501637470049787026e+01
2.465400456407494900e+01
2.451054450081667468e+01
2.486948730534975738e+01
2.495267919079371310e+01
2.467410993615066062e+01
2.496483916366042166e+01
2.486882458971662402e+01
2.476867699744022744e+01
2.471379281924113513e+01
2.470810278196270460e+01
2.479565852685513150e+01
2.463425823526173275e+01
2.461904876652032570e+01
2.460289550262888625e+01
2.488102898527022688e+01
2.478327621936233527e+01
2.443691582704125054e+01
2.484590797502088222e+01
2.460301340609626664e+01
2.480051016796830510e+01
2.459981678112492887e+01
2.439808971865789999e+01
2.447761358475909432e+01
2.460851317241247571e+01
2.477014962481724325e+01
2.461070219008949422e+01
2.475489247703243123e+01
2.487094689251876289e+01
2.423093385773239916e+01
2.475813094067433084e+01
2.444745736747123388e+01
2.483723942148101571e+01
2.490902201797889859e+01
2.477056434765998105e+01
2.447616104948207649e+01
2.454677734388337385e+01
2.501513294502366236e+01
2.468171256760984278e+01
2.471608658406039538e+01
2.424091694670429220e+01
2.487021315454397197e+01
2.462771596501505655e+01
2.461507712048815932e+01
2.484485014155792015e+01
2.471289591609410863e+01
2.465601230822847612e+01
2.456391067409408890e+01
2.466728167125728888e+01
2.437267774393044206e+01
2.490677288591735916e+01
2.453601198941446526e+01
2.461786899598900291e+01
2.476884395531991601e+01
2.459138798743093091e+01
2.469667306778165639e+01
2.476047028455716870e+01
2.456126565371090464e+01
2.479077010527643310e+01
2.470851804248165351e+01
2.443579182192980426e+01
2.468249313911777776e+01
2.466936789037105626e+01
2.492086903862663760e+01
2.472349117631106807e+01
2.453725864927213607e+01
2.439459652842291959e+01
2.473230175890297744e+01
2.443068458349840810e+01
2.459160362545684819e+01
2.435344298339913749e+01
2.475874117372814354e+01
2.456725823238788209e+01
2.473962156401094248e+01
2.464092120692099996e+01
2.456107616579114961e+01
2.471064118486290795e+01
2.467612384815322457e+01
2.464460043382057819e+01
2.469459130231429711e+01
2.445492476363975598e+01
2.466017490058452566e+01
2.452238889989619608e+01
2.455241647463321542e+01
2.467662059052543455e+01
2.445451010070688369e+01
2.473162607857672413e+01
2.456313134971629708e+01
2.441536573270078136e+01
2.442876589317936364e+01
2.476597942776141537e+01
2.463326936550379997e+01
2.418785747120231377e+01
2.436848138580364775e+01
2.468272263806825606e+01
2.489474826228602922e+01
2.445424747771592067e+01
2.428376805223374646e+01
2.463397367020285245e+01
2.492810735123719468e+01
2.469775840903881203e+01
2.475510089124955826e+01
2.488393503081370639e+01
2.456913170484955344e+01
2.457450077168504166e+01
2.478047880446116480e+01
2.461244945617784552e+01
2.447724253559984220e+01
2.472539860402102008e+01
2.479927539210410714e+01
2.470965638328575054e+01
2.442422144937689410e+01
2.488513851820596301e+01
2.464667156570229523e+01
2.499151372906539947e+01
2.459773648574773475e+01
2.489990612645173584e+01
2.486929077303292601e+01
2.449590710300125806e+01
2.442130481001415987e+01
2.475695645096472575e+01
2.494027301329531454e+01
2.489673733210391049e+01
2.453676031564300075e+01
2.488062860154673217e+01
2.442409617667206589e+01
2.451412694297508565e+01
2.485164667997690202e+01
2.471468276609028436e+01
2.467139702880636776e+01
2.476440852868138620e+01
2.463497013026170279e+01
2.436110868887226744e+01
2.432883224935707389e+01
2.486069775653283642e+01
2.460370223641517384e+01
2.504207091804928709e+01
2.459982752718448751e+01
2.457794113661335444e+01
2.476264723430060499e+01
2.476409785457987667e+01
2.479850362495509586e+01
2.479888808530516542e+01
2.460490780258334809e+01
2.508473178424948458e+01
2.465034890858254712e+01
2.487079690148723188e+01
2.462345230613826530e+01
2.476023183906695024e+01
2.468644546247897509e+01
2.441828687450820112e+01
2.476362184009975209e+01
2.502541553122754792e+01
2.473937240726258224e+01
2.463335207658552761e+01
2.473309043510303695e+01
2.470730739460616476e+01
2.460929979371569942e+01
2.465354486448653759e+01
2.459297136443089471e+01
2.486770329072895436e+01
2.485317067088769605e+01
2.480788186634783443e+01
2.467587002576584609e+01
2.470638964147723726e+01
2.467067427869420371e+01
2.467835051268292546e+01
2.476219090235217024e+01
2.497181423294108527e+01
2.444403021149520328e+01
2.483420636989700725e+01
2.471448365268299696e+01
2.473745891134676000e+01
2.472881890110741310e+01
2.456985397323844822e+01
2.484299815606095407e+01
2.429362975136274017e+01
2.469406662092132621e+01
2.471267708660364093e+01
2.489235819660647664e+01
2.477027967722863977e+01
2.474896353314400343e+01
2.478405797176353431e+01
2.517185113705813393e+01
2.471139578327136022e+01
2.476497227441668869e+01
2.455167826538164988e+01
2.476937887465602728e+01
2.472727433144857301e+01
2.472816755760659291e+01
2.467042298458247274e+01
2.447945317305366686e+01
2.440782061259586300e+01
2.456131185331063094e+01
2.480611572856802027e+01
2.474348997169744280e+01
2.484751386110043470e+01
2.480376779544155141e+01
2.459755232448991791e+01
2.465710313596055414e+01
2.451414730918316920e+01
2.458698301241488693e+01
2.477115999833194948e+01
2.497305390222280508e+01
2.465398133163509087e+01
2.453038129425045710e+01
2.468887389943096622e+01
2.472374154742327335e+01
2.456531663837329305e+01
2.478106238931822958e+01
2.464137584217136734e+01
2.492819935510923202e+01
2.445277783567386720e+01
2.467235487600915889e+01
2.500973753122838872e+01
2.463137119364434113e+01
2.439783332699530760e+01
2.452468851251697757e+01
2.485187687069331020e+01
2.457629389758489324e+01
2.495800836995976724e+01
2.467577033583982171e+01
2.452097502252287242e+01
2.458239470447889730e+01
2.489457506453662106e+01
2.466994334496264329e+01
2.472205512903805058e+01
2.447194054295263044e+01
2.488577665028626029e+01
2.455608828304495006e+01
2.478876449251249170e+01
2.500195207083134719e+01
2.458363628582052129e+01
2.461403403727094741e+01
2.487290910291092061e+01
2.444167063069263435e+01
2.474684474241120569e+01
2.457967238310792268e+01
2.458892327366067221e+01
2.474508033842163357e+01
2.455448097565939491e+01
2.462475951180071121e+01
2.453189134025417317e+01
2.462958950634228472e+01
2.462044875164622937e+01
2.460556742943980879e+01
2.472236524876449693e+01
2.482044440439971211e+01
2.459019710344426457e+01
2.474274772240240239e+01
2.478349244811131058e+01
2.478714129782805031e+01
2.467894875141098154e+01
2.458213412226843531e+01
2.473779188438543031e+01
2.478497849061986003e+01
2.473361785240702915e+01
2.455567448645365047e+01
2.492832597489803348e+01
2.472985988756877873e+01
2.459936904665608637e+01
2.456801508622223906e+01
2.452820292725506590e+01
2.456001003951936923e+01
2.485717554618440062e+01
2.460367739619818650e+01
2.469650958880923852e+01
2.472568895692516122e+01
2.455409396753817930e+01
2.506232502407035412e+01
2.464191469307803217e+01
2.465275414600962733e+01
2.451100472294613652e+01
2.452270134092212572e+01
2.460300085736886189e+01
2.485982321723764343e+01
2.439240268264122946e+01
2.470008033442897855e+01
2.433660958762027349e+01
2.454233258532034867e+01
2.490274907756493050e+01
2.413848757546898582e+01
2.473588741876393016e+01
2.469159146926029891e+01
2.433074148554193883e+01
2.476215048567152976e+01
2.466127586163239727e+01
2.433483088381500536e+01
2.459429403857089724e+01
2.449317448471449055e+01
2.443722863793566091e+01
2.455019650772597828e+01
2.483844674046112644e+01
2.472805601950879151e+01
2.477114853003975270e+01
2.465786748404457640e+01
2.485231350316438892e+01
2.482278709786788440e+01
2.481558806260815686e+01
2.485466577202531013e+01
2.445514450440851562e+01
2.447180267411267351e+01
2.462731281741525535e+01
2.468808735462517490e+01
2.482634394048161397e+01
2.472615976052781406e+01
2.480296577062949837e+01
2.484935952690361560e+01
2.475035289706785235e+01
2.412489348623850205e+01
2.472320797196859843e+01
2.482488046240412416e+01
2.465910726566794864e+01
2.483733901935806898e+01
2.461707028935678565e+01
2.468021207050214727e+01
2.498121420145718830e+01
2.454034356087679569e+01
2.479719240655093770e+01
2.457983882629786621e+01
2.459807670150220815e+01
2.455004539602639824e+01
2.468147915979329099e+01
2.488319747555770789e+01
2.468815791719851305e+01
2.452497822869446509e+01
2.456800253095738285e+01
2.460279506233242941e+01
2.475227426481398396e+01
2.468987058719691063e+01
2.459892979320575890e+01
2.466381267999021887e+01
2.470483070823480887e+01
2.445944903162635953e+01
2.454137293901369077e+01
2.440018880876676022e+01
2.464530701211852914e+01
2.445407849539229872e+01
2.466527887145318942e+01
2.446952135411786600e+01
2.462374503896036515e+01
2.465684145361528579e+01
2.459186634056156606e+01
2.467153049638429962e+01
2.451245923046863595e+01
2.467957117127369315e+01
2.462175927807116693e+01
2.445966839220644573e+01
2.530536823070824326e+01
2.457322704729455154e+01
2.448404521715075433e+01
2.448622096123721903e+01
2.463208550797082808e+01
2.465367815253981476e+01
2.444925238880090035e+01
2.463711763519959064e+01
2.471431928087113050e+01
2.475636258780517096e+01
2.461725807854435288e+01
2.470820285590837173e+01
2.458835487572670786e+01
2.455899672965190916e+01
2.489547702481562297e+01
2.475031902076266377e+01
2.485382846468215590e+01
2.460707754511393119e+01
2.471900993064317831e+01
2.512732917039338787e+01
2.472699772728072176e+01
2.451047332419054214e+01
2.458543055362079954e+01
2.463676091032790083e+01
2.474982078432424970e+01
2.449621783033794387e+01
2.494402471397658161e+01
2.461898063545128679e+01
2.481896821443705647e+01
2.484553549009538287e+01
2.486254365124027643e+01
2.466776806220965668e+01
2.479662787097580789e+01
2.497493737264385061e+01
2.458482010620796032e+01
2.466742463607295122e+01
2.468904909460203356e+01
2.466192194331535603e+01
2.455351032165973280e+01
2.485499140663218398e+01
2.474460348031462331e+01
2.452453455767609114e+01
2.482378973764946295e+01
2.482280808477703715e+01
2.469163384519750082e+01
2.452577829925873587e+01
2.449877941766137113e+01
2.451081993627085254e+01
2.476320202481439026e+01
2.493184814066550459e+01
2.450196829712700364e+01
2.465872316320086455e+01
2.455628457447669177e+01
2.485505308439889660e+01
2.461418818088282734e+01
2.482865463956152752e+01
2.455460793739678493e+01
2.461625639787385467e+01
2.468009377342385591e+01
2.469699355611778202e+01
2.480879964732599419e+01
2.467421014797877632e+01
2.478236854072190454e+01
2.496752533508436045e+01
2.452295694526838687e+01
2.476841140225326043e+01
2.495070586908220278e+01
2.431699558578815612e+01
2.470041612455421998e+01
2.487488902647410782e+01
2.457599923587781277e+01
2.476394832347286012e+01
2.480034465827822743e+01
2.479234407668025142e+01
2.474422101952021436e+01
2.488742071489941310e+01
2.456570393828257437e+01
2.456245124766117627e+01
2.469871457156918737e+01
2.469072237966237537e+01
2.464404080558206189e+01
2.463325158116438729e+01
2.487597995750553537e+01
2.438465232995967824e+01
2.474056576409242680e+01
2.484175544745395214e+01
2.459676765256748965e+01
2.444959493892164559e+01
2.452120065551288519e+01
2.466071692769846280e+01
2.477708189882332235e+01
2.475123509564599189e+01
2.472766416110236420e+01
2.490642941866000726e+01
2.482737976208426289e+01
2.472764525948015546e+01
2.469080030438743023e+01
2.484211238463947780e+01
2.461551024344089100e+01
2.479447635185012189e+01
2.460742253333012997e+01
2.474242410524707836e+01
2.499143564455396671e+01
2.448160325018958972e+01
2.456256220847497573e+01
2.469663487021407633e+01
2.453318049783827703e+01
2.469677879035853607e+01
2.486825119588870692e+01
2.449454085296650518e+01
2.468427228040917143e+01
2.449582829688327124e+01
2.467301399508370707e+01
2.480292619643881835e+01
2.459344352585873850e+01
2.487727705177812609e+01
2.449693876651741675e+01
2.497183747297327017e+01
2.478739439654732735e+01
2.486092591310836397e+01
2.463340963247265947e+01
2.464459214110829777e+01
2.438091289685915442e+01
2.465630088249518792e+01
2.477074430041358966e+01
2.480619679091541130e+01
2.489277423543526169e+01
2.476793436761173695e+01
2.486801971238507392e+01
2.460648720443893822e+01
2.476262523631885770e+01
2.483535004133460689e+01
2.478010920168233611e+01
2.444530813898432342e+01
2.470928077764158459e+01
2.440110572591787275e+01
2.468343622147472871e+01
2.447228160968516164e+01
2.483688819198314235e+01
2.486415815609584712e+01
2.482428323912338186e+01
2.467705825173439393e+01
2.495890496691540150e+01
2.459639551646455402e+01
2.475354313577973286e+01
2.475722873368653154e+01
2.465884239181137261e+01
2.447843931676760221e+01
2.482229681272036004e+01
2.499638919234599399e+01
2.442512695559733871e+01
2.479429688313997815e+01
2.477834489000280627e+01
2.488260480125649821e+01
2.473735392197765748e+01
2.466020150599541694e+01
2.477109925434320203e+01
2.483431284002477923e+01
2.471323461802381516e+01
2.462031719756374670e+01
2.459820790295096415e+01
2.494068775543532013e+01
2.481585548143997855e+01
2.499295657038080165e+01
2.467800745752663971e+01
2.457493596614359177e+01
2.459635858059228752e+01
2.479115121816388267e+01
2.438778014476289613e+01
2.451722240459079316e+01
2.437667525970610072e+01
2.475995191830604369e+01
2.457168909784027733e+01
2.459746828836786747e+01
2.493868716997035406e+01
2.443989436764706014e+01
2.450774502847234615e+01
2.473522359606034726e+01
2.446725491559708132e+01
2.476247768143272054e+01
2.465867659648482046e+01
2.465397035278083138e+01
2.443142206793655191e+01
2.475180253140925046e+01
2.499172199427079732e+01
2.474114839928591536e+01
2.453862064884387806e+01
2.424692922328974731e+01
2.480324554392309722e+01
2.475244740902629559e+01
2.461949983754958637e+01
2.473974256555985818e+01
2.490854858508088654e+01
2.466715942905308978e+01
2.468658132006104822e+01
2.457999920321153908e+01
2.475453840958018148e+01
2.452639537747865717e+01
2.456098388402431354e+01
2.477876911211616218e+01
2.462053475571875438e+01
2.476442312989088990e+01
2.460678061064534816e+01
2.475521884174648690e+01
2.470613008108326625e+01
2.465233538633733090e+01
2.449170390375173412e+01
2.436219146893038356e+01
2.481134949798837042e+01
2.447631900695397889e+01
2.478808869215998456e+01
2.454754057652746013e+01
2.472673202317374930e+01
2.483662909862739099e+01
2.465992352243297248e+01
2.475137218979186926e+01
2.444426024062497760e+01
2.433253665321640113e+01
2.462139901418502319e+01
2.456509466726310720e+01
2.468247644775831162e+01
2.445381668369403627e+01
2.490431171814101319e+01
2.485125138774905196e+01
2.489092948724216114e+01
2.471253245519137920e+01
2.475336986925593052e+01
2.490488849645423386e+01
2.459402352897893707e+01
2.445402641443609326e+01
2.439675020256705906e+01
2.484844017363726465e+01
2.466072427083069130e+01
2.448048291990129144e+01
2.474670248537785966e+01
2.478465676276096374e+01
2.477896233479522081e+01
2.452222845201308488e+01
2.459202840719765959e+01
2.464656783042713784e+01
2.467252286964771102e+01
2.479522026367911636e+01
2.463657976150017959e+01
2.467646095738905032e+01
2.485671721808499868e+01
2.458220838999476854e+01
2.451993106661987198e+01
2.491316289829480368e+01
2.460729047677840242e+01
2.454848585396030813e+01
2.456021932060462376e+01
2.491546350714031632e+01
2.495553060711785776e+01
2.449840049504893358e+01
2.469895469494053941e+01
2.461430825254062782e+01
2.438023413594323685e+01
2.450852249586922227e+01
2.474846968438220429e+01
2.455552109926470550e+01
2.472504426442681336e+01
2.474765252895853962e+01
2.463913237080785024e+01
2.455805408835929882e+01
2.461288000103293427e+01
2.500927095054340654e+01
2.463186087217432174e+01
2.462507263088015819e+01
2.456422052117885002e+01
2.467605023832226152e+01
2.496562684887758721e+01
2.473699275918059115e+01
2.487132082581467785e+01
2.459934411077049887e+01
2.461729634504138176e+01
2.458029827805788159e+01
2.446270171847114483e+01
2.477338334524804608e+01
2.465631089589293268e+01
2.478882943677636774e+01
2.458740678917712330e+01
2.456423085403642048e+01
2.459452746566039849e+01
2.452504388669258617e+01
2.495751186076589434e+01
2.460785597346343323e+01
2.482794605508846431e+01
2.461063721424953243e+01
2.493336476272453694e+01
2.469289272597516316e+01
2.477871086537004430e+01
2.450715530044807267e+01
2.498973256780195129e+01
2.479744365036108533e+01
2.470560064300391545e+01
2.458900237838540903e+01
2.483508142525914053e+01
2.459247873767056802e+01
2.486698155392943477e+01
2.478909920747065954e+01
2.489763379203265714e+01
2.475302663432903572e+01
2.470715538932075717e+01
2.442187602951021930e+01
2.462143433638460976e+01
2.480867361984140729e+01
2.452495686809657727e+01
2.481043207295615005e+01
2.461034391836853530e+01
2.457391194543810187e+01
2.490551533159190711e+01
2.440444149302054200e+01
2.484512194954796271e+01
2.479618610261019640e+01
2.480444275257027087e+01
2.485057054703470669e+01
2.462026395852521787e+01
2.477097339696188882e+01
2.452335088195506785e+01
2.480716395286965437e+01
2.480659929402607133e+01
2.470400531388089505e+01
2.496252235073034598e+01
2.463909935350209324e+01
2.454962714433075277e+01
2.460519344663195795e+01
2.484752711637572986e+01
2.475615374369407107e+01
2.463849615989180108e+01
2.472164496293947167e+01
2.453938322178166942e+01
2.449967577036750299e+01
2.451790901309245285e+01
2.492423724281375286e+01
2.457387383502100775e+01
2.461673058298459793e+01
2.496464356896283121e+01
2.481903225608846597e+01
2.473803520276481649e+01
2.497368795031889377e+01
2.432027952958740258e+01
2.482458955321002847e+01
2.472193468303388642e+01
2.440104241773207505e+01
2.468529192519227422e+01
2.476571695762999781e+01
2.427251607034018122e+01
2.471702402927068221e+01
2.472114402775132191e+01
2.458635160847174106e+01
2.457086296607786835e+01
2.476290249666802978e+01
2.470417492659663949e+01
2.459702307560742440e+01
2.443492664122623381e+01
2.491115830463409964e+01
2.469509658338835933e+01
2.472776817001375349e+01
2.463305678855056868e+01
2.480176080117095694e+01
2.511462428023627780e+01
2.464743461041154049e+01
2.486826106646626755e+01
2.507277496886234402e+01
2.449326749712076534e+01
2.471399399901643790e+01
2.473972318816366567e+01
2.450245162657566667e+01
2.475777877908520352e+01
2.450314204434498677e+01
2.480409273325980024e+01
2.444393738147496364e+01
2.431168120982787784e+01
2.480658291625904965e+01
2.476499944547361665e+01
2.459844892720372656e+01
2.502440337830918793e+01
2.460503046824037199e+01
2.474935291185343544e+01
2.470020634493086575e+01
2.471176460705336098e+01
2.465182406951761607e+01
2.469661507045621107e+01
2.476951613657004359e+01
2.430758020507110828e+01
2.449603147468564757e+01
2.457319875437735845e+01
2.441102804662991943e+01
2.479262195234823096e+01
2.445818493315248432e+01
2.451279471995837156e+01
2.480251783603374705e+01
2.450097566987091824e+01
2.477828608235146390e+01
2.507871517721698140e+01
2.441955062519598485e+01
2.464059024509783669e+01
2.446343874717938860e+01
2.449249766761146674e+01
2.474725950709668609e+01
2.497991393121391113e+01
2.455108756565126527e+01
2.466261093214966493e+01
2.442017782793648450e+01
2.442912201108934767e+01
2.454745282974802123e+01
2.469717461152359661e+01
2.469011182394849868e+01
2.475382307454724540e+01
2.495803657918970586e+01
2.491361235844838617e+01
2.452316935493907479e+01
2.451105862320863693e+01
2.442288715960795997e+01
2.468858633223749521e+01
2.500075554267833056e+01
2.477592868959976968e+01
2.453761200167296508e+01
2.476057352077033258e+01
2.462609707444111962e+01
2.454902461957333770e+01
2.465363513542362028e+01
2.441743036552770363e+01
2.488602297080565151e+01
2.435670609362152561e+01
2.483958165628370196e+01
2.479658418352492433e+01
2.472443904705771089e+01
2.488068113175595286e+01
2.455352538509990623e+01
2.459971838879434713e+01
2.483058615195755792e+01
2.488113350848147931e+01
2.468754908336919129e+01
2.440955199846080248e+01
2.430946581673421036e+01
2.471161827504345965e+01
2.459471816882783202e+01
2.464352708625849431e+01
2.450954089091332477e+01
2.462976811321389903e+01
2.456362759869345425e+01
2.478462005292549009e+01
2.436422166264719991e+01
2.450406429390668706e+01
2.460060155280656247e+01
2.444880001097877198e+01
2.471810660767234680e+01
2.480068345087165582e+01
2.472772650714252762e+01
2.463780485145881016e+01
2.448352020182851874e+01
2.470907759117742941e+01
2.483781895612483126e+01
2.449861105123557792e+01
2.449648116597817449e+01
2.504644236163702331e+01
2.467158097710575504e+01
2.461963252282459536e+01
2.501277372049289838e+01
2.469120194069067153e+01
2.478724248787754902e+01
2.475404403654789576e+01
2.443043481596667021e+01
2.449623129133756549e+01
2.459808697562330337e+01
2.479362767848582649e+01
2.454070849742945626e+01
2.477650368845587892e+01
2.469400123239734413e+01
2.457708629241378517e+01
2.453758965113924617e+01
2.500238509128965347e+01
2.462727095667858990e+01
2.453777876510649492e+01
2.468651649668054660e+01
2.449717733343404191e+01
2.464865579558307829e+01
2.439155710593081494e+01
2.493127921936729763e+01
2.466195336427237805e+01
2.476107046283246049e+01
2.444403032419721100e+01
2.457295129060586092e+01
2.488046304858333002e+01
2.463672852260660662e+01
2.451363227631065200e+01
2.454848448054390175e+01
2.488436799011150313e+01
2.477434836045181754e+01
2.460384650349221047e+01
2.471228822918341450e+01
2.490205353464372706e+01
2.473281127538648150e+01
2.452753415420285421e+01
2.475385809940990356e+01
2.461377039442475123e+01
2.434202717908355140e+01
2.475807862568830942e+01
2.470027533104882167e+01
2.452775354155883392e+01
2.455241653408253555e+01
2.479285643929922855e+01
2.468637287462503238e+01
2.445980582040919415e+01
2.472196362798223745e+01
2.442832929197482628e+01
2.490999813360021520e+01
2.484507821998399990e+01
2.457078870269443627e+01
2.494031670370008413e+01
2.470351601379066864e+01
2.425448668658581042e+01
2.453034600719041336e+01
2.495854747024880282e+01
2.459809181136218470e+01
2.477679749084638772e+01
2.468854153841073185e+01
2.454725175544699312e+01
2.505296653710801635e+01
2.473669906793543305e+01
2.446966507459609019e+01
2.486271265816423437e+01
2.467307862452450351e+01
2.477499406281298633e+01
2.445491524004303585e+01
2.457041300480434742e+01
2.447270552613560568e+01
2.456252676947639202e+01
2.461802375307541269e+01
2.470628999492046773e+01
2.463936875585564934e+01
2.473084892861811213e+01
2.479024842481627644e+01
2.472133183725853200e+01
2.485122970764307482e+01
2.452862928592565339e+01
2.457050834487401403e+01
2.458667275762278948e+01
2.474302888500983499e+01
2.495261777754950216e+01
2.462139599240261845e+01
2.459461374810340573e+01
2.464819767967878406e+01
2.461142705767402461e+01
2.464643974636025803e+01
2.452628975449854210e+01
2.465703784796225406e+01
2.476641963982629591e+01
2.450138537191014976e+01
2.488275454639949302e+01
2.466726927424905114e+01
2.485020364341622923e+01
2.497405940510734723e+01
2.477992168294206721e+01
2.451566646210069678e+01
2.435029927255319393e+01
2.471771738279045749e+01
2.493649585004502356e+01
2.464636348473541005e+01
2.439223020230538808e+01
2.446295893307764402e+01
2.459050685880452747e+01
2.466939609641460507e+01
2.471339959011852017e+01
2.485123829136790263e+01
2.455280219637142380e+01
2.452673821007073585e+01
2.467682322030048425e+01
2.453442942225508716e+01
2.450953997124144834e+01
2.454942828841540958e+01
2.467601587950390396e+01
2.481676733182907668e+01
2.465976920149327611e+01
2.437877635215081895e+01
2.466670224914828324e+01
2.443139884866523204e+01
2.467732195093164904e+01
2.466952919566508839e+01
2.439238394994253056e+01
2.465416745269764576e+01
2.488322116821969487e+01
2.460752330875586935e+01
2.443897367814133403e+01
2.471323305124522562e+01
2.481244574768929212e+01
2.450549946530669132e+01
2.480708096123403905e+01
2.456782560973375595e+01
2.462579799181554208e+01
2.453742801656541062e+01
2.457184655556562447e+01
2.494512835448775689e+01
2.483315865377673148e+01
2.480286650348211097e+01
2.436697549191785939e+01
2.499776772218945098e+01
2.460059342145988026e+01
2.473847046690304197e+01
2.446274945116018529e+01
2.455742384548312529e+01
2.452027795801808807e+01
2.454282074817530557e+01
2.439766746157190269e+01
2.489041499315910144e+01
2.445394450184563340e+01
2.438183800045035099e+01
2.465719949015253576e+01
2.479424447966525591e+01
2.453799172672657392e+01
2.466232418350066879e+01
2.470604529563478735e+01
2.471625610163185982e+01
2.473019630351144471e+01
2.440638948892740245e+01
2.450258418218166057e+01
2.439090387333008891e+01
2.498684264194615778e+01
2.459294608202886678e+01
2.448871742922923289e+01
2.480741797705686125e+01
2.470516970514296062e+01
2.489702864021070639e+01
2.478668075494209688e+01
2.453948960608850527e+01
2.440848634674112816e+01
2.463847815213562953e+01
2.470417085019112591e+01
2.464505713255773500e+01
2.455720075951683157e+01
2.501784610049541868e+01
2.466192108499686242e+01
2.456835495246915357e+01
2.479695292881147495e+01
2.472109308766245661e+01
2.491939068172070648e+01
2.476656103441879964e+01
2.462459472341065236e+01
2.467382936919717906e+01
2.469838589087742164e+01
2.455802306873297169e+01
2.485347688055569648e+01
2.423962505905733522e+01
2.481833176313511302e+01
2.467886092763100336e+01
2.474807067099314750e+01
2.453560727176402878e+01
2.468541596707547114e+01
2.466853780440818866e+01
2.464396621425706613e+01
2.443366336546103312e+01
2.462479123144247595e+01
2.446582940378159776e+01
2.466949723993717214e+01
2.488240174726911746e+01
2.449991707362492122e+01
2.461094237895130021e+01
2.458679344370906961e+01
2.495401272447628216e+01
2.460774438867646907e+01
2.465776156972460953e+01
2.492493046418969627e+01
2.447848326659551788e+01
2.479304241021060307e+01
2.443018348738882395e+01
2.449309553798050842e+01
2.462552900670348777e+01
2.476949238643100415e+01
2.469842673464649963e+01
2.452536156360850583e+01
2.446033529741507806e+01
2.485362572383601787e+01
2.476307397693608436e+01
2.468834217092686956e+01
2.450036573966795928e+01
2.472936156792600215e+01
2.488694555836481115e+01
2.472014880420054794e+01
2.462507836540972761e+01
2.477404914845905637e+01
2.440841850389628576e+01
2.471867795341319152e+01
2.472974420094123715e+01
2.484720432335030438e+01
2.459984309340952890e+01
2.457029997339317617e+01
2.456753393073440606e+01
2.452532068884667993e+01
2.472641633386784576e+01
2.486885052818958997e+01
2.488162038859245229e+01
2.471176166910276706e+01
2.445568322484107071e+01
2.494012898418590396e+01
2.459761640888929435e+01
2.499025481530222947e+01
2.455715210530343029e+01
2.500710178616931145e+01
2.447778773268924013e+01
2.482806990122398005e+01
2.475255258471293729e+01
2.474558221670362812e+01
2.472887236271920486e+01
2.444840777534024667e+01
2.461630108882074452e+01
2.458771268013936506e+01
2.479395957663969341e+01
2.453821249654572512e+01
2.466896010616260071e+01
2.451725413167718415e+01
2.470921304105322136e+01
2.488043636899130817e+01
2.476574153752507712e+01
2.450523098251595400e+01
2.449493719127161029e+01
2.448053099397507282e+01
2.488289822036133714e+01
2.468481290088074331e+01
2.467533098903596667e+01
2.497101770340814753e+01
2.467699417481215463e+01
2.482649055257020621e+01
2.477643162842975144e+01
2.490349282325918168e+01
2.475167401246786270e+01
2.446091439229354236e+01
2.474711075361699386e+01
2.465646590935335425e+01
2.472955236181575245e+01
2.477693760580845250e+01
2.481648668945121727e+01
2.463665357352585872e+01
2.481677020858265692e+01
2.476840462678631383e+01
2.462465874345391015e+01
2.478464181856200099e+01
2.453253806687077798e+01
2.449830128938650731e+01
2.460454454222011123e+01
2.463018352718036041e+01
2.459507166925223487e+01
2.454814388423113414e+01
2.491630454433073183e+01
2.453279458071403951e+01
2.465795455423555893e+01
2.505647355968747192e+01
2.474429760193459771e+01
2.463889502579403867e+01
2.483428910921796984e+01
2.462425000698451072e+01
2.473059493845269330e+01
2.478857343354334830e+01
2.469560468771231498e+01
2.478336093210222302e+01
2.478678479957192948e+01
2.467227035962467241e+01
2.444383161744938349e+01
2.446519577279784841e+01
2.467657329253772858e+01
2.472526090104689445e+01
2.450482896264967536e+01
2.459145132007501289e+01
2.471250059762061824e+01
2.470168525134490878e+01
2.465090117559017457e+01
2.482618194836426895e+01
2.474421054343806148e+01
2.438595605028953628e+01
2.456913893197693000e+01
2.475621463138534040e+01
2.494232283803485828e+01
2.463978461880445536e+01
2.473625055122989735e+01
2.481859333881867613e+01
2.448862193167354206e+01
2.478645092772771008e+01
2.522674924626258530e+01
2.471667267638665777e+01
2.485562492262375045e+01
2.469077984258193581e+01
2.486500182112790824e+01
2.441348729332026934e+01
2.468168272345669223e+01
2.480480577227691441e+01
2.466664593132966132e+01
2.464892673017020286e+01
2.429041181857275333e+01
2.450515960011607319e+01
2.473362369718556764e+01
2.460591720478641520e+01
2.433956225435233378e+01
2.470130109163033794e+01
2.480181306950504094e+01
2.462730040419595667e+01
2.483791817462545382e+01
2.482937896155086221e+01
2.481882334028625081e+01
2.489036236037553351e+01
2.474589847596063308e+01
2.482042634432639971e+01
2.460295806635063087e+01
2.460958363229773838e+01
2.497860634644978717e+01
2.478694489804071921e+01
2.455074105675723573e+01
2.461242846696405806e+01
2.469879565323640236e+01
2.435323956002524071e+01
2.458325249083559783e+01
2.438876030864950550e+01
2.441050433858560709e+01
2.478962248944500502e+01
2.450312883374297712e+01
2.465953625816770867e+01
2.454998550386370226e+01
2.474563467551064377e+01
2.480782233245258084e+01
2.467521296322962243e+01
2.455355085047976971e+01
2.450419199270510262e+01
2.454585248260605113e+01
2.499809219707531227e+01
2.454688205279766322e+01
2.477443080543088882e+01
2.449480028269067944e+01
2.471017095031330868e+01
2.465323746732046928e+01
2.436975686887400983e+01
2.485481456403967471e+01
2.504347473364257937e+01
2.477909652984099509e+01
2.502153724780246691e+01
2.470238153655152757e+01
2.467796799668371222e+01
2.459936173483249888e+01
2.460559141460343824e+01
2.472946396728161744e+01
2.450759055024538569e+01
2.438153038703693909e+01
2.474433012752863803e+01
2.465168575351789926e+01
2.483945849786574911e+01
2.482654261237034987e+01
2.478240518559016081e+01
2.471944095841776701e+01
2.465396351998516877e+01
2.430120729418326064e+01
2.426581559233866869e+01
2.482474953930778838e+01
2.470778179225937876e+01
2.469284323514745338e+01
2.461692518534512075e+01
2.448482641997019016e+01
2.454619649274000182e+01
2.450626753250455891e+01
2.486588985021186105e+01
2.485322609559578666e+01
2.466478814326461233e+01
2.463175516364425022e+01
2.491562241033835079e+01
2.479659925523963082e+01
2.480256065231299090e+01
2.488047233878000242e+01
2.477603676138834743e+01
2.464855822296233612e+01
2.474965094381893849e+01
2.452314192848582053e+01
2.462499964330943314e+01
2.481105386547164215e+01
2.483750573886417001e+01
2.454143279441149517e+01
2.466850893085346996e+01
2.450209729861805741e+01
2.479922483864330829e+01
2.442829579049525890e+01
2.416664545487195781e+01
2.452838304413628023e+01
2.474850817987941554e+01
2.478551963272768788e+01
2.451371952844575830e+01
2.456899408791911199e+01
2.465985598354462738e+01
2.464393774607977861e+01
2.465598357757721359e+01
2.500621038921349992e+01
2.464226804762047252e+01
2.474113100286611555e+01
2.464230934944460216e+01
2.473446676812660172e+01
2.504798388523940389e+01
2.462197317646283778e+01
2.468010381256541663e+01
2.460230670455841917e+01
2.438397031270942605e+01
2.470402594025643950e+01
2.454731242232361055e+01
2.468740315857192158e+01
2.476292557808782036e+01
2.464192859069769526e+01
2.478976636998987004e+01
2.504281504320359986e+01
2.468282160815742898e+01
2.454850510915261097e+01
2.463443981376851255e+01
2.470001805237632198e+01
2.469760543817610809e+01
2.464294261571073363e+01
2.445898972277758077e+01
2.466795817897222065e+01
2.449429661841653427e+01
2.456065430583253928e+01
2.434996754044469824e+01
2.478503561349381457e+01
2.460963531208425437e+01
2.467379740870949689e+01
2.460596627242071222e+01
2.455104384982193366e+01
2.464020486306251456e+01
2.469395687284292507e+01
2.487545874479881292e+01
2.498658156377143769e+01
2.475067371557328855e+01
2.481554042989739983e+01
2.471365822020091585e+01
2.444746834865807372e+01
2.484011403182455169e+01
2.457420703297125186e+01
2.460726376364090484e+01
2.478129060261758809e+01
2.494513366637471208e+01
2.463930671731807820e+01
2.453091661475792051e+01
2.468944714693041931e+01
2.461816617321126088e+01
2.483974117639768764e+01
2.466787686504028798e+01
2.463899450535921787e+01
2.445649770547504431e+01
2.454232202606045377e+01
2.484145689931577294e+01
2.470724344469116218e+01
2.461638353479232677e+01
2.495777390380531102e+01
2.473471454854634288e+01
2.503730372664126946e+01
2.467159073661491675e+01
2.482178917002049090e+01
2.447834569981656827e+01
2.463215290865014850e+01
2.480706466615222183e+01
2.487184898772737185e+01
2.465163125136393418e+01
2.473818526408992113e+01
2.481905281458362822e+01
2.480197114251989987e+01
2.474460490234625709e+01
2.468235818947551152e+01
2.448606496567957436e+01
2.461602738215733055e+01
2.462154197424609237e+01
2.482993188634911874e+01
2.456907958447148843e+01
2.495671496930511779e+01
2.486115814228098841e+01
2.492813973365979052e+01
2.463853396025636755e+01
2.468623373444313529e+01
2.480093226492191150e+01
2.469676455416906791e+01
2.501147249526369976e+01
2.458134261690994649e+01
2.464026458679103726e+01
2.483665416407358961e+01
2.449628370466593097e+01
2.459430815052458641e+01
2.475569340468668145e+01
2.440499607314665198e+01
2.449024861958854871e+01
2.467363904184026779e+01
2.482887800536868284e+01
2.482351175102727581e+01
2.476616592426671204e+01
2.446474780899979962e+01
2.486944563300970046e+01
2.467529389973653053e+01
2.476225262571939467e+01
2.491004352193022342e+01
2.456792022398412456e+01
2.456258216687039919e+01
2.477429081379795761e+01
2.464621214773771740e+01
2.456660920525494163e+01
2.442002530375964042e+01
2.470836747020597102e+01
2.445907490620309943e+01
2.429044763728494161e+01
2.498639269083644976e+01
2.459262494522132414e+01
2.430768024388962800e+01
2.486226567932117604e+01
2.482257850196292281e+01
2.482714950660900399e+01
2.476354308193219467e+01
2.482439314698998700e+01
2.468099152241270389e+01
2.496925601558307051e+01
2.445653018831051995e+01
2.439720790739595913e+01
2.473840056185066416e+01
2.490474261590508576e+01
2.490550471342442762e+01
2.471012299590106309e+01
2.488623580999788487e+01
2.452530312805115997e+01
2.468768455054210165e+01
2.444438110077255288e+01
2.453476579560890869e+01
2.478173235860232282e+01
2.459625214213575362e+01
2.466733207662591454e+01
2.452815656455160465e+01
2.471142939897863755e+01
2.448121929630939064e+01
2.442620439659956588e+01
2.464254398764056475e+01
2.460910312802237954e+01
2.476475755400520740e+01
2.490915198014979737e+01
2.478466018780364166e+01
2.500370599549434658e+01
2.476959172390371577e+01
2.458371875919036498e+01
2.484517533322943450e+01
2.481202309278964435e+01
2.460817978025854558e+01
2.468998726539510002e+01
2.436029472692998965e+01
2.450461269386229546e+01
2.447683364921907767e+01
2.474868858392849447e+01
2.500801516042312755e+01
2.432603081945300971e+01
2.474828762581072183e+01
2.489836963537480230e+01
2.450086036543600798e+01
2.475846971366251026e+01
2.472400798249173803e+01
2.440445367995916115e+01
2.426426213140832289e+01
2.465197906435718522e+01
2.458497783376826362e+01
2.491666956853097403e+01
2.466303747858799511e+01
2.437979818363627516e+01
2.474655183295594085e+01
2.458922488769705694e+01
2.465123659408130052e+01
2.447485377724325417e+01
2.451433383219456630e+01
2.471408741684192734e+01
2.495317101985372332e+01
2.466869755255629215e+01
2.497621781470578384e+01
2.483573921667562701e+01
2.453416212696924958e+01
2.454676781048511813e+01
2.459927820711109092e+01
2.473582919912954026e+01
2.479843643196346292e+01
2.450713167489914568e+01
2.497759928342513547e+01
2.441357151404531933e+01
2.450761731740188409e+01
2.465051668994603773e+01
2.489264435670057196e+01
2.478069603927475484e+01
2.427774796666779622e+01
2.496515324903298705e+01
2.453828731340811231e+01
2.460454392777637622e+01
2.489018192804568130e+01
2.492279924069059405e+01
2.462656176636889782e+01
2.442195041450945325e+01
2.476315153856260665e+01
2.460770569979375821e+01
2.463249962585528152e+01
2.466048249430821571e+01
2.469032948526986715e+01
2.459818965891544451e+01
2.471025979395670547e+01
2.459491713524424839e+01
2.495280694947183164e+01
2.485872371167103978e+01
2.489589095060965462e+01
2.483825881930098234e+01
2.475009274888151367e+01
2.474446222335278023e+01
2.453496749085818252e+01
2.479386483640753269e+01
2.446418083212360628e+01
2.477212210825523186e+01
2.472418382991834562e+01
2.491815789052217767e+01
2.465858889659732256e+01
2.474408361076875806e+01
2.468602412219518882e+01
2.447897260790503893e+01
2.462806051143824959e+01
2.465537684490858084e+01
2.470376378222318436e+01
2.464058185003115753e+01
2.462837984303360628e+01
2.462395173680763349e+01
2.442158150408843653e+01
2.474611250036543098e+01
2.488801393614284407e+01
2.456647569873311454e+01
2.443933701412328574e+01
2.481225423378154105e+01
2.468678893384666040e+01
2.468087820381426667e+01
2.497859797587130259e+01
2.455814090000463423e+01
2.469805865458173244e+01
2.451452002791977947e+01
2.483362814841118293e+01
2.478444113416761141e+01
2.459525357479803276e+01
2.443258977672778443e+01
2.458746729379439344e+01
2.450254468229411486e+01
2.452369360347907445e+01
2.489715394140034377e+01
2.484325448423799898e+01
2.454448815782365401e+01
2.452916530956895613e+01
2.457151581489203096e+01
2.475908632976475943e+01
2.495355334230845656e+01
2.464163106028720307e+01
2.454010860517957227e+01
2.460881708556926739e+01
2.478134557764940027e+01
2.460764323278262822e+01
2.466419164212949511e+01
2.484766679770207531e+01
2.483467240510175955e+01
2.476063710229099968e+01
2.450760231451240045e+01
2.481714212684112297e+01
2.476810609935106200e+01
2.499551739859257182e+01
2.512266879044491574e+01
2.494324915418133770e+01
2.476819128005096715e+01
2.475906058508169139e+01
2.461938281464070144e+01
2.469492659770957133e+01
2.446872492975914781e+01
2.455623653283222652e+01
2.442565159114679574e+01
2.452912665689992977e+01
2.462187990500118673e+01
2.462587893069153466e+01
2.466787171105486109e+01
2.466687549837533666e+01
2.481292000519617957e+01
2.464402797728641303e+01
2.445992772329724829e+01
2.468584344692966326e+01
2.479486852136009034e+01
2.464190217856817711e+01
2.449253676981132699e+01
2.472621759153794585e+01
2.485143732208980083e+01
2.472451221709597036e+01
2.445464195453012124e+01
2.464315520654821157e+01
2.504396698051075631e+01
2.473037135612381832e+01
2.461083400520188391e+01
2.487568915455895890e+01
2.447276085193690065e+01
2.455354896934320408e+01
2.451745361771280329e+01
2.473397363133108584e+01
2.464210887625644020e+01
2.467164445953055818e+01
2.479325281362173428e+01
2.454843236856184063e+01
2.494731650742536289e+01
2.457428296880132379e+01
2.486076619904341811e+01
2.469741922612330143e+01
2.469810974187311459e+01
2.463152704620187095e+01
2.460922532116720873e+01
2.477700610025600270e+01
2.458860922501632018e+01
2.453901851235322340e+01
2.467021842324817626e+01
2.477950711094347724e+01
2.458639946216968752e+01
2.477163241547604855e+01
2.486934025486390354e+01
2.477818494447228304e+01
2.479184205367961269e+01
2.499622531142761517e+01
2.467446377947147340e+01
2.453718928854200598e+01
2.465168977879637069e+01
2.465593160303996356e+01
2.462277347489912671e+01
2.504733978832608088e+01
2.481737110955193870e+01
2.444512862228883066e+01
2.455191006708484736e+01
2.488970234563066697e+01
2.458934063071658471e+01
2.446175767322015915e+01
2.485937663274501475e+01
2.459024624039190599e+01
2.456605582832228407e+01
2.454009453583058331e+01
2.483861830041545815e+01
2.497233057315487770e+01
2.426586998234424897e+01
2.461410679727580231e+01
2.496334342553911512e+01
2.480032977247299897e+01
2.499178543580982037e+01
2.455193292662155713e+01
2.485901061206642737e+01
2.483722090252317116e+01
2.457963465784458634e+01
2.474012403923270398e+01
2.458157788341089756e+01
2.473165721223760727e+01
2.461133810532720290e+01
2.490500645976971228e+01
2.463290408819886323e+01
2.438293640539736629e+01
2.475266280694408039e+01
2.444865844799088705e+01
2.476605004111737074e+01
2.472733114658954534e+01
2.486486023462858697e+01
2.436653983155285630e+01
2.465412428393256761e+01
2.446165366226227889e+01
2.453556380779967583e+01
2.473736696185677886e+01
2.468263745676312482e+01
2.471635325614132128e+01
2.449496698130946015e+01
2.489674040576663216e+01
2.465398655194216815e+01
2.460966182110111689e+01
2.461838573417404419e+01
2.457716061680256203e+01
2.451779795939377138e+01
2.466938453038141787e+01
2.478225097202741267e+01
2.488992495555975282e+01
2.495922801014810233e+01
2.442885148066515200e+01
2.459428555153575147e+01
2.463185371408899016e+01
2.456522324863533413e+01
2.467236661974535750e+01
2.483929351668463070e+01
2.462440073864071977e+01
2.446028935209709232e+01
2.506019984691222646e+01
2.482061221187375466e+01
2.458036233091496570e+01
2.452285277581597001e+01
2.481309458182842320e+01
2.466734929433602375e+01
2.462245001030371938e+01
2.491820607945432897e+01
2.434423021461054759e+01
2.500864443350214827e+01
2.484841159994644855e+01
2.468490510074117594e+01
2.511174354213395432e+01
2.439602393343244202e+01
2.460267739283393595e+01
2.453153513384204132e+01
2.469178609437930660e+01
2.479732181305313432e+01
2.455069446220578655e+01
2.492888827523758621e+01
2.452404760461301692e+01
2.487695339079429857e+01
2.468012214170122220e+01
2.462973234655864374e+01
2.481819961745064518e+01
2.463806335536781233e+01
2.481418702094955009e+01
2.455494041921865644e+01
2.491973965906647237e+01
2.463358388113654840e+01
2.456959858672443886e+01
2.446904378729804819e+01
2.465331104541143148e+01
2.481915376765355319e+01
2.465554247903234497e+01
2.455029181405289762e+01
2.450091060070710469e+01
2.494178391854952181e+01
2.449587278617055475e+01
2.484464245162940799e+01
2.482198547711123027e+01
2.479661385300740406e+01
2.485727338553069288e+01
2.431787398645152010e+01
2.469771286500942509e+01
2.474303289117460025e+01
2.461728312357810111e+01
2.441693165259456322e+01
2.466278912675327462e+01
2.460210957762578943e+01
2.457409200065050570e+01
2.468512435737651955e+01
2.470926488079616234e+01
2.486604327726498909e+01
2.453436435404660898e+01
2.473277506648638990e+01
2.460642533207614591e+01
2.446492231096723202e+01
2.460745143441981142e+01
2.439759929948829864e+01
2.456248812447483232e+01
2.439168336579944807e+01
2.462598397923083127e+01
2.459477313717528446e+01
2.445763333103196047e+01
2.479292815138452610e+01
2.472172332497923009e+01
2.468533886222082785e+01
2.471674162772188765e+01
2.461915603695447530e+01
2.433878719504511778e+01
2.444643296800571264e+01
2.477615263254631017e+01
2.461963591686812691e+01
2.471631667598408200e+01
2.478292994286079320e+01
2.455028368079702972e+01
2.458308850404972290e+01
2.504993943002368084e+01
2.475760274993860932e+01
2.471453218376694139e+01
2.446718783683976639e+01
2.462545577883986425e+01
2.430616696323165371e+01
2.466867573688837822e+01
2.482169115030781015e+01
2.487476417155505359e+01
2.474650797474306074e+01
2.462804925294280878e+01
2.478965117634338711e+01
2.489275990179299214e+01
2.435542051655804130e+01
2.490537576630341832e+01
2.467639637950932396e+01
2.471180963719202950e+01
2.463931978476940543e+01
2.446980544571314198e+01
2.462798486538604692e+01
2.468138265408023813e+01
2.473194082739929200e+01
2.463873014438981457e+01
2.439630445489041222e+01
2.483439823088744447e+01
2.468039382876207100e+01
2.486457611240105336e+01
2.475554546046547699e+01
2.473307165457022805e+01
2.472156526834138646e+01
2.452606538477835585e+01
2.477354653906444426e+01
2.475383035833834100e+01
2.482629510588421695e+01
2.451025740587465052e+01
2.476955596355294631e+01
2.454446260774733446e+01
2.464759508497921914e+01
2.475893266279455318e+01
2.440197634463474685e+01
2.473849537176997870e+01
2.481573303853689794e+01
2.478039470456347004e+01
2.454465435971708587e+01
2.477026138092454488e+01
2.463672720364933610e+01
2.474664969969758488e+01
2.454478964405320340e+01
2.480664081223895678e+01
2.458649837204711019e+01
2.476002108280254888e+01
2.464666435314978443e+01
2.436703000167302235e+01
2.457620230159004393e+01
2.491421023431733062e+01
2.478671718291275639e+01
2.505678676510207481e+01
2.477280242169846858e+01
2.452608298049390001e+01
2.469386129916551909e+01
2.468420487974310262e+01
2.492685122676201459e+01
2.457359794191964042e+01
2.468772528741402894e+01
2.454695731609754006e+01
2.448080076764645341e+01
2.456057677378629833e+01
2.497805849877897444e+01
2.461997061913854168e+01
2.461131032957985099e+01
2.467274487885612544e+01
2.462354983344784642e+01
2.482913233178530987e+01
2.491100750084915205e+01
2.462185497228748332e+01
2.447316997272811179e+01
2.460980062614326513e+01
2.478697511395272812e+01
2.439975990686454566e+01
2.465831384678140381e+01
2.480531371196578405e+01
2.477861113487060152e+01
2.454587963550163110e+01
2.461073706310648745e+01
2.444164212270985459e+01
2.467476711543848467e+01
2.456649891865022894e+01
2.471110901237816648e+01
2.493770647785462913e+01
2.466956939835046470e+01
2.482364436484195735e+01
2.493825656508279209e+01
2.472640411407006056e+01
2.484706061958065604e+01
2.476122299855460440e+01
2.473572791381594982e+01
2.477521259184545954e+01
2.478254619226760624e+01
2.457753021379122416e+01
2.471293143890871846e+01
2.486388339658012114e+01
2.479942343167557794e+01
2.447636954899014583e+01
2.472142048012124960e+01
2.466352378298973846e+01
2.475107244875922774e+01
2.472420966758291172e+01
2.482255169782809645e+01
2.485103449639847994e+01
2.486608730734120343e+01
2.470960499168327473e+01
2.481785396901878826e+01
2.462314603407277147e+01
2.477002778405753958e+01
2.454486679555271067e+01
2.471211695298196886e+01
2.464037956067663160e+01
2.422995415968146204e+01
2.480744842995948574e+01
2.464616723843548129e+01
2.455415899032807303e+01
2.455445293941376050e+01
2.466693775741779149e+01
2.470351562883691443e+01
2.465923207029459618e+01
2.515449991473901292e+01
2.463904638371223754e+01
2.446773727199548176e+01
2.467804270415381396e+01
2.462474357897214006e+01
2.463686319671197111e+01
2.468382682795923344e+01
2.506496827645470660e+01
2.461567120244129825e+01
2.454504675257131652e+01
2.471650070777170427e+01
2.479139556851952975e+01
2.465129048181796989e+01
2.468259089627873237e+01
2.459740166824176555e+01
2.450251263772602073e+01
2.486438721601889767e+01
2.463600995582492104e+01
2.512312234154961388e+01
2.450724934413985423e+01
2.484422596476473899e+01
2.456937926917524351e+01
2.486428572466562059e+01
2.471201467472521074e+01
2.482813249434825664e+01
2.459289358297589700e+01
2.466871940660045937e+01
2.490387598614978870e+01
2.462596692983096602e+01
2.458207185622293878e+01
2.455385643179717547e+01
2.462650155568238830e+01
2.468806447500735146e+01
2.472707106114654252e+01
2.478190726587166282e+01
2.434517963408869790e+01
2.472796433031670915e+01
2.461534541641837137e+01
2.464880133555573138e+01
2.506025962438725685e+01
2.449588113170207038e+01
2.456326366473913225e+01
2.438431803290778532e+01
2.447304009159468308e+01
2.479480445354698404e+01
2.464013486569733757e+01
2.467932318845645057e+01
2.474110520579270656e+01
2.479970980498772448e+01
2.471231994676697852e+01
2.468521466371136341e+01
2.489238277321341286e+01
2.508953386121311979e+01
2.446556728238164524e+01
2.466068316923162129e+01
2.469396523087876005e+01
2.495854839995077867e+01
2.466971723814803141e+01
2.450096858454438831e+01
2.467888497848503704e+01
2.460837781189213302e+01
2.486092809836139494e+01
2.453094098553579272e+01
2.469710163288606353e+01
2.467463510922837600e+01
2.461230703059820613e+01
2.422261037775452053e+01
2.454842841474498627e+01
2.487298127876644926e+01
2.438612410080344617e+01
2.497244063815075066e+01
2.458258760011928246e+01
2.467669410519907203e+01
2.465211555553221245e+01
2.462322763117298763e+01
2.449395650975984040e+01
2.447538313096922380e+01
2.464619612627545209e+01
2.451742879891001436e+01
2.479478508170407380e+01
2.471719094115115567e+01
2.467377270604576367e+01
2.467719023077735230e+01
2.493497294323998403e+01
2.492801064388121546e+01
2.477753014865649916e+01
2.462338553091834825e+01
2.464809238857069573e+01
2.478975808685065374e+01
2.500588815159123612e+01
2.486335870328114694e+01
2.441286900989025455e+01
2.479395812245266484e+01
2.458024527208467802e+01
2.439002173842817811e+01
2.483685473406333344e+01
2.455482269185749189e+01
2.444244970541990014e+01
2.464214168686980599e+01
2.464906817706313191e+01
2.474323489489517414e+01
2.458495862293401046e+01
2.455864225617268559e+01
2.459704697231732240e+01
2.452267820599611525e+01
2.445944909029156022e+01
2.471783216983365961e+01
2.479337174238190400e+01
2.478040016970364334e+01
2.466854306277058129e+01
2.455652100120362036e+01
2.444866456410217381e+01
2.457124196649937886e+01
2.475168044857272776e+01
2.466768405440221557e+01
2.493871530186483554e+01
2.478873203897735067e+01
2.436429217969975980e+01
2.422158321211143317e+01
2.474689412277803768e+01
2.456109545333801947e+01
2.467480906841138122e+01
2.464758900278004106e+01
2.485753696340093555e+01
2.485662972920864888e+01
2.454074009510758003e+01
2.439646381503365191e+01
2.467846712175447621e+01
2.504789256782649431e+01
2.481675660933451866e+01
2.456514004344001023e+01
2.461187658849178916e+01
2.510919286940657003e+01
2.491513290488722632e+01
2.450110582889488242e+01
2.483623479197125050e+01
2.469564922105135452e+01
2.474117775872818115e+01
2.457936161160264987e+01
2.485612792887820532e+01
2.445619922162362059e+01
2.422179849468432877e+01
2.487981841214806522e+01
2.476985644303517731e+01
2.443028580140943262e+01
2.449466265496826978e+01
2.496326362857111292e+01
2.472054098422649560e+01
2.438291385771658426e+01
2.458483498346139484e+01
2.469726338574448121e+01
2.490384918670514125e+01
2.497533862888716882e+01
2.468129973319578241e+01
2.465775015231328027e+01
2.463689217112849761e+01
2.475896830512618152e+01
2.466863397658116597e+01
2.485926350460056966e+01
2.465357031305559588e+01
2.450428935822293042e+01
2.459704334490525923e+01
2.471643787086280852e+01
2.445344362329088383e+01
2.465874281152719760e+01
2.473829772780759839e+01
2.457771354130345287e+01
2.466366031294578320e+01
2.455016662983568665e+01
2.469289514406640862e+01
2.496569349489346479e+01
2.441934040419905116e+01
2.462084588853326750e+01
2.440162525917261860e+01
2.477442063520074456e+01
2.472513447929464547e+01
2.473812317860911136e+01
2.465307690436227617e+01
2.499653887124627261e+01
2.452183056138290596e+01
2.508509761923054882e+01
2.457493510021712169e+01
2.446248940841390507e+01
2.469799038768872990e+01
2.481266361997640146e+01
2.452988060955195948e+01
2.461873295648878113e+01
2.456196453882716213e+01
2.479555278459174161e+01
2.463214248642491810e+01
2.474982394430787380e+01
2.468190572888133971e+01
2.451932254176756132e+01
2.467982606226097531e+01
2.452009313322147577e+01
2.488643050712785154e+01
2.459450530667054835e+01
2.459578558230387912e+01
2.449426009076060140e+01
2.463931219636990377e+01
2.477859887959228757e+01
2.469519366556100337e+01
2.475906922900813711e+01
2.472980938759204506e+01
2.502823324150475415e+01
2.488873201862597639e+01
2.476946370290023225e+01
2.481112510870823940e+01
2.482123489668923710e+01
2.505474241462510321e+01
2.462957034001166079e+01
2.449921644836701162e+01
2.485431655290244279e+01
2.452482560761696462e+01
2.449094402941896575e+01
2.438741830709350822e+01
2.481252456169022480e+01
2.465350074410575232e+01
2.463410430053401257e+01
2.467754608575442887e+01
2.448930903974308393e+01
2.430191829277891458e+01
2.479486561247592746e+01
2.465860192179466992e+01
2.465138092291351413e+01
2.459695615470672792e+01
2.502661993628807835e+01
2.466661387587281951e+01
2.443414647625905189e+01
2.458566504647584594e+01
2.455736152432829300e+01
2.477121974176046137e+01
2.459390772255750690e+01
2.497996356281687369e+01
2.481749242525502197e+01
2.480844683668626871e+01
2.453227363343582823e+01
2.437249975765312371e+01
2.496468670263217504e+01
2.473064126059749412e+01
2.460911012422337762e+01
2.423081020375128247e+01
2.460518430953051805e+01
2.477758523507466748e+01
2.466329255485089789e+01
2.454891960274293439e+01
2.451612338486640041e+01
2.448170567937188125e+01
2.451412546117957802e+01
2.499379652089475812e+01
2.485657182184519698e+01
2.476273173023947649e+01
2.492674894700617472e+01
2.494371366779032684e+01
2.468718027914987445e+01
2.474626957146710993e+01
2.474545509188772741e+01
2.472834375501729554e+01
2.469755336065812656e+01
2.465301399930070758e+01
2.454746549098158681e+01
2.451096904320557002e+01
2.462032480086161002e+01
2.467017728159280665e+01
2.484163213273302162e+01
2.490303607636817418e+01
2.449207256241751907e+01
2.447773490612376790e+01
2.447778643863637527e+01
2.479242641352447762e+01
2.472306811393904624e+01
2.465597468182824770e+01
2.477248109914186003e+01
2.478422612660864033e+01
2.459022033498122539e+01
2.473804418639374703e+01
2.454654402247370015e+01
2.448323929681264843e+01
2.448384580680425060e+01
2.481717920938154265e+01
2.464966335213606641e+01
2.437135852473804576e+01
2.475575522801112882e+01
2.445161103394373825e+01
2.463856612948460878e+01
2.466154094176740941e+01
2.473938516611394078e+01
2.450045065413699419e+01
2.466785908437193697e+01
2.462979281810504162e+01
2.479673197050180633e+01
2.463403633538675663e+01
2.481240658509677033e+01
2.450622829404201752e+01
2.454575546430924859e+01
2.468545474949738150e+01
2.476049451852335892e+01
2.450848268483823489e+01
2.467606154352085213e+01
2.446749097872737977e+01
2.481158984077459095e+01
2.483025404066495767e+01
2.455699366068985512e+01
2.447825049126767993e+01
2.463779424494071435e+01
2.490903991604942647e+01
2.476030991062546249e+01
2.452630674648221287e+01
2.457909737836597941e+01
2.471015696089574121e+01
2.457047909755020854e+01
2.457043617752703213e+01
2.486587529023898924e+01
2.487246214638761899e+01
2.451294594141311123e+01
2.458879574865628115e+01
2.469449011372483938e+01
2.467714854670383318e+01
2.470622712777326058e+01
2.454318776951455661e+01
2.445155211530592254e+01
2.447702289553985366e+01
2.470978562799008671e+01
2.473021110223074004e+01
2.497120510358288925e+01
2.461506906811117901e+01
2.468429126115449179e+01
2.485450874206940597e+01
2.488455665232240577e+01
2.445674689300316373e+01
2.502249981376822419e+01
2.451772745703769374e+01
2.470837804777010405e+01
2.466154550639043208e+01
2.443252579234271238e+01
2.482978410136647440e+01
2.472066753482840085e+01
2.454477213359773202e+01
2.477876902290986294e+01
2.472132812495356902e+01
2.494979590894827126e+01
2.488214396766824876e+01
2.432149681424995791e+01
2.486612027636100919e+01
2.442595315933408173e+01
2.451582624498695040e+01
2.460416005456034938e+01
2.461797053843626770e+01
2.488678551800155603e+01
2.464430408816327400e+01
2.464575583394169200e+01
2.472277131252457139e+01
2.451341653521004815e+01
2.497423779721941628e+01
2.485950761201578985e+01
2.472268455180430990e+01
2.489051629243816066e+01
2.456952590075863085e+01
2.459618701341655012e+01
2.471520766317661000e+01
2.475060287123617897e+01
2.466928230963149105e+01
2.489420282121152184e+01
2.462050757623228847e+01
2.464339302569470647e+01
2.469343296188121428e+01
2.482802168169782675e+01
2.489967845896597964e+01
2.488911388429453453e+01
2.441858129536929312e+01
2.461526343857201127e+01
2.479740225831215739e+01
2.470716724190073066e+01
2.471970728993283473e+01
2.471020004408413939e+01
2.465923146955656264e+01
2.466935958265704087e+01
2.430642424790551459e+01
2.453289738669683828e+01
2.475993307382776010e+01
2.499459343508453912e+01
2.455099339185544949e+01
2.494984018982026797e+01
2.459024271332232203e+01
2.462961221192993833e+01
2.484696097643285739e+01
2.461758979249263390e+01
2.468217520862299352e+01
2.489398557857012406e+01
2.481103639985109410e+01
2.462476780139789412e+01
2.479552112910858952e+01
2.475182916746457451e+01
2.459576576873990206e+01
2.501073245235679110e+01
2.471988030418632576e+01
2.497490295171911612e+01
2.452708280729585155e+01
2.467507786967864192e+01
2.437395036705988716e+01
2.464090838928639471e+01
2.449891572951297292e+01
2.478461184107767323e+01
2.467549082724205789e+01
2.442293384609328299e+01
2.486330707602977697e+01
2.477040961060369284e+01
2.480539628904671545e+01
2.461325482072941284e+01
2.468456864810654139e+01
2.448130232794244066e+01
2.450521447758529092e+01
2.478310956747134952e+01
2.485499588407956750e+01
2.487867411781925853e+01
2.450828231689721903e+01
2.484545451617383449e+01
2.463296933802966748e+01
2.487439507688911533e+01
2.483343215790919345e+01
2.465255187633427170e+01
2.466388413569455196e+01
2.481986131186642908e+01
2.496232475788265148e+01
2.471677469516773229e+01
2.462956238401729436e+01
2.473412028827720377e+01
2.443548165492186541e+01
2.483743761599615851e+01
2.459364883306271565e+01
2.468961414528983411e+01
2.466710385664215011e+01
2.449152042080264025e+01
2.478890160081002847e+01
2.446256577738102322e+01
2.466389140249126299e+01
2.479418698032419499e+01
2.454849564178535104e+01
2.443432593776227435e+01
2.445113439902253205e+01
2.457149936287271075e+01
2.471283705369913264e+01
2.468138616469162727e+01
2.460780850641658191e+01
2.456387528732145853e+01
2.456722844454444399e+01
2.447874639134915142e+01
2.481745202826853713e+01
2.486632842011379196e+01
2.453012520985936007e+01
2.453921600771220923e+01
2.481050446883888583e+01
2.476630319051280438e+01
2.511931209553456057e+01
2.467617954078893305e+01
2.472939393763937588e+01
2.459727116371066558e+01
2.469803429227348346e+01
2.464216514852068229e+01
2.491454635652534932e+01
2.482817744894440892e+01
2.470307420877369253e+01
2.464194332823767652e+01
2.486786859647476788e+01
2.467763952599837296e+01
2.475987449369816318e+01
2.461975980079065707e+01
2.467722137100658486e+01
2.469424989031293194e+01
2.479717054594504333e+01
2.460225742986104081e+01
2.457627390903134668e+01
2.469570907274037452e+01
2.467526747121030795e+01
2.469642081044028004e+01
2.460770490771452756e+01
2.444301629388911934e+01
2.467858951864071315e+01
2.455608302156396761e+01
2.456736828710119269e+01
2.478616302930176829e+01
2.461650015118570778e+01
2.465245205096762504e+01
2.487815766324033717e+01
2.487888928756127171e+01
2.473694149047060264e+01
2.463506184861095960e+01
2.433977430500132755e+01
2.462876133233272924e+01
2.441850267988105117e+01
2.462366961341956895e+01
2.470915882822073328e+01
2.459194519934519718e+01
2.478552363245510648e+01
2.487274269718122355e+01
2.476345550090024616e+01
2.481847826080221253e+01
2.445003725564057007e+01
2.467432742568747628e+01
2.467607701128557096e+01
2.474835564908972785e+01
2.442180909530337374e+01
2.463483173281179006e+01
2.471955668002147988e+01
2.481545290370513612e+01
2.442278251543701373e+01
2.497593390692669146e+01
2.473543898955573894e+01
2.456980270068860150e+01
2.475496913837572777e+01
2.485663594590156933e+01
2.466909463489369969e+01
2.442300419906149855e+01
2.482139362586898557e+01
2.446521851572707718e+01
2.476610965094843309e+01
2.474726725474679156e+01
2.488907750228142390e+01
2.461579174700665362e+01
2.449604060208437417e+01
2.425195637104355839e+01
2.465695284090119088e+01
2.500002454343124114e+01
2.481430965626140761e+01
2.455636557066867454e+01
2.453865178816045400e+01
2.475033638423904847e+01
2.479063035707818585e+01
2.452689658145579799e+01
2.478964226909190671e+01
2.457891995847011657e+01
2.462174556405370396e+01
2.485820399944950054e+01
2.496602950004297483e+01
2.475780605238410459e+01
2.484876139361172420e+01
2.456069887482454206e+01
2.466457854275773443e+01
2.475975795514269961e+01
2.470662175001432459e+01
2.461198474562715788e+01
2.470070081278770857e+01
2.462160939145584138e+01
2.456304897624391259e+01
2.456905663634677239e+01
2.483484538446919387e+01
2.464309235691206013e+01
2.478510701819849515e+01
2.487948002567991423e+01
2.484393720542206552e+01
2.481789301631951972e+01
2.492060943329353861e+01
2.460145586540947349e+01
2.446425602396745447e+01
2.462753257269710971e+01
2.465577505886395926e+01
2.474851519851249648e+01
2.498783501058657919e+01
2.467701779230642600e+01
2.460102657808739934e+01
2.504217572279290138e+01
2.481557944411305527e+01
2.453838890388447069e+01
2.436119296081485786e+01
2.464442955098833821e+01
2.481841564415380219e+01
2.455158829736125981e+01
2.453496568490250951e+01
2.442000629401139733e+01
2.457407685514142059e+01
2.466040912743837765e+01
2.485467437714943628e+01
2.477069597771257747e+01
2.436661407234262100e+01
2.485382997708758879e+01
2.442858160188221106e+01
2.508604958843639565e+01
2.489671158761160896e+01
2.486366202231203459e+01
2.473702546579843542e+01
2.466826975512266884e+01
2.483454223803760641e+01
2.464829713397716660e+01
2.462708609069970933e+01
2.474847881149646156e+01
2.465535281158797076e+01
2.480287624737347230e+01
2.459363354188279516e+01
2.467735355190547608e+01
2.465998861644826334e+01
2.453994708667529778e+01
2.453305606933465910e+01
2.442197768648094325e+01
2.466598163033345514e+01
2.454883426939208135e+01
2.465120987474798397e+01
2.466483758472546484e+01
2.471507017417130214e+01
2.465571991650489281e+01
2.465126675370029830e+01
2.501567021632730103e+01
2.486763197128067304e+01
2.457752790464473946e+01
2.482701554787079701e+01
2.466108311553508514e+01
2.485339184489017583e+01
2.452877973855046179e+01
2.455080718859753830e+01
2.462634604829233709e+01
2.458584557360940082e+01
2.477826139048109866e+01
2.448789724559331660e+01
2.459410539939894846e+01
2.481563074891875331e+01
2.480084181690589773e+01
2.463898161870813297e+01
2.474050119520184055e+01
2.446581316424258290e+01
2.476962943728074507e+01
2.486845611817982160e+01
2.491485227522205292e+01
2.438203803729589225e+01
2.477696096987298091e+01
2.440128728150718374e+01
2.470080910178064215e+01
2.459188696460227064e+01
2.456651776097162099e+01
2.428910900587673183e+01
2.487376586522222510e+01
2.457359296890676603e+01
2.472755184240779869e+01
2.453095482849217746e+01
2.452619234989692742e+01
2.470090940088184084e+01
2.474938817408020952e+01
2.461638750431754374e+01
2.431917863653693246e+01
2.503300863029379641e+01
2.447302334489920028e+01
2.473874253871429829e+01
2.451671731054674908e+01
2.485201798667446482e+01
2.489604566691077991e+01
2.475014718451814133e+01
2.481696287805723600e+01
2.491299876555252624e+01
2.468114262698194139e+01
2.458318477975841532e+01
2.451982382535317129e+01
2.457114912297684484e+01
2.436142084606055391e+01
2.484245319109357908e+01
2.443682669644201511e+01
2.473833716209119515e+01
2.478040604493008203e+01
2.479708085935314088e+01
2.460575745675857817e+01
2.482167984266988725e+01
2.483184477450823024e+01
2.473638747806058902e+01
2.463089596032755324e+01
2.451461368191652923e+01
2.458093412307642822e+01
2.471598970478667212e+01
2.442942822518684665e+01
2.464185518242980422e+01
2.472917834598668918e+01
2.452077163212399213e+01
2.449231166390640269e+01
2.454942878601421086e+01
2.497154785056624959e+01
2.485616755452327098e+01
2.459543871752727995e+01
2.449213339498290409e+01
2.439441727418664030e+01
2.474042660429537221e+01
2.461265406472589845e+01
2.460580804548830258e+01
2.475330384827508112e+01
2.457581291477331931e+01
2.463330712890092045e+01
2.418091736038161699e+01
2.450774560869252738e+01
2.467459160056800727e+01
2.490774820240712373e+01
2.467000494111497488e+01
2.456055024761048244e+01
2.430910246698426747e+01
2.473278458657370393e+01
2.501608645618503957e+01
2.479974353681213373e+01
2.468788434014967592e+01
2.467718221194646588e+01
2.465255706728114404e+01
2.465997610582953214e+01
2.469021261986042148e+01
2.447937196738041266e+01
2.450356593816683315e+01
2.466326851928568331e+01
2.476222422036713411e+01
2.498869129386949695e+01
2.505037107648409034e+01
2.459447353778850953e+01
2.448320915976635703e+01
2.477262321294619696e+01
2.476541180657237717e+01
2.429330046990907022e+01
2.487740443512512201e+01
2.479295248877959779e+01
2.474902080904156065e+01
2.465087382140139383e+01
2.454617677691047817e+01
2.456714802515965701e+01
2.481007418519834573e+01
2.506457211208190472e+01
2.459130509416988275e+01
2.482371101890614185e+01
2.454411654415202548e+01
2.456913800387132696e+01
2.418084903332810143e+01
2.490616207424722361e+01
2.459873614434807010e+01
2.473332906727565472e+01
2.468808938828306765e+01
2.454026910316478549e+01
2.496334727298694034e+01
2.447307872828498887e+01
2.493298699084221326e+01
2.454499219247956177e+01
2.437447252209805271e+01
2.456649275352140549e+01
