# Variable: B
# Sample shape: (2800,)
# Date: 2019-05-03 14:13:49.564705
5.189835683365737751e-01
5.097714438279912219e-01
4.992802266163101632e-01
5.000347469590775695e-01
5.122328063023086075e-01
5.030140491743360087e-01
5.082869829073083379e-01
4.975454859436369559e-01
5.130870257611984675e-01
5.018126739230884814e-01
4.989909959098453585e-01
5.117469046496263552e-01
5.200310087154638161e-01
5.143792765728388838e-01
5.061190954582683865e-01
5.152203364229015481e-01
4.959026946385142742e-01
4.967475276852428845e-01
5.032813812364892447e-01
5.007078171689445245e-01
5.064271682782089945e-01
5.080825474335286529e-01
5.038529693302523649e-01
5.082066884643828830e-01
5.104499063063386854e-01
4.986606047291916588e-01
5.101415075673848554e-01
4.945635823726447500e-01
5.019288122117462336e-01
5.147658469663948244e-01
5.116429875849637376e-01
5.084684502300477194e-01
5.087154236751731951e-01
5.036737306269932768e-01
5.097935751976192531e-01
4.957404255823467665e-01
5.064837502789499846e-01
4.939446988498278346e-01
4.965936099330806042e-01
5.142441909468361549e-01
5.134773297346386656e-01
5.064998212492004548e-01
5.112187044212624931e-01
5.051676204268170656e-01
5.108370100307443318e-01
4.895913474652269226e-01
5.049511152880922227e-01
4.978430061104691107e-01
5.199618541607849975e-01
4.979810210211814137e-01
5.046576849699940803e-01
5.123092159948250401e-01
5.138328781397895062e-01
5.232514720062366731e-01
5.122567615268268648e-01
5.116828265116966090e-01
4.974035735745226949e-01
5.175451384844361735e-01
5.047363628671278635e-01
5.066126428554712513e-01
5.065625215950473326e-01
4.980437164657085525e-01
4.960121049886095923e-01
5.139503317047773301e-01
5.044018580934132023e-01
5.096492982902118829e-01
5.237407307121167976e-01
5.047589069944812268e-01
5.040782221816172415e-01
5.074489890021742777e-01
5.018428707122218890e-01
5.081016920964618322e-01
5.030944586189395329e-01
5.072945694928970850e-01
5.009057121624027609e-01
5.120233437548509237e-01
5.120153506737969984e-01
5.019274499980671544e-01
5.068927784815319137e-01
5.036744278706329903e-01
5.046546725457988769e-01
5.092764518199525137e-01
5.075148792433729072e-01
5.071353338579913661e-01
5.130316143583387722e-01
5.090970496580642379e-01
4.883676401024242830e-01
5.294211033249939247e-01
5.037763053215139619e-01
5.128337226748972411e-01
5.181198186708708686e-01
5.115818017504466519e-01
5.083085685583214053e-01
5.169059139444078799e-01
4.982687693927670414e-01
5.084068165809436657e-01
4.992455995549467951e-01
5.088093921827743227e-01
5.017980009230051941e-01
4.919633467214448164e-01
5.162103388670971071e-01
5.143298972035841299e-01
5.110374453828878671e-01
5.096427120623776563e-01
5.055730530783433263e-01
5.058947115830183527e-01
5.063926841901439380e-01
5.130819836587393601e-01
5.047247899694393691e-01
5.050496961873284230e-01
4.960082606753123402e-01
5.117696216586045121e-01
5.022629077396698616e-01
4.988815767881797369e-01
5.120381850689318393e-01
5.028431447433389101e-01
5.019495223264365258e-01
5.060473509004539405e-01
5.160017585226885917e-01
4.853977097002987184e-01
4.960424640066827262e-01
5.089309732855389345e-01
5.060073335635342229e-01
5.098714210587181883e-01
5.160305897591860314e-01
5.136479150871708921e-01
5.154318808570648169e-01
5.173506720856306806e-01
5.124016553359437287e-01
5.063398396369013232e-01
5.143132816285490572e-01
5.123394941776842071e-01
5.008857472157468571e-01
5.043582837587576861e-01
5.053611581636041628e-01
5.102780728949509736e-01
5.165884535102563957e-01
5.114824367226001867e-01
5.227575383199192238e-01
5.216673814599747105e-01
5.098986377780481138e-01
5.143294886063113358e-01
5.029056336216037870e-01
5.014222739577768317e-01
5.044846071204459603e-01
5.064707606018443720e-01
5.198953585252532594e-01
5.011620096376548927e-01
5.137713930184339972e-01
5.199753486305307426e-01
4.988094635740896177e-01
5.084551597242813470e-01
4.970465909132727456e-01
5.100039850212453318e-01
5.051633898490009988e-01
5.177175105923352838e-01
4.908531109485810839e-01
5.092247743656060921e-01
5.003743298998012401e-01
5.046305000439443855e-01
4.987291176268586201e-01
5.131225663229692646e-01
5.110166640616407019e-01
5.025757348849270167e-01
5.083300122226827034e-01
4.946620357229105092e-01
5.023972638354174958e-01
5.151212471880194377e-01
5.140706064231771455e-01
5.046353940626366885e-01
5.095266304843503180e-01
5.064071085149439710e-01
5.040001595219650854e-01
5.011627654236843199e-01
5.118095912414658555e-01
5.143765783646457868e-01
4.958308569128241916e-01
5.134500247501934123e-01
5.013765563599307251e-01
5.079288847222153125e-01
5.118019575489004547e-01
5.088889469657736919e-01
5.103055450025310025e-01
5.119810555830273113e-01
4.988726964453570334e-01
5.069827322546806014e-01
5.014696024288799459e-01
5.045217271137393267e-01
5.072137175141441245e-01
5.085452478200438442e-01
5.255283380069702970e-01
4.951800136956891474e-01
5.082601188404912707e-01
5.012576989034038810e-01
5.053317674364927736e-01
5.065042450361505466e-01
5.123748623388796331e-01
5.056795771371285220e-01
5.120115320937691505e-01
5.092393215162184239e-01
4.946585765981036942e-01
5.018501567317423806e-01
5.158874734588633215e-01
5.101265254745612765e-01
4.997349073677479492e-01
5.080691123526757114e-01
5.020145374174280750e-01
5.035223141272823222e-01
5.044682183142298326e-01
5.123999858828994780e-01
4.921028105509693829e-01
5.100176084867639181e-01
5.060366105668849812e-01
5.027731694420014552e-01
5.113462364858143427e-01
5.023510247943423490e-01
5.114141226247063132e-01
5.112845437820920935e-01
4.999141115400305146e-01
5.040642637257227721e-01
5.173425305407749475e-01
5.037317324102992266e-01
5.044098100223669556e-01
5.086844908732642834e-01
5.135609005535257676e-01
5.072340548493080581e-01
4.985414286237470627e-01
5.055977161442817280e-01
5.118337229546253697e-01
5.043905212772101798e-01
5.114558496703176527e-01
5.194513018295745521e-01
5.014239116520143869e-01
5.060279227682571435e-01
5.036125831435459554e-01
5.150830791344935822e-01
4.917965086334885050e-01
4.979439835069564557e-01
5.057742496133509347e-01
5.076884516389332802e-01
4.991315086902726184e-01
5.083891941522976632e-01
5.160865695823358967e-01
5.017237126877841513e-01
5.063515495700560143e-01
5.130773800487788971e-01
4.952347586700452386e-01
4.984906767125627525e-01
5.074853742450192717e-01
4.942336965608780663e-01
5.115858108861531806e-01
5.057034887077995755e-01
5.077667968924355346e-01
4.983773828948445672e-01
5.089639861536934262e-01
5.030636253004048264e-01
5.133363429674767664e-01
5.059640275411428911e-01
5.004830909653843474e-01
5.086145996634364730e-01
5.147531977360224609e-01
5.075628932731096610e-01
5.198208392661719524e-01
5.005144213933763186e-01
5.038226333276236701e-01
5.180962275357428037e-01
5.076618376287695966e-01
5.139513965998251388e-01
5.046983545022912798e-01
4.958376415598631515e-01
5.045986096859378378e-01
5.032773435198458767e-01
5.173137130244156445e-01
5.027545655199309182e-01
5.180046166618821335e-01
4.998929518567300501e-01
4.885992275768328286e-01
4.999388910203607650e-01
5.154575102020337862e-01
5.073205949025281214e-01
5.016344991988912483e-01
4.996477409302950701e-01
5.051563885663121756e-01
5.184612077237203964e-01
5.063807231875530057e-01
5.148265232476425535e-01
4.982347127465560077e-01
5.060188539172519873e-01
5.054005734241570069e-01
5.080109774106202902e-01
5.175660479727607344e-01
5.182795642546287329e-01
5.168547642062849556e-01
5.028458097075174660e-01
5.188042875223242145e-01
5.008796953951590858e-01
4.915658647422203598e-01
5.125700427750993216e-01
5.068486472861951642e-01
5.056013726639735362e-01
5.193208028068918569e-01
5.107254322564759308e-01
5.047326911505495284e-01
5.125085852698921807e-01
4.979644676576256979e-01
5.184799718830603865e-01
5.011123357429536629e-01
5.088968577247462433e-01
5.118246431191409984e-01
5.222126309797333610e-01
5.155784720581934044e-01
5.093580418211410832e-01
5.177036954182721029e-01
5.190474753000634545e-01
5.053100126265932523e-01
5.140316365425390277e-01
5.047033982923836426e-01
5.078305658039051762e-01
5.143483671225307363e-01
5.192768584608528082e-01
5.136948554705256242e-01
5.071380312340205698e-01
5.064424744624913544e-01
5.173245641918656768e-01
5.117423998793551032e-01
5.058287087720133579e-01
5.159475550765030283e-01
5.055047896689233156e-01
5.157479559500693922e-01
5.125120738126678344e-01
5.079375906321192957e-01
5.188616438929531949e-01
5.210976180337399954e-01
4.928270809813491971e-01
5.064668235297963284e-01
5.173950666243712915e-01
5.209115859176195462e-01
5.032618906867142305e-01
5.057159362842554851e-01
5.080762638372002815e-01
5.198771418773776576e-01
5.033107785936166145e-01
4.843769039583038505e-01
5.044294552572913259e-01
5.113144200156417574e-01
5.015089184720975535e-01
5.029402330055627868e-01
5.084879538687565592e-01
5.000757116177915185e-01
5.053485019260378630e-01
5.158523438275375295e-01
4.995177604989477493e-01
5.004145603917020679e-01
5.089160201773585968e-01
5.107347711685549241e-01
5.024609791762616462e-01
5.161987770777752838e-01
5.032118895265935699e-01
5.094591960182291990e-01
5.033096806763790454e-01
5.041934757547340551e-01
5.139132702441673306e-01
5.162305747168083325e-01
5.031679349668286561e-01
4.996702703154747849e-01
5.012152191184868766e-01
4.992390323510313421e-01
4.945098751694742001e-01
5.233474439368601683e-01
5.124577841434664327e-01
5.033068318541762398e-01
4.995153441217515256e-01
4.987508323072994965e-01
5.012571249374453419e-01
5.103679769222707607e-01
5.183878215490878016e-01
5.149806076923599818e-01
5.035417026852994082e-01
5.090399499436144559e-01
4.921297441164971254e-01
5.169687777788454230e-01
5.144792656722364521e-01
4.967961488887746024e-01
5.075888383430040562e-01
5.159645283086392586e-01
5.064283478987960940e-01
5.047863925837619004e-01
4.898491290008170629e-01
5.114558300150192638e-01
5.093373326714458749e-01
5.161867987513610867e-01
5.104106112050422750e-01
5.014001768900970823e-01
5.269444032553018964e-01
4.950632377336678380e-01
4.998333553875703994e-01
5.041020547021664022e-01
5.051580072537006361e-01
4.967050567930437754e-01
5.160334276293302436e-01
5.080822403617678562e-01
4.973454148664271934e-01
5.085586973901151664e-01
5.085249282130369641e-01
5.084849315383946911e-01
5.048621211299155753e-01
5.143283962865953240e-01
5.024857335511165868e-01
4.995104261990743755e-01
5.012158077179610371e-01
5.162332267168894262e-01
4.999375007254057146e-01
5.047469259633580174e-01
5.110727553061127360e-01
5.017766365256046690e-01
5.023678472741444079e-01
5.086243875916779400e-01
5.133414384817746035e-01
5.010966033224372174e-01
5.065013773089465099e-01
5.077618812511989210e-01
5.155800455478416477e-01
5.042971520043878497e-01
4.951582374277448961e-01
5.162002275426302855e-01
5.098415502049347126e-01
5.017581252870422226e-01
5.025903947014135342e-01
5.077481244053962950e-01
5.161437477948688235e-01
5.061209401870137015e-01
5.043144982512319796e-01
5.049570811262239500e-01
4.971907031790107623e-01
5.226830863315156117e-01
5.115379675820136418e-01
5.158659486739394229e-01
5.081102330638044284e-01
5.085851151572073903e-01
5.107048837930662222e-01
5.152455402574664944e-01
4.979981037869828375e-01
5.079876921639947529e-01
5.035784213213347904e-01
5.037194283748573920e-01
5.016283138729082935e-01
4.964263210435310159e-01
5.007010170686740924e-01
5.036122123195654332e-01
5.082355437583315760e-01
5.109578593835293336e-01
4.968866329026359052e-01
5.036181889016989599e-01
4.994129166587258917e-01
5.054939712648496286e-01
5.183283830250653423e-01
5.097899991893815042e-01
4.996600912378658665e-01
4.974739949611208245e-01
5.194114372745782804e-01
5.213415062150954515e-01
5.012400204024753947e-01
5.165911197857062653e-01
4.955663669173610009e-01
5.069773015138506755e-01
5.144679200555263288e-01
5.016406950583659485e-01
4.982049170389240000e-01
5.000286441460540798e-01
4.957740149819298558e-01
5.085723630463278022e-01
5.112398395060162581e-01
5.117694034890747368e-01
5.012501098291586299e-01
5.023110213149871717e-01
5.277131122947821273e-01
4.997307249872275370e-01
4.997438150041413896e-01
5.103237668667006677e-01
5.093581354676270934e-01
5.110967817631419940e-01
5.135094964675449569e-01
5.083850196431194401e-01
5.161179575378078699e-01
5.070303501573004690e-01
5.214289382643145787e-01
5.096516569032065735e-01
5.152620657105624336e-01
4.996944648158558322e-01
5.117808646105822534e-01
5.030934996530932457e-01
5.130766999353296720e-01
4.956824666248806910e-01
5.085235077362935119e-01
5.053359127276958462e-01
4.922135705557280638e-01
5.080473662372054777e-01
4.999403159632914151e-01
5.057426087919207891e-01
5.038929328145193010e-01
5.024181901365436520e-01
4.980896583332216077e-01
5.040821042226385496e-01
5.045096171523700823e-01
5.038533002294394159e-01
5.170948387079231656e-01
5.136962285436558195e-01
5.064473326759842964e-01
5.102194997085550687e-01
5.046740122817591212e-01
5.075894893335437530e-01
5.114169561432415634e-01
4.934748191684157348e-01
5.014030686696904215e-01
5.017821792103345224e-01
5.139301413753072367e-01
5.050237801150614381e-01
5.095346448225750446e-01
5.040738884292588207e-01
5.168519513462130899e-01
5.123013065654836717e-01
5.083407024686202869e-01
5.150714292328935073e-01
5.137107181197506645e-01
5.216677625675640861e-01
5.051938152873762800e-01
4.994311749170819437e-01
5.267006318815954380e-01
4.995709139249341901e-01
5.075597177159145712e-01
5.107096118645839677e-01
5.123750030797161736e-01
5.265525416525016489e-01
5.085276260852589214e-01
4.971740697824790223e-01
5.024269612985579059e-01
5.018425376684368944e-01
5.027036645205449350e-01
5.212534222442539722e-01
5.042365614688982811e-01
5.120631510850717216e-01
5.112916817595696273e-01
5.183147496947539956e-01
5.181292822966522271e-01
5.133769680500518406e-01
5.051635717825222471e-01
5.056862178494661020e-01
5.048947389104099237e-01
5.074664560667018209e-01
5.071459237214244187e-01
5.020611722283792044e-01
5.125709041762752660e-01
5.160445412090155504e-01
5.034093442414225850e-01
5.069106444816300350e-01
5.019681835437470596e-01
4.995561662880791398e-01
5.145590556628579781e-01
5.017666828201468032e-01
5.054011504419374523e-01
5.107890059588672260e-01
5.078580094342507456e-01
5.108893196568181638e-01
4.978385630984716315e-01
5.212245997169216993e-01
4.951389410952493630e-01
5.009528765453142851e-01
5.038375479509700217e-01
5.041318129435375939e-01
5.092793531628870829e-01
5.037541119177784132e-01
5.053690282832314917e-01
5.104429505866721062e-01
5.185554880577646353e-01
5.126495106634630927e-01
5.211716255864289327e-01
5.056839712287983790e-01
5.097668015512031303e-01
5.126936991692230272e-01
5.080303973396107509e-01
5.210156309117977003e-01
4.998986148981092170e-01
5.115610506233991828e-01
5.066863435405132288e-01
5.092147151615246115e-01
5.087800355147648057e-01
5.060979316157928620e-01
5.197945740869627240e-01
5.137571995250568291e-01
4.996140661354106505e-01
5.144835290585557663e-01
4.975978287842340864e-01
5.119035791393528045e-01
5.106551144329124492e-01
5.098488908890564941e-01
5.104437534058753334e-01
5.021460264185633182e-01
5.116358305613599722e-01
4.926114956306722470e-01
5.049012478907651813e-01
5.137153709193974516e-01
5.145040463815320209e-01
5.179922887116105157e-01
5.023001125179109572e-01
5.118304338623140826e-01
4.992457571875698052e-01
4.973217547355129886e-01
4.997789944173209320e-01
5.091122721911806037e-01
4.970378605183388143e-01
5.046227427942086008e-01
5.019875684838087659e-01
5.217963807577066238e-01
5.052785946945687057e-01
5.017596544824426408e-01
5.045791768529910293e-01
5.121297205767035843e-01
5.050412849641671142e-01
5.094891396418774754e-01
5.069951473167383371e-01
5.078988569436505562e-01
5.011235754164637957e-01
5.091419622598560846e-01
5.145023598407676424e-01
5.038963648597671874e-01
5.166747866804992650e-01
5.029896573556831285e-01
5.110791294847034649e-01
5.170174174748202178e-01
5.034693021108969102e-01
5.049507625827553969e-01
4.980051070249936762e-01
5.094715855055111930e-01
5.028577930869096990e-01
5.078398177217257059e-01
5.091231094838113425e-01
5.063268997425139917e-01
5.122271258209778466e-01
5.209652866183516196e-01
5.087173099475591487e-01
4.980966832168997604e-01
5.058822479757211221e-01
5.056861810494341913e-01
5.131705944241311546e-01
5.072208714504862215e-01
5.115762100868260775e-01
5.165406241105449103e-01
5.085797234415931900e-01
5.131696396694672702e-01
5.072519585217081239e-01
5.173214304547326670e-01
4.995548565914179062e-01
5.035563604101341850e-01
5.026463805626043557e-01
5.085487570753647324e-01
5.123161964232429977e-01
4.989903415096562100e-01
5.095375144059901551e-01
5.126243923004544234e-01
5.178864175076065557e-01
4.889864215682447335e-01
5.221710700823554152e-01
4.968406188215547803e-01
5.085144912452251864e-01
5.117014889868932714e-01
5.161760147153067191e-01
5.048990866206548578e-01
5.081055957676955392e-01
5.124501307018852758e-01
5.093495937322033429e-01
5.035042626094157203e-01
5.030721455880152737e-01
5.097466369642826844e-01
5.075645883143353743e-01
5.001110340779434393e-01
5.021627558127514934e-01
4.990726849842501145e-01
5.225434027551977278e-01
5.084963923333020164e-01
5.009187934915032558e-01
5.015366158836268573e-01
5.063179370112436128e-01
5.038857294368780382e-01
5.033227671783597756e-01
4.940919551737444348e-01
5.117791837941116917e-01
5.107872366713323009e-01
4.996792233460832788e-01
5.056106064386007848e-01
5.224551187712689337e-01
5.026999929803627198e-01
5.007423281179046448e-01
5.069264009747008748e-01
4.890184515422166811e-01
5.134103046924274327e-01
5.077033082877486780e-01
5.086878006578267053e-01
5.177589706140490744e-01
4.981012510677719218e-01
5.099336549585864464e-01
4.965104048574383588e-01
5.075752515592939496e-01
5.024400008106348903e-01
5.062372393758384215e-01
4.987148214653353007e-01
5.119852865572016576e-01
4.997948242317508671e-01
5.182882651522434658e-01
5.045958759765323265e-01
5.060065807750360189e-01
5.122201709559913718e-01
5.084608330614152072e-01
5.000665067632454885e-01
5.239184452666604264e-01
5.053536408744042641e-01
5.049893944579918470e-01
5.023015829810154598e-01
5.127849772680558305e-01
5.107028553120293024e-01
5.121109065172968489e-01
5.009873251468861532e-01
5.018652906006556558e-01
5.086202750917656612e-01
5.032546658666339212e-01
5.128160480547426792e-01
4.950572679443255852e-01
5.221249749040153265e-01
5.066265099435043329e-01
5.118097150118049443e-01
5.076582164578214984e-01
5.016423201473468874e-01
4.977443604098788499e-01
5.132403119888612197e-01
5.006970700853123901e-01
5.155400474622836571e-01
5.139536461322411487e-01
5.065446258286632197e-01
5.067705001884312832e-01
5.067950111895943577e-01
5.018094047998342688e-01
4.917963446309632780e-01
5.110184839656666256e-01
5.007419574099182258e-01
5.021342279771865424e-01
4.996166155573449896e-01
5.066016951202645391e-01
5.082954259524620211e-01
5.128706048514751759e-01
4.994345275220745117e-01
4.959053224552965045e-01
5.067904798230193908e-01
5.173576014341291218e-01
5.020915270858778978e-01
5.070238635754313883e-01
4.988008351428964704e-01
5.080344132885227237e-01
5.036912933210083709e-01
5.091770566704055812e-01
5.161749338700474254e-01
5.030472351454026159e-01
5.145138765906011047e-01
5.162444129012369043e-01
5.085967195854744771e-01
5.067548669044831255e-01
5.149968489846745712e-01
4.920874667649548506e-01
5.043852243888286013e-01
5.096877941923998456e-01
5.088339762562852364e-01
5.073054642422114568e-01
4.949034073074730644e-01
4.913935006579015496e-01
5.121270524835426219e-01
5.110922473814510925e-01
4.989773708853862400e-01
4.985310600397179770e-01
5.054222495004028204e-01
5.100456026700722623e-01
5.213450908341601409e-01
5.034527514861679709e-01
5.041609847391571586e-01
5.032857965600211481e-01
5.058778368204144282e-01
5.083551126002934240e-01
5.016874099326733560e-01
5.046726540651902404e-01
5.039893348028754438e-01
5.042784416424811456e-01
5.152926800025792176e-01
5.076171359242204195e-01
5.040636183317768193e-01
5.192590141325601483e-01
5.123068658585485657e-01
5.126355951380026088e-01
5.028198323773971357e-01
4.981929426929131988e-01
5.062660423009648358e-01
5.189343583672172411e-01
5.112514666075388403e-01
4.929275917237261329e-01
5.188616557174293709e-01
5.021634937636628715e-01
5.083757751438036099e-01
5.097291914748767194e-01
5.009189196003660527e-01
5.060274659370709305e-01
5.062660612747711397e-01
5.220192789042213954e-01
5.064143306090321817e-01
5.131319349020595499e-01
5.157120027814570129e-01
5.078514212083622414e-01
5.095395235976520887e-01
5.032521629155660703e-01
5.147278746894429213e-01
5.079606622756444034e-01
5.111288445823022331e-01
5.081765784069481873e-01
4.885415482390025321e-01
5.054335958570296272e-01
5.136817280623157123e-01
5.118740235337608802e-01
4.917807809205559932e-01
5.075805378713043048e-01
5.155159307740665442e-01
5.032016930933308485e-01
4.954744684845634461e-01
5.082554416794224927e-01
5.198692370851779598e-01
4.904712252262266037e-01
5.081449405699439703e-01
5.100416427719919321e-01
4.972183895989147895e-01
5.085402324091022885e-01
5.077921357490584597e-01
5.088770277699361522e-01
5.041367266759179122e-01
5.107547084086822009e-01
4.979541649871355169e-01
5.106378560764899266e-01
5.127394176505896128e-01
5.191224698821514938e-01
4.858896127357003047e-01
5.036802230814106940e-01
5.166378098280984821e-01
5.127101408327636722e-01
5.094753546337839056e-01
5.126293591935513483e-01
5.104167962147831972e-01
5.128279897733194481e-01
5.051805318893112240e-01
5.080502395207766586e-01
5.015909634865879374e-01
5.008246169870635978e-01
5.036123973446624547e-01
5.066871101589914828e-01
4.925885329746259589e-01
4.993619233406961233e-01
5.057932486101681668e-01
5.037035825098444830e-01
5.028057734766209208e-01
4.959065927099004512e-01
5.009616943960868429e-01
5.151580694526145532e-01
5.019390176388390801e-01
5.092622976251164335e-01
5.113114308935402530e-01
5.111345412828023349e-01
5.091326711007342354e-01
5.033892205605470238e-01
5.129487957292160338e-01
5.116717815883243814e-01
5.048035528101393332e-01
4.989048004589679564e-01
5.064963789528886817e-01
4.957421208819465241e-01
5.121637360517841131e-01
4.955759510893617548e-01
5.120160112382696749e-01
4.888955628878030590e-01
5.122710984210396834e-01
5.088335795986037580e-01
5.122835109594267022e-01
5.012053738774555622e-01
4.924688888594874747e-01
5.105799394013080805e-01
5.182744671372931933e-01
5.108688091285801258e-01
5.108893649101841072e-01
5.033018761747863890e-01
5.136010665061970792e-01
5.084899010930795660e-01
4.936443011279673665e-01
5.026717433719293249e-01
5.075882296894007606e-01
5.132817540050982341e-01
5.045706766836219881e-01
5.214836460821412611e-01
5.098888171588178420e-01
5.137237686056133068e-01
5.111878631521900029e-01
4.994152498916027971e-01
5.104162414390799318e-01
4.980514469707569281e-01
5.034951005076719888e-01
4.956420827106675087e-01
5.061569795158726848e-01
4.973183073666689880e-01
5.176366815220936335e-01
5.001557653838866191e-01
5.127803338456060622e-01
5.093953033460079105e-01
5.099574897530504414e-01
4.947890250854194982e-01
5.020853176348538671e-01
5.114120571459691567e-01
5.092499479287942998e-01
5.088481484727622739e-01
5.038755968395203233e-01
5.060717277989336127e-01
5.112038063847244018e-01
5.099996720722442811e-01
5.179322351798906210e-01
5.033980651848555254e-01
4.999747865168015504e-01
5.014593965280563781e-01
5.177018965825881391e-01
5.122644664942095361e-01
5.042272607630570169e-01
5.028812636543190662e-01
5.038501548825272680e-01
5.099001747429612319e-01
5.075830804304956034e-01
5.109131661608204977e-01
5.095763445607757181e-01
5.139137473370110065e-01
5.009600790739189291e-01
5.157873562715568072e-01
5.022629468941987030e-01
5.029166208663170545e-01
5.015954113922427293e-01
5.103218581038544421e-01
5.050719760289158478e-01
5.146268658011279307e-01
5.103153863128732093e-01
5.210515526369078332e-01
5.141369985125026076e-01
5.158849530930817995e-01
5.155295584714650881e-01
4.978645900435074712e-01
4.994716719205048450e-01
4.967127893081285661e-01
5.089777613491297537e-01
5.051314466843521700e-01
4.953089478771783849e-01
5.118423476556099860e-01
5.164554191737638078e-01
5.061099459485519647e-01
4.987427325776704334e-01
5.052592724693162340e-01
5.126272294035052468e-01
5.047641038601893282e-01
5.172209415007825717e-01
5.112683935379038758e-01
5.045394704773050742e-01
5.026323321281132017e-01
5.093238887050088870e-01
5.103756930364515831e-01
5.090974713879273805e-01
5.111417118477353805e-01
5.074141014593628318e-01
5.089236982195259884e-01
5.178267209003395433e-01
5.068092799379549929e-01
5.025478961507771070e-01
5.209528629994142346e-01
5.123499024306172878e-01
5.142263391194182853e-01
5.145435974567548199e-01
4.972761462380251851e-01
5.236712011422843815e-01
5.037731404790076750e-01
5.067909471824770806e-01
5.122980364614224680e-01
4.946478730992023287e-01
4.900002933075722766e-01
5.238971773188090264e-01
5.028046546237711079e-01
5.059107494733436905e-01
5.059295372444312378e-01
5.023555736713013475e-01
4.955039124287308194e-01
5.104926483893609257e-01
5.098548865540303288e-01
5.122028020704992857e-01
5.184642586273100484e-01
5.067698506521530755e-01
5.057577042813605761e-01
4.942143154535218463e-01
5.142448849107826847e-01
5.030298240495260087e-01
5.036888881080914260e-01
5.145637459585181706e-01
5.119449239182523037e-01
5.230289363484467158e-01
5.034272587368974206e-01
4.976799765697477174e-01
5.007900167578859252e-01
5.248918398062581980e-01
5.039551876579669853e-01
5.147688089710092951e-01
5.036588776547594737e-01
5.115678593651548089e-01
5.132019288344262797e-01
4.903132430042041467e-01
5.146621862140209336e-01
5.065607476874067761e-01
5.122103364322694308e-01
5.065672256564835996e-01
4.920188270155427812e-01
5.114745393435883303e-01
5.069790510555201024e-01
4.997434514995680033e-01
5.066970895492868276e-01
4.942318041207603985e-01
5.227039692387895897e-01
5.109791973594488557e-01
4.904470843415663639e-01
5.029140026351565096e-01
5.093477178630496649e-01
5.126015334282263414e-01
5.108151185263521965e-01
5.074047626248689991e-01
5.127709302116261192e-01
5.168443524740565787e-01
4.978818663507118547e-01
5.123929394909586543e-01
5.110830138196347239e-01
5.097342878030983737e-01
5.011912501908930562e-01
5.022628315340081917e-01
5.056799822829143309e-01
5.141004663209596259e-01
5.017858509129253797e-01
4.961986831925185304e-01
5.060469769527506934e-01
4.983262879305948023e-01
5.114444698852254056e-01
5.048759273800350611e-01
5.055865949377097435e-01
4.905079083570382248e-01
5.046061308504313780e-01
4.979641321100499729e-01
5.011231246630887259e-01
5.296570315380904059e-01
5.099626034765317728e-01
5.078672107407650183e-01
5.055801823303711640e-01
5.144942584873917202e-01
4.888377411052776678e-01
4.991396845503593971e-01
5.060511186495944003e-01
4.998283715421406037e-01
5.053177866592657441e-01
5.007371284549549939e-01
5.118529351655486392e-01
5.057711297613511903e-01
5.081557017391681308e-01
5.022404694057082120e-01
5.040596002514707852e-01
5.084340439018346647e-01
5.098764754087915518e-01
5.133413780340088106e-01
5.133701943184602046e-01
5.092300361108211826e-01
5.031437364642160626e-01
5.105325594772245346e-01
5.078555717359393151e-01
5.099287509542417274e-01
5.064476616502193718e-01
5.082671342990794372e-01
5.045110317661165578e-01
5.120560012914903147e-01
5.061515958111767466e-01
5.003430972504290253e-01
5.054148926708847966e-01
5.077801352357597109e-01
5.091434898547668730e-01
5.135735674540504725e-01
5.071082659276603399e-01
5.147048834697922626e-01
5.000186737544536353e-01
5.050340844506492344e-01
5.021078334100473883e-01
5.036786803385242539e-01
5.120187265739124527e-01
5.001798447343702714e-01
5.168536603389519701e-01
5.007223807205911648e-01
5.009747535600260759e-01
5.157521484609427498e-01
5.014053370136732912e-01
5.144032480407584318e-01
5.136724030114756534e-01
5.049447704436591522e-01
5.045680635726450536e-01
5.220186587925833566e-01
5.040040564840788662e-01
5.083051382191473566e-01
5.041260004702756703e-01
4.862441936427316924e-01
5.084135839698946668e-01
5.199445771833296481e-01
4.943992159973621958e-01
5.083111566650606594e-01
5.083733837325193905e-01
5.153193979001349234e-01
5.085610749805310471e-01
5.065280705933133953e-01
5.126189951521445964e-01
5.112383312340448294e-01
5.089989335470564980e-01
5.118852628850113495e-01
5.037450516827403080e-01
5.062966531135909554e-01
5.057958534074558088e-01
4.965649194559542123e-01
5.087963737078663451e-01
5.099033415957580084e-01
5.104799535821228362e-01
5.113394222426048685e-01
5.066383215987471100e-01
5.019669514019557965e-01
5.096415175621803462e-01
5.056821412383594172e-01
5.062689194777378887e-01
5.150379727338897373e-01
5.149364696400194896e-01
5.193540719455959076e-01
5.060327990104953599e-01
5.125587641916758974e-01
4.969567215056568399e-01
5.083747881812662461e-01
4.989847182515414481e-01
4.962819208102207669e-01
4.960183661688543078e-01
5.160125074119492616e-01
5.095345917506985955e-01
5.024335135546301734e-01
5.053903349741082351e-01
5.012637880555995684e-01
5.256260164034211035e-01
5.079435562872278709e-01
4.960608001980111315e-01
5.040116091696331679e-01
5.064213092718365949e-01
5.024313734935739184e-01
5.092715017398566912e-01
5.096097992760421080e-01
5.032172248376648449e-01
5.054474417234521288e-01
5.053160364234113855e-01
5.199807386973107626e-01
5.033089960274567121e-01
4.999026847563265985e-01
5.089776878745071453e-01
5.120950271736341985e-01
5.051826415297842043e-01
5.095347683877757827e-01
5.051621248295451450e-01
4.983683192711517718e-01
5.074519566557317285e-01
5.121410827045266290e-01
4.977784678129092977e-01
5.125370415876547847e-01
5.104274840368792088e-01
4.991132249769005824e-01
5.027595095727901420e-01
5.074964597696037805e-01
5.019314097652446405e-01
5.188733284153694836e-01
5.121633849731760391e-01
5.093498963689656600e-01
5.154632670322644161e-01
4.987015514234747204e-01
5.074592034681981723e-01
5.042654969781105168e-01
5.179982134387306481e-01
5.042755887032298601e-01
5.003500769242146262e-01
5.129271673071502669e-01
5.125201676044872645e-01
4.958421571076418455e-01
5.028411927196326792e-01
5.106217808568642713e-01
5.142244892427526581e-01
5.009727981977850630e-01
5.144205883175092531e-01
5.044302119875441193e-01
5.034935068861690066e-01
5.109628278961597658e-01
5.145159509219515703e-01
5.073907017358447735e-01
4.934475101666329633e-01
5.046584451622008194e-01
5.095260018575171745e-01
5.102469628964204640e-01
5.034096707950820315e-01
5.056097424430000542e-01
4.988645580637971477e-01
5.125762610891859694e-01
5.051947176679856266e-01
4.978505572499842269e-01
5.098544166711678205e-01
4.987782756797479178e-01
5.108094795332431826e-01
5.108006443686211595e-01
5.126226923346401954e-01
5.132170885557179041e-01
5.114000995303175090e-01
5.066724046962616246e-01
5.104309716633912419e-01
4.966733090327216660e-01
5.100008832780915657e-01
5.087606689918464653e-01
5.037997587356378704e-01
4.985613572592923481e-01
4.939163044822972304e-01
5.055248054118975931e-01
5.055862652484108821e-01
5.118773937362381954e-01
5.001609391439930663e-01
5.021069193979722511e-01
4.997497501961445932e-01
5.204650447132660451e-01
4.866714698230970026e-01
4.974671842972019364e-01
5.150330031616173754e-01
5.134303905770736254e-01
5.013907101468005889e-01
5.074368938906304027e-01
4.970228726278345111e-01
5.126992018502798398e-01
5.068098355107603092e-01
5.149461094724546717e-01
5.106057133667544212e-01
4.971023732870120670e-01
5.079156377666970146e-01
5.064293256295305801e-01
5.209332576031142636e-01
5.017163385457429348e-01
5.243085823476183460e-01
5.238031674379965974e-01
4.984564180952289481e-01
5.135266356388981102e-01
5.165488669763145246e-01
5.053397783950356326e-01
5.144437692335984691e-01
5.080396987106238216e-01
5.038050185138266412e-01
5.052203122884788566e-01
5.196952368195014715e-01
5.122440882192540457e-01
5.004446974260834402e-01
5.128571921997266969e-01
4.929695593255565833e-01
5.095325628448870159e-01
5.014285998415914936e-01
5.018203485960046617e-01
5.159126919696803704e-01
5.115505271122918751e-01
5.025938634089022194e-01
5.131738347054953797e-01
5.070769746732777250e-01
5.049182020736106002e-01
4.985496216521003721e-01
5.077605713825036338e-01
5.114381166941163182e-01
5.146553662679660412e-01
5.021669716459796762e-01
5.006396853820622717e-01
4.910869144478022807e-01
5.153350304167865215e-01
5.057971888021337570e-01
5.066619756625519999e-01
4.943639391479048850e-01
5.134001755886559160e-01
5.023462461091190434e-01
5.079733321917522249e-01
5.031442632813570848e-01
5.039893329371550879e-01
4.967295877261585502e-01
4.981317030487595332e-01
4.916570156569565198e-01
5.006627922116497764e-01
5.109682954703516078e-01
5.065263130680026649e-01
4.990954574241975861e-01
5.092008133943325410e-01
5.004329996351402077e-01
5.090267729822177678e-01
5.104492376386605690e-01
5.017463700025068807e-01
4.950392859834625292e-01
5.078182293514894585e-01
5.123165983136565016e-01
5.128259191741145750e-01
5.090931391353542557e-01
4.984839039127715865e-01
5.192655743747592867e-01
5.131919043546380177e-01
4.981300828732138641e-01
5.031807589142043291e-01
4.951238459510405310e-01
5.138331651676476541e-01
4.903247028420811282e-01
4.953065522206569482e-01
5.172302510143037546e-01
5.082224838543087930e-01
5.205409239473147709e-01
5.055516473950913969e-01
5.121928028176764292e-01
4.897556423051903640e-01
5.066010259433287866e-01
5.118044852449925575e-01
4.942973429545650110e-01
5.055020109127804639e-01
5.163353393698889571e-01
5.064558455569609929e-01
5.194214346100713975e-01
5.071614516503817338e-01
5.033841514858322652e-01
4.998932963261636941e-01
5.239001946626321571e-01
4.979996630709966898e-01
5.010057962657865627e-01
5.064587767479145075e-01
4.852449351904459252e-01
5.035334190750895278e-01
5.056402915539379705e-01
4.986808051520456586e-01
5.125453232285062111e-01
5.030600012274087929e-01
5.096418782275620174e-01
5.071272966968555229e-01
5.179518833945664369e-01
5.008056952227576408e-01
5.023712888866247450e-01
5.107884854621193016e-01
5.174293867049057916e-01
5.058625314683810048e-01
5.039182554890003773e-01
5.069674981087799459e-01
5.092617060331168233e-01
5.099153339325758205e-01
5.082175312339994866e-01
5.001272028006409354e-01
5.064289403914197241e-01
5.047635622319881499e-01
5.127299250871696357e-01
4.973450613307947576e-01
5.111843983218024023e-01
4.964424198604557303e-01
5.199157864970941345e-01
5.046438170231339893e-01
5.041695490558726345e-01
5.259257790289193490e-01
5.031116081046046462e-01
5.032603901481795816e-01
5.138709636525977675e-01
5.012965054042852753e-01
5.000991441713258379e-01
4.999921651320362037e-01
5.149985938009170594e-01
5.079233265334101022e-01
4.834201888475764819e-01
5.073348625976837889e-01
5.002979396358792075e-01
5.191603997593376985e-01
5.192059820152237215e-01
5.037954855343375060e-01
5.077932430138385467e-01
5.148437990427759958e-01
5.051564217155835035e-01
5.099926407499864034e-01
5.084803730981585224e-01
5.099224549030150211e-01
5.015604547804292102e-01
5.179266916412553767e-01
5.111088390074169929e-01
5.118527079003362124e-01
5.057257542465583011e-01
5.163769816789655076e-01
5.142529807132103503e-01
4.937277742983840478e-01
5.076371149138634298e-01
5.110909480121130777e-01
5.135854829262509469e-01
5.065708108196053105e-01
5.086534153338070352e-01
5.024125764653659676e-01
5.118092200682388127e-01
5.103177978489462641e-01
5.182150706802785001e-01
5.051184928380726413e-01
5.120858472477946011e-01
5.128075119766640766e-01
5.057026488484622773e-01
5.091409034493997732e-01
4.975978500898008972e-01
5.075074941908633841e-01
5.061576156793728964e-01
5.116311964762025877e-01
5.075037193256689561e-01
5.152099121483177946e-01
4.949347845544548319e-01
5.184045495011705418e-01
5.002364347022721924e-01
5.102866213670316231e-01
5.199895095732298689e-01
5.060914634332418505e-01
5.095777347588992257e-01
5.011404272668890103e-01
4.932427604013777112e-01
5.134189802357411736e-01
5.055109609002844673e-01
5.136922875802676369e-01
5.087420704410814398e-01
5.038442829585121352e-01
5.115519445951798305e-01
5.113523768165896266e-01
5.013217625750935325e-01
5.099792635954627507e-01
5.088116764268922898e-01
5.008038687986682280e-01
5.011747677607885088e-01
5.118467947004404772e-01
4.992169179535248524e-01
5.167801544615989728e-01
5.150267234242220660e-01
5.057647191197048864e-01
5.089720957156476100e-01
5.029795533533572005e-01
5.016566672113901282e-01
5.105810648328414914e-01
5.110639206688876168e-01
5.079461197366855751e-01
5.004439738373002156e-01
5.094829765481376782e-01
5.142659890446553694e-01
5.063438021330204375e-01
5.033929759201085652e-01
5.084673724953614471e-01
5.075155764093567390e-01
4.956157284776400163e-01
5.118371914364381325e-01
5.000506546342768921e-01
5.077047235344237519e-01
5.135415618578390573e-01
4.989479267783112904e-01
5.084386427279157239e-01
5.190867226439649373e-01
5.057431063000989990e-01
5.116666081701676250e-01
5.078377905272599691e-01
5.180729702201554154e-01
4.982749224181327596e-01
5.117057248484725429e-01
5.044571663655122995e-01
5.014897149328826353e-01
5.068947293903596218e-01
5.155128218864101219e-01
5.122949142452056792e-01
5.127128771281485031e-01
5.185183023724700968e-01
4.987566117342125960e-01
4.927515692783338008e-01
5.191117725639980973e-01
4.984708276176653685e-01
5.081352674975317951e-01
5.015162529312759965e-01
4.940698010223775194e-01
5.114687000739177591e-01
5.191541502987868650e-01
5.101595876011387753e-01
5.101866575333797726e-01
5.066967309629925031e-01
5.162162244279794310e-01
4.952526067747376470e-01
4.964975311771051558e-01
5.050924110794835498e-01
4.973696352124043485e-01
4.988068245309522641e-01
5.078302770303565472e-01
5.115334584536629370e-01
5.029777776084317642e-01
4.988559796649421618e-01
5.123689749701620944e-01
5.120633391140952950e-01
5.202664209597491762e-01
5.030025610496882127e-01
5.173676526911495932e-01
5.025588544664532087e-01
5.123296660959196780e-01
5.108704904289025350e-01
5.042936657005353540e-01
5.032013262547639920e-01
4.987860694277346241e-01
5.024330821494455979e-01
5.072141857552696642e-01
5.085481337186353867e-01
5.122978740059606073e-01
5.010422723719726301e-01
5.028881799089481852e-01
5.115981740648645193e-01
5.044940548129719371e-01
5.100627365213090680e-01
5.034528168285504757e-01
5.008271846310657915e-01
5.102513807459632122e-01
5.031144583885508448e-01
5.053108469453865270e-01
5.022943729756889075e-01
5.258183895075412284e-01
5.121402542860431506e-01
5.100578828814489318e-01
4.950849359505209990e-01
4.989721841410899028e-01
5.175568092872256942e-01
5.156602179897012972e-01
5.088478652958898785e-01
5.049850633568296887e-01
5.041243355261962877e-01
5.098150212302984263e-01
4.983300008187914742e-01
5.046255291565848733e-01
5.010532496190097662e-01
5.080126412650045609e-01
5.017693828896252484e-01
5.115941452552247304e-01
5.079380753815426752e-01
5.108963573887597143e-01
5.012166679182500362e-01
5.067263752707594771e-01
5.116450844489263128e-01
5.030281524347864908e-01
4.965881284832711073e-01
5.126660964634129902e-01
5.122845539140457038e-01
5.115681226411989968e-01
5.011511890462629903e-01
4.893490899987409382e-01
4.953726648447449588e-01
5.137472224179945313e-01
5.001169981707103140e-01
5.060473042477853234e-01
5.057587013819836441e-01
5.026560343054098379e-01
5.081787535368095243e-01
5.121551013133074370e-01
4.963941966825684005e-01
4.849892546924016723e-01
5.108132970262585504e-01
5.081541184541066292e-01
4.959804737958931620e-01
5.058591726679967371e-01
5.078312941038185535e-01
5.085376020739381664e-01
5.103906697237553525e-01
5.103306838870894646e-01
4.968353730333069374e-01
5.075736561056795049e-01
5.053937058363922041e-01
4.957828114349874804e-01
5.112476688644763678e-01
5.036285015687788080e-01
5.042555638601209367e-01
5.095062610440630468e-01
5.059139913129576671e-01
5.231207420191610336e-01
5.056564977363130486e-01
5.073990008270354846e-01
5.050253588438111674e-01
5.039869259040978822e-01
5.088149132680723774e-01
5.038926992248397019e-01
5.247692865750260838e-01
5.089538613543347356e-01
4.932737700327733954e-01
5.148814576278569755e-01
5.167825540381422167e-01
5.054667047057506135e-01
5.062233354932264007e-01
5.137829985624797757e-01
4.953896499961370492e-01
5.015180291845555693e-01
5.100358042160473282e-01
4.878453827409491295e-01
5.123155945660865518e-01
5.104450258661574757e-01
5.090161552125734845e-01
4.950913289128364148e-01
5.046867919589503870e-01
5.070805568688814269e-01
5.040899896523843848e-01
4.949289634876341548e-01
5.012622938420892016e-01
5.189151609182477420e-01
5.054207583838854489e-01
4.996039274963517962e-01
5.175757691770894731e-01
5.037829622184609724e-01
5.138421397905040822e-01
5.126524841528297127e-01
5.118030148450690708e-01
5.193811948586173344e-01
5.098741359891505454e-01
4.991531399904231003e-01
5.085262716865318611e-01
5.012324067710735020e-01
5.096873681286810953e-01
4.960738803045415812e-01
4.970182231817625307e-01
5.022472212862170160e-01
5.067621994980269218e-01
5.028984946806204226e-01
5.074529398163353244e-01
5.111397050720836166e-01
5.156673848964109519e-01
5.064650204791570909e-01
5.159600464329194835e-01
5.110041869863133357e-01
5.043941343872297978e-01
5.117670101968984087e-01
4.989277021902586151e-01
5.041586439800432862e-01
5.160228114044830283e-01
5.019425639942391992e-01
5.067388514964562551e-01
5.056473571708610670e-01
5.184719278987431901e-01
5.143690735723907004e-01
5.150304321312868527e-01
4.961797486886009301e-01
5.167984673672144647e-01
5.289310196741606740e-01
4.951167347835343513e-01
5.075494613374941233e-01
4.931416944943641800e-01
5.028393789672689351e-01
4.984968543645830197e-01
5.066220802593167649e-01
4.936264282883954801e-01
5.104709885529502555e-01
4.907631184644831723e-01
5.028040944682757862e-01
5.159568461388164273e-01
5.067664392855351085e-01
5.072628705085492351e-01
5.077878154535228061e-01
5.110523936234343534e-01
5.085844255940893399e-01
5.035336560989721599e-01
4.998755731371448130e-01
5.179284986696287563e-01
5.152440141945673346e-01
5.009385223229684270e-01
5.022000754967472780e-01
5.159563077977625811e-01
5.124448769217251343e-01
5.150589442718035427e-01
4.961787808357521756e-01
5.071591852297226977e-01
4.932717384124106763e-01
5.092887151984205607e-01
5.015752071499050002e-01
5.010972873828192231e-01
5.135293647496526059e-01
5.115319104244788750e-01
5.108414082784209498e-01
5.096159156634390008e-01
5.123197642596422074e-01
5.119555426061488390e-01
5.131650040633561893e-01
4.991687006819759964e-01
5.059804762880786289e-01
5.023781872152104366e-01
5.015767639689572288e-01
5.237591642991333840e-01
5.055777612747353045e-01
5.082794560287574592e-01
5.103181925938641283e-01
5.138812963809400447e-01
5.023468014569306694e-01
5.128576569949779840e-01
5.026811188976541001e-01
5.112093854439740959e-01
5.071289543479691186e-01
4.961530248607963212e-01
5.182393689700486306e-01
5.209673810321104881e-01
5.054389988777520104e-01
5.086210410969419504e-01
5.057724420464326798e-01
5.123601074329958704e-01
5.137568103436540579e-01
5.276243343652401441e-01
5.093638137462842552e-01
4.915469204393150271e-01
5.007232298412344074e-01
5.222232204967067748e-01
5.025790795863338545e-01
5.173081669870008836e-01
5.080916874059376864e-01
4.987607705078032083e-01
5.086548879070001972e-01
5.048032653833705030e-01
5.241539363120748529e-01
5.038833109146202416e-01
4.990669272660536726e-01
5.066138372613372409e-01
5.133795856624248088e-01
5.184118765076431989e-01
5.135948345441998519e-01
5.050182322224654463e-01
5.005570841566804319e-01
5.020126791427884649e-01
5.087841839195386129e-01
5.038250728410861301e-01
5.070855902487294564e-01
5.116562462607486816e-01
4.974006528056789112e-01
5.200917957930845104e-01
4.992108435589550086e-01
5.111577082147376050e-01
5.022519697693231810e-01
5.095280920972120597e-01
5.088282857376923429e-01
5.044762353676057742e-01
5.080824159347440139e-01
5.003680457298937956e-01
5.112237146853776393e-01
5.043708923334847549e-01
4.933508306580726144e-01
5.023647395411914296e-01
5.002879320238799998e-01
5.165554039310608081e-01
4.991913304373534199e-01
5.080337340827385528e-01
5.148362591729459536e-01
5.005835677598862166e-01
5.212417203647840003e-01
5.171575598979554211e-01
5.120627017571177664e-01
5.191838902450655047e-01
5.109211580420818244e-01
5.186671624313142770e-01
4.948500449079359376e-01
5.100025763867319650e-01
5.146451672101337582e-01
5.134512719474895182e-01
5.239597055256777214e-01
5.108621667554626988e-01
5.079987626723803107e-01
5.040501049789628540e-01
5.166818999929623235e-01
5.064487820272661756e-01
5.032173173327302296e-01
4.985156721688758230e-01
5.182636242363447554e-01
4.962611333635154054e-01
5.016238262631397271e-01
5.086615695421371486e-01
5.071358026408233632e-01
4.990996774851784168e-01
5.061917673516564964e-01
5.116234133177286481e-01
5.076679694713008839e-01
5.074484975119721852e-01
5.097341481870013569e-01
4.920289431960168658e-01
5.050145477424837770e-01
4.974820788067076394e-01
5.056181003160347132e-01
5.159144836079915253e-01
5.192468438374208128e-01
5.031520295887085270e-01
4.976895352073488210e-01
5.055989624425176743e-01
5.113448667041575746e-01
4.944002324862795117e-01
4.987925886716254031e-01
5.116030408715529498e-01
4.976889410562917448e-01
5.053864912732374259e-01
5.069793998009793912e-01
5.047488642237563106e-01
5.046495552129454110e-01
5.210998827665513922e-01
5.145558926816462542e-01
5.045108126764963341e-01
5.115108124187289773e-01
5.141491776404767400e-01
5.046983611019473237e-01
5.174573521461263148e-01
5.082764800485762846e-01
5.011404885222169314e-01
5.018923370708234799e-01
5.050907216778705022e-01
5.061777389402266625e-01
4.976039699975015607e-01
5.063613686714963924e-01
5.186325029010678822e-01
5.091452375059178914e-01
5.114943653859889139e-01
5.086986610465186187e-01
5.070387207591432466e-01
5.006955537701746062e-01
4.962139510248719798e-01
5.194699360554115852e-01
5.116131072390123213e-01
4.928205150693346637e-01
5.079141332570989986e-01
5.059891770625094543e-01
5.070811780763563315e-01
5.094642252114088832e-01
5.071856003967358806e-01
4.920928548369608024e-01
5.014652274711510760e-01
5.018957350199332312e-01
5.076588692322622220e-01
5.032433953358426137e-01
5.008668534473817990e-01
4.973737684200755238e-01
5.057230378261601267e-01
5.007798763093372907e-01
5.157317118601159045e-01
4.989037598957927755e-01
5.085363363723921504e-01
4.959376647589187059e-01
5.173082067201592027e-01
5.070948206904768440e-01
5.137686484180131741e-01
5.095415882277398723e-01
5.105994984201589482e-01
5.081227232550009631e-01
5.102146061199250848e-01
5.053817045595729862e-01
4.984533465050136614e-01
5.107128304753177916e-01
5.088711556616972720e-01
5.082591514701945146e-01
5.047813420704476695e-01
4.916944920241418382e-01
5.174970731371767441e-01
5.057551288284509727e-01
5.044999086294721380e-01
4.915855154863638665e-01
5.107526578787972005e-01
5.031627761367379881e-01
5.040706393032415855e-01
5.046073206150042401e-01
5.014802794011098408e-01
5.047108506345679979e-01
5.121751881709735166e-01
5.058835852208448669e-01
5.001322300580766100e-01
4.964031778270503459e-01
5.105451171379850051e-01
4.949119089147311357e-01
4.974273211353342772e-01
4.970379845103500283e-01
5.133001830093960605e-01
4.965718715505421654e-01
5.101903373563737576e-01
5.046080171537098424e-01
5.005613935303416806e-01
5.044986552621124609e-01
4.972826699142162132e-01
5.112524080207219157e-01
5.026881906316820192e-01
5.166725815923089993e-01
5.087923984798083943e-01
5.054904879020419850e-01
5.259160759406810159e-01
4.945044157590845479e-01
5.144141678598460610e-01
5.069564657468670354e-01
5.127058560787871588e-01
5.048328476216769056e-01
5.124865151364147442e-01
5.187051726597393664e-01
5.083845425148204589e-01
5.235475460509844137e-01
5.044767881332504755e-01
5.002951198741079075e-01
5.081155702463276969e-01
5.174325467646909704e-01
5.060303501215475119e-01
4.893733342236707418e-01
5.139679312386637999e-01
5.195228466608413642e-01
5.183822776034727742e-01
4.994207052555331705e-01
5.104966436550039122e-01
4.958631497156407719e-01
5.001374759992794905e-01
4.989648261490584047e-01
4.997251540952908910e-01
5.105054555645802683e-01
5.013521150728192932e-01
5.092010048867997574e-01
5.071346650253270028e-01
5.102713111464187712e-01
5.147668802091729390e-01
5.070223623309143557e-01
5.048723792045949343e-01
5.039821460106340689e-01
5.050519423830247545e-01
4.943356049155440690e-01
5.094962227518020637e-01
5.086273172686524013e-01
5.034659689355803769e-01
5.182255518768278391e-01
5.191480632828373576e-01
5.087827681573406924e-01
5.173249640703153629e-01
5.178329391478102561e-01
5.230469272890788668e-01
5.171945056494720028e-01
5.018663865635356602e-01
5.090502316392344628e-01
5.054215424793424560e-01
5.149598519647816675e-01
4.995353209994222166e-01
5.117770159560914855e-01
5.149361426535146169e-01
5.133188063998528339e-01
4.986892985025422331e-01
5.099245274571593267e-01
5.172842792079445084e-01
5.046579001859042846e-01
5.105980003752994545e-01
5.181735928871972208e-01
5.000526864693505269e-01
5.165375217061458635e-01
5.093006589308323173e-01
5.150235173235789832e-01
5.156212852613739628e-01
5.161722800954618995e-01
5.074869423535454116e-01
5.001138635456242598e-01
5.116871908584839090e-01
5.150173393739971850e-01
5.097061605193011768e-01
5.057436942802321367e-01
5.063879465752285647e-01
5.219734266881713713e-01
5.000367857687434414e-01
5.007080817820280805e-01
5.017400416160676668e-01
5.071300834108152245e-01
5.137291109698354230e-01
5.009883921997526635e-01
5.205366811463497667e-01
5.108587292111368416e-01
5.072172575356660440e-01
5.072827716928527408e-01
5.102918691881275226e-01
5.116429531717482382e-01
5.116586241317897521e-01
5.151269733560153163e-01
4.970649722637253132e-01
5.055329635870957627e-01
5.180040116749395906e-01
5.100901630035303835e-01
5.136670650008063888e-01
4.979048922758556039e-01
5.153077984845895188e-01
5.177579834123485769e-01
5.007828659101813962e-01
5.079489625335971148e-01
5.043025384793676791e-01
5.190645317741280351e-01
5.120543086844838720e-01
5.163674600147970528e-01
4.957994864438062255e-01
5.136514380947487801e-01
5.101453445308911094e-01
5.190131150479198041e-01
5.074462816914087071e-01
5.069550384836738477e-01
4.967577878952622594e-01
5.092333654888047123e-01
5.037876963988653367e-01
5.169083104086213964e-01
5.162711826811458016e-01
5.111281074438980276e-01
5.062803721608214458e-01
5.049327232637210727e-01
4.946872031268576553e-01
5.105846698612601653e-01
5.173268875266663347e-01
4.863343682500771425e-01
5.183337645970922392e-01
4.902895142863036848e-01
5.096627512851790165e-01
5.056086395639008968e-01
5.002198835869854365e-01
5.160645759760892348e-01
5.069878977392192620e-01
4.990830852373865367e-01
5.085612295052062137e-01
5.087958142325179622e-01
5.014263762627791943e-01
5.065371554509682239e-01
5.078263467877849324e-01
5.051142884972097402e-01
4.995014691377471228e-01
5.158379138143656117e-01
5.164417282953706057e-01
5.187430058483014639e-01
5.111765416932307904e-01
5.029923575373054234e-01
5.090076214045810010e-01
5.051492667329867681e-01
5.154568449681773412e-01
5.123504409540692306e-01
5.200267302106394984e-01
5.073905525670315830e-01
5.162470764812161494e-01
5.048422992295338307e-01
5.038547660457266542e-01
5.146239134115884184e-01
5.135954816008635460e-01
4.987761460361866406e-01
5.012184808037727368e-01
5.074857378469161961e-01
5.102279201528481245e-01
5.158479142813919838e-01
5.171729637606568009e-01
5.076165472718200400e-01
5.139472717911969246e-01
5.115332651103878803e-01
4.931634434206940698e-01
5.070516399366247207e-01
5.094822804135267225e-01
5.180806655750721523e-01
5.074115900276643387e-01
4.993408923662036036e-01
5.074996848455433085e-01
5.021876372478637496e-01
4.990630849498138288e-01
5.018869489764287151e-01
5.060329526924647325e-01
5.067836906326248503e-01
5.042433795848776379e-01
5.067353754168615332e-01
5.032619704924612414e-01
5.111201704354620956e-01
5.022886813616165291e-01
5.190973513399941286e-01
5.051216033175222053e-01
5.163239280034884748e-01
5.105250098560396577e-01
5.104950700481740711e-01
5.076406136565821958e-01
5.125541794200461077e-01
5.158024629202179190e-01
4.946863803783482783e-01
5.094683910394318671e-01
5.100968832105199358e-01
5.008240734781075343e-01
5.041604507575830896e-01
5.142801404192764991e-01
4.981319132212425616e-01
5.023954931744641916e-01
4.953882272271877829e-01
5.143134417071907327e-01
5.070041251840232688e-01
4.957235095687343995e-01
5.044794615123848747e-01
5.156580591629897903e-01
5.139168500070581125e-01
5.116389195130979228e-01
4.979499436922810718e-01
5.070696486142174386e-01
4.873342470093520173e-01
5.097672329524783885e-01
4.988068971382195183e-01
5.105452633641465177e-01
4.982633816958541573e-01
4.935638972905337929e-01
5.078726922908074481e-01
5.097415443989050665e-01
4.941624096264728982e-01
4.857584706446492762e-01
5.151873953949637208e-01
5.127110452534647811e-01
4.937950775863602648e-01
4.953983680291105252e-01
5.071523743051611355e-01
5.162003587779464553e-01
5.028456281993722854e-01
5.118631106523776619e-01
5.093128717719912490e-01
5.052297396398147677e-01
5.007501078025121677e-01
4.962522729830473600e-01
5.066471990428925709e-01
5.159682994886701790e-01
5.112644592381815345e-01
5.105603429210566757e-01
5.007581954054136641e-01
5.199135008694494298e-01
5.007453965844006483e-01
5.095269761880386605e-01
4.991924202808193378e-01
5.069289030887402792e-01
5.041006172213999825e-01
5.102275710938908304e-01
5.001250066794694638e-01
5.166394372006772873e-01
5.109534085792675207e-01
5.135719782033104641e-01
5.004178103577157088e-01
5.111731746927564712e-01
5.108459314424578235e-01
5.107581493265538342e-01
5.109301919423053784e-01
5.043664053213574583e-01
5.147307739486921552e-01
4.990743216245721037e-01
5.022242641787287853e-01
5.092628724099169668e-01
5.095736803450856556e-01
5.168045380797593458e-01
5.013150508001138483e-01
5.055179561319755877e-01
4.934522820583943092e-01
5.120743357155573827e-01
5.027296908119140983e-01
5.080982097414755705e-01
5.148362387540467155e-01
5.104741791452397370e-01
5.112387225663397317e-01
4.970660258299443024e-01
5.160947335809964454e-01
5.118623038623922872e-01
5.064090177894263745e-01
5.032156804905428826e-01
5.081846128164755338e-01
5.072307677184401120e-01
5.056164683134888316e-01
5.056935535495472589e-01
5.081228894389080430e-01
5.161009857219645003e-01
4.953405863733567061e-01
5.040673606502256154e-01
5.097741325299524062e-01
5.111246365874084763e-01
5.102089515106715822e-01
5.038320208053594929e-01
5.143736177538518195e-01
4.902725412616739664e-01
5.150699888991905340e-01
5.151577942815787070e-01
5.057093940681206545e-01
5.166064620921897443e-01
5.091961476630623151e-01
5.226324636522273748e-01
5.111668485960541020e-01
4.981008717062885283e-01
5.111783805862257779e-01
5.157776155544633312e-01
4.976493116866214095e-01
5.002115090939711628e-01
5.033071335940764168e-01
5.083369111577673571e-01
5.091148577488350258e-01
5.142686639963436335e-01
5.143026018507264041e-01
5.070449748377101606e-01
5.089110343186915575e-01
4.989356961838231075e-01
5.136751240433016230e-01
5.141413599491407860e-01
5.111017584496440058e-01
5.099321015764067822e-01
4.966335618847977917e-01
5.101570580599744664e-01
5.006826707664382425e-01
4.974114344248434794e-01
5.171612357373318591e-01
5.124061276027370715e-01
5.092988431676067629e-01
5.043698932907330068e-01
4.997132445235423215e-01
5.001192295544208966e-01
5.132952673613755401e-01
5.065729090522698153e-01
5.056862635546588436e-01
5.048837848424159169e-01
5.109283559220793025e-01
4.991248644624731168e-01
5.043817965858491403e-01
5.056163741144791279e-01
5.096390839085672697e-01
5.084123698709764883e-01
5.155768007690759713e-01
5.076039120160124041e-01
5.108329474015524951e-01
4.955425523569961799e-01
5.177498716468580398e-01
5.095581867177807478e-01
5.011336585146424216e-01
5.021791758246753057e-01
5.217623186226703069e-01
5.083865138681296081e-01
5.065112663565058959e-01
5.074305572268246189e-01
4.923428765920176975e-01
5.146261679183341542e-01
5.011252255028313396e-01
4.943760239015227431e-01
5.052903131415326099e-01
4.995326600768896230e-01
4.977930291354764614e-01
5.069208677265032437e-01
5.051351539743690333e-01
5.062183705055526284e-01
5.038350863737766083e-01
5.186469494469591046e-01
5.152131507491097828e-01
4.948309403639521431e-01
5.119711666453322652e-01
5.166465038488206041e-01
5.116475493383930706e-01
4.970115403881982252e-01
4.940016009919320772e-01
5.046525962691555955e-01
5.148712954198899627e-01
5.054439469613870584e-01
4.960352667562558104e-01
5.061718351930291071e-01
5.076077557457646661e-01
5.034302830137696860e-01
5.162179940234861153e-01
5.082183680665263159e-01
4.929250521249076700e-01
5.057750865681333030e-01
5.044130568333201614e-01
5.026314846683251902e-01
5.021876619478110593e-01
5.147024155828556768e-01
5.071512028349909329e-01
5.049443591208282456e-01
5.086547925001565496e-01
5.052169716163253943e-01
4.985158945971587818e-01
4.959881352959371048e-01
5.165661299808481655e-01
5.177991644243057356e-01
5.121149157732248769e-01
4.989844140444049114e-01
5.281374196280055333e-01
5.100965044569208962e-01
5.018892007835964453e-01
5.172128535090148027e-01
5.080735761992899446e-01
5.064145176522393266e-01
5.114395320273630308e-01
5.085515051293005850e-01
5.013708166124402066e-01
5.000982819145345371e-01
5.069931875805755439e-01
5.097300282513215208e-01
5.076873518483131509e-01
4.968086329698762071e-01
5.016529178248662069e-01
5.058369089085744674e-01
5.049020590616157822e-01
5.187639781997677169e-01
5.102653931931747655e-01
5.069148547509021441e-01
5.117939985618270571e-01
5.035229317192794207e-01
5.152534125925886110e-01
4.960671544355724771e-01
5.172050754702277597e-01
5.038384465596776884e-01
4.999259275443180273e-01
5.068637291318066618e-01
5.081436006178894349e-01
5.078391185710680045e-01
5.097310000634703853e-01
5.141966164235214354e-01
5.103835231270571482e-01
5.173094778588465115e-01
5.142083154601462258e-01
5.041130240643963978e-01
5.106346005138107103e-01
4.997186208119570039e-01
4.964038794576144942e-01
5.052923538829720007e-01
5.136208909346314799e-01
5.121185570618034255e-01
5.123221463247746854e-01
5.086008211242253330e-01
5.042665114909966606e-01
5.194367858176687225e-01
5.049618468192981213e-01
5.027037352170395934e-01
5.118510314543686102e-01
5.071024426497816595e-01
5.190305933922602089e-01
5.122683201932785035e-01
5.094466986111576556e-01
5.012503661109019015e-01
4.977952994597476533e-01
5.115592124971866106e-01
4.949293489724644890e-01
4.930424972409220841e-01
5.158252813418304772e-01
5.092375555410768584e-01
5.155033282796073202e-01
5.165144311997539317e-01
4.965940709118635832e-01
5.124314080076046718e-01
5.018508275131281504e-01
5.161469375393121783e-01
5.039570020558501451e-01
5.065691762946669119e-01
5.018658100610955408e-01
4.942215185264536847e-01
5.122939886193760284e-01
4.994576548496453272e-01
5.107785882197799499e-01
4.965108271477558510e-01
5.087436073375584122e-01
5.059902435957750466e-01
5.010283468737808388e-01
5.124786391720259626e-01
5.159255809621599020e-01
5.108525048202982033e-01
5.141794926100906604e-01
5.084508047913637308e-01
5.075479051924061125e-01
5.081482117049009872e-01
5.119689971757650504e-01
5.198210158535959691e-01
4.929240626346452769e-01
5.123726819258935805e-01
5.131871945062739249e-01
4.934204345898022259e-01
5.143085997487581995e-01
5.155494589185257714e-01
5.083152930195350416e-01
5.064227441640785088e-01
4.875089924585104262e-01
5.030922903407825109e-01
4.998736504263081026e-01
5.151427427206111131e-01
5.062142796756482488e-01
5.094773700522990945e-01
4.991652158730164324e-01
5.023524393547563749e-01
5.190927436011313345e-01
5.166605995122866002e-01
5.078028392623730181e-01
5.149136395185672788e-01
5.072201823619805205e-01
5.129657022323850235e-01
5.025689140761102625e-01
5.023213763911655860e-01
5.036301391970313679e-01
4.968324479274104921e-01
5.238280078724110167e-01
5.014850131826967816e-01
5.168355466364422668e-01
5.169196707247003530e-01
5.043601507888604285e-01
5.011229490827644462e-01
5.137437558007013072e-01
5.108871956444313023e-01
5.049185827138119587e-01
5.010661962046687457e-01
5.027450774941544243e-01
5.076538483449332118e-01
5.065943688852573290e-01
5.037415036182599781e-01
5.098998438821346069e-01
5.108881201541428663e-01
5.053669005921832547e-01
5.087006652194564493e-01
5.111137955213904682e-01
5.052930584208580322e-01
5.093006560989872256e-01
5.205782196653431226e-01
4.993365736658330611e-01
5.028353217159192701e-01
5.064340844622976512e-01
5.076983471015976690e-01
5.096987472886737036e-01
5.030684880409832527e-01
4.917171872274890831e-01
5.105343825565826776e-01
5.046436333722590373e-01
5.103315119959727086e-01
4.960421463595263147e-01
4.986036846787996746e-01
5.116653375999319353e-01
5.021614808126597662e-01
5.106330504783194169e-01
5.121276341911716878e-01
5.107338150973703694e-01
5.124260419564160562e-01
4.903708106661568422e-01
5.164103843248782910e-01
4.974752978313703444e-01
5.066346994640952284e-01
5.072209343767878353e-01
5.111705126947126976e-01
5.033807201351369054e-01
4.974292133589450216e-01
5.000774498073916607e-01
5.032275587823482610e-01
5.221193255369562802e-01
5.118023279625716349e-01
5.051797592861498876e-01
5.201924947922172970e-01
5.043709506444478130e-01
5.049634331965482392e-01
5.168800938453684823e-01
5.150931856488328853e-01
5.026153495321230569e-01
4.929939718122873793e-01
5.011800447484844323e-01
5.188184003399675115e-01
5.024432312836601966e-01
5.145855847430517160e-01
5.027779854399887505e-01
4.967982900595692142e-01
5.145186869134631413e-01
5.077672677981549532e-01
5.037065066956214476e-01
5.116027738121314838e-01
5.023053995787440940e-01
5.006675379159883921e-01
4.966689356399344168e-01
5.241757713063075474e-01
5.037701528577464005e-01
5.000386407349409756e-01
5.133425161028801753e-01
4.902498395600962677e-01
5.092120111629353518e-01
5.138667656119623173e-01
4.910919155920795975e-01
5.042484347796625244e-01
4.976419194924277534e-01
5.066521171684955638e-01
5.131507683379963325e-01
5.100162459407937554e-01
5.067901484811414559e-01
4.921620347333229839e-01
5.038654486302764912e-01
5.086641495203476637e-01
5.061772686233574348e-01
5.091058734019652254e-01
5.107522137843375498e-01
5.128391010171770015e-01
5.026337126633576569e-01
5.101471536554927910e-01
5.086017042834352075e-01
5.103716225695528186e-01
5.130192861040400176e-01
4.973258186845372353e-01
5.051154401396764637e-01
4.940553588078269165e-01
5.001175443709876545e-01
5.104111210203451376e-01
5.066879094251172111e-01
4.943647570369752442e-01
5.075971440373713284e-01
5.204312834977955493e-01
4.998130011205041967e-01
5.111550240810180945e-01
4.997404094288078746e-01
5.142035590197908679e-01
5.002247897397156251e-01
5.159409715311239486e-01
5.093184741395870851e-01
4.997077193217590030e-01
5.096665829590312224e-01
5.136692234109456745e-01
5.051486289135352914e-01
5.035614022936713008e-01
5.110018636065646325e-01
5.066400739267695741e-01
5.065058028982155625e-01
5.187690412065438794e-01
5.040178149000690278e-01
5.026306173368633168e-01
5.152807606517024741e-01
5.228433142776705012e-01
5.012412535616586062e-01
5.007969082937241412e-01
5.223847183180722054e-01
5.177553433290238427e-01
5.072484278300288807e-01
5.084085224935257497e-01
5.010325102803097064e-01
5.181635768568855216e-01
5.113099497449334896e-01
5.003066206181843167e-01
5.053012651421062706e-01
5.036808830323307173e-01
4.888557475562645416e-01
5.074765107308918388e-01
5.108935525813995682e-01
5.085621159811692937e-01
5.083435316964400874e-01
4.983402298669864505e-01
4.967373714878348112e-01
4.960815166606213356e-01
5.084096238862129136e-01
5.111519618094602091e-01
5.080098861131402410e-01
4.983405415133296268e-01
5.040265880307457369e-01
4.895760500613991484e-01
4.975347037604448408e-01
5.012022865514668135e-01
5.189037419328792478e-01
5.166729133689142994e-01
5.128232585652280351e-01
5.041263305664667183e-01
5.005236820577262380e-01
5.030544883711242088e-01
5.126172465665648215e-01
5.056161395790629287e-01
5.062102358913925793e-01
4.993998590587678255e-01
5.051106425575926373e-01
5.028195040184064712e-01
5.069885018213987626e-01
5.162371734818200775e-01
5.187771539966268275e-01
5.038846277232599258e-01
5.051432242192199773e-01
5.170924046423275300e-01
5.024398796178787263e-01
5.091967259366171339e-01
5.069350032092830860e-01
5.052092533872573066e-01
5.033204002763776996e-01
5.147117749303998790e-01
5.016040212211838600e-01
5.138797028963076885e-01
5.115979153127655499e-01
5.029904000084370885e-01
5.026977872623846766e-01
5.129254373140386125e-01
4.982629873723031788e-01
5.095249636775940338e-01
5.002574965397543760e-01
5.074128448876875641e-01
5.028485966850335664e-01
5.079908484125712498e-01
5.065446284271974964e-01
5.105983142624128668e-01
5.007047421871592130e-01
5.050291965225681690e-01
5.021273035086741832e-01
5.154975530927238259e-01
4.982712313393112824e-01
5.075718916286756643e-01
4.965290190982076801e-01
4.951643107932907073e-01
4.984902965660167329e-01
5.056779914340782112e-01
5.128326717225880627e-01
4.997749186918311048e-01
5.078880282170181726e-01
4.937937028037925336e-01
5.021435138955488986e-01
4.915401158564350337e-01
5.131610433588342790e-01
5.125766111668500491e-01
5.149939308716615649e-01
5.089440220365485379e-01
4.978615240494266847e-01
5.071223724500705243e-01
5.066315928278424252e-01
5.238597759188686753e-01
5.012887312285274621e-01
4.945714951972691176e-01
5.143317569848608883e-01
5.045104364442328793e-01
5.044868463069439590e-01
5.098324206727471442e-01
4.905618028247262785e-01
5.054006193809513769e-01
5.023640451333395429e-01
5.087343797629693132e-01
5.177736019177640037e-01
5.147797727499682230e-01
5.145794730912973680e-01
5.147281316593341760e-01
5.037909281377968007e-01
5.071650058845283970e-01
5.046364750331979732e-01
5.134694985326532235e-01
5.234612230629407392e-01
4.940970765104286677e-01
5.007481571732957937e-01
5.089311606743694982e-01
5.055971226409810004e-01
5.091072752649488109e-01
5.120442206134010465e-01
4.928219565739077046e-01
5.159870741595260490e-01
5.165504119009740602e-01
5.023357923504651046e-01
5.100415908317161851e-01
5.017236955330821591e-01
5.020400241244518114e-01
5.073096410709472259e-01
4.941313088788262808e-01
5.023636223489865715e-01
4.980942781640293471e-01
5.104942080308786378e-01
5.204927063966993117e-01
4.872980993966534724e-01
4.998236978060412450e-01
5.129484875290700741e-01
5.072121254732493423e-01
5.229134333327601913e-01
5.095621757528554507e-01
5.052701875804045395e-01
5.065211103225848444e-01
5.150011129065492632e-01
5.200970897296219864e-01
4.992167594477593395e-01
5.085501887528088849e-01
5.005506432584651000e-01
4.976050585452023167e-01
4.992064241781082323e-01
5.056626702696782605e-01
5.097377431224170419e-01
4.856982015759920279e-01
5.005449654441515017e-01
5.009090502161396286e-01
4.976130643574275259e-01
5.026470947975623105e-01
4.994100894795401868e-01
4.986391251791560397e-01
5.102111450789963421e-01
5.127938559648401728e-01
5.147838781450603252e-01
4.977693295915361915e-01
5.148318861843806937e-01
5.113050822833488107e-01
4.970568018355118189e-01
5.038825532438497845e-01
5.025605026238706419e-01
5.026095942826753760e-01
5.025620790444683683e-01
5.141313508669843602e-01
4.965480208556457553e-01
5.119109357290142492e-01
5.160085718259906917e-01
5.000522675321958932e-01
5.075312990382939704e-01
5.066000331379660881e-01
5.111574978277537706e-01
5.113438322836812988e-01
5.099155446666407965e-01
5.192111489267177138e-01
4.976640764798841987e-01
5.165708143137031083e-01
5.075248889800303420e-01
5.166823964183383522e-01
5.071516229249506402e-01
5.061967297842845381e-01
5.066177599547436738e-01
5.109638435134864487e-01
5.051233542125387332e-01
5.013598085423367490e-01
4.889697926316211030e-01
5.094245368840809585e-01
5.141044930893886589e-01
5.155523184440106155e-01
5.053096118609301524e-01
5.071409764510805829e-01
5.100029400887222675e-01
5.184527712487955187e-01
5.077351835678681757e-01
5.097955905791800024e-01
5.069977317885007162e-01
5.130270812010218062e-01
5.161397403598120270e-01
5.094233714943416924e-01
4.985265691156082202e-01
5.078353941069057020e-01
5.186295405860323893e-01
4.943645867706282226e-01
5.203542224676992456e-01
5.038843148455597332e-01
5.120285123970331753e-01
5.040611451960297362e-01
4.906360080249432820e-01
5.027642734131668734e-01
5.055700912313556561e-01
5.076749092528435314e-01
5.048133068657967293e-01
5.143808632659971902e-01
5.110761960239931234e-01
5.085067222449364266e-01
5.202941186807106266e-01
5.075533742136300042e-01
5.048170917097972721e-01
5.139538041444073890e-01
5.035072770339209525e-01
4.974104972937145597e-01
5.154467118044832041e-01
4.938323705027048982e-01
4.891636159962540198e-01
5.168205863898835961e-01
5.157647131392636419e-01
5.008948570854183657e-01
5.052969186978837346e-01
5.072194709637390941e-01
5.241829883978691429e-01
5.067879653885986047e-01
5.035852213017659729e-01
5.043325113040648677e-01
5.104162132860931012e-01
5.007883635817408363e-01
5.125543829983377764e-01
5.068302321737178096e-01
5.099765874334640792e-01
5.165575487299681745e-01
5.148424028409406272e-01
5.202232684305411192e-01
5.112759825501284050e-01
5.006720210897342982e-01
5.008399991510745775e-01
5.205013832571423471e-01
5.156376697844934354e-01
5.284349100409888589e-01
5.139487196352918730e-01
4.983791136754767148e-01
5.058213002526164015e-01
4.952048246421869582e-01
5.175716140639696761e-01
5.176252560431604532e-01
4.993898032882065352e-01
5.022105172632094217e-01
4.973515674490429639e-01
5.069226061186435928e-01
5.070718091616756018e-01
5.011834132947642351e-01
5.065688519442596016e-01
5.043244015402986724e-01
5.089565011177645815e-01
5.060793294474019710e-01
5.057744884886454795e-01
5.139969258328205282e-01
4.941558887828141344e-01
5.001534907141579334e-01
5.225907417911199726e-01
5.067903924997397835e-01
5.010539318235457396e-01
5.148322024593132706e-01
5.129481047438620989e-01
4.961846499868114435e-01
4.952506763222337960e-01
5.063594646630000806e-01
5.022252712248875817e-01
5.102828157016841004e-01
5.070150349866209272e-01
5.066125132174114087e-01
4.894232200477935391e-01
5.109724552269733211e-01
5.023162961079956634e-01
4.956570062447784308e-01
5.088564184933687118e-01
5.118642307611914744e-01
5.046561664777153844e-01
5.144404673121918403e-01
4.990169845540013971e-01
5.072901068581148198e-01
5.027248481421344728e-01
5.053001228566260661e-01
5.108048736212754681e-01
5.050660666839765778e-01
5.029823302670435314e-01
5.209747363597525549e-01
5.161828504244603266e-01
