# Variable: A
# Sample shape: (3000,)
# Date: 2018-06-07 10:04:00.065528
1.594204054990578712e+01
1.580293115120067249e+01
1.592977803631644917e+01
1.580141050209138243e+01
1.582427096273096545e+01
1.581487367990926174e+01
1.578340238869459178e+01
1.576638984142999433e+01
1.567481822779155820e+01
1.577081631806522033e+01
1.577420111652582513e+01
1.587933255931974941e+01
1.587105367663227895e+01
1.585737897925753614e+01
1.585319428834475985e+01
1.584397844656612264e+01
1.576526083258670141e+01
1.583636275707592667e+01
1.585871711234509007e+01
1.588507004036132031e+01
1.577652880188967899e+01
1.577058770413761657e+01
1.579320561509223531e+01
1.575749891748232123e+01
1.581199167756266988e+01
1.569733846984249048e+01
1.586438059566948944e+01
1.577753236949043014e+01
1.571460927202098112e+01
1.584011881711569281e+01
1.568564304014033084e+01
1.593233021943094840e+01
1.588805139223277685e+01
1.570072051173504946e+01
1.587599883235017195e+01
1.571383305516457263e+01
1.577392318285053463e+01
1.584179046679796699e+01
1.579516899958184162e+01
1.584409204001609872e+01
1.575711157911388582e+01
1.577851511387377315e+01
1.581818512295534163e+01
1.595664958922925614e+01
1.589770778589235789e+01
1.577752312405184121e+01
1.593372392472325849e+01
1.583384137385880486e+01
1.577311205913023606e+01
1.579852237076294763e+01
1.585591131927938413e+01
1.585190905874162759e+01
1.569455963660117348e+01
1.575616588887606007e+01
1.566982318708020827e+01
1.575412004642443975e+01
1.577816357028514638e+01
1.577955821290876592e+01
1.588080163264068290e+01
1.578945361742383113e+01
1.576483259383957503e+01
1.581875499680755581e+01
1.587565472570983971e+01
1.587008598241604318e+01
1.581287871524999922e+01
1.578690238610171725e+01
1.585781201836205412e+01
1.589508451996200833e+01
1.589402558565998369e+01
1.568642062258639669e+01
1.570346535812754141e+01
1.577420699402652993e+01
1.578899833087140792e+01
1.587462636683990347e+01
1.575444357142942486e+01
1.585382065853572620e+01
1.593635000734074225e+01
1.576569822065776094e+01
1.576517892808958621e+01
1.584445193408548924e+01
1.573557451051454237e+01
1.584507083945067585e+01
1.580438104323385318e+01
1.586035933336785675e+01
1.586073446120681751e+01
1.588862408340944654e+01
1.581429685705958654e+01
1.580441512664787496e+01
1.582318715148929478e+01
1.577193327939506062e+01
1.580335623159150948e+01
1.586218354006738451e+01
1.578734629577253124e+01
1.581798212489062827e+01
1.581867569589667610e+01
1.576945806739744960e+01
1.588118049388294750e+01
1.587837214164599331e+01
1.578192948492121239e+01
1.584643662555789589e+01
1.580273443236850817e+01
1.587146673994597634e+01
1.587197202995407253e+01
1.585674918613502804e+01
1.585466181891163728e+01
1.585886690721305392e+01
1.589320355143152241e+01
1.583276154259184842e+01
1.595589177501674349e+01
1.599962404624849022e+01
1.589032827578246732e+01
1.571649902499525986e+01
1.590021990328658674e+01
1.586736042411776459e+01
1.576339273933267826e+01
1.582085213560347903e+01
1.585953127343217517e+01
1.575324483235922912e+01
1.571742677779066888e+01
1.580256992198213162e+01
1.579375077125771654e+01
1.579862230485719365e+01
1.569258130777557092e+01
1.573342749354292458e+01
1.578261031985896601e+01
1.583975558572565312e+01
1.583962689956075920e+01
1.579247814842533870e+01
1.586754661093115537e+01
1.578069590414822798e+01
1.581680386370876690e+01
1.579226085374341082e+01
1.587074385139622734e+01
1.589862488446626365e+01
1.583188764838934404e+01
1.572228186775638648e+01
1.587004621429918849e+01
1.586281406144741091e+01
1.594527923015860438e+01
1.589137645081517114e+01
1.594248802922768071e+01
1.588487959784368186e+01
1.587724025416071960e+01
1.579398680798422028e+01
1.578744754698850628e+01
1.580726432017858762e+01
1.585881100192956517e+01
1.578750116369897150e+01
1.574721335666707489e+01
1.572279439111918542e+01
1.594856395832251827e+01
1.577547632128663757e+01
1.584230630389983752e+01
1.582130366694435253e+01
1.582697764593671153e+01
1.589485557034971386e+01
1.582134152660235848e+01
1.585230785178519142e+01
1.579183246041175437e+01
1.588878747138434910e+01
1.587533317710294156e+01
1.583607974832611198e+01
1.588640540419760683e+01
1.575197387281569128e+01
1.575908167408297267e+01
1.591087677439927894e+01
1.583615772424331958e+01
1.590127655517856731e+01
1.572554445227288511e+01
1.577045172400046091e+01
1.586106987180615668e+01
1.588588628192558083e+01
1.595556353043789599e+01
1.595201562037763310e+01
1.590648079324272857e+01
1.598288092742894229e+01
1.584842584809447352e+01
1.574149358737338744e+01
1.583008240465269090e+01
1.594948099560573240e+01
1.595586735417299629e+01
1.577495821070433024e+01
1.580575159616609326e+01
1.581280887177632444e+01
1.579553137207347291e+01
1.577063823736487969e+01
1.578971320607584694e+01
1.584078040302119561e+01
1.580277323891091612e+01
1.588545133492709027e+01
1.576783408167107225e+01
1.579694990475746863e+01
1.585467905698602387e+01
1.573498325861382696e+01
1.581177411113542597e+01
1.592056216093482490e+01
1.576543920399562992e+01
1.588376703248401967e+01
1.582646693527366821e+01
1.578029088294318250e+01
1.576868794352276204e+01
1.569095910120636006e+01
1.579402578729078854e+01
1.587821717550331080e+01
1.581242693013547118e+01
1.583978310247089993e+01
1.571206973810609853e+01
1.575983070967695987e+01
1.586753176699566659e+01
1.582236508638998806e+01
1.584712653003222194e+01
1.575743297506662444e+01
1.567573370694554846e+01
1.585024656113477093e+01
1.584012277698209736e+01
1.588862187647987234e+01
1.578664122969877504e+01
1.589871085515455285e+01
1.576690693377614849e+01
1.582574546939638438e+01
1.580665993694149840e+01
1.577110659053727559e+01
1.585784592936840909e+01
1.586947240415923410e+01
1.573947165544949200e+01
1.585112024209429293e+01
1.571639658748881097e+01
1.584286286588483783e+01
1.583886097803519277e+01
1.577053721511088824e+01
1.565199958354225629e+01
1.569082136642460590e+01
1.581087513085183005e+01
1.572712545886309599e+01
1.587547163204683009e+01
1.578187330575889469e+01
1.582885298748581704e+01
1.584923899859234453e+01
1.580165158593941754e+01
1.582553336262282606e+01
1.575392563635156939e+01
1.588924152785406285e+01
1.588477172842166318e+01
1.595761248480041061e+01
1.583747051061631872e+01
1.574425232955842269e+01
1.580752819635010020e+01
1.571434746649088687e+01
1.583606386496289531e+01
1.581270198588060438e+01
1.578755995599967221e+01
1.590536495592501431e+01
1.579980476368923625e+01
1.583535745620613611e+01
1.590561172366818710e+01
1.580682226436579541e+01
1.572949218621696765e+01
1.580872929105176361e+01
1.568908345473473176e+01
1.577548573522027731e+01
1.583386841656109922e+01
1.580339523962071269e+01
1.590785166278856977e+01
1.574159843857908747e+01
1.581796471376573265e+01
1.588835855782349071e+01
1.576612083120094887e+01
1.579922482998156674e+01
1.584839447754697339e+01
1.570604814427496265e+01
1.572143874460409485e+01
1.580582033644337514e+01
1.581855603533760402e+01
1.585865847930646666e+01
1.583446801609513876e+01
1.580445550642785690e+01
1.588990319328161505e+01
1.589463644549271493e+01
1.597455309508839782e+01
1.586676120307033777e+01
1.592433656738387704e+01
1.586891732948185485e+01
1.578040982796000158e+01
1.574666955152810210e+01
1.599904433596612741e+01
1.575858213292263343e+01
1.579568181195799070e+01
1.586039489096642185e+01
1.577207546302629915e+01
1.569207175930807274e+01
1.575713387164390511e+01
1.583680319948573079e+01
1.591585608982121869e+01
1.581646392651338928e+01
1.578003659317152163e+01
1.584407746044177934e+01
1.590072326825685778e+01
1.585427490061656108e+01
1.585864758172895783e+01
1.588168883751284532e+01
1.571909727551017788e+01
1.576802139900594035e+01
1.586259345173739810e+01
1.579647023367781955e+01
1.577853141956900807e+01
1.572047037082445264e+01
1.582828153555138151e+01
1.581131799509018698e+01
1.583492616784150009e+01
1.581087941067986513e+01
1.596068645609421210e+01
1.575217781523479665e+01
1.583164422235703128e+01
1.596731086861788818e+01
1.579856262539689560e+01
1.577318044321366308e+01
1.578770400538651586e+01
1.575397389055552466e+01
1.579569931407007921e+01
1.577550349194193657e+01
1.583733787552846195e+01
1.591786303688529003e+01
1.577374229719413812e+01
1.583349482687169463e+01
1.587689912066339915e+01
1.583710888412973006e+01
1.580670435097054494e+01
1.585266552826282727e+01
1.575375521303537596e+01
1.589545348045590956e+01
1.567289964764829513e+01
1.581227588290840202e+01
1.579435171131506266e+01
1.588112372655030491e+01
1.584265691142253729e+01
1.568250955718025175e+01
1.574703793807279695e+01
1.587292778361634227e+01
1.589368765435410680e+01
1.589236057002203495e+01
1.582046781513158429e+01
1.578094440744614424e+01
1.577579701285965541e+01
1.586554945608744305e+01
1.591955055611369119e+01
1.581314253066845943e+01
1.585835820631249327e+01
1.579450868677795228e+01
1.586819423016248187e+01
1.584411936518042019e+01
1.586504227064654948e+01
1.575837894473574607e+01
1.590682613125212974e+01
1.583109456962006156e+01
1.574672584505228912e+01
1.595923079772138209e+01
1.585552762509169789e+01
1.580151319009019417e+01
1.595304307234632191e+01
1.585930694345334402e+01
1.576599525216196618e+01
1.585961609282037799e+01
1.596686646528755738e+01
1.582058748983012464e+01
1.580871886901048740e+01
1.568806287846549807e+01
1.591244181935413415e+01
1.585138823782437889e+01
1.585469890586465880e+01
1.587275223680057401e+01
1.576572404011435502e+01
1.575102756235460078e+01
1.590856407978451337e+01
1.577149890546155042e+01
1.579882700674800589e+01
1.576174422474039361e+01
1.584392521548813626e+01
1.581999534207305302e+01
1.578404080918221375e+01
1.576580252788695269e+01
1.589554284900627934e+01
1.581511916563910169e+01
1.580451837016991057e+01
1.577754468161626278e+01
1.566340282366624770e+01
1.589621699555130618e+01
1.578248706528007617e+01
1.586630338209950253e+01
1.577037404775324170e+01
1.591067274397023112e+01
1.580488124894182889e+01
1.580348465156642490e+01
1.582928933534582683e+01
1.578374590913314357e+01
1.578750930213742087e+01
1.592304464588403334e+01
1.595687911614480647e+01
1.577458492505491705e+01
1.585280166056129758e+01
1.574108952036154641e+01
1.586772655324663717e+01
1.586946118506125281e+01
1.580524281638007622e+01
1.575255029098847537e+01
1.592155814471127862e+01
1.583276146995767597e+01
1.574966340008291610e+01
1.586104814954232722e+01
1.585754788020089734e+01
1.580570359454108775e+01
1.586293637501495191e+01
1.573598244886649589e+01
1.574611170266960158e+01
1.577590875691791261e+01
1.585545253247500241e+01
1.598058426520023900e+01
1.587393546733599159e+01
1.581912132439339302e+01
1.586207587584263656e+01
1.574552922007169364e+01
1.583135067515978633e+01
1.578079695167120811e+01
1.588387444121231695e+01
1.585592653798840601e+01
1.592743076949059677e+01
1.588788541302863777e+01
1.586881732265109335e+01
1.585970822986227624e+01
1.576103963224553617e+01
1.587494326417266421e+01
1.575613560741891916e+01
1.572755600136530951e+01
1.585589620059552018e+01
1.570586290251450734e+01
1.590030016449108530e+01
1.574829096570752363e+01
1.579395242913763120e+01
1.589692120980276790e+01
1.586666931441073736e+01
1.570590257762651021e+01
1.565664729073284711e+01
1.585153817454177982e+01
1.579249106035670103e+01
1.573933024237360989e+01
1.583080057498853321e+01
1.577392031580455622e+01
1.597924297026303542e+01
1.577541292111479621e+01
1.578439108554494119e+01
1.580014082157964772e+01
1.581067166857733675e+01
1.572583876867967945e+01
1.590266874087354232e+01
1.580227611974088653e+01
1.585339767462192917e+01
1.592627342270472290e+01
1.580403193221420999e+01
1.590262803627375554e+01
1.583048120923847080e+01
1.583780674153232937e+01
1.583327886436648058e+01
1.585244582558970983e+01
1.591108084368960007e+01
1.573839104612614292e+01
1.582497233964982364e+01
1.582944179436498011e+01
1.590446188763312918e+01
1.583438902041269003e+01
1.580141736888355908e+01
1.575350631746453267e+01
1.574528583533550297e+01
1.579768640308498462e+01
1.581635719252295402e+01
1.568277318903465201e+01
1.580505884516731463e+01
1.579834224054488168e+01
1.589222885330066859e+01
1.586847165858402064e+01
1.576487321044575829e+01
1.587701434038075377e+01
1.573226277132495987e+01
1.583684936073135496e+01
1.582226232792840648e+01
1.584164969999336492e+01
1.594494391923709031e+01
1.590110671506642959e+01
1.583646145449170461e+01
1.556272177484554931e+01
1.586545620133962053e+01
1.578533626505851295e+01
1.578408652973712556e+01
1.580577812506805913e+01
1.573357595184934432e+01
1.589331729249601999e+01
1.571543536378487715e+01
1.591701506200898031e+01
1.577796081719467836e+01
1.592505847683553633e+01
1.577880057162618677e+01
1.589134119429767900e+01
1.587466969829731589e+01
1.577820603295997692e+01
1.577565747186988965e+01
1.582127564384957630e+01
1.578057610045273407e+01
1.583243806929617215e+01
1.593230351935746292e+01
1.575517400287623282e+01
1.579154051008178250e+01
1.581819494063657316e+01
1.587325255048711981e+01
1.582339241560622156e+01
1.580566608284226326e+01
1.587475794725045475e+01
1.591894038744227124e+01
1.575422826314204094e+01
1.579041087576597135e+01
1.585111287081107889e+01
1.581606046539858390e+01
1.595638507248850679e+01
1.578384061675557781e+01
1.582231519192108848e+01
1.576352140104891930e+01
1.575445590900550208e+01
1.583867539575491890e+01
1.586692085946639352e+01
1.580524617887547656e+01
1.591331870693483808e+01
1.588157968942748788e+01
1.587372969812412293e+01
1.583242876976881419e+01
1.565427660967232448e+01
1.568684224432827357e+01
1.580946543501676516e+01
1.570693669383707558e+01
1.584699048548620226e+01
1.584423679427900034e+01
1.590822121013334289e+01
1.586768621738875851e+01
1.586411633689746026e+01
1.585381313726969488e+01
1.592386808950068477e+01
1.574738330390184515e+01
1.588496264862693330e+01
1.576057070151420980e+01
1.564615770785165871e+01
1.575194443629075991e+01
1.586062742960888450e+01
1.576287469999357782e+01
1.576887621723831323e+01
1.586274253128920186e+01
1.581197091190520254e+01
1.576060310609200421e+01
1.598684724866038387e+01
1.586117021213764211e+01
1.583807342693590492e+01
1.570625405574856792e+01
1.585877235840007948e+01
1.591178897818260296e+01
1.581017580754304142e+01
1.582581637794942431e+01
1.584260897301373738e+01
1.589657974783538208e+01
1.579986202560772490e+01
1.582192629842886866e+01
1.584615267465776967e+01
1.591788783547803732e+01
1.588629660138756350e+01
1.584570231621559344e+01
1.581177964601391928e+01
1.580778153432958888e+01
1.576208717285223315e+01
1.583057310115706962e+01
1.582390410216234855e+01
1.582687344133846885e+01
1.573207790866719868e+01
1.579763287054265497e+01
1.580008906922940071e+01
1.588527099940458065e+01
1.581394917963347169e+01
1.570791535267578354e+01
1.580620705863597486e+01
1.573569133847970392e+01
1.573428253627261419e+01
1.573103873003112163e+01
1.581950442917382915e+01
1.584407779303248276e+01
1.584163596088818871e+01
1.575618243920365202e+01
1.573258794206073929e+01
1.572285901563475186e+01
1.580432457963224913e+01
1.590587894372625932e+01
1.578933113067807881e+01
1.580895722649249713e+01
1.580081910467416506e+01
1.567371819754586326e+01
1.581069924774793378e+01
1.573270479930276977e+01
1.594077210858410076e+01
1.584660804723193195e+01
1.573123707630120904e+01
1.581664761368604211e+01
1.580110462431746932e+01
1.577106701918777532e+01
1.582279513175022245e+01
1.595649689224133283e+01
1.577473059725451243e+01
1.578363689400868175e+01
1.590239571534290697e+01
1.571101944304797016e+01
1.592805462761900337e+01
1.570789420069178810e+01
1.573917194039529122e+01
1.586013027054332092e+01
1.586980572465617811e+01
1.584055246030854924e+01
1.581078955904076722e+01
1.576947407739504037e+01
1.587035000149029074e+01
1.568095305008439055e+01
1.576796555828873814e+01
1.573802886865285267e+01
1.584637428782246182e+01
1.586541447524660597e+01
1.587182971895541961e+01
1.590038416281297451e+01
1.580855194154440646e+01
1.567509881728028631e+01
1.578763520545225418e+01
1.582326534438145949e+01
1.581655948638621290e+01
1.591865304318465313e+01
1.565448754219063332e+01
1.579418996646056605e+01
1.594072287516632613e+01
1.584997119497664642e+01
1.583466540860662874e+01
1.573080329835839208e+01
1.590466788949142796e+01
1.577117112722986114e+01
1.587721811328969324e+01
1.588166474365299052e+01
1.578252590621666407e+01
1.584220831213994174e+01
1.573395746734184009e+01
1.574077659534925999e+01
1.583593479837042572e+01
1.577405626977570741e+01
1.579008227117924790e+01
1.585237507384781352e+01
1.567911024853741786e+01
1.587135633475061880e+01
1.583859142053253599e+01
1.578191375421011067e+01
1.558451562466424534e+01
1.593887304679703654e+01
1.585017391990847102e+01
1.586088869947334068e+01
1.573603936022611904e+01
1.571989873115781755e+01
1.593930488411532487e+01
1.580505147323082582e+01
1.579181453150026648e+01
1.580216689645989270e+01
1.581349892533480173e+01
1.582142432201635351e+01
1.580318145009734465e+01
1.588709600916166664e+01
1.576477822712316623e+01
1.573093107332645779e+01
1.601173285273806357e+01
1.586032579564190392e+01
1.582815798056509493e+01
1.570257081860064119e+01
1.578063663942790384e+01
1.581295309639694047e+01
1.574732198857518028e+01
1.574629583246327513e+01
1.576304623262855209e+01
1.583681268561112532e+01
1.586075094529867968e+01
1.575495142888956401e+01
1.583292815034417167e+01
1.580300236911673650e+01
1.579446770780129050e+01
1.583410644309962301e+01
1.584407086057541036e+01
1.580826604417958769e+01
1.576380624135242847e+01
1.566868414207379878e+01
1.584236785591864560e+01
1.578004689943213634e+01
1.585277390089194327e+01
1.583007414994185602e+01
1.586550411870278410e+01
1.566264893087134347e+01
1.579462381930288295e+01
1.572299014345280099e+01
1.591782042118354212e+01
1.589162451974141987e+01
1.583097218140098583e+01
1.586138858955472131e+01
1.591598432225399407e+01
1.576296750989895656e+01
1.581402756491586636e+01
1.591612196569849047e+01
1.579728924637396226e+01
1.578746596037895422e+01
1.573135184180549651e+01
1.572429987933469242e+01
1.586339546141155132e+01
1.577399619373250594e+01
1.574240754775350837e+01
1.578496529623276601e+01
1.574216718319608077e+01
1.582826822341085027e+01
1.583517289490985469e+01
1.579374836825253858e+01
1.584660056023442998e+01
1.592200835978821694e+01
1.595704325236707888e+01
1.585900378067797512e+01
1.575096154061044373e+01
1.575829994542283430e+01
1.602156581320524253e+01
1.587470348393696362e+01
1.590230746088465352e+01
1.577887290520274810e+01
1.578107602265771803e+01
1.580603842113950286e+01
1.588307718493913256e+01
1.572046945621774228e+01
1.588073958094450511e+01
1.573423622510193631e+01
1.567281957414516924e+01
1.576164891218637543e+01
1.569874152141321844e+01
1.575707179139217651e+01
1.589181994553353228e+01
1.570419700503251370e+01
1.576100480020275185e+01
1.579593243812208314e+01
1.590123979089367978e+01
1.579565919651550310e+01
1.580578818331671975e+01
1.592331513709032720e+01
1.591793883713463842e+01
1.584009081071660496e+01
1.591338124137607934e+01
1.575535291242003666e+01
1.596671178346838538e+01
1.574807097552601398e+01
1.577226294506407633e+01
1.580410436116694406e+01
1.585247013597807708e+01
1.570701839924283760e+01
1.573053978344666426e+01
1.578249829712614094e+01
1.576766197275215120e+01
1.583597051734232153e+01
1.581440141773698116e+01
1.582985688897009702e+01
1.580493361054367973e+01
1.572837604215654572e+01
1.576656364034166025e+01
1.576272124660049201e+01
1.588531595934190577e+01
1.573111674700515650e+01
1.584178327234376127e+01
1.583809886088004859e+01
1.579936875794719242e+01
1.580205482645004977e+01
1.572011219635049883e+01
1.568873227857167940e+01
1.574039068559591747e+01
1.583541869177461159e+01
1.588647267691081488e+01
1.587090161595481597e+01
1.585908405635036011e+01
1.572285946898493414e+01
1.581857401980035149e+01
1.571460387588046714e+01
1.576475428423635528e+01
1.585429073783758014e+01
1.569429923999848953e+01
1.582128816699566265e+01
1.573095907742238886e+01
1.582233355926993390e+01
1.573831545922467434e+01
1.588757766851180442e+01
1.585725690487848460e+01
1.579739942959575849e+01
1.587601224093110908e+01
1.578879519675312082e+01
1.591337096841537679e+01
1.584357589165302116e+01
1.573532137223066840e+01
1.572939856220875932e+01
1.597769398294987653e+01
1.577027734123705649e+01
1.583935507278703980e+01
1.596048546084893083e+01
1.584006865935416641e+01
1.577709420421789943e+01
1.579568820026968545e+01
1.584099278954380985e+01
1.599049507104021650e+01
1.584734188730543458e+01
1.584975558059551126e+01
1.574657444880945079e+01
1.580043319137889668e+01
1.579720563840539782e+01
1.582265805923547397e+01
1.583865138009587703e+01
1.601409292451591782e+01
1.586006038433027143e+01
1.584449808125479819e+01
1.590936387510219063e+01
1.579488111732802835e+01
1.569472891848672091e+01
1.573271653066826659e+01
1.576454544240367639e+01
1.587394667886777455e+01
1.575739974104611996e+01
1.589856062562897066e+01
1.588483151719408504e+01
1.585885422579393911e+01
1.586513206131809994e+01
1.576498435856969671e+01
1.577154814966291951e+01
1.579527663656551084e+01
1.579866114902159069e+01
1.568443089707056615e+01
1.590387461039660266e+01
1.592255363137495117e+01
1.583089981278546254e+01
1.572289265680723247e+01
1.583160838791475022e+01
1.580690403838146274e+01
1.574725604577005456e+01
1.576890516107527596e+01
1.581865684953568163e+01
1.577155298468953859e+01
1.585490337267332528e+01
1.576197158399198273e+01
1.589980198735056760e+01
1.597644686959014315e+01
1.576855202494773245e+01
1.574967404649523850e+01
1.581077708639036672e+01
1.584355917364685240e+01
1.583311558016920806e+01
1.588935426507523196e+01
1.595923898864879575e+01
1.574579834871644479e+01
1.574938166069928513e+01
1.561385579847503813e+01
1.573455084183785502e+01
1.587245423461328642e+01
1.575685986815289041e+01
1.586849046034130062e+01
1.587635928998148316e+01
1.578096724147311747e+01
1.575455172714564078e+01
1.587827338520473575e+01
1.584915875744316516e+01
1.584139924716790482e+01
1.585128635434427835e+01
1.577845716942446153e+01
1.577496310659831913e+01
1.592733194165487198e+01
1.585953530249785892e+01
1.585705123559421104e+01
1.576966633753129443e+01
1.581337113171990261e+01
1.579749276040908867e+01
1.585831072581675549e+01
1.594384439482062810e+01
1.575141598632908391e+01
1.578346932378335943e+01
1.588969771802027253e+01
1.581586264211483872e+01
1.584277246854325050e+01
1.576965483543227009e+01
1.589446287259344182e+01
1.586018808317397344e+01
1.582302108786267958e+01
1.583782560699217434e+01
1.586550966178104360e+01
1.576129164234526137e+01
1.579727874782982155e+01
1.570748439465978663e+01
1.573985643092381714e+01
1.581337566122260263e+01
1.590346302689498259e+01
1.587573165333284564e+01
1.580967670881465281e+01
1.578630189926585103e+01
1.584599278293938873e+01
1.589423958562707462e+01
1.583836326665560890e+01
1.578632011827001946e+01
1.580055420131638932e+01
1.580643179713076130e+01
1.567844891971053833e+01
1.572424427216698106e+01
1.575467820805585539e+01
1.580414623654716166e+01
1.584000653279522197e+01
1.569665990306385517e+01
1.572401929065164339e+01
1.586206952315673568e+01
1.578963135612640123e+01
1.573985227909079576e+01
1.594397065764691490e+01
1.583478961498931703e+01
1.593383425491163941e+01
1.577159690557051519e+01
1.580015064121366919e+01
1.586320289322445909e+01
1.582771957236523441e+01
1.581824494615356613e+01
1.580480384675275118e+01
1.579213172530485565e+01
1.573593207364360147e+01
1.575979504716871205e+01
1.582237742390868185e+01
1.585148841715655976e+01
1.574748362092526044e+01
1.582978320114637150e+01
1.577450604383675348e+01
1.587005436093330957e+01
1.595724512554561159e+01
1.589290700682653146e+01
1.577507294527229398e+01
1.577539993066936042e+01
1.569982158998158717e+01
1.586680150116199250e+01
1.579978199149696749e+01
1.584093312145577315e+01
1.588272064374529258e+01
1.586425752755434182e+01
1.579450616493594062e+01
1.578300617735468592e+01
1.580811525506126358e+01
1.579246538618924234e+01
1.577969674050052085e+01
1.578996498637877366e+01
1.580102842657275808e+01
1.588974302600576394e+01
1.574510804236828321e+01
1.579896018739985308e+01
1.577523420748005378e+01
1.576307135430693762e+01
1.586113807450279012e+01
1.584249043812759972e+01
1.599371543682901553e+01
1.591396384486672133e+01
1.584323746756242102e+01
1.576463084636090528e+01
1.572435817176111961e+01
1.583663847533515145e+01
1.571890549718591679e+01
1.589668463032209367e+01
1.573143964779320214e+01
1.583694343859079900e+01
1.577384445859987316e+01
1.575888789960323066e+01
1.574986237076217321e+01
1.577594217916023567e+01
1.572688750511021816e+01
1.592778315986476123e+01
1.575678823808554085e+01
1.580906151917251101e+01
1.587548438808880924e+01
1.578727245037487137e+01
1.588293904247577615e+01
1.580312924771846816e+01
1.583452542808460883e+01
1.591808148082546204e+01
1.585652764315696217e+01
1.580827892974162552e+01
1.578386897198140915e+01
1.570378834230345788e+01
1.586507006244296747e+01
1.575135608480223226e+01
1.590302792459728920e+01
1.576613570143334719e+01
1.585230303869178847e+01
1.590202230421493645e+01
1.566532639019711581e+01
1.573458953996217247e+01
1.579618958795051320e+01
1.565507298273518444e+01
1.578705761120555984e+01
1.584700833042414558e+01
1.567895555412408548e+01
1.579422320448277972e+01
1.577318981482870619e+01
1.592986199811258530e+01
1.586855359775490548e+01
1.578713398203694673e+01
1.585233676281396775e+01
1.578977539648120398e+01
1.585216142288918029e+01
1.583280163749017788e+01
1.588995319576082288e+01
1.588640549996968865e+01
1.577967846178797018e+01
1.584381919638736314e+01
1.586649026706587762e+01
1.578321201235826798e+01
1.578581146147747205e+01
1.585661422648224850e+01
1.596616875185162776e+01
1.584335422477164634e+01
1.575041484049253881e+01
1.590804515523560525e+01
1.577114483848008675e+01
1.587011997222034232e+01
1.573149780060843383e+01
1.583935987049453331e+01
1.575386813989777579e+01
1.582126057087426751e+01
1.582323720789651134e+01
1.589885429290988661e+01
1.575503966286808577e+01
1.590400181790092660e+01
1.585861184237624677e+01
1.581822493631667648e+01
1.585437379707076566e+01
1.564457681911923359e+01
1.590089793388211348e+01
1.573920767662247577e+01
1.594176834528200182e+01
1.582424102029571067e+01
1.590637053923902933e+01
1.579004657272760248e+01
1.581452192579485327e+01
1.575785236088611541e+01
1.578528396755245566e+01
1.582532736175672383e+01
1.576825843581624298e+01
1.573338363332506695e+01
1.571115872624801035e+01
1.588400727283838876e+01
1.577808311790468032e+01
1.575597353498563891e+01
1.574432562808947367e+01
1.582169959633941225e+01
1.587358782251727263e+01
1.588305882503663469e+01
1.599176124641578944e+01
1.578455774419222379e+01
1.585539050850995579e+01
1.586135115201972923e+01
1.576147388103824021e+01
1.578005287947053858e+01
1.584701166635504421e+01
1.588353655382114482e+01
1.576114065094545680e+01
1.588466678857831127e+01
1.593323351328667314e+01
1.582708286960483868e+01
1.575281169265492309e+01
1.577025545597229694e+01
1.578363885015190604e+01
1.574840090864264219e+01
1.587826871145210283e+01
1.582728444168066240e+01
1.583025468766233246e+01
1.583211527074046465e+01
1.599245240897746712e+01
1.585989562885486492e+01
1.575244524980855765e+01
1.587042249233082813e+01
1.580393688234483918e+01
1.582771931740355420e+01
1.595222042354668446e+01
1.577134450198361115e+01
1.584378239659181631e+01
1.582937069679670294e+01
1.584554805347885953e+01
1.593193948071063737e+01
1.573906675993021764e+01
1.588315929412312144e+01
1.590233689876648171e+01
1.594179388396292474e+01
1.590037014156354012e+01
1.574609211872862247e+01
1.578350469992672878e+01
1.582515358824717921e+01
1.573320225885448842e+01
1.577246903298114411e+01
1.578053821023421222e+01
1.573523089078763171e+01
1.578972886802118225e+01
1.581224984360790131e+01
1.584417046291446418e+01
1.579098076269357520e+01
1.584669263894615732e+01
1.587260676934712400e+01
1.571546619955689827e+01
1.587101770969871417e+01
1.584349784216430734e+01
1.577677309623905622e+01
1.570892166789274924e+01
1.578094584015620860e+01
1.589788937794924273e+01
1.583497817304411726e+01
1.585875888419079693e+01
1.579770338737121094e+01
1.583883333691645312e+01
1.581040575739858234e+01
1.576393646998949727e+01
1.573931749047719464e+01
1.578760904895329276e+01
1.585464606949129518e+01
1.594695942218204543e+01
1.578851089579478106e+01
1.587814667162800042e+01
1.580509383716550253e+01
1.578292381620997631e+01
1.578976641874604603e+01
1.582844089879532845e+01
1.571437006044180151e+01
1.578869543620506732e+01
1.592493283032951545e+01
1.585701048661621115e+01
1.585243407921203485e+01
1.576723881889740397e+01
1.578106324029835150e+01
1.574596233607899975e+01
1.570808547837108726e+01
1.579546678237961643e+01
1.585323478093376970e+01
1.592476835053345141e+01
1.588426509062754022e+01
1.582065768160168240e+01
1.601536253863234194e+01
1.587600580173300457e+01
1.574013327168803400e+01
1.586855108867933950e+01
1.574193579703573143e+01
1.575919790919606633e+01
1.588704757395742284e+01
1.573397388548197995e+01
1.577990398810567996e+01
1.566991032761882252e+01
1.585396973626814621e+01
1.583737464785754412e+01
1.575977754696105393e+01
1.563484597290607958e+01
1.596456525296905760e+01
1.567672970817113764e+01
1.591800905005969824e+01
1.596875563612915094e+01
1.583606873526923309e+01
1.587353203699235848e+01
1.583087138674021155e+01
1.584236124194422679e+01
1.569851412123127865e+01
1.591494151270346791e+01
1.590590909301175238e+01
1.583899545992073676e+01
1.578303396660467151e+01
1.583065189535563810e+01
1.573280351457933968e+01
1.579721866547527753e+01
1.591772413745803227e+01
1.580236408379197499e+01
1.575009301946177764e+01
1.591023801278726602e+01
1.574943065820465193e+01
1.594147895696002770e+01
1.588304574019982240e+01
1.580620413770779820e+01
1.594564638326045447e+01
1.577686914122943840e+01
1.573047440459830071e+01
1.578910349157132842e+01
1.580204073618527438e+01
1.578194801353161125e+01
1.569883158856223559e+01
1.574110117981994073e+01
1.584198114948683234e+01
1.580987683710868197e+01
1.572811929824223753e+01
1.591537438671603333e+01
1.589488357994724055e+01
1.580679778078496867e+01
1.586396726309453875e+01
1.572345606474041624e+01
1.585512153028490268e+01
1.570758120072133046e+01
1.575063756936835802e+01
1.577668566606860345e+01
1.579353296803259710e+01
1.573743210020443684e+01
1.576761108579237813e+01
1.584078884234039464e+01
1.575322562174089391e+01
1.585284330823818877e+01
1.587469452405623116e+01
1.584939012002783265e+01
1.579343229645093771e+01
1.601470567093122455e+01
1.581393751854065144e+01
1.582984565068442606e+01
1.582659259899340221e+01
1.589841824246511592e+01
1.573692802556951165e+01
1.566237152106947583e+01
1.582252348583975454e+01
1.591307831342828649e+01
1.586278018790029876e+01
1.576455542962488821e+01
1.584925158942783519e+01
1.585356675248362635e+01
1.576144083150249742e+01
1.576951262989901714e+01
1.577994725038965207e+01
1.582254206361727178e+01
1.579965366711938302e+01
1.580898189389598230e+01
1.578907484635506719e+01
1.573228311738878560e+01
1.583199947606619595e+01
1.570022714339952152e+01
1.576205013060370774e+01
1.582413276364375498e+01
1.590118468751947312e+01
1.577620981827428359e+01
1.587757584406243438e+01
1.575722720870981419e+01
1.588345092143117299e+01
1.574401301530282993e+01
1.578189263011084087e+01
1.569767140561132379e+01
1.588766582870202981e+01
1.589559665894343254e+01
1.577073750282634990e+01
1.576811335482941701e+01
1.588810636363546713e+01
1.584770142076921751e+01
1.583619510083552839e+01
1.570300949607946706e+01
1.586131519552498226e+01
1.575684509977833869e+01
1.588007145173145851e+01
1.574979253354471531e+01
1.582358639351421914e+01
1.574768531316266085e+01
1.588818893285263556e+01
1.588370101947560720e+01
1.590755149986852501e+01
1.579966190200336840e+01
1.594510280915555711e+01
1.571515616603504562e+01
1.592067233108118174e+01
1.588818767135071219e+01
1.578194498595946449e+01
1.582730860801324901e+01
1.576832383062025045e+01
1.585863988352407006e+01
1.577744998760044659e+01
1.583976029274151287e+01
1.580228888882003702e+01
1.582385596235704206e+01
1.579238196484198298e+01
1.577837349364961028e+01
1.587156026793571506e+01
1.576465812705474612e+01
1.568155049504884602e+01
1.579279211980514397e+01
1.577531576787865575e+01
1.577755615628949748e+01
1.571989654750658438e+01
1.597662481891435071e+01
1.575551884980909634e+01
1.587733921983707397e+01
1.580786796667920413e+01
1.578670413257034966e+01
1.582712971231599397e+01
1.583812400426955236e+01
1.591705624102395156e+01
1.567380757694545501e+01
1.578714800860348433e+01
1.589535913490914432e+01
1.588492172402991898e+01
1.578607880771597749e+01
1.583524437862379663e+01
1.581692948252704056e+01
1.580315609679139932e+01
1.587726841533475231e+01
1.579538761269854064e+01
1.577788572690898583e+01
1.574057513064235003e+01
1.584804338357452735e+01
1.578532496553859588e+01
1.597236241222940478e+01
1.573509038171867758e+01
1.598538161862067142e+01
1.580377305189034587e+01
1.598030460517447793e+01
1.573933796530326390e+01
1.569529659304284230e+01
1.576887898264184962e+01
1.578406538594457054e+01
1.584361515087519479e+01
1.591150719605455066e+01
1.579650014591383034e+01
1.585327552929534711e+01
1.588841510751281483e+01
1.587084264350383300e+01
1.584614813282177970e+01
1.584563995757242161e+01
1.577214935322183820e+01
1.569964878219267845e+01
1.580140962467110910e+01
1.596057331248528222e+01
1.580220365213245159e+01
1.574772215158694166e+01
1.573294357558996737e+01
1.562328648546468024e+01
1.575439694431180015e+01
1.572826859493501317e+01
1.588565418798278017e+01
1.583757466289957172e+01
1.585428663356178625e+01
1.590930870962349353e+01
1.586898524093858320e+01
1.586887991865050651e+01
1.579798687083046360e+01
1.597951620513183890e+01
1.579258477762931001e+01
1.574301456166752722e+01
1.584336537851634752e+01
1.584693692422096412e+01
1.578109329449499398e+01
1.591734075114830027e+01
1.576702042901490231e+01
1.577088249239121076e+01
1.574031213999106704e+01
1.591736038389993269e+01
1.581573023207709561e+01
1.570317742659943683e+01
1.593733946972709958e+01
1.584421983139823631e+01
1.570522728065042273e+01
1.588643634256774106e+01
1.573607411833702763e+01
1.582851541591181643e+01
1.577631751608735478e+01
1.574348023996886781e+01
1.570606319943797402e+01
1.589344712708974683e+01
1.584985521763580252e+01
1.578862490270221919e+01
1.584358147695829366e+01
1.581786002567186600e+01
1.568239540200133497e+01
1.576425009074351991e+01
1.591304276790227767e+01
1.568038227350283620e+01
1.582216885417233954e+01
1.576841982744526049e+01
1.587033305701009844e+01
1.582815477190636066e+01
1.582170899683933030e+01
1.589978283697638872e+01
1.580018004311077817e+01
1.586372908374995028e+01
1.571795054120776314e+01
1.576805544065549469e+01
1.584385680365445559e+01
1.589855058910025853e+01
1.582487354956898962e+01
1.588119411769090306e+01
1.574522237762219845e+01
1.584270747986833250e+01
1.567611074638397817e+01
1.576397880206525670e+01
1.584456968063235927e+01
1.579343379656407009e+01
1.588200246023137829e+01
1.586717034003184956e+01
1.585550217855946542e+01
1.581681392195307012e+01
1.571358977640631416e+01
1.587091185445498631e+01
1.589674862065142413e+01
1.580709006636798719e+01
1.590789321689404012e+01
1.582179170343299290e+01
1.569370922855138062e+01
1.586109648637786584e+01
1.590988952828119096e+01
1.588391707282671561e+01
1.595666484025993981e+01
1.582441922571157633e+01
1.598955683082317947e+01
1.596632835002727546e+01
1.578357627494754745e+01
1.581965472783395121e+01
1.590852140912105561e+01
1.585029522422398429e+01
1.579909432584073947e+01
1.590555874780913825e+01
1.579735453940796930e+01
1.590211987346303779e+01
1.577514803003887245e+01
1.576595102203393495e+01
1.586133300088146925e+01
1.575992246995208745e+01
1.589516993833154324e+01
1.563611997568461653e+01
1.580058716544164810e+01
1.581698312548923369e+01
1.563510951033460294e+01
1.584364657909307184e+01
1.584826557496901955e+01
1.591555195670188816e+01
1.590681429957685111e+01
1.571458766550491148e+01
1.586572355984109350e+01
1.589936338410180561e+01
1.584070325129138723e+01
1.587234778834833193e+01
1.580667234432519841e+01
1.578379443596961273e+01
1.570343224819416150e+01
1.580509870621565049e+01
1.588154635513939006e+01
1.573536477837065206e+01
1.591791074591507993e+01
1.592400774590820589e+01
1.577406831986388447e+01
1.581612843499897636e+01
1.575163800226731503e+01
1.582600450354889787e+01
1.562101831642087468e+01
1.573061225325019841e+01
1.588643005927907659e+01
1.577894268795206756e+01
1.584097729588023995e+01
1.579406715142446416e+01
1.568484543008989895e+01
1.581963523858044063e+01
1.578278169295237277e+01
1.595679160744439429e+01
1.581877221966132829e+01
1.581024425253681542e+01
1.575811825015712664e+01
1.591349273123938879e+01
1.572547028456640739e+01
1.585007357903817038e+01
1.583563977833479619e+01
1.578503531579998231e+01
1.574877208265892570e+01
1.585409138362644654e+01
1.586198781517660983e+01
1.587065072447389547e+01
1.580541386278460791e+01
1.575189612284350105e+01
1.576902378761466039e+01
1.577314793200935839e+01
1.585184045926847318e+01
1.583475677644109680e+01
1.576921752770900298e+01
1.574473365213381548e+01
1.585177473976921192e+01
1.575793315611441869e+01
1.571876123192014063e+01
1.594564214609696506e+01
1.589166915306271122e+01
1.568204391941722164e+01
1.587855769147530793e+01
1.584125934776185751e+01
1.585009784033429980e+01
1.580987004463031198e+01
1.577501463700046713e+01
1.578361895622871813e+01
1.586620883250444258e+01
1.583933255790610595e+01
1.580482224113936773e+01
1.586016021971763479e+01
1.581627694983577470e+01
1.579090102912655702e+01
1.586717601945238698e+01
1.575722541759705919e+01
1.583731362309610269e+01
1.581997604340510932e+01
1.595339587771754175e+01
1.582345283705241812e+01
1.573655358628358769e+01
1.593077612218808170e+01
1.586616843676242539e+01
1.576371496313299581e+01
1.577370137215331880e+01
1.580856562276140664e+01
1.579216846023947163e+01
1.575427087617844535e+01
1.590029191144528653e+01
1.575710567766767234e+01
1.590481905974772836e+01
1.576771578976255661e+01
1.586987905659460729e+01
1.583906007224187640e+01
1.587362229402658897e+01
1.583983402043646294e+01
1.567914563419719443e+01
1.581298339011019927e+01
1.588726133702705923e+01
1.584389949576236667e+01
1.586883627835167410e+01
1.589885200717177050e+01
1.588755256291731399e+01
1.583144138988732763e+01
1.587432891972804327e+01
1.594573260954759419e+01
1.587793729350504712e+01
1.579790913580061762e+01
1.583725093515174542e+01
1.589678423510368788e+01
1.573516915039977704e+01
1.581382921909451689e+01
1.576305800781925548e+01
1.595463222706250050e+01
1.586641061509001283e+01
1.578698847250590731e+01
1.574190550782648401e+01
1.589189987534731507e+01
1.587488132124279616e+01
1.587253959186197427e+01
1.574901244463143613e+01
1.576745173794913413e+01
1.593173283677818119e+01
1.596885608411580826e+01
1.573077134069322192e+01
1.584604197024716044e+01
1.578152637710980422e+01
1.583620718694845841e+01
1.584041420440015102e+01
1.585126378560668670e+01
1.587504280062131734e+01
1.585324812575642817e+01
1.582087000379454444e+01
1.583460216842209078e+01
1.595755269749648164e+01
1.587264178373037637e+01
1.580926619853769033e+01
1.572949153188375604e+01
1.590631557772962168e+01
1.576193700417788968e+01
1.586874351491413293e+01
1.589766147691313769e+01
1.582541142169764115e+01
1.580045101991631107e+01
1.591760882824359591e+01
1.584523018988286402e+01
1.589604795472432919e+01
1.588210814203033827e+01
1.591605593603327762e+01
1.591529170821446648e+01
1.582604441380694027e+01
1.568624051742448522e+01
1.572449660298457808e+01
1.569023704519183937e+01
1.580730257567301500e+01
1.582474969109400931e+01
1.577415683987993944e+01
1.584322117054974477e+01
1.578660637997293392e+01
1.585501755926560641e+01
1.590963255029698509e+01
1.586764653835408545e+01
1.582919785460623174e+01
1.582694514982009615e+01
1.573726198607038995e+01
1.582869492231939823e+01
1.583567369935253666e+01
1.596087025550599492e+01
1.579341667046602105e+01
1.576690340572294247e+01
1.581841121246382897e+01
1.577512774041203869e+01
1.574259854221835830e+01
1.585244109864632733e+01
1.591785471376833172e+01
1.582477054047000209e+01
1.581637019705116565e+01
1.585040279029592014e+01
1.588004600359453988e+01
1.581538563296965982e+01
1.583642481337325059e+01
1.584125640629636678e+01
1.577976921606726179e+01
1.579498608492250256e+01
1.576732156612061253e+01
1.584087653998994405e+01
1.571813430280867685e+01
1.588581915752345175e+01
1.580731060886912509e+01
1.580115776779554615e+01
1.588377824288392937e+01
1.581239033665385385e+01
1.579999330463353679e+01
1.569549651254457778e+01
1.575233689208722865e+01
1.575450242138501089e+01
1.583542478639366990e+01
1.584130076517963026e+01
1.589273364494008867e+01
1.576187268989752965e+01
1.585835995059648162e+01
1.578078720199716933e+01
1.581829805925208277e+01
1.588319340304109950e+01
1.576968335251678432e+01
1.586543998157689828e+01
1.580260982264850256e+01
1.586527377070119194e+01
1.583571120535843768e+01
1.592594012698620531e+01
1.580947147112725837e+01
1.577496461727271715e+01
1.579328721936437674e+01
1.579203444016087765e+01
1.584119580887824164e+01
1.594343545248774596e+01
1.572909801932169493e+01
1.576305907735038403e+01
1.583426507304251274e+01
1.574180694745115972e+01
1.574643238487185748e+01
1.576263927204177406e+01
1.578710284591328872e+01
1.573833286239373663e+01
1.583115144118609230e+01
1.598660977080967349e+01
1.582022052873168150e+01
1.579324666145180522e+01
1.579753934175145780e+01
1.577839743412395812e+01
1.576780209426494217e+01
1.585708920816733603e+01
1.585097123905663175e+01
1.590665319138128986e+01
1.585052653612303963e+01
1.579725787431399553e+01
1.572423093976235897e+01
1.585237323170252566e+01
1.594512479701185370e+01
1.587387719536325648e+01
1.574852563415647033e+01
1.566876208826512062e+01
1.580106971868157295e+01
1.580307226560581846e+01
1.578844088762600784e+01
1.575843158624200768e+01
1.581366107098616958e+01
1.578386098473015409e+01
1.588673259231264190e+01
1.583438935715087403e+01
1.594990556652811975e+01
1.568338035446575773e+01
1.576309916666216537e+01
1.581816913782588863e+01
1.582457036425391905e+01
1.583904062173847649e+01
1.587212298538831767e+01
1.584520750123489741e+01
1.586287402120457912e+01
1.593528446363521311e+01
1.582277083919161242e+01
1.588994349771071235e+01
1.592993657817463671e+01
1.585678724764720471e+01
1.589871704172534272e+01
1.585661352450824424e+01
1.576002941925950118e+01
1.584859822210516178e+01
1.581722168251317306e+01
1.589405728012504682e+01
1.588466198958508357e+01
1.583670885480895940e+01
1.599575379285883514e+01
1.565696090277761421e+01
1.569550975914888191e+01
1.590490045472723502e+01
1.584938206937036753e+01
1.566685181454340103e+01
1.577510605160335189e+01
1.590024380581505348e+01
1.585150537515422364e+01
1.576041233184410828e+01
1.584415795751927902e+01
1.574083129683332416e+01
1.576810570679131196e+01
1.578424107495635376e+01
1.575300699979355201e+01
1.580430406144909838e+01
1.581258961793950135e+01
1.583817100309346060e+01
1.590214358284975127e+01
1.583792105753235013e+01
1.590885960261074850e+01
1.578493766258595876e+01
1.582297744078109325e+01
1.581319454356104792e+01
1.590098564751281174e+01
1.595571546224537762e+01
1.588613701639823894e+01
1.580946077879075062e+01
1.592113764059920022e+01
1.577211828880845168e+01
1.577700473346569510e+01
1.569508534470983108e+01
1.577380542638659300e+01
1.585227563976198439e+01
1.581183971040913505e+01
1.578310827945104755e+01
1.593497036190167471e+01
1.597638421881330117e+01
1.590642301119564728e+01
1.574109323264755389e+01
1.569295330823923251e+01
1.580218033835599201e+01
1.582530867623750126e+01
1.582175108690618259e+01
1.583403507397553156e+01
1.587875976583330484e+01
1.577265160208157546e+01
1.590369693837943998e+01
1.584677850782298059e+01
1.583680502452539685e+01
1.581352575670478622e+01
1.588994289180373443e+01
1.572748049070722764e+01
1.584055664584130163e+01
1.579577223953120502e+01
1.585327316250300989e+01
1.580905650097321136e+01
1.571732496552799674e+01
1.581435120524462512e+01
1.568684512348002436e+01
1.581126104192309079e+01
1.576808560250738545e+01
1.575619971166171318e+01
1.580870670198831540e+01
1.574424049866004438e+01
1.580712877987571297e+01
1.576067046609460753e+01
1.579278379935706589e+01
1.582836684417533846e+01
1.576461095919693101e+01
1.584528034247605532e+01
1.585273668625051791e+01
1.565063108447631635e+01
1.573041623555693391e+01
1.574803839388822269e+01
1.575196934836504070e+01
1.579305229917433984e+01
1.590959016163261630e+01
1.572863939009073420e+01
1.584831649745032855e+01
1.586394190011036720e+01
1.586774343949473831e+01
1.572919474593466482e+01
1.584349460272840560e+01
1.587700942780005953e+01
1.576689655144143742e+01
1.586480093838025951e+01
1.570021407451616291e+01
1.575443925724039396e+01
1.579656859999066043e+01
1.586507582436150976e+01
1.577391190654187980e+01
1.575720951867648978e+01
1.580161926794126082e+01
1.576259128868555415e+01
1.575294041174715609e+01
1.575298345118428678e+01
1.561872750215272276e+01
1.575438504930141370e+01
1.580220673363734463e+01
1.578449431369757328e+01
1.571757186607131018e+01
1.590630833847133196e+01
1.578142205327277026e+01
1.570976782433335650e+01
1.592494619490516605e+01
1.589428171443659821e+01
1.578831999569448108e+01
1.588176422703036472e+01
1.579255394223165077e+01
1.578926089271617350e+01
1.573881604677496071e+01
1.580391047747259492e+01
1.590983841377050467e+01
1.572398805415101997e+01
1.578401638143321684e+01
1.575348815924554380e+01
1.591227839101095221e+01
1.581178837923762259e+01
1.587198049136659428e+01
1.585288506237503015e+01
1.589352491027702641e+01
1.583956495773980677e+01
1.591416654041879752e+01
1.569133590089095698e+01
1.593657780716166350e+01
1.580471615949779896e+01
1.571950781785631257e+01
1.580023119855883706e+01
1.585929339612749445e+01
1.574617120304362494e+01
1.585840024204290977e+01
1.583453458265037206e+01
1.582577474330079781e+01
1.581709889230336152e+01
1.581699878762797518e+01
1.568477098029667438e+01
1.584999579773142386e+01
1.573440640279696723e+01
1.588951947634846995e+01
1.577652132014441833e+01
1.581119001885269348e+01
1.581245521967660750e+01
1.568050887792988668e+01
1.590524671391468203e+01
1.576670032924237397e+01
1.574509663892367151e+01
1.592875789249526797e+01
1.578819787428217580e+01
1.587939624520900672e+01
1.575410667960339239e+01
1.588463056197668877e+01
1.585551097499986284e+01
1.578408934765666949e+01
1.564063001256162799e+01
1.575927820267320101e+01
1.577638820684065024e+01
1.586404572879943409e+01
1.572208744617674903e+01
1.580456809193010415e+01
1.577890847717815070e+01
1.568488693463419814e+01
1.580224301997444947e+01
1.583048882618184727e+01
1.584978550659656982e+01
1.584050917672394654e+01
1.591561136646027030e+01
1.580338474076392252e+01
1.583748062448673366e+01
1.586451466481363148e+01
1.579901803629185686e+01
1.563281114826179419e+01
1.576820989827674246e+01
1.586059382978655563e+01
1.589219651283057111e+01
1.578048069852141566e+01
1.577553994200826892e+01
1.583697996276942810e+01
1.582856593927674815e+01
1.590063787449094868e+01
1.576044177663823831e+01
1.592160844950222653e+01
1.583193862972403210e+01
1.585437836577923854e+01
1.587006444274799755e+01
1.588760634575439568e+01
1.581071552983738648e+01
1.585906022359761813e+01
1.570277924826236493e+01
1.588032277899093536e+01
1.591330579901201148e+01
1.589509522228593852e+01
1.578658520299930501e+01
1.589260554583936802e+01
1.574845613242388787e+01
1.584319440605777984e+01
1.575789243948277552e+01
1.589208016671590151e+01
1.585389381516761809e+01
1.584209494788790984e+01
1.593570722130549910e+01
1.583617652622994321e+01
1.588946247645840160e+01
1.575520134159386920e+01
1.596974075110395930e+01
1.579127826187015415e+01
1.583537040335727042e+01
1.600869669642494131e+01
1.580762214589050529e+01
1.598069847516738129e+01
1.584521181731423312e+01
1.590288150929379363e+01
1.589819501942145230e+01
1.589693252438104487e+01
1.584849693704352802e+01
1.583495433425500742e+01
1.579092055318499810e+01
1.586684318822239348e+01
1.575206929642283171e+01
1.586461019132517691e+01
1.578255755358441448e+01
1.585747531716726400e+01
1.577737029319763806e+01
1.590640217304020076e+01
1.579748499250335492e+01
1.591911744657677552e+01
1.583217613929366152e+01
1.571573153158501768e+01
1.579887701749813012e+01
1.584388253147917069e+01
1.584978299796200041e+01
1.580350588654206767e+01
1.588852813697980615e+01
1.583454773100912405e+01
1.585905682664818883e+01
1.589788527525229611e+01
1.573932192663136931e+01
1.576606600305447436e+01
1.583939961637765848e+01
1.584862839993334305e+01
1.586491025289963552e+01
1.570557304635513951e+01
1.585389548297506579e+01
1.581756657931460630e+01
1.596498152987186359e+01
1.592794250386266874e+01
1.582508496345209892e+01
1.579885131522340380e+01
1.572943241284125193e+01
1.590416178053155782e+01
1.588241732631477454e+01
1.574734925935916330e+01
1.587429801776707983e+01
1.580924079593619069e+01
1.582757951566329169e+01
1.577740713423363417e+01
1.579016705393762621e+01
1.577524737076685390e+01
1.577661582360117443e+01
1.582100478247305730e+01
1.577772038542883948e+01
1.574165569280795474e+01
1.570668250740510352e+01
1.582499203548514366e+01
1.584241048652971706e+01
1.592961860970670784e+01
1.577097080507707183e+01
1.584988455559794041e+01
1.574798654053445723e+01
1.583254229062240981e+01
1.595536867244676849e+01
1.581255800422336577e+01
1.595710677024831803e+01
1.591417296330944886e+01
1.584687570174978788e+01
1.586143460723243237e+01
1.575893791648437947e+01
1.592154565623292584e+01
1.579827364369644371e+01
1.576966502016600913e+01
1.585461186704091574e+01
1.584500638201788725e+01
1.587353421189012614e+01
1.577034695698440103e+01
1.585949168775378659e+01
1.582976831971455134e+01
1.588248937575399644e+01
1.585740355905146792e+01
1.574173863860013611e+01
1.581913696100489908e+01
1.578138290625904183e+01
1.589237115233424902e+01
1.576099234853892739e+01
1.585990582154006390e+01
1.591327763975889908e+01
1.594245262553400799e+01
1.575863939878431985e+01
1.586424548044206873e+01
1.589888738671588975e+01
1.575629989586855118e+01
1.575418418570474977e+01
1.591385312517692974e+01
1.582199927199339839e+01
1.582485568393728848e+01
1.581417947669966573e+01
1.573895010914640125e+01
1.577031412529999166e+01
1.588214391936978309e+01
1.586478100299399685e+01
1.570398409866190192e+01
1.593666849324289458e+01
1.590357205717371158e+01
1.578060727287829224e+01
1.570186202040611789e+01
1.587458283250536084e+01
1.580455056188840679e+01
1.583635837630619392e+01
1.582093033449575792e+01
1.577397609314515670e+01
1.583788292776365125e+01
1.593002644502269050e+01
1.589063521871275597e+01
1.574048640115943520e+01
1.577823611696298833e+01
1.581848997334139639e+01
1.563323056620446927e+01
1.562662655988918381e+01
1.584455421504262240e+01
1.578985935113432681e+01
1.595450389855270146e+01
1.572614922283416661e+01
1.586353855676145308e+01
1.573587156085743999e+01
1.585385623550775769e+01
1.586444438461447959e+01
1.586460204506168559e+01
1.581231600846025920e+01
1.576475704721318394e+01
1.584909479781045860e+01
1.587986979374003838e+01
1.574599713777781673e+01
1.586821596495803988e+01
1.582571831576591848e+01
1.582935180451246637e+01
1.586195857304669588e+01
1.593305552932888780e+01
1.575650236874207444e+01
1.580007674870913270e+01
1.580123908921387965e+01
1.581968171259528866e+01
1.582712717551197201e+01
1.580139429408221297e+01
1.587898226341767050e+01
1.581789995365699042e+01
1.582568797852327691e+01
1.582506099704072966e+01
1.572649911213023266e+01
1.590150114678952242e+01
1.582202074746804676e+01
1.574693209577348441e+01
1.578290226406804386e+01
1.576700628921574143e+01
1.578199079411447947e+01
1.564555487723043647e+01
1.588768517873078068e+01
1.582243935250916778e+01
1.577698892924979823e+01
1.575228291317765894e+01
1.582093895741881440e+01
1.579420577042937346e+01
1.575569035282665098e+01
1.582087377531508210e+01
1.595837467639682927e+01
1.581421284399649529e+01
1.569433129595794618e+01
1.588018326573480721e+01
1.587753519931296786e+01
1.579032991511569861e+01
1.578540626588497275e+01
1.584582298672411937e+01
1.596612569332142861e+01
1.575057007465774994e+01
1.579215451458801489e+01
1.569753355862863664e+01
1.588405841602089197e+01
1.571191022484702415e+01
1.569844482851142509e+01
1.578143836961466384e+01
1.583517057210525536e+01
1.577542194979174539e+01
1.588069621299607093e+01
1.576087827418985654e+01
1.573627316657173658e+01
1.579866808327239980e+01
1.593787158362356493e+01
1.578224359008680366e+01
1.571364577347794089e+01
1.588802901001463930e+01
1.584490329685073107e+01
1.590017459790844789e+01
1.586133903757175112e+01
1.580364899197179085e+01
1.581367671385018703e+01
1.579725875008525726e+01
1.590496328305918539e+01
1.577440145953791628e+01
1.585156653902518542e+01
1.584056248628723118e+01
1.596645587436561442e+01
1.582745874896399840e+01
1.587644867788267966e+01
1.583861232234687044e+01
1.581645086518357779e+01
1.587467830400600199e+01
1.594212112432142092e+01
1.579388414531261553e+01
1.591950595925013445e+01
1.582883292720754476e+01
1.580888838483102710e+01
1.556743988729671280e+01
1.584868743391503365e+01
1.576543705591525502e+01
1.578614622482396790e+01
1.580004841993057596e+01
1.589392810373120923e+01
1.581551357870834629e+01
1.593743409736259231e+01
1.584662496888307537e+01
1.577598258706636258e+01
1.592389802721890213e+01
1.580889939192754845e+01
1.587406244574481029e+01
1.575648752425856358e+01
1.580464433350226017e+01
1.586154782167103683e+01
1.582955889581103115e+01
1.584047897318362530e+01
1.566041872781039679e+01
1.583896457594913976e+01
1.577371827723812814e+01
1.581576956053427452e+01
1.589285728306760603e+01
1.584585954614446024e+01
1.579349117495187294e+01
1.584501449069610146e+01
1.590990618843855131e+01
1.572684024419587168e+01
1.587681626311209726e+01
1.588512686715790778e+01
1.579613985845571023e+01
1.579559165510558572e+01
1.589740435348944558e+01
1.577206006140360550e+01
1.579521660748040013e+01
1.576721788424163861e+01
1.588035808215703781e+01
1.571204785465129028e+01
1.577860543575828700e+01
1.575380021181868706e+01
1.589874707247579444e+01
1.581266755938897184e+01
1.595555126093756115e+01
1.576755656694373542e+01
1.572100747482160621e+01
1.592278795764388910e+01
1.587328166695546905e+01
1.574362762558919648e+01
1.574544618220472714e+01
1.569821904970684479e+01
1.583169927682577338e+01
1.589402413592475938e+01
1.573906950916532388e+01
1.570465501401682573e+01
1.585138762282858949e+01
1.599001069912931960e+01
1.576393103495261450e+01
1.585907883106095539e+01
1.577398185909358475e+01
1.571677887633325454e+01
1.572534322894231096e+01
1.592115582108050909e+01
1.584222265141525732e+01
1.576776160993046183e+01
1.579157774874786924e+01
1.573115169221652287e+01
1.582799322604551051e+01
1.572249841066251186e+01
1.576095300180485559e+01
1.582335891190176014e+01
1.580464745272343485e+01
1.567185677425740842e+01
1.583321354263056158e+01
1.589642541284113086e+01
1.570785626710882887e+01
1.576964656544000221e+01
1.562143892970403058e+01
1.587809637627968939e+01
1.586776347793822772e+01
1.570792249640213534e+01
1.566058986258419239e+01
1.578666492993284365e+01
1.570615911347508842e+01
1.578011481991370424e+01
1.579649152513432853e+01
1.588247255359472732e+01
1.578432636138894196e+01
1.595443799134320884e+01
1.589410218090779559e+01
1.568132056605214331e+01
1.567041000385230554e+01
1.577262580881914644e+01
1.589915680558068978e+01
1.571639191904800725e+01
1.579801808618674386e+01
1.580556894267951762e+01
1.585437178847617545e+01
1.584818737190418858e+01
1.584240431366922941e+01
1.583291134574042225e+01
1.580055988795837685e+01
1.580020939158811544e+01
1.584864183585773922e+01
1.585884131731363311e+01
1.569886692904167802e+01
1.577661122905424307e+01
1.578361094109876817e+01
1.585711691488389086e+01
1.577304200501892595e+01
1.583987014940835003e+01
1.572702539714959258e+01
1.590917373885977781e+01
1.590735166105452691e+01
1.576429955307273723e+01
1.577134866819558567e+01
1.580668331647229508e+01
1.590403100658233626e+01
1.574776577531529043e+01
1.583889365649727488e+01
1.584086286399618615e+01
1.581803722244369581e+01
1.578067605829977893e+01
1.582898914280806757e+01
1.582899373251593467e+01
1.573705964689730941e+01
1.586608785489732654e+01
1.573742398025965805e+01
1.580922994703027129e+01
1.577221526628630421e+01
1.590304417325472919e+01
1.582000303435552624e+01
1.564149228254117041e+01
1.590374396476550700e+01
1.598502917055641959e+01
1.595761187345536847e+01
1.582246546934284126e+01
1.574012110996213210e+01
1.593170321541271939e+01
1.585970549581544198e+01
1.580457386147475951e+01
1.570534316824159227e+01
1.570624122162409542e+01
1.585870089125411830e+01
1.572086293559541836e+01
1.579938380550805554e+01
1.580463335760043719e+01
1.589540686529421087e+01
1.581364850499618768e+01
1.592309466898373138e+01
1.593754272508062897e+01
1.574360898012684018e+01
1.591440609245974791e+01
1.585762765938599728e+01
1.597524028160070131e+01
1.576651533491409651e+01
1.588085290307395425e+01
1.587515292930185495e+01
1.580835717803623552e+01
1.590121892992218733e+01
1.585591299203124116e+01
1.572580787752047549e+01
1.574133176980849669e+01
1.576052749634074424e+01
1.586203544155039680e+01
1.599537207413232309e+01
1.573213714196950086e+01
1.574874465368954368e+01
1.585911076055484337e+01
1.578557046965081945e+01
1.579081842725175555e+01
1.582834705959450083e+01
1.590642369401189704e+01
1.585241273364716363e+01
1.575502170478771546e+01
1.585132901381412296e+01
1.577575179756229495e+01
1.581341432278364501e+01
1.589033359268932877e+01
1.567273452816247392e+01
1.575211993650093234e+01
1.577564924178275341e+01
1.585416515076516042e+01
1.570602396016940894e+01
1.588304955387200934e+01
1.575094877676117022e+01
1.577889093825197264e+01
1.583001200982425161e+01
1.577412351022365833e+01
1.580183493467267475e+01
1.580496648620739641e+01
1.581754388305509096e+01
1.581603543642352960e+01
1.576102413856104789e+01
1.577498200858579303e+01
1.587543279693651677e+01
1.571458629886971181e+01
1.585235648695877231e+01
1.581627983174850094e+01
1.584770992554291524e+01
1.573620981689500553e+01
1.585563544945296144e+01
1.590225774274095905e+01
1.596094694521564961e+01
1.575169347668866315e+01
1.582553926392860433e+01
1.580714807476901385e+01
1.573730372610928541e+01
1.576796354100801523e+01
1.575668454718100620e+01
1.582935669024033842e+01
1.600872122572470246e+01
1.574075472692357280e+01
1.582254186813385921e+01
1.579807791870078049e+01
1.581907615657395993e+01
1.565345132760846525e+01
1.581563117219763726e+01
1.586448720254416855e+01
1.585403101268611792e+01
1.576514116378327479e+01
1.589241052184771874e+01
1.592341758630828075e+01
1.580741279968524005e+01
1.583061598899363531e+01
1.576658036931156737e+01
1.573048236926358889e+01
1.590403227141926124e+01
1.594847450757685081e+01
1.584979850723030737e+01
1.588861048793571129e+01
1.583627779669336810e+01
1.590082034550575329e+01
1.581478715256237066e+01
1.583777907646960337e+01
1.581601156307358380e+01
1.578159573606671628e+01
1.580740976478219473e+01
1.580644547221841556e+01
1.579858319419804680e+01
1.566099062641627526e+01
1.581074793169072734e+01
1.577603995904929945e+01
1.589144194684245370e+01
1.591256559987972352e+01
1.590133166284857502e+01
1.580804527163618012e+01
1.576842600024988172e+01
1.563249718555715972e+01
1.586413350603685579e+01
1.584324063930572812e+01
1.582028189288002906e+01
1.587817755941141407e+01
1.588069070452370823e+01
1.582515793405657689e+01
1.585529657648089241e+01
1.574561409348698504e+01
1.588030157021228739e+01
1.584280818820886516e+01
1.578497490602725328e+01
1.578881714870620989e+01
1.574951462130809432e+01
1.583995842311692570e+01
1.578474447057646479e+01
1.577851072386577336e+01
1.580866115320976206e+01
1.583548551469603716e+01
1.580309331149515373e+01
1.585443038725825815e+01
1.582708640812880141e+01
1.582388148972613529e+01
1.579014359641404752e+01
1.595260402834394320e+01
1.584105233425435699e+01
1.581763830713323493e+01
1.584848312790695957e+01
1.591693987772600671e+01
1.586023530902298262e+01
1.579180525033807037e+01
1.580963207425633676e+01
1.590587822185118583e+01
1.579452646498086565e+01
1.586001811421431995e+01
1.592363978844943695e+01
1.577751849377325399e+01
1.590994908636899829e+01
1.577249899407123124e+01
1.594009884856100179e+01
1.572303925472945707e+01
1.573788560364484290e+01
1.586592181131435630e+01
1.577729308936773656e+01
1.577342510536505138e+01
1.568702546237749651e+01
1.598888109315964101e+01
1.587233355039248117e+01
1.580945613696972352e+01
1.589252759587591868e+01
1.589542837666259878e+01
1.572343245150130819e+01
1.571863075273689070e+01
1.589142619252752020e+01
1.587063619863985586e+01
1.588159944425444436e+01
1.580045518211812627e+01
1.592140600479104862e+01
1.579734686743956296e+01
1.578409241031541121e+01
1.584855916330584691e+01
1.574741957729511910e+01
1.597382351718409410e+01
1.580610928110042224e+01
1.580726441955564532e+01
1.587446451417901727e+01
1.585126115932000879e+01
1.580606202569898144e+01
1.597841476511856662e+01
1.586707667240227515e+01
1.577067840475206317e+01
1.580010021739207460e+01
1.585436795122072162e+01
1.578321500553854406e+01
1.577752682290688213e+01
1.593915851312991805e+01
1.594470014451915318e+01
1.571145068599660988e+01
1.583093268920832131e+01
1.576085414880943247e+01
1.588940961661993612e+01
1.579087014239257236e+01
1.580215032866695779e+01
1.594282872829638897e+01
1.585529551797510628e+01
1.572979196843809646e+01
1.591211723431841030e+01
1.582286066892486964e+01
1.583396217172317222e+01
1.578231284326663797e+01
1.576330202904589051e+01
1.573952525871744079e+01
1.586405992307850532e+01
1.580712514361722043e+01
1.577402162916250816e+01
1.588770678473396458e+01
1.581695142322013048e+01
1.569177798619050712e+01
1.577445651312678088e+01
1.583607520017458192e+01
1.578506110964855047e+01
1.568144877445444330e+01
1.582415958701957770e+01
1.585140802333011578e+01
1.572997517932568812e+01
1.575472053284484630e+01
1.585656987095386761e+01
1.588303582818021553e+01
1.595453368965479690e+01
1.588164554977228349e+01
1.577499577074717863e+01
1.583379198087291151e+01
1.580025810328143265e+01
1.578143673712852468e+01
1.573746138038075770e+01
1.585035131490388949e+01
1.568147482229376166e+01
1.577256998814138456e+01
1.577227966193791886e+01
1.581129226640013741e+01
1.582157290801481331e+01
1.584711645619520404e+01
1.579177166500029372e+01
1.594383412666087452e+01
1.586745410738447148e+01
1.585516998019531343e+01
1.572009534996915114e+01
1.569901309632382080e+01
1.582659000213062761e+01
1.579388875023129302e+01
1.576949320805181642e+01
1.592883276758491284e+01
1.588870574024655191e+01
1.582695206823616374e+01
1.578408978543796159e+01
1.578604698771352233e+01
1.583190639897546603e+01
1.587025709607035751e+01
1.575587809423599417e+01
1.591496348188298171e+01
1.576043743076679426e+01
1.586708133612167693e+01
1.596949769820923315e+01
1.588783615871232691e+01
1.576692863733867433e+01
1.587901318595871381e+01
1.587921256382919921e+01
1.584902982941070704e+01
1.582728047825110984e+01
1.578730708044456144e+01
1.591189448985061361e+01
1.586591910949944761e+01
1.584696872886440744e+01
1.588139909682236350e+01
1.579165281906789886e+01
1.569538339271306171e+01
1.570309205941650710e+01
1.590719143832800420e+01
1.574918550614679269e+01
1.568209437958501162e+01
1.592451321949195631e+01
1.585667677730299019e+01
1.589966052456589551e+01
1.568873124751829096e+01
1.572710380819639830e+01
1.580744371120728964e+01
1.587025579283323928e+01
1.583255808743033022e+01
1.573626322946708100e+01
1.574003590670471731e+01
1.580339532522779677e+01
1.578909389621005666e+01
1.570429061550067651e+01
1.569692436986199624e+01
1.563305102391847967e+01
1.576589489951510714e+01
1.576420057426306620e+01
1.576883182461328126e+01
1.575689079133258375e+01
1.586692643362543542e+01
1.590875474100377573e+01
1.578874536088495439e+01
1.568873119790642079e+01
1.579539243890783773e+01
1.580325340384065136e+01
1.571610904632903782e+01
1.589975040760079672e+01
1.581345692853275509e+01
1.569032819893422825e+01
1.581738651863255640e+01
1.565741621935003636e+01
1.573862595435559797e+01
1.576255340707934138e+01
1.579980504880570713e+01
1.587314505028692935e+01
1.590554198093394334e+01
1.575395862004461556e+01
1.593295861532625146e+01
1.581349344954851688e+01
1.586614189112555984e+01
1.574792880324614863e+01
1.577873389032998652e+01
1.589076556097326787e+01
1.580022367812972206e+01
1.579315195135131589e+01
1.590667197676832600e+01
1.584143772629584745e+01
1.576078910413412260e+01
1.587945248362006190e+01
1.563606860299168488e+01
1.572220790774087362e+01
1.579957558819753949e+01
1.592543282459756071e+01
1.573432362073626400e+01
1.580549762141626502e+01
1.587533288498668682e+01
1.584953060168915684e+01
1.569955240472809166e+01
1.588870638770409371e+01
1.584219150301158052e+01
1.574912700976349811e+01
1.586581197691639034e+01
1.583068071776044938e+01
1.580285470057347119e+01
1.579389800138740974e+01
1.578918841688006225e+01
1.578041723688401632e+01
1.598304781215826509e+01
1.575608906669604714e+01
1.580493138606194137e+01
1.573155148181639085e+01
1.575294633478490880e+01
1.588391274906648931e+01
1.584222066122015349e+01
1.577995483882384065e+01
1.583221040382569811e+01
1.580321511979250459e+01
1.576634851540984350e+01
1.588955589984066386e+01
1.565765369998694645e+01
1.582083551573799163e+01
1.588774821424298622e+01
1.575414961102256761e+01
1.588893918768179603e+01
1.581089013789624786e+01
1.584873582104125589e+01
1.581220629778779774e+01
1.577393078248189262e+01
1.566696022316186365e+01
1.585411108459467933e+01
1.578942958598467250e+01
1.580158315644062306e+01
1.580436804952977425e+01
1.581734769244468986e+01
1.589506356982662183e+01
1.574599827631591076e+01
1.578111521190318989e+01
1.582992044854823632e+01
1.581917839579493901e+01
1.579648766139049343e+01
1.572459991248751976e+01
1.580171028865472671e+01
1.576951428080617035e+01
1.580898540527692298e+01
1.582084276879548668e+01
1.579683845128153941e+01
1.582474591535706310e+01
1.583840909690527532e+01
1.588311644924476163e+01
1.582785286839581929e+01
1.577813445767313638e+01
1.584084514843617875e+01
1.572203632047658672e+01
1.595788746490118371e+01
1.584838363942959027e+01
1.575507769510953615e+01
1.581784440815042991e+01
1.583063853631506390e+01
1.580176300784440002e+01
1.580697338870040625e+01
1.578083021108843909e+01
1.575977704268906798e+01
1.574074765700110312e+01
1.581463109423149582e+01
1.592999382915754580e+01
1.594859193803129394e+01
1.575824031631312572e+01
1.573175086152475721e+01
1.591981566225891953e+01
1.577051072876587412e+01
1.574280993890581470e+01
1.576373932431157598e+01
1.584448097583980442e+01
1.584053560639613423e+01
1.586494656643799850e+01
1.583748570236005015e+01
1.578378024898975518e+01
1.585625184589206604e+01
1.584042972137668315e+01
1.589892094133932510e+01
1.583116007703678463e+01
1.576230486529613017e+01
1.588315782162153766e+01
1.586571615406216829e+01
1.582791378731094589e+01
1.587405715457390620e+01
1.571164810459966432e+01
1.575906603087292268e+01
1.582031322882297175e+01
1.572568033808108190e+01
1.589997467448288937e+01
1.576126671563431714e+01
1.594852415542730384e+01
1.567316162405135138e+01
1.577059236342820903e+01
1.583081090211996411e+01
1.582553181160390565e+01
1.583484335269562493e+01
1.581699738655856358e+01
1.574206517940741890e+01
1.592922157616585999e+01
1.590810842427076643e+01
1.575673302238392814e+01
1.586487661305427110e+01
1.567560653047711661e+01
1.588263323696586937e+01
1.591372115014454991e+01
1.601287948508865000e+01
1.575745279075780836e+01
1.583083768479917097e+01
1.569699628042609163e+01
1.575308246911077781e+01
1.590204033059540656e+01
1.585600295249383329e+01
1.582148173429873239e+01
1.581287789093391183e+01
1.575414738576850127e+01
1.583561712987887127e+01
1.575512253616379432e+01
1.582396369546982839e+01
1.582772698341437945e+01
1.582193504976877740e+01
1.575417077344078365e+01
1.571240398735755939e+01
1.587700699318784814e+01
1.579864704273048304e+01
1.581245685612066687e+01
1.580466148951681937e+01
1.571676382464083943e+01
1.582982062694372871e+01
1.584025638552651394e+01
1.573783334222603258e+01
1.566517300720834527e+01
1.588587962671160625e+01
1.589942030185193644e+01
1.591410847429518149e+01
1.580786372319514932e+01
1.587435460048555136e+01
1.579197148224940506e+01
1.585720385669505461e+01
1.584589124779418512e+01
1.582634339667101209e+01
1.580180580160071635e+01
1.588106653737659535e+01
1.577736915634213055e+01
1.584802560842926944e+01
1.582431642639494029e+01
1.585119394614566346e+01
1.581156166810712982e+01
1.580702913185135827e+01
1.586445069487357173e+01
1.584200756657245002e+01
1.586016360338608422e+01
1.598209823805408014e+01
1.584102745816365854e+01
1.593205458104957550e+01
1.578008670019729820e+01
1.577895676565139560e+01
1.584043295595357215e+01
1.581540570857314165e+01
1.577097763229727434e+01
1.571682855025109760e+01
1.588995901514186393e+01
1.587130496693111859e+01
1.581981226506445282e+01
1.580981905469665172e+01
1.585629843585958376e+01
1.583663184836670723e+01
1.584066119801964234e+01
1.586791829029665202e+01
1.593637480311615917e+01
1.596044529092481845e+01
1.575181822603394366e+01
1.583390248804394673e+01
1.571177413999604688e+01
1.583178190141350328e+01
1.572758176650866702e+01
1.588182107808655807e+01
1.584156033783746409e+01
1.578690378506109049e+01
1.590898723434181683e+01
1.571409357147886610e+01
1.591649898120169304e+01
1.568892074412405968e+01
1.590050107101303567e+01
1.588980539847098150e+01
1.573131991788400086e+01
1.594771045095205864e+01
1.584531255908184022e+01
1.574039139470557558e+01
1.564169022387055819e+01
1.588547400960623257e+01
1.582782985016311983e+01
1.596927971090185139e+01
1.586023534077822106e+01
1.574538518605348258e+01
1.592202101138538772e+01
1.573457599858238787e+01
1.570770057632829442e+01
1.589874861578982568e+01
1.575881164512273713e+01
1.587403286529552560e+01
1.588609037267163160e+01
1.590754471062225406e+01
1.578227966053512965e+01
1.575026699787095197e+01
1.583542202383232933e+01
1.580746848729292253e+01
1.585305234748134318e+01
1.584776111951753208e+01
1.585150783914303041e+01
1.577265403654391562e+01
1.592473378575477305e+01
1.580169602675198526e+01
1.585312464911309682e+01
1.571928640793970899e+01
1.579300891891825742e+01
1.583326210291522074e+01
1.586285159649379395e+01
1.581130158786659656e+01
1.584137491974192358e+01
1.585477271500662333e+01
1.581420163195890538e+01
1.567466581874915477e+01
1.591500256643796085e+01
1.589436877091521971e+01
1.580629361097511421e+01
1.570554209287656455e+01
1.598380736799186153e+01
1.586284262328804928e+01
1.598211154988858063e+01
1.576879842998743619e+01
1.589385037663499034e+01
1.576254549777430292e+01
1.576028695105029342e+01
1.583114250759457242e+01
1.582898238635278787e+01
1.572119719596725140e+01
1.568897206491245555e+01
1.585365085967774057e+01
1.588329949779990713e+01
1.577991495705044578e+01
1.585886529757038055e+01
1.581285517363538062e+01
1.579157446244735574e+01
1.577065319108434238e+01
1.582253629640860382e+01
1.571194014764356695e+01
1.572632179237160877e+01
1.579268406389905621e+01
1.582896218291453572e+01
1.578238338537487984e+01
1.585797663795540124e+01
1.576167364351623590e+01
1.594794168587344529e+01
1.591213219422709635e+01
1.580180530766619107e+01
1.586934166555080239e+01
1.586651947050931000e+01
1.576567329436818454e+01
1.580656415128273551e+01
1.585693261373180007e+01
1.581017024569658602e+01
1.575632518897377032e+01
1.581615438113725780e+01
1.591307175710002753e+01
1.588348168649307901e+01
1.578266691316471260e+01
1.574615862607948280e+01
1.596506606372657799e+01
1.592384709984592206e+01
1.585155861987217918e+01
1.586808870527150361e+01
1.574442539109479178e+01
1.581224953790759358e+01
1.578047182469891396e+01
1.572038058164756791e+01
1.584819348973014108e+01
1.588042476642143797e+01
1.578372837960792552e+01
1.583474521768919629e+01
1.584040458723004008e+01
1.582810694076357549e+01
1.580658119926446581e+01
1.586854571871997699e+01
1.573526009576339568e+01
1.586488388462413646e+01
1.576758320007025915e+01
1.585995166583245108e+01
1.573984167032422654e+01
1.587372154969657245e+01
1.575462699738366723e+01
1.571372656623231556e+01
1.579540424852812386e+01
1.578967212004872245e+01
1.587993071360141606e+01
1.581458606536889988e+01
1.580144773593697138e+01
1.579961374191696244e+01
1.580587260356830726e+01
1.577143970079646529e+01
1.567238547316222252e+01
1.576055158490045294e+01
1.592281362467948114e+01
1.595340812353182436e+01
1.578007666286564259e+01
1.570167559795920731e+01
1.584897419905587590e+01
1.569741180411080883e+01
1.580791530336062323e+01
1.586382484594206588e+01
1.587910931730258568e+01
1.582274905500738704e+01
1.575278409055673201e+01
1.588089806664673098e+01
1.595108553699153653e+01
1.581353699009654967e+01
1.582533569219780567e+01
1.588591226075070217e+01
1.576896998195962851e+01
1.582898553643706840e+01
1.587086215810275647e+01
1.595450023090472769e+01
1.581185447593660598e+01
1.575726385935552187e+01
1.574241543456447978e+01
1.574907870413673905e+01
1.579864997337508470e+01
1.585382911706864029e+01
1.571375945123395645e+01
1.564742606859241469e+01
1.576974248871203521e+01
1.577429422629665012e+01
1.570339393267665251e+01
1.581891161185462558e+01
1.594330645224444964e+01
1.584073929651233570e+01
1.577995636153251446e+01
1.590466771018957992e+01
1.577337757446039568e+01
1.588121804761421352e+01
1.573676518889263676e+01
1.569139977900029947e+01
1.582045385830588380e+01
1.582343285023945789e+01
1.578995566142583939e+01
1.581185341518197340e+01
1.592218459142666731e+01
1.581835691915669351e+01
1.585739024755143411e+01
1.586549757123866655e+01
1.586317883436223930e+01
1.587869479025828490e+01
1.576671331669699860e+01
1.576398121782476380e+01
1.574772967584651262e+01
1.581881241429134732e+01
1.580139373143924608e+01
1.578805436650432448e+01
1.593518581412422996e+01
1.578806270362015951e+01
1.580456449682544751e+01
1.576361901319072700e+01
1.586673758811478052e+01
1.567100655714189728e+01
1.590908212388313103e+01
1.577919537498520342e+01
1.580852862847623719e+01
1.581570472250325743e+01
1.581826220999400689e+01
1.580214120567103997e+01
1.581551580813594171e+01
1.580606741751723021e+01
1.575077368174362213e+01
1.580475142114870479e+01
1.588863316095230971e+01
1.590934101108966736e+01
1.585216975411609219e+01
1.581767940193910427e+01
1.583042258491577670e+01
1.579682427888351626e+01
1.584445617655793725e+01
1.582872965048352398e+01
1.578317203195608620e+01
1.578255700724243837e+01
1.590897348959818913e+01
1.572806225657489598e+01
1.579767501830336052e+01
1.570342324963764824e+01
1.583813565876294582e+01
1.592587973369065679e+01
1.570841622673387938e+01
1.584782807820578121e+01
1.587381717812256454e+01
1.578177530290515840e+01
1.585672901849190808e+01
1.584126354917905743e+01
1.591970908570398890e+01
1.575594846364798052e+01
1.568086034645841309e+01
1.581354085554533029e+01
1.588306930748016654e+01
1.575967930768727676e+01
1.577944235110058457e+01
1.587426763837440191e+01
1.587417740780428055e+01
1.577559890060410375e+01
1.584687055366604724e+01
1.584972836269743013e+01
1.578084806889342673e+01
1.584703119238490032e+01
1.577821583685430262e+01
1.580435070724442603e+01
1.583230445659346053e+01
1.573576624190202544e+01
1.578212762564124283e+01
1.587953519251718681e+01
1.587880307981108352e+01
1.585252635437464086e+01
1.581222276935281634e+01
1.592808804347461304e+01
1.579987251934416115e+01
1.585342607976154738e+01
1.588203772575107742e+01
1.581161318319792564e+01
1.587000847870020515e+01
