# Variable: deviance
# Sample shape: (3000,)
# Date: 2018-06-07 10:04:00.084927
-1.085547187500000000e+05
-1.085577578125000000e+05
-1.085552812500000000e+05
-1.085577421875000000e+05
-1.085577890625000000e+05
-1.085577890625000000e+05
-1.085575546875000000e+05
-1.085572578125000000e+05
-1.085536406250000000e+05
-1.085573281250000000e+05
-1.085574062500000000e+05
-1.085570468750000000e+05
-1.085572500000000000e+05
-1.085574843750000000e+05
-1.085575468750000000e+05
-1.085576562500000000e+05
-1.085572421875000000e+05
-1.085577343750000000e+05
-1.085574609375000000e+05
-1.085568984375000000e+05
-1.085574375000000000e+05
-1.085573515625000000e+05
-1.085576718750000000e+05
-1.085570546875000000e+05
-1.085577968750000000e+05
-1.085548437500000000e+05
-1.085573750000000000e+05
-1.085574531250000000e+05
-1.085556250000000000e+05
-1.085576875000000000e+05
-1.085542500000000000e+05
-1.085551718750000000e+05
-1.085568046875000000e+05
-1.085550156250000000e+05
-1.085571093750000000e+05
-1.085555937500000000e+05
-1.085574062500000000e+05
-1.085576796875000000e+05
-1.085576875000000000e+05
-1.085576640625000000e+05
-1.085570390625000000e+05
-1.085574687500000000e+05
-1.085577812500000000e+05
-1.085539375000000000e+05
-1.085565234375000000e+05
-1.085574687500000000e+05
-1.085551093750000000e+05
-1.085577421875000000e+05
-1.085573906250000000e+05
-1.085577031250000000e+05
-1.085575156250000000e+05
-1.085575546875000000e+05
-1.085546875000000000e+05
-1.085570156250000000e+05
-1.085533515625000000e+05
-1.085569687500000000e+05
-1.085574765625000000e+05
-1.085574921875000000e+05
-1.085570000000000000e+05
-1.085576250000000000e+05
-1.085572187500000000e+05
-1.085578046875000000e+05
-1.085571250000000000e+05
-1.085572656250000000e+05
-1.085577890625000000e+05
-1.085575937500000000e+05
-1.085574843750000000e+05
-1.085565937500000000e+05
-1.085566406250000000e+05
-1.085542968750000000e+05
-1.085551328125000000e+05
-1.085574062500000000e+05
-1.085576250000000000e+05
-1.085571640625000000e+05
-1.085569843750000000e+05
-1.085575390625000000e+05
-1.085549843750000000e+05
-1.085572421875000000e+05
-1.085572343750000000e+05
-1.085576406250000000e+05
-1.085564062500000000e+05
-1.085576406250000000e+05
-1.085577734375000000e+05
-1.085574296875000000e+05
-1.085574453125000000e+05
-1.085567968750000000e+05
-1.085577812500000000e+05
-1.085577734375000000e+05
-1.085577968750000000e+05
-1.085573515625000000e+05
-1.085577734375000000e+05
-1.085574140625000000e+05
-1.085575937500000000e+05
-1.085578125000000000e+05
-1.085577734375000000e+05
-1.085573125000000000e+05
-1.085570000000000000e+05
-1.085570625000000000e+05
-1.085575312500000000e+05
-1.085576328125000000e+05
-1.085577578125000000e+05
-1.085572343750000000e+05
-1.085572109375000000e+05
-1.085575000000000000e+05
-1.085575156250000000e+05
-1.085574609375000000e+05
-1.085566562500000000e+05
-1.085577500000000000e+05
-1.085539765625000000e+05
-1.085511875000000000e+05
-1.085567343750000000e+05
-1.085557187500000000e+05
-1.085564375000000000e+05
-1.085573125000000000e+05
-1.085572031250000000e+05
-1.085578046875000000e+05
-1.085574375000000000e+05
-1.085569609375000000e+05
-1.085557421875000000e+05
-1.085577578125000000e+05
-1.085576562500000000e+05
-1.085577187500000000e+05
-1.085546015625000000e+05
-1.085563515625000000e+05
-1.085575312500000000e+05
-1.085576953125000000e+05
-1.085577031250000000e+05
-1.085576562500000000e+05
-1.085573125000000000e+05
-1.085575078125000000e+05
-1.085577890625000000e+05
-1.085576640625000000e+05
-1.085572343750000000e+05
-1.085565000000000000e+05
-1.085577500000000000e+05
-1.085559531250000000e+05
-1.085572500000000000e+05
-1.085573906250000000e+05
-1.085545546875000000e+05
-1.085567187500000000e+05
-1.085546875000000000e+05
-1.085569062500000000e+05
-1.085570937500000000e+05
-1.085576796875000000e+05
-1.085575937500000000e+05
-1.085577734375000000e+05
-1.085574609375000000e+05
-1.085575937500000000e+05
-1.085567734375000000e+05
-1.085559531250000000e+05
-1.085543750000000000e+05
-1.085574453125000000e+05
-1.085576718750000000e+05
-1.085577812500000000e+05
-1.085577812500000000e+05
-1.085566093750000000e+05
-1.085577812500000000e+05
-1.085575625000000000e+05
-1.085576640625000000e+05
-1.085567812500000000e+05
-1.085571406250000000e+05
-1.085577421875000000e+05
-1.085568750000000000e+05
-1.085569062500000000e+05
-1.085570937500000000e+05
-1.085560625000000000e+05
-1.085577343750000000e+05
-1.085564062500000000e+05
-1.085560625000000000e+05
-1.085573203125000000e+05
-1.085574218750000000e+05
-1.085568750000000000e+05
-1.085540000000000000e+05
-1.085542031250000000e+05
-1.085562343750000000e+05
-1.085523593750000000e+05
-1.085576093750000000e+05
-1.085566250000000000e+05
-1.085577656250000000e+05
-1.085543359375000000e+05
-1.085540000000000000e+05
-1.085574218750000000e+05
-1.085577578125000000e+05
-1.085577968750000000e+05
-1.085576875000000000e+05
-1.085573515625000000e+05
-1.085576250000000000e+05
-1.085576796875000000e+05
-1.085577343750000000e+05
-1.085568906250000000e+05
-1.085572968750000000e+05
-1.085577109375000000e+05
-1.085575156250000000e+05
-1.085564062500000000e+05
-1.085577734375000000e+05
-1.085556875000000000e+05
-1.085572343750000000e+05
-1.085569218750000000e+05
-1.085577812500000000e+05
-1.085575078125000000e+05
-1.085573046875000000e+05
-1.085545156250000000e+05
-1.085576875000000000e+05
-1.085570546875000000e+05
-1.085577890625000000e+05
-1.085576953125000000e+05
-1.085555156250000000e+05
-1.085571093750000000e+05
-1.085573125000000000e+05
-1.085578046875000000e+05
-1.085576015625000000e+05
-1.085570625000000000e+05
-1.085536796875000000e+05
-1.085575937500000000e+05
-1.085576875000000000e+05
-1.085568046875000000e+05
-1.085575937500000000e+05
-1.085564843750000000e+05
-1.085572812500000000e+05
-1.085577890625000000e+05
-1.085577656250000000e+05
-1.085573593750000000e+05
-1.085574843750000000e+05
-1.085572656250000000e+05
-1.085565546875000000e+05
-1.085575625000000000e+05
-1.085556953125000000e+05
-1.085576718750000000e+05
-1.085577031250000000e+05
-1.085573281250000000e+05
-1.085522031250000000e+05
-1.085545156250000000e+05
-1.085577890625000000e+05
-1.085561250000000000e+05
-1.085571406250000000e+05
-1.085575312500000000e+05
-1.085577656250000000e+05
-1.085576093750000000e+05
-1.085577343750000000e+05
-1.085577656250000000e+05
-1.085569609375000000e+05
-1.085567656250000000e+05
-1.085568984375000000e+05
-1.085538984375000000e+05
-1.085577187500000000e+05
-1.085567031250000000e+05
-1.085577812500000000e+05
-1.085556093750000000e+05
-1.085577187500000000e+05
-1.085577890625000000e+05
-1.085576015625000000e+05
-1.085562500000000000e+05
-1.085577265625000000e+05
-1.085577343750000000e+05
-1.085562500000000000e+05
-1.085577656250000000e+05
-1.085562187500000000e+05
-1.085577656250000000e+05
-1.085544218750000000e+05
-1.085574218750000000e+05
-1.085577500000000000e+05
-1.085577500000000000e+05
-1.085561796875000000e+05
-1.085566250000000000e+05
-1.085577968750000000e+05
-1.085568046875000000e+05
-1.085572343750000000e+05
-1.085577265625000000e+05
-1.085576171875000000e+05
-1.085552656250000000e+05
-1.085559218750000000e+05
-1.085577656250000000e+05
-1.085578046875000000e+05
-1.085574843750000000e+05
-1.085577421875000000e+05
-1.085577500000000000e+05
-1.085567578125000000e+05
-1.085566093750000000e+05
-1.085528906250000000e+05
-1.085573125000000000e+05
-1.085555312500000000e+05
-1.085572734375000000e+05
-1.085575078125000000e+05
-1.085567734375000000e+05
-1.085512265625000000e+05
-1.085570703125000000e+05
-1.085576875000000000e+05
-1.085574375000000000e+05
-1.085573593750000000e+05
-1.085545937500000000e+05
-1.085570390625000000e+05
-1.085577187500000000e+05
-1.085558750000000000e+05
-1.085577968750000000e+05
-1.085575000000000000e+05
-1.085576484375000000e+05
-1.085564140625000000e+05
-1.085575312500000000e+05
-1.085574843750000000e+05
-1.085569687500000000e+05
-1.085558203125000000e+05
-1.085572812500000000e+05
-1.085573906250000000e+05
-1.085577109375000000e+05
-1.085574843750000000e+05
-1.085558515625000000e+05
-1.085577734375000000e+05
-1.085577812500000000e+05
-1.085577421875000000e+05
-1.085577968750000000e+05
-1.085537031250000000e+05
-1.085569062500000000e+05
-1.085577656250000000e+05
-1.085533281250000000e+05
-1.085577031250000000e+05
-1.085573750000000000e+05
-1.085576015625000000e+05
-1.085569687500000000e+05
-1.085576953125000000e+05
-1.085574218750000000e+05
-1.085577265625000000e+05
-1.085558125000000000e+05
-1.085574062500000000e+05
-1.085577500000000000e+05
-1.085570937500000000e+05
-1.085577187500000000e+05
-1.085577656250000000e+05
-1.085575546875000000e+05
-1.085569609375000000e+05
-1.085565937500000000e+05
-1.085535156250000000e+05
-1.085577890625000000e+05
-1.085576875000000000e+05
-1.085570000000000000e+05
-1.085576718750000000e+05
-1.085540781250000000e+05
-1.085567734375000000e+05
-1.085571875000000000e+05
-1.085566562500000000e+05
-1.085566875000000000e+05
-1.085577968750000000e+05
-1.085575078125000000e+05
-1.085574375000000000e+05
-1.085573593750000000e+05
-1.085557187500000000e+05
-1.085577968750000000e+05
-1.085574687500000000e+05
-1.085576953125000000e+05
-1.085572968750000000e+05
-1.085576484375000000e+05
-1.085573593750000000e+05
-1.085570703125000000e+05
-1.085562109375000000e+05
-1.085577578125000000e+05
-1.085567656250000000e+05
-1.085537968750000000e+05
-1.085575000000000000e+05
-1.085577187500000000e+05
-1.085541406250000000e+05
-1.085574531250000000e+05
-1.085572500000000000e+05
-1.085574609375000000e+05
-1.085533593750000000e+05
-1.085577812500000000e+05
-1.085577890625000000e+05
-1.085543750000000000e+05
-1.085560000000000000e+05
-1.085575625000000000e+05
-1.085575156250000000e+05
-1.085571875000000000e+05
-1.085572421875000000e+05
-1.085568750000000000e+05
-1.085561562500000000e+05
-1.085573593750000000e+05
-1.085577187500000000e+05
-1.085571640625000000e+05
-1.085576562500000000e+05
-1.085577890625000000e+05
-1.085575625000000000e+05
-1.085572421875000000e+05
-1.085565859375000000e+05
-1.085577812500000000e+05
-1.085577578125000000e+05
-1.085574531250000000e+05
-1.085529531250000000e+05
-1.085565468750000000e+05
-1.085575312500000000e+05
-1.085573281250000000e+05
-1.085573281250000000e+05
-1.085560781250000000e+05
-1.085577578125000000e+05
-1.085577656250000000e+05
-1.085577812500000000e+05
-1.085575625000000000e+05
-1.085576171875000000e+05
-1.085555859375000000e+05
-1.085539296875000000e+05
-1.085574140625000000e+05
-1.085575468750000000e+05
-1.085566015625000000e+05
-1.085572968750000000e+05
-1.085572734375000000e+05
-1.085577500000000000e+05
-1.085569375000000000e+05
-1.085556328125000000e+05
-1.085577500000000000e+05
-1.085568437500000000e+05
-1.085574140625000000e+05
-1.085574843750000000e+05
-1.085577812500000000e+05
-1.085573906250000000e+05
-1.085564296875000000e+05
-1.085567500000000000e+05
-1.085574531250000000e+05
-1.085575312500000000e+05
-1.085525000000000000e+05
-1.085571640625000000e+05
-1.085577968750000000e+05
-1.085573984375000000e+05
-1.085567421875000000e+05
-1.085577656250000000e+05
-1.085575156250000000e+05
-1.085569218750000000e+05
-1.085575156250000000e+05
-1.085553906250000000e+05
-1.085568125000000000e+05
-1.085572656250000000e+05
-1.085574375000000000e+05
-1.085571250000000000e+05
-1.085571406250000000e+05
-1.085570156250000000e+05
-1.085561406250000000e+05
-1.085575156250000000e+05
-1.085552421875000000e+05
-1.085564218750000000e+05
-1.085568125000000000e+05
-1.085576796875000000e+05
-1.085565468750000000e+05
-1.085573281250000000e+05
-1.085552578125000000e+05
-1.085524921875000000e+05
-1.085575703125000000e+05
-1.085576640625000000e+05
-1.085565468750000000e+05
-1.085577656250000000e+05
-1.085574062500000000e+05
-1.085525859375000000e+05
-1.085574296875000000e+05
-1.085575625000000000e+05
-1.085577187500000000e+05
-1.085577968750000000e+05
-1.085560625000000000e+05
-1.085563437500000000e+05
-1.085577578125000000e+05
-1.085575468750000000e+05
-1.085554375000000000e+05
-1.085577500000000000e+05
-1.085563593750000000e+05
-1.085577812500000000e+05
-1.085577187500000000e+05
-1.085577500000000000e+05
-1.085575625000000000e+05
-1.085560546875000000e+05
-1.085565078125000000e+05
-1.085577968750000000e+05
-1.085577578125000000e+05
-1.085562968750000000e+05
-1.085577421875000000e+05
-1.085577421875000000e+05
-1.085569375000000000e+05
-1.085567265625000000e+05
-1.085577343750000000e+05
-1.085577968750000000e+05
-1.085540781250000000e+05
-1.085577500000000000e+05
-1.085577343750000000e+05
-1.085566875000000000e+05
-1.085572812500000000e+05
-1.085572343750000000e+05
-1.085570781250000000e+05
-1.085562968750000000e+05
-1.085577187500000000e+05
-1.085577890625000000e+05
-1.085577031250000000e+05
-1.085545546875000000e+05
-1.085563984375000000e+05
-1.085577343750000000e+05
-1.085445156250000000e+05
-1.085573437500000000e+05
-1.085575703125000000e+05
-1.085575625000000000e+05
-1.085577656250000000e+05
-1.085563437500000000e+05
-1.085566640625000000e+05
-1.085556718750000000e+05
-1.085558125000000000e+05
-1.085574765625000000e+05
-1.085554765625000000e+05
-1.085574843750000000e+05
-1.085567187500000000e+05
-1.085571562500000000e+05
-1.085574687500000000e+05
-1.085574375000000000e+05
-1.085577968750000000e+05
-1.085575078125000000e+05
-1.085577500000000000e+05
-1.085551718750000000e+05
-1.085569843750000000e+05
-1.085576406250000000e+05
-1.085577968750000000e+05
-1.085571875000000000e+05
-1.085577890625000000e+05
-1.085577812500000000e+05
-1.085571406250000000e+05
-1.085557578125000000e+05
-1.085569609375000000e+05
-1.085576250000000000e+05
-1.085575703125000000e+05
-1.085577968750000000e+05
-1.085539531250000000e+05
-1.085575625000000000e+05
-1.085577812500000000e+05
-1.085572031250000000e+05
-1.085569687500000000e+05
-1.085577109375000000e+05
-1.085573203125000000e+05
-1.085577578125000000e+05
-1.085559687500000000e+05
-1.085569687500000000e+05
-1.085571875000000000e+05
-1.085577500000000000e+05
-1.085523593750000000e+05
-1.085543125000000000e+05
-1.085577812500000000e+05
-1.085553046875000000e+05
-1.085576171875000000e+05
-1.085576640625000000e+05
-1.085561484375000000e+05
-1.085572890625000000e+05
-1.085573828125000000e+05
-1.085575390625000000e+05
-1.085555625000000000e+05
-1.085567968750000000e+05
-1.085568984375000000e+05
-1.085571328125000000e+05
-1.085517968750000000e+05
-1.085569062500000000e+05
-1.085574218750000000e+05
-1.085571875000000000e+05
-1.085572968750000000e+05
-1.085574062500000000e+05
-1.085577656250000000e+05
-1.085571250000000000e+05
-1.085520937500000000e+05
-1.085574296875000000e+05
-1.085577343750000000e+05
-1.085552734375000000e+05
-1.085574687500000000e+05
-1.085560234375000000e+05
-1.085577734375000000e+05
-1.085577812500000000e+05
-1.085576796875000000e+05
-1.085565468750000000e+05
-1.085577265625000000e+05
-1.085577968750000000e+05
-1.085576484375000000e+05
-1.085557968750000000e+05
-1.085568671875000000e+05
-1.085576250000000000e+05
-1.085577968750000000e+05
-1.085577734375000000e+05
-1.085571562500000000e+05
-1.085577578125000000e+05
-1.085577968750000000e+05
-1.085577890625000000e+05
-1.085562968750000000e+05
-1.085577109375000000e+05
-1.085577187500000000e+05
-1.085568750000000000e+05
-1.085577890625000000e+05
-1.085553437500000000e+05
-1.085577578125000000e+05
-1.085564062500000000e+05
-1.085563828125000000e+05
-1.085562734375000000e+05
-1.085577890625000000e+05
-1.085576484375000000e+05
-1.085576875000000000e+05
-1.085570390625000000e+05
-1.085563125000000000e+05
-1.085559687500000000e+05
-1.085577734375000000e+05
-1.085562500000000000e+05
-1.085576328125000000e+05
-1.085577812500000000e+05
-1.085577343750000000e+05
-1.085535625000000000e+05
-1.085577734375000000e+05
-1.085563125000000000e+05
-1.085547812500000000e+05
-1.085576250000000000e+05
-1.085562734375000000e+05
-1.085577968750000000e+05
-1.085577343750000000e+05
-1.085573515625000000e+05
-1.085577968750000000e+05
-1.085539453125000000e+05
-1.085574062500000000e+05
-1.085575625000000000e+05
-1.085563593750000000e+05
-1.085554687500000000e+05
-1.085553515625000000e+05
-1.085553437500000000e+05
-1.085565468750000000e+05
-1.085574375000000000e+05
-1.085572656250000000e+05
-1.085576953125000000e+05
-1.085577890625000000e+05
-1.085573125000000000e+05
-1.085572578125000000e+05
-1.085540000000000000e+05
-1.085572968750000000e+05
-1.085564843750000000e+05
-1.085576250000000000e+05
-1.085573437500000000e+05
-1.085572187500000000e+05
-1.085564375000000000e+05
-1.085577656250000000e+05
-1.085536406250000000e+05
-1.085576015625000000e+05
-1.085577812500000000e+05
-1.085577968750000000e+05
-1.085557656250000000e+05
-1.085523750000000000e+05
-1.085576718750000000e+05
-1.085547812500000000e+05
-1.085575703125000000e+05
-1.085577421875000000e+05
-1.085562500000000000e+05
-1.085562734375000000e+05
-1.085573593750000000e+05
-1.085570781250000000e+05
-1.085569921875000000e+05
-1.085575312500000000e+05
-1.085576875000000000e+05
-1.085563515625000000e+05
-1.085565859375000000e+05
-1.085577187500000000e+05
-1.085574062500000000e+05
-1.085576250000000000e+05
-1.085575468750000000e+05
-1.085538750000000000e+05
-1.085572343750000000e+05
-1.085577109375000000e+05
-1.085575390625000000e+05
-1.085466875000000000e+05
-1.085548593750000000e+05
-1.085575937500000000e+05
-1.085574140625000000e+05
-1.085564375000000000e+05
-1.085558515625000000e+05
-1.085548437500000000e+05
-1.085577500000000000e+05
-1.085576562500000000e+05
-1.085577500000000000e+05
-1.085578125000000000e+05
-1.085577812500000000e+05
-1.085577500000000000e+05
-1.085568437500000000e+05
-1.085572109375000000e+05
-1.085562500000000000e+05
-1.085503046875000000e+05
-1.085574375000000000e+05
-1.085577734375000000e+05
-1.085550937500000000e+05
-1.085575078125000000e+05
-1.085577890625000000e+05
-1.085567656250000000e+05
-1.085567500000000000e+05
-1.085571718750000000e+05
-1.085577265625000000e+05
-1.085574218750000000e+05
-1.085570000000000000e+05
-1.085577500000000000e+05
-1.085577578125000000e+05
-1.085576875000000000e+05
-1.085577421875000000e+05
-1.085576718750000000e+05
-1.085577656250000000e+05
-1.085572031250000000e+05
-1.085532812500000000e+05
-1.085576875000000000e+05
-1.085575156250000000e+05
-1.085575625000000000e+05
-1.085577656250000000e+05
-1.085573593750000000e+05
-1.085528984375000000e+05
-1.085576718750000000e+05
-1.085559765625000000e+05
-1.085558125000000000e+05
-1.085567031250000000e+05
-1.085577656250000000e+05
-1.085574218750000000e+05
-1.085558750000000000e+05
-1.085571875000000000e+05
-1.085578046875000000e+05
-1.085558593750000000e+05
-1.085577109375000000e+05
-1.085576093750000000e+05
-1.085562812500000000e+05
-1.085560234375000000e+05
-1.085573750000000000e+05
-1.085574062500000000e+05
-1.085566250000000000e+05
-1.085575781250000000e+05
-1.085566250000000000e+05
-1.085577656250000000e+05
-1.085577187500000000e+05
-1.085576796875000000e+05
-1.085576250000000000e+05
-1.085556328125000000e+05
-1.085539375000000000e+05
-1.085574609375000000e+05
-1.085568906250000000e+05
-1.085570625000000000e+05
-1.085495312500000000e+05
-1.085571484375000000e+05
-1.085563671875000000e+05
-1.085574921875000000e+05
-1.085575078125000000e+05
-1.085577578125000000e+05
-1.085569453125000000e+05
-1.085558671875000000e+05
-1.085569921875000000e+05
-1.085563515625000000e+05
-1.085535312500000000e+05
-1.085571562500000000e+05
-1.085549062500000000e+05
-1.085570234375000000e+05
-1.085567031250000000e+05
-1.085551640625000000e+05
-1.085571406250000000e+05
-1.085576953125000000e+05
-1.085563906250000000e+05
-1.085576875000000000e+05
-1.085577656250000000e+05
-1.085555703125000000e+05
-1.085557968750000000e+05
-1.085577031250000000e+05
-1.085559843750000000e+05
-1.085570078125000000e+05
-1.085533828125000000e+05
-1.085568125000000000e+05
-1.085573671875000000e+05
-1.085577500000000000e+05
-1.085575390625000000e+05
-1.085552968750000000e+05
-1.085562578125000000e+05
-1.085575312500000000e+05
-1.085572812500000000e+05
-1.085577421875000000e+05
-1.085578046875000000e+05
-1.085577656250000000e+05
-1.085577500000000000e+05
-1.085561718750000000e+05
-1.085572578125000000e+05
-1.085571718750000000e+05
-1.085568750000000000e+05
-1.085562578125000000e+05
-1.085576796875000000e+05
-1.085577109375000000e+05
-1.085577265625000000e+05
-1.085577421875000000e+05
-1.085558671875000000e+05
-1.085544062500000000e+05
-1.085565781250000000e+05
-1.085577421875000000e+05
-1.085568437500000000e+05
-1.085572343750000000e+05
-1.085574531250000000e+05
-1.085559687500000000e+05
-1.085578046875000000e+05
-1.085556406250000000e+05
-1.085572265625000000e+05
-1.085575312500000000e+05
-1.085547031250000000e+05
-1.085577812500000000e+05
-1.085562656250000000e+05
-1.085577812500000000e+05
-1.085565078125000000e+05
-1.085568203125000000e+05
-1.085574843750000000e+05
-1.085576953125000000e+05
-1.085571250000000000e+05
-1.085576093750000000e+05
-1.085559687500000000e+05
-1.085576718750000000e+05
-1.085564218750000000e+05
-1.085562109375000000e+05
-1.085526718750000000e+05
-1.085573281250000000e+05
-1.085577031250000000e+05
-1.085537343750000000e+05
-1.085577031250000000e+05
-1.085574531250000000e+05
-1.085576953125000000e+05
-1.085576875000000000e+05
-1.085518437500000000e+05
-1.085576171875000000e+05
-1.085575937500000000e+05
-1.085567500000000000e+05
-1.085577421875000000e+05
-1.085577109375000000e+05
-1.085577812500000000e+05
-1.085577109375000000e+05
-1.085501093750000000e+05
-1.085574375000000000e+05
-1.085576718750000000e+05
-1.085561250000000000e+05
-1.085576875000000000e+05
-1.085547109375000000e+05
-1.085563125000000000e+05
-1.085572031250000000e+05
-1.085571640625000000e+05
-1.085570625000000000e+05
-1.085565000000000000e+05
-1.085569062500000000e+05
-1.085574531250000000e+05
-1.085573359375000000e+05
-1.085572265625000000e+05
-1.085573515625000000e+05
-1.085576953125000000e+05
-1.085577031250000000e+05
-1.085541875000000000e+05
-1.085563125000000000e+05
-1.085556093750000000e+05
-1.085577500000000000e+05
-1.085559687500000000e+05
-1.085577500000000000e+05
-1.085577656250000000e+05
-1.085567812500000000e+05
-1.085573046875000000e+05
-1.085577812500000000e+05
-1.085573437500000000e+05
-1.085575156250000000e+05
-1.085571484375000000e+05
-1.085564531250000000e+05
-1.085527734375000000e+05
-1.085572968750000000e+05
-1.085568515625000000e+05
-1.085577968750000000e+05
-1.085576640625000000e+05
-1.085577500000000000e+05
-1.085567812500000000e+05
-1.085537968750000000e+05
-1.085567500000000000e+05
-1.085568437500000000e+05
-1.085493125000000000e+05
-1.085563750000000000e+05
-1.085572109375000000e+05
-1.085570390625000000e+05
-1.085572812500000000e+05
-1.085571015625000000e+05
-1.085575078125000000e+05
-1.085570000000000000e+05
-1.085570625000000000e+05
-1.085575937500000000e+05
-1.085576796875000000e+05
-1.085575625000000000e+05
-1.085574687500000000e+05
-1.085574140625000000e+05
-1.085553906250000000e+05
-1.085574375000000000e+05
-1.085574765625000000e+05
-1.085573359375000000e+05
-1.085577890625000000e+05
-1.085577109375000000e+05
-1.085574843750000000e+05
-1.085546093750000000e+05
-1.085569062500000000e+05
-1.085575468750000000e+05
-1.085567656250000000e+05
-1.085577968750000000e+05
-1.085576796875000000e+05
-1.085573125000000000e+05
-1.085566093750000000e+05
-1.085574375000000000e+05
-1.085578046875000000e+05
-1.085577187500000000e+05
-1.085573359375000000e+05
-1.085571484375000000e+05
-1.085577031250000000e+05
-1.085553125000000000e+05
-1.085565468750000000e+05
-1.085577890625000000e+05
-1.085563437500000000e+05
-1.085571171875000000e+05
-1.085577968750000000e+05
-1.085575937500000000e+05
-1.085576250000000000e+05
-1.085566171875000000e+05
-1.085577109375000000e+05
-1.085575937500000000e+05
-1.085577421875000000e+05
-1.085577812500000000e+05
-1.085538515625000000e+05
-1.085560156250000000e+05
-1.085569687500000000e+05
-1.085577500000000000e+05
-1.085577031250000000e+05
-1.085548125000000000e+05
-1.085560000000000000e+05
-1.085574218750000000e+05
-1.085576250000000000e+05
-1.085565546875000000e+05
-1.085546015625000000e+05
-1.085577421875000000e+05
-1.085551093750000000e+05
-1.085573515625000000e+05
-1.085577421875000000e+05
-1.085573750000000000e+05
-1.085577812500000000e+05
-1.085577890625000000e+05
-1.085577656250000000e+05
-1.085576484375000000e+05
-1.085564531250000000e+05
-1.085571093750000000e+05
-1.085577968750000000e+05
-1.085575781250000000e+05
-1.085567968750000000e+05
-1.085577656250000000e+05
-1.085574218750000000e+05
-1.085572343750000000e+05
-1.085539062500000000e+05
-1.085566718750000000e+05
-1.085574218750000000e+05
-1.085574218750000000e+05
-1.085549453125000000e+05
-1.085573125000000000e+05
-1.085577187500000000e+05
-1.085577031250000000e+05
-1.085569687500000000e+05
-1.085573593750000000e+05
-1.085576796875000000e+05
-1.085575468750000000e+05
-1.085577578125000000e+05
-1.085576562500000000e+05
-1.085575156250000000e+05
-1.085576328125000000e+05
-1.085577421875000000e+05
-1.085567656250000000e+05
-1.085567265625000000e+05
-1.085577265625000000e+05
-1.085574218750000000e+05
-1.085571875000000000e+05
-1.085574140625000000e+05
-1.085576718750000000e+05
-1.085516093750000000e+05
-1.085559531250000000e+05
-1.085576640625000000e+05
-1.085572187500000000e+05
-1.085560000000000000e+05
-1.085577343750000000e+05
-1.085558125000000000e+05
-1.085565625000000000e+05
-1.085562812500000000e+05
-1.085577109375000000e+05
-1.085574062500000000e+05
-1.085570937500000000e+05
-1.085568593750000000e+05
-1.085574218750000000e+05
-1.085561250000000000e+05
-1.085553750000000000e+05
-1.085570390625000000e+05
-1.085577890625000000e+05
-1.085571250000000000e+05
-1.085576093750000000e+05
-1.085569375000000000e+05
-1.085577343750000000e+05
-1.085577343750000000e+05
-1.085557734375000000e+05
-1.085575078125000000e+05
-1.085577812500000000e+05
-1.085575625000000000e+05
-1.085551406250000000e+05
-1.085573593750000000e+05
-1.085569062500000000e+05
-1.085563437500000000e+05
-1.085572343750000000e+05
-1.085575468750000000e+05
-1.085563906250000000e+05
-1.085530703125000000e+05
-1.085563906250000000e+05
-1.085576875000000000e+05
-1.085524062500000000e+05
-1.085576171875000000e+05
-1.085576250000000000e+05
-1.085538671875000000e+05
-1.085576796875000000e+05
-1.085573906250000000e+05
-1.085552812500000000e+05
-1.085572812500000000e+05
-1.085576093750000000e+05
-1.085575625000000000e+05
-1.085576406250000000e+05
-1.085575625000000000e+05
-1.085577500000000000e+05
-1.085567578125000000e+05
-1.085568750000000000e+05
-1.085575000000000000e+05
-1.085576640625000000e+05
-1.085573125000000000e+05
-1.085575468750000000e+05
-1.085575937500000000e+05
-1.085575000000000000e+05
-1.085533984375000000e+05
-1.085576718750000000e+05
-1.085568671875000000e+05
-1.085561562500000000e+05
-1.085573515625000000e+05
-1.085572578125000000e+05
-1.085562656250000000e+05
-1.085577031250000000e+05
-1.085569765625000000e+05
-1.085577968750000000e+05
-1.085577890625000000e+05
-1.085564765625000000e+05
-1.085569843750000000e+05
-1.085563125000000000e+05
-1.085574609375000000e+05
-1.085577968750000000e+05
-1.085575312500000000e+05
-1.085516718750000000e+05
-1.085564062500000000e+05
-1.085565468750000000e+05
-1.085547343750000000e+05
-1.085577890625000000e+05
-1.085562187500000000e+05
-1.085576484375000000e+05
-1.085577968750000000e+05
-1.085570546875000000e+05
-1.085575781250000000e+05
-1.085577968750000000e+05
-1.085572968750000000e+05
-1.085563437500000000e+05
-1.085554687500000000e+05
-1.085569062500000000e+05
-1.085574765625000000e+05
-1.085570156250000000e+05
-1.085566953125000000e+05
-1.085577812500000000e+05
-1.085571718750000000e+05
-1.085569531250000000e+05
-1.085517656250000000e+05
-1.085575625000000000e+05
-1.085575078125000000e+05
-1.085574296875000000e+05
-1.085571484375000000e+05
-1.085575000000000000e+05
-1.085576250000000000e+05
-1.085569218750000000e+05
-1.085571250000000000e+05
-1.085569062500000000e+05
-1.085551406250000000e+05
-1.085577812500000000e+05
-1.085569296875000000e+05
-1.085573281250000000e+05
-1.085575546875000000e+05
-1.085568125000000000e+05
-1.085570625000000000e+05
-1.085577734375000000e+05
-1.085577812500000000e+05
-1.085577500000000000e+05
-1.085517031250000000e+05
-1.085574531250000000e+05
-1.085569375000000000e+05
-1.085572500000000000e+05
-1.085577500000000000e+05
-1.085577812500000000e+05
-1.085541796875000000e+05
-1.085573593750000000e+05
-1.085576562500000000e+05
-1.085577578125000000e+05
-1.085576562500000000e+05
-1.085551953125000000e+05
-1.085565234375000000e+05
-1.085569375000000000e+05
-1.085563828125000000e+05
-1.085547265625000000e+05
-1.085564375000000000e+05
-1.085567500000000000e+05
-1.085575625000000000e+05
-1.085577968750000000e+05
-1.085563437500000000e+05
-1.085573906250000000e+05
-1.085575078125000000e+05
-1.085564140625000000e+05
-1.085576250000000000e+05
-1.085577812500000000e+05
-1.085576562500000000e+05
-1.085576640625000000e+05
-1.085576406250000000e+05
-1.085571875000000000e+05
-1.085556718750000000e+05
-1.085572343750000000e+05
-1.085576562500000000e+05
-1.085574453125000000e+05
-1.085553906250000000e+05
-1.085575156250000000e+05
-1.085565234375000000e+05
-1.085577421875000000e+05
-1.085574609375000000e+05
-1.085577109375000000e+05
-1.085577109375000000e+05
-1.085577734375000000e+05
-1.085572031250000000e+05
-1.085565312500000000e+05
-1.085576093750000000e+05
-1.085575156250000000e+05
-1.085544687500000000e+05
-1.085576328125000000e+05
-1.085570703125000000e+05
-1.085577656250000000e+05
-1.085575468750000000e+05
-1.085576250000000000e+05
-1.085577656250000000e+05
-1.085556093750000000e+05
-1.085576328125000000e+05
-1.085555000000000000e+05
-1.085575000000000000e+05
-1.085575468750000000e+05
-1.085572812500000000e+05
-1.085575156250000000e+05
-1.085567343750000000e+05
-1.085553593750000000e+05
-1.085576875000000000e+05
-1.085575468750000000e+05
-1.085555078125000000e+05
-1.085569062500000000e+05
-1.085577890625000000e+05
-1.085500000000000000e+05
-1.085571250000000000e+05
-1.085565625000000000e+05
-1.085572812500000000e+05
-1.085566093750000000e+05
-1.085570937500000000e+05
-1.085568281250000000e+05
-1.085563750000000000e+05
-1.085575156250000000e+05
-1.085533437500000000e+05
-1.085575156250000000e+05
-1.085577187500000000e+05
-1.085571093750000000e+05
-1.085509843750000000e+05
-1.085535000000000000e+05
-1.085537500000000000e+05
-1.085557734375000000e+05
-1.085532343750000000e+05
-1.085577421875000000e+05
-1.085571718750000000e+05
-1.085577500000000000e+05
-1.085576718750000000e+05
-1.085548984375000000e+05
-1.085559062500000000e+05
-1.085562500000000000e+05
-1.085577109375000000e+05
-1.085575312500000000e+05
-1.085577656250000000e+05
-1.085563359375000000e+05
-1.085577031250000000e+05
-1.085557968750000000e+05
-1.085577343750000000e+05
-1.085568437500000000e+05
-1.085560937500000000e+05
-1.085568281250000000e+05
-1.085547343750000000e+05
-1.085569531250000000e+05
-1.085577578125000000e+05
-1.085545234375000000e+05
-1.085574531250000000e+05
-1.085562578125000000e+05
-1.085576250000000000e+05
-1.085577343750000000e+05
-1.085575312500000000e+05
-1.085549062500000000e+05
-1.085566015625000000e+05
-1.085576796875000000e+05
-1.085577890625000000e+05
-1.085561796875000000e+05
-1.085558828125000000e+05
-1.085565937500000000e+05
-1.085577656250000000e+05
-1.085573593750000000e+05
-1.085559843750000000e+05
-1.085575156250000000e+05
-1.085553203125000000e+05
-1.085568671875000000e+05
-1.085574531250000000e+05
-1.085576796875000000e+05
-1.085564765625000000e+05
-1.085572968750000000e+05
-1.085577031250000000e+05
-1.085569296875000000e+05
-1.085575468750000000e+05
-1.085571640625000000e+05
-1.085575937500000000e+05
-1.085576796875000000e+05
-1.085500468750000000e+05
-1.085577812500000000e+05
-1.085577734375000000e+05
-1.085577812500000000e+05
-1.085565000000000000e+05
-1.085564687500000000e+05
-1.085528828125000000e+05
-1.085577968750000000e+05
-1.085559765625000000e+05
-1.085573750000000000e+05
-1.085572187500000000e+05
-1.085576093750000000e+05
-1.085575468750000000e+05
-1.085571484375000000e+05
-1.085573281250000000e+05
-1.085574921875000000e+05
-1.085577968750000000e+05
-1.085577265625000000e+05
-1.085577656250000000e+05
-1.085576406250000000e+05
-1.085563125000000000e+05
-1.085577500000000000e+05
-1.085549843750000000e+05
-1.085571562500000000e+05
-1.085577812500000000e+05
-1.085564062500000000e+05
-1.085574531250000000e+05
-1.085570937500000000e+05
-1.085570546875000000e+05
-1.085569531250000000e+05
-1.085566953125000000e+05
-1.085575312500000000e+05
-1.085548593750000000e+05
-1.085568125000000000e+05
-1.085565937500000000e+05
-1.085573281250000000e+05
-1.085572734375000000e+05
-1.085568125000000000e+05
-1.085576328125000000e+05
-1.085577265625000000e+05
-1.085551250000000000e+05
-1.085574140625000000e+05
-1.085570312500000000e+05
-1.085570234375000000e+05
-1.085568437500000000e+05
-1.085577812500000000e+05
-1.085567968750000000e+05
-1.085568046875000000e+05
-1.085569453125000000e+05
-1.085561875000000000e+05
-1.085577265625000000e+05
-1.085545546875000000e+05
-1.085556406250000000e+05
-1.085556796875000000e+05
-1.085568046875000000e+05
-1.085575312500000000e+05
-1.085577812500000000e+05
-1.085572812500000000e+05
-1.085574843750000000e+05
-1.085574531250000000e+05
-1.085576953125000000e+05
-1.085577343750000000e+05
-1.085577968750000000e+05
-1.085576640625000000e+05
-1.085574765625000000e+05
-1.085572187500000000e+05
-1.085572187500000000e+05
-1.085540156250000000e+05
-1.085576718750000000e+05
-1.085574218750000000e+05
-1.085574765625000000e+05
-1.085558437500000000e+05
-1.085527656250000000e+05
-1.085570000000000000e+05
-1.085570781250000000e+05
-1.085577812500000000e+05
-1.085576015625000000e+05
-1.085577656250000000e+05
-1.085577109375000000e+05
-1.085558359375000000e+05
-1.085535781250000000e+05
-1.085576171875000000e+05
-1.085565937500000000e+05
-1.085569062500000000e+05
-1.085575937500000000e+05
-1.085577343750000000e+05
-1.085577968750000000e+05
-1.085577343750000000e+05
-1.085570937500000000e+05
-1.085576953125000000e+05
-1.085574531250000000e+05
-1.085565781250000000e+05
-1.085576093750000000e+05
-1.085575625000000000e+05
-1.085530312500000000e+05
-1.085563906250000000e+05
-1.085521875000000000e+05
-1.085577500000000000e+05
-1.085525312500000000e+05
-1.085565312500000000e+05
-1.085547343750000000e+05
-1.085573125000000000e+05
-1.085575781250000000e+05
-1.085576640625000000e+05
-1.085560468750000000e+05
-1.085577109375000000e+05
-1.085575546875000000e+05
-1.085567968750000000e+05
-1.085572500000000000e+05
-1.085576250000000000e+05
-1.085576406250000000e+05
-1.085573671875000000e+05
-1.085549453125000000e+05
-1.085577421875000000e+05
-1.085537187500000000e+05
-1.085577578125000000e+05
-1.085567968750000000e+05
-1.085563359375000000e+05
-1.085500859375000000e+05
-1.085569765625000000e+05
-1.085561562500000000e+05
-1.085568750000000000e+05
-1.085577343750000000e+05
-1.085575390625000000e+05
-1.085561250000000000e+05
-1.085572812500000000e+05
-1.085572734375000000e+05
-1.085577031250000000e+05
-1.085525781250000000e+05
-1.085576640625000000e+05
-1.085566562500000000e+05
-1.085576718750000000e+05
-1.085576250000000000e+05
-1.085575312500000000e+05
-1.085558125000000000e+05
-1.085572656250000000e+05
-1.085573437500000000e+05
-1.085565781250000000e+05
-1.085557968750000000e+05
-1.085577812500000000e+05
-1.085551250000000000e+05
-1.085549531250000000e+05
-1.085576562500000000e+05
-1.085552031250000000e+05
-1.085568593750000000e+05
-1.085564296875000000e+05
-1.085577734375000000e+05
-1.085574375000000000e+05
-1.085566718750000000e+05
-1.085552656250000000e+05
-1.085566406250000000e+05
-1.085575937500000000e+05
-1.085576093750000000e+05
-1.085576640625000000e+05
-1.085577812500000000e+05
-1.085540546875000000e+05
-1.085572187500000000e+05
-1.085559687500000000e+05
-1.085539531250000000e+05
-1.085578046875000000e+05
-1.085573046875000000e+05
-1.085572421875000000e+05
-1.085577734375000000e+05
-1.085578046875000000e+05
-1.085564453125000000e+05
-1.085577343750000000e+05
-1.085573750000000000e+05
-1.085557656250000000e+05
-1.085572812500000000e+05
-1.085576562500000000e+05
-1.085565000000000000e+05
-1.085577968750000000e+05
-1.085570156250000000e+05
-1.085567265625000000e+05
-1.085576796875000000e+05
-1.085537031250000000e+05
-1.085572109375000000e+05
-1.085576562500000000e+05
-1.085576796875000000e+05
-1.085569843750000000e+05
-1.085573125000000000e+05
-1.085575312500000000e+05
-1.085577968750000000e+05
-1.085555859375000000e+05
-1.085572343750000000e+05
-1.085565703125000000e+05
-1.085577656250000000e+05
-1.085561796875000000e+05
-1.085578046875000000e+05
-1.085546562500000000e+05
-1.085574140625000000e+05
-1.085560937500000000e+05
-1.085569218750000000e+05
-1.085539531250000000e+05
-1.085577812500000000e+05
-1.085518906250000000e+05
-1.085533906250000000e+05
-1.085575625000000000e+05
-1.085577890625000000e+05
-1.085561562500000000e+05
-1.085575937500000000e+05
-1.085577187500000000e+05
-1.085562500000000000e+05
-1.085577031250000000e+05
-1.085563593750000000e+05
-1.085574062500000000e+05
-1.085572343750000000e+05
-1.085574218750000000e+05
-1.085571093750000000e+05
-1.085565937500000000e+05
-1.085510781250000000e+05
-1.085577421875000000e+05
-1.085577968750000000e+05
-1.085510078125000000e+05
-1.085576562500000000e+05
-1.085576171875000000e+05
-1.085558906250000000e+05
-1.085562031250000000e+05
-1.085556093750000000e+05
-1.085573359375000000e+05
-1.085564531250000000e+05
-1.085576953125000000e+05
-1.085572109375000000e+05
-1.085577812500000000e+05
-1.085575625000000000e+05
-1.085551406250000000e+05
-1.085577578125000000e+05
-1.085569921875000000e+05
-1.085564062500000000e+05
-1.085557890625000000e+05
-1.085555546875000000e+05
-1.085574062500000000e+05
-1.085577968750000000e+05
-1.085569062500000000e+05
-1.085577812500000000e+05
-1.085499140625000000e+05
-1.085562421875000000e+05
-1.085568515625000000e+05
-1.085574687500000000e+05
-1.085576953125000000e+05
-1.085576718750000000e+05
-1.085542031250000000e+05
-1.085577890625000000e+05
-1.085575312500000000e+05
-1.085539453125000000e+05
-1.085577890625000000e+05
-1.085577734375000000e+05
-1.085570625000000000e+05
-1.085559687500000000e+05
-1.085560625000000000e+05
-1.085575937500000000e+05
-1.085577421875000000e+05
-1.085575625000000000e+05
-1.085568437500000000e+05
-1.085575312500000000e+05
-1.085574062500000000e+05
-1.085572343750000000e+05
-1.085577734375000000e+05
-1.085569062500000000e+05
-1.085573203125000000e+05
-1.085573828125000000e+05
-1.085575703125000000e+05
-1.085577187500000000e+05
-1.085573125000000000e+05
-1.085567187500000000e+05
-1.085575781250000000e+05
-1.085570781250000000e+05
-1.085557890625000000e+05
-1.085545312500000000e+05
-1.085566953125000000e+05
-1.085540312500000000e+05
-1.085570625000000000e+05
-1.085576796875000000e+05
-1.085576015625000000e+05
-1.085577812500000000e+05
-1.085574218750000000e+05
-1.085575546875000000e+05
-1.085573281250000000e+05
-1.085577031250000000e+05
-1.085577734375000000e+05
-1.085574531250000000e+05
-1.085577890625000000e+05
-1.085576640625000000e+05
-1.085573203125000000e+05
-1.085570312500000000e+05
-1.085577187500000000e+05
-1.085577890625000000e+05
-1.085541250000000000e+05
-1.085577890625000000e+05
-1.085564531250000000e+05
-1.085552500000000000e+05
-1.085573281250000000e+05
-1.085571875000000000e+05
-1.085574062500000000e+05
-1.085577812500000000e+05
-1.085576562500000000e+05
-1.085569843750000000e+05
-1.085564375000000000e+05
-1.085570312500000000e+05
-1.085562734375000000e+05
-1.085572968750000000e+05
-1.085572500000000000e+05
-1.085577031250000000e+05
-1.085571640625000000e+05
-1.085577031250000000e+05
-1.085538906250000000e+05
-1.085577812500000000e+05
-1.085568437500000000e+05
-1.085576562500000000e+05
-1.085572656250000000e+05
-1.085564765625000000e+05
-1.085568125000000000e+05
-1.085577500000000000e+05
-1.085571640625000000e+05
-1.085545312500000000e+05
-1.085570625000000000e+05
-1.085577187500000000e+05
-1.085577187500000000e+05
-1.085565468750000000e+05
-1.085563984375000000e+05
-1.085577812500000000e+05
-1.085571953125000000e+05
-1.085540546875000000e+05
-1.085573281250000000e+05
-1.085575937500000000e+05
-1.085566250000000000e+05
-1.085566875000000000e+05
-1.085571406250000000e+05
-1.085572031250000000e+05
-1.085568437500000000e+05
-1.085572656250000000e+05
-1.085552031250000000e+05
-1.085532343750000000e+05
-1.085562578125000000e+05
-1.085576250000000000e+05
-1.085575234375000000e+05
-1.085577265625000000e+05
-1.085576875000000000e+05
-1.085575625000000000e+05
-1.085571484375000000e+05
-1.085575312500000000e+05
-1.085577812500000000e+05
-1.085577421875000000e+05
-1.085539062500000000e+05
-1.085571875000000000e+05
-1.085577812500000000e+05
-1.085562187500000000e+05
-1.085562343750000000e+05
-1.085571562500000000e+05
-1.085572812500000000e+05
-1.085565234375000000e+05
-1.085577734375000000e+05
-1.085577109375000000e+05
-1.085558046875000000e+05
-1.085576406250000000e+05
-1.085565781250000000e+05
-1.085569687500000000e+05
-1.085558828125000000e+05
-1.085558828125000000e+05
-1.085577968750000000e+05
-1.085542812500000000e+05
-1.085560000000000000e+05
-1.085544843750000000e+05
-1.085577734375000000e+05
-1.085577968750000000e+05
-1.085574218750000000e+05
-1.085576875000000000e+05
-1.085576015625000000e+05
-1.085575156250000000e+05
-1.085561328125000000e+05
-1.085573125000000000e+05
-1.085577812500000000e+05
-1.085577890625000000e+05
-1.085564765625000000e+05
-1.085577734375000000e+05
-1.085577343750000000e+05
-1.085537187500000000e+05
-1.085576796875000000e+05
-1.085572812500000000e+05
-1.085577968750000000e+05
-1.085574218750000000e+05
-1.085566406250000000e+05
-1.085575625000000000e+05
-1.085558125000000000e+05
-1.085577812500000000e+05
-1.085577890625000000e+05
-1.085575703125000000e+05
-1.085570156250000000e+05
-1.085577968750000000e+05
-1.085577187500000000e+05
-1.085576796875000000e+05
-1.085574921875000000e+05
-1.085577031250000000e+05
-1.085572812500000000e+05
-1.085576953125000000e+05
-1.085557812500000000e+05
-1.085568750000000000e+05
-1.085577656250000000e+05
-1.085577343750000000e+05
-1.085569140625000000e+05
-1.085577968750000000e+05
-1.085577265625000000e+05
-1.085547500000000000e+05
-1.085569218750000000e+05
-1.085569765625000000e+05
-1.085577343750000000e+05
-1.085576796875000000e+05
-1.085566875000000000e+05
-1.085571562500000000e+05
-1.085574843750000000e+05
-1.085575078125000000e+05
-1.085577890625000000e+05
-1.085569531250000000e+05
-1.085573281250000000e+05
-1.085573515625000000e+05
-1.085577343750000000e+05
-1.085573593750000000e+05
-1.085577343750000000e+05
-1.085554687500000000e+05
-1.085577812500000000e+05
-1.085574375000000000e+05
-1.085576562500000000e+05
-1.085576640625000000e+05
-1.085576718750000000e+05
-1.085546484375000000e+05
-1.085562031250000000e+05
-1.085571875000000000e+05
-1.085577343750000000e+05
-1.085566250000000000e+05
-1.085567500000000000e+05
-1.085571718750000000e+05
-1.085576171875000000e+05
-1.085565000000000000e+05
-1.085577656250000000e+05
-1.085521015625000000e+05
-1.085577968750000000e+05
-1.085576875000000000e+05
-1.085576875000000000e+05
-1.085574765625000000e+05
-1.085572812500000000e+05
-1.085574765625000000e+05
-1.085575937500000000e+05
-1.085562187500000000e+05
-1.085575703125000000e+05
-1.085577109375000000e+05
-1.085560312500000000e+05
-1.085575625000000000e+05
-1.085545546875000000e+05
-1.085571875000000000e+05
-1.085568203125000000e+05
-1.085532812500000000e+05
-1.085577421875000000e+05
-1.085577578125000000e+05
-1.085576250000000000e+05
-1.085570625000000000e+05
-1.085577968750000000e+05
-1.085575468750000000e+05
-1.085568437500000000e+05
-1.085577421875000000e+05
-1.085542890625000000e+05
-1.085541250000000000e+05
-1.085571718750000000e+05
-1.085577968750000000e+05
-1.085577812500000000e+05
-1.085577187500000000e+05
-1.085572031250000000e+05
-1.085576484375000000e+05
-1.085573828125000000e+05
-1.085550390625000000e+05
-1.085577890625000000e+05
-1.085567578125000000e+05
-1.085552812500000000e+05
-1.085575000000000000e+05
-1.085565000000000000e+05
-1.085575078125000000e+05
-1.085571250000000000e+05
-1.085576093750000000e+05
-1.085578046875000000e+05
-1.085566250000000000e+05
-1.085568984375000000e+05
-1.085577265625000000e+05
-1.085514765625000000e+05
-1.085525156250000000e+05
-1.085547500000000000e+05
-1.085562968750000000e+05
-1.085575859375000000e+05
-1.085531562500000000e+05
-1.085574218750000000e+05
-1.085564453125000000e+05
-1.085575703125000000e+05
-1.085571328125000000e+05
-1.085576718750000000e+05
-1.085565781250000000e+05
-1.085572812500000000e+05
-1.085575625000000000e+05
-1.085569375000000000e+05
-1.085577500000000000e+05
-1.085577812500000000e+05
-1.085576953125000000e+05
-1.085563828125000000e+05
-1.085577187500000000e+05
-1.085561406250000000e+05
-1.085575703125000000e+05
-1.085577968750000000e+05
-1.085577890625000000e+05
-1.085563984375000000e+05
-1.085540000000000000e+05
-1.085568593750000000e+05
-1.085577812500000000e+05
-1.085556640625000000e+05
-1.085573671875000000e+05
-1.085574531250000000e+05
-1.085547343750000000e+05
-1.085574062500000000e+05
-1.085575625000000000e+05
-1.085577968750000000e+05
-1.085575468750000000e+05
-1.085550468750000000e+05
-1.085527812500000000e+05
-1.085562187500000000e+05
-1.085566015625000000e+05
-1.085546171875000000e+05
-1.085577343750000000e+05
-1.085577968750000000e+05
-1.085577968750000000e+05
-1.085577343750000000e+05
-1.085570625000000000e+05
-1.085573593750000000e+05
-1.085563125000000000e+05
-1.085576093750000000e+05
-1.085577343750000000e+05
-1.085577968750000000e+05
-1.085567421875000000e+05
-1.085561250000000000e+05
-1.085576953125000000e+05
-1.085576953125000000e+05
-1.085575390625000000e+05
-1.085577812500000000e+05
-1.085557500000000000e+05
-1.085577968750000000e+05
-1.085542968750000000e+05
-1.085577812500000000e+05
-1.085572968750000000e+05
-1.085570156250000000e+05
-1.085577656250000000e+05
-1.085567031250000000e+05
-1.085577812500000000e+05
-1.085571171875000000e+05
-1.085576718750000000e+05
-1.085577656250000000e+05
-1.085572187500000000e+05
-1.085576484375000000e+05
-1.085575468750000000e+05
-1.085521015625000000e+05
-1.085562343750000000e+05
-1.085568125000000000e+05
-1.085569218750000000e+05
-1.085576562500000000e+05
-1.085561093750000000e+05
-1.085561562500000000e+05
-1.085576093750000000e+05
-1.085573828125000000e+05
-1.085573125000000000e+05
-1.085561953125000000e+05
-1.085576640625000000e+05
-1.085570937500000000e+05
-1.085572656250000000e+05
-1.085573593750000000e+05
-1.085549765625000000e+05
-1.085569843750000000e+05
-1.085577031250000000e+05
-1.085573437500000000e+05
-1.085574062500000000e+05
-1.085570390625000000e+05
-1.085577500000000000e+05
-1.085571640625000000e+05
-1.085569375000000000e+05
-1.085569453125000000e+05
-1.085497265625000000e+05
-1.085569765625000000e+05
-1.085577343750000000e+05
-1.085575781250000000e+05
-1.085557500000000000e+05
-1.085562265625000000e+05
-1.085575156250000000e+05
-1.085554218750000000e+05
-1.085555078125000000e+05
-1.085566406250000000e+05
-1.085576093750000000e+05
-1.085569843750000000e+05
-1.085576640625000000e+05
-1.085576250000000000e+05
-1.085565234375000000e+05
-1.085577500000000000e+05
-1.085561093750000000e+05
-1.085560234375000000e+05
-1.085575703125000000e+05
-1.085569375000000000e+05
-1.085560156250000000e+05
-1.085577968750000000e+05
-1.085572031250000000e+05
-1.085575468750000000e+05
-1.085566562500000000e+05
-1.085577109375000000e+05
-1.085559375000000000e+05
-1.085545468750000000e+05
-1.085549687500000000e+05
-1.085577734375000000e+05
-1.085558203125000000e+05
-1.085577187500000000e+05
-1.085574375000000000e+05
-1.085567500000000000e+05
-1.085574609375000000e+05
-1.085577265625000000e+05
-1.085577812500000000e+05
-1.085577812500000000e+05
-1.085577968750000000e+05
-1.085542031250000000e+05
-1.085575937500000000e+05
-1.085563906250000000e+05
-1.085567812500000000e+05
-1.085574375000000000e+05
-1.085577812500000000e+05
-1.085577968750000000e+05
-1.085539609375000000e+05
-1.085562656250000000e+05
-1.085572812500000000e+05
-1.085567187500000000e+05
-1.085553437500000000e+05
-1.085576328125000000e+05
-1.085570468750000000e+05
-1.085569609375000000e+05
-1.085568906250000000e+05
-1.085575156250000000e+05
-1.085575625000000000e+05
-1.085513906250000000e+05
-1.085571093750000000e+05
-1.085574375000000000e+05
-1.085573750000000000e+05
-1.085559375000000000e+05
-1.085577500000000000e+05
-1.085574921875000000e+05
-1.085542187500000000e+05
-1.085577343750000000e+05
-1.085577656250000000e+05
-1.085575859375000000e+05
-1.085577031250000000e+05
-1.085558593750000000e+05
-1.085577500000000000e+05
-1.085577343750000000e+05
-1.085573593750000000e+05
-1.085577265625000000e+05
-1.085508281250000000e+05
-1.085572968750000000e+05
-1.085574218750000000e+05
-1.085566796875000000e+05
-1.085575156250000000e+05
-1.085574218750000000e+05
-1.085577187500000000e+05
-1.085577812500000000e+05
-1.085564375000000000e+05
-1.085571093750000000e+05
-1.085556562500000000e+05
-1.085577578125000000e+05
-1.085575156250000000e+05
-1.085572500000000000e+05
-1.085568281250000000e+05
-1.085577812500000000e+05
-1.085574609375000000e+05
-1.085551093750000000e+05
-1.085570078125000000e+05
-1.085559687500000000e+05
-1.085565937500000000e+05
-1.085575937500000000e+05
-1.085566718750000000e+05
-1.085568125000000000e+05
-1.085576796875000000e+05
-1.085570781250000000e+05
-1.085567031250000000e+05
-1.085575312500000000e+05
-1.085576562500000000e+05
-1.085550156250000000e+05
-1.085577265625000000e+05
-1.085567812500000000e+05
-1.085569765625000000e+05
-1.085531875000000000e+05
-1.085576484375000000e+05
-1.085577343750000000e+05
-1.085505156250000000e+05
-1.085577812500000000e+05
-1.085525000000000000e+05
-1.085576484375000000e+05
-1.085563437500000000e+05
-1.085565000000000000e+05
-1.085565390625000000e+05
-1.085576093750000000e+05
-1.085577421875000000e+05
-1.085576406250000000e+05
-1.085573203125000000e+05
-1.085569218750000000e+05
-1.085573593750000000e+05
-1.085575468750000000e+05
-1.085575000000000000e+05
-1.085574531250000000e+05
-1.085562265625000000e+05
-1.085577031250000000e+05
-1.085557343750000000e+05
-1.085577656250000000e+05
-1.085556718750000000e+05
-1.085577265625000000e+05
-1.085576718750000000e+05
-1.085575703125000000e+05
-1.085577500000000000e+05
-1.085567968750000000e+05
-1.085577500000000000e+05
-1.085574609375000000e+05
-1.085565000000000000e+05
-1.085565468750000000e+05
-1.085572500000000000e+05
-1.085577109375000000e+05
-1.085575937500000000e+05
-1.085573671875000000e+05
-1.085552421875000000e+05
-1.085575468750000000e+05
-1.085577812500000000e+05
-1.085534687500000000e+05
-1.085553750000000000e+05
-1.085577812500000000e+05
-1.085577265625000000e+05
-1.085562031250000000e+05
-1.085562968750000000e+05
-1.085569687500000000e+05
-1.085567968750000000e+05
-1.085571640625000000e+05
-1.085577812500000000e+05
-1.085577890625000000e+05
-1.085574687500000000e+05
-1.085576406250000000e+05
-1.085574296875000000e+05
-1.085574609375000000e+05
-1.085577812500000000e+05
-1.085574687500000000e+05
-1.085566250000000000e+05
-1.085552812500000000e+05
-1.085577812500000000e+05
-1.085576718750000000e+05
-1.085552968750000000e+05
-1.085573437500000000e+05
-1.085575937500000000e+05
-1.085567968750000000e+05
-1.085577500000000000e+05
-1.085540234375000000e+05
-1.085577890625000000e+05
-1.085539296875000000e+05
-1.085559296875000000e+05
-1.085576250000000000e+05
-1.085574218750000000e+05
-1.085570937500000000e+05
-1.085556406250000000e+05
-1.085577109375000000e+05
-1.085573281250000000e+05
-1.085575312500000000e+05
-1.085576484375000000e+05
-1.085571718750000000e+05
-1.085573515625000000e+05
-1.085574531250000000e+05
-1.085577812500000000e+05
-1.085569687500000000e+05
-1.085574921875000000e+05
-1.085566171875000000e+05
-1.085577968750000000e+05
-1.085575312500000000e+05
-1.085566718750000000e+05
-1.085571484375000000e+05
-1.085574218750000000e+05
-1.085559687500000000e+05
-1.085546875000000000e+05
-1.085570859375000000e+05
-1.085573750000000000e+05
-1.085564843750000000e+05
-1.085570156250000000e+05
-1.085569687500000000e+05
-1.085559531250000000e+05
-1.085577968750000000e+05
-1.085577968750000000e+05
-1.085577890625000000e+05
-1.085565234375000000e+05
-1.085573359375000000e+05
-1.085569531250000000e+05
-1.085573359375000000e+05
-1.085551406250000000e+05
-1.085549687500000000e+05
-1.085563125000000000e+05
-1.085575234375000000e+05
-1.085550625000000000e+05
-1.085571484375000000e+05
-1.085577656250000000e+05
-1.085577187500000000e+05
-1.085577890625000000e+05
-1.085574062500000000e+05
-1.085577109375000000e+05
-1.085552968750000000e+05
-1.085567343750000000e+05
-1.085565703125000000e+05
-1.085574687500000000e+05
-1.085577890625000000e+05
-1.085508515625000000e+05
-1.085503437500000000e+05
-1.085576562500000000e+05
-1.085576328125000000e+05
-1.085540546875000000e+05
-1.085560781250000000e+05
-1.085573750000000000e+05
-1.085564296875000000e+05
-1.085575390625000000e+05
-1.085573515625000000e+05
-1.085573515625000000e+05
-1.085577890625000000e+05
-1.085572265625000000e+05
-1.085575937500000000e+05
-1.085570312500000000e+05
-1.085567343750000000e+05
-1.085573046875000000e+05
-1.085577812500000000e+05
-1.085577656250000000e+05
-1.085574062500000000e+05
-1.085551406250000000e+05
-1.085570390625000000e+05
-1.085577187500000000e+05
-1.085577421875000000e+05
-1.085577890625000000e+05
-1.085577812500000000e+05
-1.085577343750000000e+05
-1.085570468750000000e+05
-1.085577968750000000e+05
-1.085577734375000000e+05
-1.085577734375000000e+05
-1.085560859375000000e+05
-1.085563828125000000e+05
-1.085577812500000000e+05
-1.085567656250000000e+05
-1.085575312500000000e+05
-1.085572656250000000e+05
-1.085575312500000000e+05
-1.085517578125000000e+05
-1.085568125000000000e+05
-1.085577812500000000e+05
-1.085574531250000000e+05
-1.085569140625000000e+05
-1.085577968750000000e+05
-1.085576796875000000e+05
-1.085570156250000000e+05
-1.085577968750000000e+05
-1.085538593750000000e+05
-1.085577968750000000e+05
-1.085546875000000000e+05
-1.085570390625000000e+05
-1.085570859375000000e+05
-1.085576406250000000e+05
-1.085575781250000000e+05
-1.085576328125000000e+05
-1.085534062500000000e+05
-1.085568671875000000e+05
-1.085576640625000000e+05
-1.085548437500000000e+05
-1.085569218750000000e+05
-1.085555156250000000e+05
-1.085549062500000000e+05
-1.085575234375000000e+05
-1.085577421875000000e+05
-1.085574296875000000e+05
-1.085570000000000000e+05
-1.085571406250000000e+05
-1.085564375000000000e+05
-1.085577265625000000e+05
-1.085549218750000000e+05
-1.085575234375000000e+05
-1.085555859375000000e+05
-1.085568046875000000e+05
-1.085576562500000000e+05
-1.085564375000000000e+05
-1.085574062500000000e+05
-1.085577500000000000e+05
-1.085577968750000000e+05
-1.085577109375000000e+05
-1.085562734375000000e+05
-1.085574062500000000e+05
-1.085575625000000000e+05
-1.085577031250000000e+05
-1.085533828125000000e+05
-1.085577890625000000e+05
-1.085571093750000000e+05
-1.085577031250000000e+05
-1.085577968750000000e+05
-1.085571406250000000e+05
-1.085547187500000000e+05
-1.085576796875000000e+05
-1.085557265625000000e+05
-1.085577812500000000e+05
-1.085577812500000000e+05
-1.085450078125000000e+05
-1.085576171875000000e+05
-1.085572421875000000e+05
-1.085575781250000000e+05
-1.085577500000000000e+05
-1.085566406250000000e+05
-1.085577968750000000e+05
-1.085549531250000000e+05
-1.085576406250000000e+05
-1.085574375000000000e+05
-1.085555468750000000e+05
-1.085577968750000000e+05
-1.085571640625000000e+05
-1.085570390625000000e+05
-1.085577500000000000e+05
-1.085574296875000000e+05
-1.085577812500000000e+05
-1.085577031250000000e+05
-1.085527656250000000e+05
-1.085577109375000000e+05
-1.085573984375000000e+05
-1.085577968750000000e+05
-1.085566796875000000e+05
-1.085576328125000000e+05
-1.085576796875000000e+05
-1.085576406250000000e+05
-1.085561015625000000e+05
-1.085561015625000000e+05
-1.085570937500000000e+05
-1.085568906250000000e+05
-1.085577109375000000e+05
-1.085576875000000000e+05
-1.085565312500000000e+05
-1.085573671875000000e+05
-1.085576953125000000e+05
-1.085572656250000000e+05
-1.085570156250000000e+05
-1.085555390625000000e+05
-1.085574687500000000e+05
-1.085569531250000000e+05
-1.085564921875000000e+05
-1.085577890625000000e+05
-1.085540156250000000e+05
-1.085572656250000000e+05
-1.085558906250000000e+05
-1.085555859375000000e+05
-1.085571640625000000e+05
-1.085566718750000000e+05
-1.085567343750000000e+05
-1.085548750000000000e+05
-1.085577421875000000e+05
-1.085566406250000000e+05
-1.085565468750000000e+05
-1.085551953125000000e+05
-1.085575703125000000e+05
-1.085518828125000000e+05
-1.085572031250000000e+05
-1.085574609375000000e+05
-1.085574062500000000e+05
-1.085557109375000000e+05
-1.085560546875000000e+05
-1.085556562500000000e+05
-1.085576718750000000e+05
-1.085572812500000000e+05
-1.085576406250000000e+05
-1.085562656250000000e+05
-1.085577656250000000e+05
-1.085559375000000000e+05
-1.085571328125000000e+05
-1.085577890625000000e+05
-1.085577500000000000e+05
-1.085534609375000000e+05
-1.085577343750000000e+05
-1.085565468750000000e+05
-1.085553281250000000e+05
-1.085573125000000000e+05
-1.085499453125000000e+05
-1.085570625000000000e+05
-1.085572968750000000e+05
-1.085553437500000000e+05
-1.085527578125000000e+05
-1.085575937500000000e+05
-1.085552500000000000e+05
-1.085575156250000000e+05
-1.085576953125000000e+05
-1.085569609375000000e+05
-1.085575625000000000e+05
-1.085540625000000000e+05
-1.085566171875000000e+05
-1.085540000000000000e+05
-1.085533828125000000e+05
-1.085573906250000000e+05
-1.085564765625000000e+05
-1.085557031250000000e+05
-1.085577265625000000e+05
-1.085577656250000000e+05
-1.085575390625000000e+05
-1.085575937500000000e+05
-1.085576562500000000e+05
-1.085577500000000000e+05
-1.085577187500000000e+05
-1.085577187500000000e+05
-1.085575937500000000e+05
-1.085574609375000000e+05
-1.085549062500000000e+05
-1.085574453125000000e+05
-1.085575625000000000e+05
-1.085575000000000000e+05
-1.085573906250000000e+05
-1.085576875000000000e+05
-1.085561093750000000e+05
-1.085561406250000000e+05
-1.085561796875000000e+05
-1.085572187500000000e+05
-1.085573593750000000e+05
-1.085577812500000000e+05
-1.085563281250000000e+05
-1.085568125000000000e+05
-1.085577109375000000e+05
-1.085576953125000000e+05
-1.085577968750000000e+05
-1.085575156250000000e+05
-1.085577656250000000e+05
-1.085577578125000000e+05
-1.085564687500000000e+05
-1.085573281250000000e+05
-1.085564765625000000e+05
-1.085577656250000000e+05
-1.085573593750000000e+05
-1.085563281250000000e+05
-1.085577890625000000e+05
-1.085514687500000000e+05
-1.085563203125000000e+05
-1.085522109375000000e+05
-1.085538750000000000e+05
-1.085577968750000000e+05
-1.085565625000000000e+05
-1.085552031250000000e+05
-1.085574375000000000e+05
-1.085577656250000000e+05
-1.085552031250000000e+05
-1.085552656250000000e+05
-1.085574687500000000e+05
-1.085558906250000000e+05
-1.085577265625000000e+05
-1.085577734375000000e+05
-1.085565937500000000e+05
-1.085577968750000000e+05
-1.085555781250000000e+05
-1.085549375000000000e+05
-1.085566718750000000e+05
-1.085559375000000000e+05
-1.085574843750000000e+05
-1.085528437500000000e+05
-1.085572500000000000e+05
-1.085569921875000000e+05
-1.085571484375000000e+05
-1.085577812500000000e+05
-1.085564062500000000e+05
-1.085575000000000000e+05
-1.085560625000000000e+05
-1.085566093750000000e+05
-1.085571250000000000e+05
-1.085574140625000000e+05
-1.085515156250000000e+05
-1.085562968750000000e+05
-1.085568125000000000e+05
-1.085574453125000000e+05
-1.085575781250000000e+05
-1.085576484375000000e+05
-1.085577812500000000e+05
-1.085562187500000000e+05
-1.085575546875000000e+05
-1.085569921875000000e+05
-1.085575781250000000e+05
-1.085574296875000000e+05
-1.085577812500000000e+05
-1.085567500000000000e+05
-1.085535156250000000e+05
-1.085569140625000000e+05
-1.085574375000000000e+05
-1.085575312500000000e+05
-1.085552421875000000e+05
-1.085569531250000000e+05
-1.085568906250000000e+05
-1.085574765625000000e+05
-1.085577578125000000e+05
-1.085574062500000000e+05
-1.085577500000000000e+05
-1.085577656250000000e+05
-1.085577812500000000e+05
-1.085577890625000000e+05
-1.085571328125000000e+05
-1.085574062500000000e+05
-1.085571406250000000e+05
-1.085556250000000000e+05
-1.085575468750000000e+05
-1.085577890625000000e+05
-1.085576250000000000e+05
-1.085564531250000000e+05
-1.085575234375000000e+05
-1.085563750000000000e+05
-1.085537109375000000e+05
-1.085569140625000000e+05
-1.085577812500000000e+05
-1.085577812500000000e+05
-1.085564765625000000e+05
-1.085572968750000000e+05
-1.085570312500000000e+05
-1.085577812500000000e+05
-1.085505312500000000e+05
-1.085565937500000000e+05
-1.085577812500000000e+05
-1.085577031250000000e+05
-1.085578046875000000e+05
-1.085522890625000000e+05
-1.085577812500000000e+05
-1.085573671875000000e+05
-1.085575156250000000e+05
-1.085572343750000000e+05
-1.085566875000000000e+05
-1.085555625000000000e+05
-1.085577656250000000e+05
-1.085577578125000000e+05
-1.085572578125000000e+05
-1.085562500000000000e+05
-1.085563125000000000e+05
-1.085543750000000000e+05
-1.085575937500000000e+05
-1.085568046875000000e+05
-1.085577265625000000e+05
-1.085564296875000000e+05
-1.085577812500000000e+05
-1.085577343750000000e+05
-1.085577968750000000e+05
-1.085575312500000000e+05
-1.085577734375000000e+05
-1.085577578125000000e+05
-1.085577187500000000e+05
-1.085527968750000000e+05
-1.085577968750000000e+05
-1.085574375000000000e+05
-1.085567109375000000e+05
-1.085560156250000000e+05
-1.085564062500000000e+05
-1.085577734375000000e+05
-1.085573046875000000e+05
-1.085508125000000000e+05
-1.085573593750000000e+05
-1.085576640625000000e+05
-1.085577812500000000e+05
-1.085570781250000000e+05
-1.085570156250000000e+05
-1.085577968750000000e+05
-1.085575156250000000e+05
-1.085567343750000000e+05
-1.085570234375000000e+05
-1.085576640625000000e+05
-1.085575703125000000e+05
-1.085576328125000000e+05
-1.085568359375000000e+05
-1.085577109375000000e+05
-1.085575703125000000e+05
-1.085574765625000000e+05
-1.085577656250000000e+05
-1.085577343750000000e+05
-1.085577500000000000e+05
-1.085575234375000000e+05
-1.085577812500000000e+05
-1.085577968750000000e+05
-1.085576250000000000e+05
-1.085541718750000000e+05
-1.085576796875000000e+05
-1.085577968750000000e+05
-1.085575937500000000e+05
-1.085558359375000000e+05
-1.085574453125000000e+05
-1.085576640625000000e+05
-1.085577812500000000e+05
-1.085562578125000000e+05
-1.085576796875000000e+05
-1.085574375000000000e+05
-1.085555625000000000e+05
-1.085574531250000000e+05
-1.085561015625000000e+05
-1.085573750000000000e+05
-1.085548125000000000e+05
-1.085559765625000000e+05
-1.085564843750000000e+05
-1.085573359375000000e+05
-1.085574765625000000e+05
-1.085573906250000000e+05
-1.085543125000000000e+05
-1.085519531250000000e+05
-1.085572109375000000e+05
-1.085577812500000000e+05
-1.085566875000000000e+05
-1.085565859375000000e+05
-1.085559843750000000e+05
-1.085557890625000000e+05
-1.085567109375000000e+05
-1.085572343750000000e+05
-1.085569921875000000e+05
-1.085577421875000000e+05
-1.085556484375000000e+05
-1.085577031250000000e+05
-1.085575703125000000e+05
-1.085576171875000000e+05
-1.085567812500000000e+05
-1.085529140625000000e+05
-1.085577656250000000e+05
-1.085577734375000000e+05
-1.085571562500000000e+05
-1.085575781250000000e+05
-1.085577812500000000e+05
-1.085526562500000000e+05
-1.085573125000000000e+05
-1.085573437500000000e+05
-1.085577187500000000e+05
-1.085575390625000000e+05
-1.085575625000000000e+05
-1.085574687500000000e+05
-1.085548437500000000e+05
-1.085545703125000000e+05
-1.085554843750000000e+05
-1.085577578125000000e+05
-1.085571250000000000e+05
-1.085567812500000000e+05
-1.085576406250000000e+05
-1.085577500000000000e+05
-1.085546718750000000e+05
-1.085575156250000000e+05
-1.085562343750000000e+05
-1.085560156250000000e+05
-1.085577890625000000e+05
-1.085577500000000000e+05
-1.085575468750000000e+05
-1.085571796875000000e+05
-1.085565468750000000e+05
-1.085573750000000000e+05
-1.085577812500000000e+05
-1.085574062500000000e+05
-1.085568125000000000e+05
-1.085577812500000000e+05
-1.085545546875000000e+05
-1.085573984375000000e+05
-1.085577187500000000e+05
-1.085575781250000000e+05
-1.085540000000000000e+05
-1.085577812500000000e+05
-1.085575625000000000e+05
-1.085562187500000000e+05
-1.085569765625000000e+05
-1.085574843750000000e+05
-1.085569531250000000e+05
-1.085540546875000000e+05
-1.085569843750000000e+05
-1.085574218750000000e+05
-1.085577500000000000e+05
-1.085577187500000000e+05
-1.085575312500000000e+05
-1.085564843750000000e+05
-1.085575781250000000e+05
-1.085540078125000000e+05
-1.085573750000000000e+05
-1.085573906250000000e+05
-1.085577734375000000e+05
-1.085578046875000000e+05
-1.085576328125000000e+05
-1.085576640625000000e+05
-1.085546250000000000e+05
-1.085573125000000000e+05
-1.085575234375000000e+05
-1.085558437500000000e+05
-1.085549062500000000e+05
-1.085577656250000000e+05
-1.085576718750000000e+05
-1.085573281250000000e+05
-1.085553281250000000e+05
-1.085567968750000000e+05
-1.085577812500000000e+05
-1.085575625000000000e+05
-1.085575937500000000e+05
-1.085577500000000000e+05
-1.085572578125000000e+05
-1.085570156250000000e+05
-1.085559062500000000e+05
-1.085571250000000000e+05
-1.085573125000000000e+05
-1.085531875000000000e+05
-1.085568125000000000e+05
-1.085572578125000000e+05
-1.085570468750000000e+05
-1.085570390625000000e+05
-1.085575937500000000e+05
-1.085577812500000000e+05
-1.085576171875000000e+05
-1.085560312500000000e+05
-1.085573359375000000e+05
-1.085576328125000000e+05
-1.085570000000000000e+05
-1.085576562500000000e+05
-1.085547500000000000e+05
-1.085551250000000000e+05
-1.085562031250000000e+05
-1.085568437500000000e+05
-1.085540546875000000e+05
-1.085555156250000000e+05
-1.085574843750000000e+05
-1.085564531250000000e+05
-1.085544140625000000e+05
-1.085561250000000000e+05
-1.085577656250000000e+05
-1.085572578125000000e+05
-1.085577500000000000e+05
-1.085564531250000000e+05
-1.085565625000000000e+05
-1.085577500000000000e+05
-1.085576250000000000e+05
-1.085551640625000000e+05
-1.085548046875000000e+05
-1.085508437500000000e+05
-1.085572421875000000e+05
-1.085572187500000000e+05
-1.085573125000000000e+05
-1.085570312500000000e+05
-1.085573281250000000e+05
-1.085561406250000000e+05
-1.085576250000000000e+05
-1.085544140625000000e+05
-1.085576875000000000e+05
-1.085577421875000000e+05
-1.085556953125000000e+05
-1.085564453125000000e+05
-1.085578125000000000e+05
-1.085544687500000000e+05
-1.085578125000000000e+05
-1.085525468750000000e+05
-1.085565312500000000e+05
-1.085571640625000000e+05
-1.085577265625000000e+05
-1.085571875000000000e+05
-1.085562656250000000e+05
-1.085569687500000000e+05
-1.085551484375000000e+05
-1.085577968750000000e+05
-1.085573281250000000e+05
-1.085568125000000000e+05
-1.085574921875000000e+05
-1.085567500000000000e+05
-1.085577187500000000e+05
-1.085576640625000000e+05
-1.085562187500000000e+05
-1.085576796875000000e+05
-1.085571250000000000e+05
-1.085570468750000000e+05
-1.085510703125000000e+05
-1.085559375000000000e+05
-1.085577265625000000e+05
-1.085554765625000000e+05
-1.085563750000000000e+05
-1.085577656250000000e+05
-1.085571406250000000e+05
-1.085576093750000000e+05
-1.085549609375000000e+05
-1.085567890625000000e+05
-1.085576718750000000e+05
-1.085568281250000000e+05
-1.085573359375000000e+05
-1.085577578125000000e+05
-1.085577343750000000e+05
-1.085577031250000000e+05
-1.085576328125000000e+05
-1.085575156250000000e+05
-1.085523515625000000e+05
-1.085570156250000000e+05
-1.085577656250000000e+05
-1.085562812500000000e+05
-1.085569375000000000e+05
-1.085569218750000000e+05
-1.085576796875000000e+05
-1.085574921875000000e+05
-1.085577656250000000e+05
-1.085577500000000000e+05
-1.085572500000000000e+05
-1.085567578125000000e+05
-1.085525781250000000e+05
-1.085577890625000000e+05
-1.085568203125000000e+05
-1.085569609375000000e+05
-1.085567968750000000e+05
-1.085577968750000000e+05
-1.085575937500000000e+05
-1.085577890625000000e+05
-1.085574062500000000e+05
-1.085531562500000000e+05
-1.085575390625000000e+05
-1.085576406250000000e+05
-1.085577421875000000e+05
-1.085577500000000000e+05
-1.085577812500000000e+05
-1.085566093750000000e+05
-1.085567500000000000e+05
-1.085575312500000000e+05
-1.085577656250000000e+05
-1.085577968750000000e+05
-1.085576953125000000e+05
-1.085560312500000000e+05
-1.085577421875000000e+05
-1.085573125000000000e+05
-1.085577656250000000e+05
-1.085577968750000000e+05
-1.085577031250000000e+05
-1.085577968750000000e+05
-1.085577187500000000e+05
-1.085569375000000000e+05
-1.085577656250000000e+05
-1.085574687500000000e+05
-1.085577031250000000e+05
-1.085559218750000000e+05
-1.085538906250000000e+05
-1.085576171875000000e+05
-1.085570000000000000e+05
-1.085577968750000000e+05
-1.085577578125000000e+05
-1.085577500000000000e+05
-1.085577656250000000e+05
-1.085575156250000000e+05
-1.085570937500000000e+05
-1.085565859375000000e+05
-1.085577968750000000e+05
-1.085552734375000000e+05
-1.085543750000000000e+05
-1.085570546875000000e+05
-1.085562968750000000e+05
-1.085557031250000000e+05
-1.085573281250000000e+05
-1.085566406250000000e+05
-1.085572031250000000e+05
-1.085576562500000000e+05
-1.085577031250000000e+05
-1.085573359375000000e+05
-1.085577187500000000e+05
-1.085575625000000000e+05
-1.085575156250000000e+05
-1.085577031250000000e+05
-1.085564921875000000e+05
-1.085577421875000000e+05
-1.085571718750000000e+05
-1.085569453125000000e+05
-1.085573437500000000e+05
-1.085577656250000000e+05
-1.085571562500000000e+05
-1.085555078125000000e+05
-1.085570937500000000e+05
-1.085578125000000000e+05
-1.085560625000000000e+05
-1.085564531250000000e+05
-1.085571484375000000e+05
-1.085543750000000000e+05
-1.085535390625000000e+05
-1.085573437500000000e+05
-1.085577656250000000e+05
-1.085577812500000000e+05
-1.085577343750000000e+05
-1.085577812500000000e+05
-1.085566328125000000e+05
-1.085553281250000000e+05
-1.085561718750000000e+05
-1.085570312500000000e+05
-1.085573593750000000e+05
-1.085536562500000000e+05
-1.085569687500000000e+05
-1.085559531250000000e+05
-1.085502031250000000e+05
-1.085570625000000000e+05
-1.085577656250000000e+05
-1.085548437500000000e+05
-1.085569296875000000e+05
-1.085563671875000000e+05
-1.085574921875000000e+05
-1.085577812500000000e+05
-1.085577890625000000e+05
-1.085569843750000000e+05
-1.085577421875000000e+05
-1.085570000000000000e+05
-1.085577734375000000e+05
-1.085577734375000000e+05
-1.085577968750000000e+05
-1.085569609375000000e+05
-1.085555312500000000e+05
-1.085571015625000000e+05
-1.085577343750000000e+05
-1.085577812500000000e+05
-1.085577656250000000e+05
-1.085557187500000000e+05
-1.085577812500000000e+05
-1.085577031250000000e+05
-1.085564843750000000e+05
-1.085530625000000000e+05
-1.085568750000000000e+05
-1.085564531250000000e+05
-1.085559296875000000e+05
-1.085577812500000000e+05
-1.085571640625000000e+05
-1.085576562500000000e+05
-1.085574843750000000e+05
-1.085576250000000000e+05
-1.085577656250000000e+05
-1.085577500000000000e+05
-1.085570078125000000e+05
-1.085574687500000000e+05
-1.085575937500000000e+05
-1.085577812500000000e+05
-1.085575703125000000e+05
-1.085577968750000000e+05
-1.085577656250000000e+05
-1.085573593750000000e+05
-1.085576718750000000e+05
-1.085574531250000000e+05
-1.085524062500000000e+05
-1.085576875000000000e+05
-1.085551875000000000e+05
-1.085575078125000000e+05
-1.085574921875000000e+05
-1.085576875000000000e+05
-1.085577812500000000e+05
-1.085573437500000000e+05
-1.085557343750000000e+05
-1.085567578125000000e+05
-1.085572343750000000e+05
-1.085577890625000000e+05
-1.085577968750000000e+05
-1.085574843750000000e+05
-1.085577265625000000e+05
-1.085576875000000000e+05
-1.085573046875000000e+05
-1.085549921875000000e+05
-1.085537343750000000e+05
-1.085569062500000000e+05
-1.085577500000000000e+05
-1.085555000000000000e+05
-1.085577500000000000e+05
-1.085561406250000000e+05
-1.085569687500000000e+05
-1.085576875000000000e+05
-1.085576093750000000e+05
-1.085561250000000000e+05
-1.085556171875000000e+05
-1.085558437500000000e+05
-1.085544140625000000e+05
-1.085564062500000000e+05
-1.085567578125000000e+05
-1.085562656250000000e+05
-1.085544218750000000e+05
-1.085576250000000000e+05
-1.085565781250000000e+05
-1.085515000000000000e+05
-1.085568984375000000e+05
-1.085577734375000000e+05
-1.085532109375000000e+05
-1.085574453125000000e+05
-1.085567187500000000e+05
-1.085556250000000000e+05
-1.085563906250000000e+05
-1.085553281250000000e+05
-1.085564843750000000e+05
-1.085571093750000000e+05
-1.085571718750000000e+05
-1.085568593750000000e+05
-1.085561796875000000e+05
-1.085575312500000000e+05
-1.085568671875000000e+05
-1.085577187500000000e+05
-1.085577812500000000e+05
-1.085575625000000000e+05
-1.085576171875000000e+05
-1.085575703125000000e+05
-1.085573750000000000e+05
-1.085555156250000000e+05
-1.085577343750000000e+05
-1.085575468750000000e+05
-1.085558125000000000e+05
-1.085576562500000000e+05
-1.085577343750000000e+05
-1.085573828125000000e+05
-1.085577968750000000e+05
-1.085576953125000000e+05
-1.085575234375000000e+05
-1.085577890625000000e+05
-1.085536406250000000e+05
-1.085559062500000000e+05
-1.085566406250000000e+05
-1.085577656250000000e+05
-1.085552187500000000e+05
-1.085522968750000000e+05
-1.085573984375000000e+05
-1.085524062500000000e+05
-1.085573125000000000e+05
-1.085566406250000000e+05
-1.085571640625000000e+05
-1.085571093750000000e+05
-1.085577734375000000e+05
-1.085577500000000000e+05
-1.085558906250000000e+05
-1.085544140625000000e+05
-1.085575468750000000e+05
-1.085569453125000000e+05
-1.085575156250000000e+05
-1.085574531250000000e+05
-1.085577890625000000e+05
-1.085576406250000000e+05
-1.085573515625000000e+05
-1.085577812500000000e+05
-1.085555156250000000e+05
-1.085560937500000000e+05
-1.085576640625000000e+05
-1.085577734375000000e+05
-1.085575468750000000e+05
-1.085574609375000000e+05
-1.085571484375000000e+05
-1.085544140625000000e+05
-1.085560000000000000e+05
-1.085577500000000000e+05
-1.085572734375000000e+05
-1.085573125000000000e+05
-1.085572265625000000e+05
-1.085577734375000000e+05
-1.085574843750000000e+05
-1.085577890625000000e+05
-1.085570390625000000e+05
-1.085577968750000000e+05
-1.085559843750000000e+05
-1.085569453125000000e+05
-1.085575390625000000e+05
-1.085567343750000000e+05
-1.085534531250000000e+05
-1.085555468750000000e+05
-1.085575625000000000e+05
-1.085572968750000000e+05
-1.085566953125000000e+05
-1.085577890625000000e+05
-1.085575312500000000e+05
-1.085558593750000000e+05
-1.085576171875000000e+05
-1.085570156250000000e+05
-1.085575546875000000e+05
-1.085577421875000000e+05
-1.085576953125000000e+05
-1.085577656250000000e+05
-1.085577578125000000e+05
-1.085572812500000000e+05
-1.085563984375000000e+05
-1.085573593750000000e+05
-1.085572656250000000e+05
-1.085574531250000000e+05
-1.085565468750000000e+05
-1.085571875000000000e+05
-1.085569921875000000e+05
-1.085555937500000000e+05
-1.085577031250000000e+05
-1.085576250000000000e+05
-1.085570234375000000e+05
-1.085577812500000000e+05
-1.085577421875000000e+05
-1.085577187500000000e+05
-1.085577578125000000e+05
-1.085573437500000000e+05
-1.085534843750000000e+05
-1.085571328125000000e+05
-1.085555937500000000e+05
-1.085541093750000000e+05
-1.085574921875000000e+05
-1.085550468750000000e+05
-1.085575937500000000e+05
-1.085548515625000000e+05
-1.085577656250000000e+05
-1.085573828125000000e+05
-1.085570468750000000e+05
-1.085577812500000000e+05
-1.085569375000000000e+05
-1.085570000000000000e+05
-1.085542578125000000e+05
-1.085578125000000000e+05
-1.085577734375000000e+05
-1.085568515625000000e+05
-1.085572968750000000e+05
-1.085577656250000000e+05
-1.085572343750000000e+05
-1.085540546875000000e+05
-1.085577734375000000e+05
-1.085570625000000000e+05
-1.085566328125000000e+05
-1.085568281250000000e+05
-1.085577031250000000e+05
-1.085575390625000000e+05
-1.085555859375000000e+05
-1.085518750000000000e+05
-1.085573359375000000e+05
-1.085574062500000000e+05
-1.085551406250000000e+05
-1.085577890625000000e+05
-1.085546562500000000e+05
-1.085577031250000000e+05
-1.085575156250000000e+05
-1.085562734375000000e+05
-1.085574062500000000e+05
-1.085570000000000000e+05
-1.085564687500000000e+05
-1.085545312500000000e+05
-1.085577890625000000e+05
-1.085577968750000000e+05
-1.085576250000000000e+05
-1.085577734375000000e+05
-1.085556093750000000e+05
-1.085577968750000000e+05
-1.085574765625000000e+05
-1.085573359375000000e+05
-1.085573906250000000e+05
-1.085570546875000000e+05
-1.085572656250000000e+05
-1.085572031250000000e+05
-1.085567968750000000e+05
-1.085577968750000000e+05
-1.085577500000000000e+05
-1.085576015625000000e+05
-1.085550468750000000e+05
-1.085576250000000000e+05
-1.085577500000000000e+05
-1.085571953125000000e+05
-1.085573203125000000e+05
-1.085534062500000000e+05
-1.085561250000000000e+05
-1.085574843750000000e+05
-1.085577812500000000e+05
-1.085577968750000000e+05
-1.085577968750000000e+05
-1.085577500000000000e+05
-1.085577968750000000e+05
-1.085577656250000000e+05
-1.085568906250000000e+05
-1.085577500000000000e+05
-1.085568046875000000e+05
-1.085561328125000000e+05
-1.085575546875000000e+05
-1.085577812500000000e+05
-1.085577578125000000e+05
-1.085577187500000000e+05
-1.085576640625000000e+05
-1.085577578125000000e+05
-1.085575468750000000e+05
-1.085575468750000000e+05
-1.085561328125000000e+05
-1.085561484375000000e+05
-1.085577031250000000e+05
-1.085551406250000000e+05
-1.085577187500000000e+05
-1.085554687500000000e+05
-1.085553593750000000e+05
-1.085576015625000000e+05
-1.085571640625000000e+05
-1.085575312500000000e+05
-1.085574843750000000e+05
-1.085576796875000000e+05
-1.085557187500000000e+05
-1.085570000000000000e+05
-1.085539843750000000e+05
-1.085578125000000000e+05
-1.085569453125000000e+05
-1.085570937500000000e+05
-1.085574921875000000e+05
-1.085571640625000000e+05
-1.085571640625000000e+05
-1.085574296875000000e+05
-1.085576328125000000e+05
-1.085575937500000000e+05
-1.085575312500000000e+05
-1.085576250000000000e+05
-1.085574765625000000e+05
-1.085577734375000000e+05
-1.085577656250000000e+05
-1.085564296875000000e+05
-1.085575468750000000e+05
-1.085570312500000000e+05
-1.085570546875000000e+05
-1.085575468750000000e+05
-1.085577890625000000e+05
-1.085553593750000000e+05
-1.085577265625000000e+05
-1.085575390625000000e+05
-1.085569609375000000e+05
-1.085577812500000000e+05
-1.085572343750000000e+05
