# Variable: A_0
# Sample shape: (2500,)
# Date: 2018-11-20 23:39:51.479263
1.760056564537542201e+01
1.763023833264516327e+01
1.750455095333730782e+01
1.765445915575058677e+01
1.743367760153138235e+01
1.735913581246439819e+01
1.748618236051353847e+01
1.766056662793259235e+01
1.753631007445176593e+01
1.762609533063201539e+01
1.760483152223283909e+01
1.747864400389358153e+01
1.738875983272853176e+01
1.760099487186131384e+01
1.761259541998906997e+01
1.756184607687903565e+01
1.754390426652942025e+01
1.752596437600342583e+01
1.758005533218890548e+01
1.765853614895067025e+01
1.759235759500814567e+01
1.752826692934938890e+01
1.767631508259762185e+01
1.754621420012668409e+01
1.752963951537708809e+01
1.749502209856521162e+01
1.772372481193603022e+01
1.761990910914759922e+01
1.765290306990617708e+01
1.753660449197331062e+01
1.763871609604690249e+01
1.752054175477812947e+01
1.775949002074259298e+01
1.753758630134440466e+01
1.757027359393402932e+01
1.746995694604139615e+01
1.754343285830753985e+01
1.769102301138311972e+01
1.747929979669890344e+01
1.772240753653040812e+01
1.753770210998310475e+01
1.760755719455586288e+01
1.760078412647132495e+01
1.758108558674370414e+01
1.764322218840806400e+01
1.780005340313131157e+01
1.764626432357533758e+01
1.745245927609423475e+01
1.755035129266300586e+01
1.761777167383430509e+01
1.759451769606037175e+01
1.766637607301960600e+01
1.759321800724704232e+01
1.751359250710237347e+01
1.762508430502882462e+01
1.749417085981717435e+01
1.757131783831165350e+01
1.752569358451681936e+01
1.756297482263125431e+01
1.767427342589686745e+01
1.768477207696028586e+01
1.761021417963914004e+01
1.763780369249701252e+01
1.757283433700404274e+01
1.769379261771839040e+01
1.757558179933264597e+01
1.748936912293396517e+01
1.758926032062761280e+01
1.747839473766674345e+01
1.754310030863848979e+01
1.758904191971938502e+01
1.760254366688313254e+01
1.742394151213425246e+01
1.758124908468749936e+01
1.762547297211238373e+01
1.751734261885551192e+01
1.760926570950840642e+01
1.757092536687849815e+01
1.765219579992350418e+01
1.742592879142404882e+01
1.756016930111148966e+01
1.749693730039081885e+01
1.753778171833283750e+01
1.755014023499705900e+01
1.738040302201693521e+01
1.752903173535949577e+01
1.760351866412480248e+01
1.748639281446465432e+01
1.763055535012749431e+01
1.767740531248851710e+01
1.758993236639852142e+01
1.752027914641730533e+01
1.755816093227299035e+01
1.760673051139829681e+01
1.756894992419575630e+01
1.767426845521621104e+01
1.781219267294510900e+01
1.761216866419670168e+01
1.750858669168092163e+01
1.761992488271802415e+01
1.757834668639390685e+01
1.758680667838276079e+01
1.765069125731801591e+01
1.761367122312256228e+01
1.751448152410197068e+01
1.752824443366470319e+01
1.750948556501086628e+01
1.761768877819584844e+01
1.761008093120891616e+01
1.759743726252403562e+01
1.767440307726045745e+01
1.768197070849081243e+01
1.761319547879203284e+01
1.760288146172425527e+01
1.780745727153090741e+01
1.768091929635846427e+01
1.766211298034729893e+01
1.760898427400885424e+01
1.750073396350043708e+01
1.753355801173543327e+01
1.766635828051208890e+01
1.759471507340909113e+01
1.748678156348273660e+01
1.748473398476305718e+01
1.753407715835882641e+01
1.761099149967417432e+01
1.771661182642851884e+01
1.747256758195016246e+01
1.765103746017007680e+01
1.761197263435478177e+01
1.763319816728264300e+01
1.772152636416616289e+01
1.763105024215769490e+01
1.772607337152486551e+01
1.774136020855031504e+01
1.764157340006627805e+01
1.761263097068524530e+01
1.758292289359474125e+01
1.745802184820085046e+01
1.753207769008719552e+01
1.769647205792859168e+01
1.764051799886169292e+01
1.778875249933551572e+01
1.743970224098994493e+01
1.768125482520559544e+01
1.757167539114872312e+01
1.760215753495081259e+01
1.752828338389849350e+01
1.761348644473287095e+01
1.760042056829357193e+01
1.767176369560081994e+01
1.746891776543787245e+01
1.760652989615200781e+01
1.746934091452223115e+01
1.766641583425072426e+01
1.745833927306088285e+01
1.748547028159762107e+01
1.758722713470636734e+01
1.762854178352652923e+01
1.766897176138927605e+01
1.759123973583479028e+01
1.754388761188252488e+01
1.751872998837944806e+01
1.751325843768389490e+01
1.752584592040307854e+01
1.756896102213135791e+01
1.756198519997582252e+01
1.758541566667234690e+01
1.766494661283726941e+01
1.759030659173973987e+01
1.754665151007755952e+01
1.761578444499430063e+01
1.767718235310398711e+01
1.762460201206818766e+01
1.775836604484649683e+01
1.756128950653340937e+01
1.758353070463422441e+01
1.767630394196459420e+01
1.765744083521185459e+01
1.757901577469076315e+01
1.762423984316534131e+01
1.763320550835402756e+01
1.772099992003258606e+01
1.758493452060199047e+01
1.766396649143873887e+01
1.762994560244088760e+01
1.761802831247815249e+01
1.744240763666102367e+01
1.752024853841573915e+01
1.765421514310119377e+01
1.761505104882768435e+01
1.753393787217356703e+01
1.759119066379438223e+01
1.763575614302745720e+01
1.772981320639270564e+01
1.753321961004516893e+01
1.768216897442601621e+01
1.749360058709519450e+01
1.757251076073508145e+01
1.770850422321047901e+01
1.756792552324073853e+01
1.752109934004101532e+01
1.758408490966814242e+01
1.747494161827616210e+01
1.765498278853861791e+01
1.750338011164730645e+01
1.764568509050605982e+01
1.754648962946580681e+01
1.767473644863935078e+01
1.749193923841769660e+01
1.760245712086066661e+01
1.761028233681543753e+01
1.764924668539435970e+01
1.765770625995976673e+01
1.756651654750238123e+01
1.758339388964798289e+01
1.757245909272058171e+01
1.761243967201171756e+01
1.768110721343031244e+01
1.766690900632317351e+01
1.759183436655060007e+01
1.762930234968814602e+01
1.773338708227876737e+01
1.754456098949132326e+01
1.777033804725417099e+01
1.760641023649601067e+01
1.752363353081902986e+01
1.761990341658526305e+01
1.760513974866594467e+01
1.749497101830436208e+01
1.754419550778964165e+01
1.756267579631425590e+01
1.763161531454201025e+01
1.752078819349160810e+01
1.757785383183209404e+01
1.749787221359034106e+01
1.767089306125257764e+01
1.764850935451951486e+01
1.758691727926003523e+01
1.762648058861951128e+01
1.757677573480403055e+01
1.765875454349292184e+01
1.744792082601667360e+01
1.734159815369768509e+01
1.751250100223117911e+01
1.766973048140512148e+01
1.757032475638620639e+01
1.749582556515772680e+01
1.756402508903197202e+01
1.751960381605493566e+01
1.768059798554659068e+01
1.762148481940935341e+01
1.776848506115709370e+01
1.755623320954261501e+01
1.772800704893282742e+01
1.755864537036959661e+01
1.752994683695830247e+01
1.759785695734482758e+01
1.757918204341738289e+01
1.767895514402592738e+01
1.758425244026174994e+01
1.758308061724244808e+01
1.765259024888893080e+01
1.760790777280213959e+01
1.766260259158928747e+01
1.759554060036454715e+01
1.754427437619285257e+01
1.754931146078976312e+01
1.776274697403576042e+01
1.773385520941894455e+01
1.760183864502120699e+01
1.761522818812658642e+01
1.763446624570221388e+01
1.763144327922674748e+01
1.760675621481575348e+01
1.773884314079461433e+01
1.751460362134739057e+01
1.750717534287876376e+01
1.747665345582540652e+01
1.742514923110267588e+01
1.765139101576566105e+01
1.758079041971446799e+01
1.765050135969043765e+01
1.755129413256484838e+01
1.741236820132266772e+01
1.747885467811302362e+01
1.745732671549841797e+01
1.751219560686734056e+01
1.762947884582298741e+01
1.755226634525107343e+01
1.749115824050013757e+01
1.748713639968199018e+01
1.761266301125685274e+01
1.764250986832741930e+01
1.757423440098957812e+01
1.758284743116494653e+01
1.755987217475577111e+01
1.755461762596048203e+01
1.760470850676049537e+01
1.758337569751121521e+01
1.775206763099012619e+01
1.771395884156251554e+01
1.755114059005060767e+01
1.759090571134491654e+01
1.767889549729924781e+01
1.766194184203465412e+01
1.769033499870036152e+01
1.773598609391386560e+01
1.771987376326870844e+01
1.757467716841682304e+01
1.759102924252714573e+01
1.757666365857758706e+01
1.753332075198450468e+01
1.772545992612054633e+01
1.773156959241407549e+01
1.768029397792554391e+01
1.752234461331079984e+01
1.762620505909707802e+01
1.776956686725592860e+01
1.756283989780556709e+01
1.758562371347990805e+01
1.755409504960055855e+01
1.762299238857987405e+01
1.764714585442863637e+01
1.763919202402186670e+01
1.768410102101780268e+01
1.754590028692216563e+01
1.756823991128097973e+01
1.768890667770034497e+01
1.759944850249590331e+01
1.757747911899730653e+01
1.759156248921250665e+01
1.755050159168360580e+01
1.747230004080673638e+01
1.762100090315568934e+01
1.747523240697583446e+01
1.774605354403505686e+01
1.771566465414960945e+01
1.749366202320683783e+01
1.769613309936996615e+01
1.770821818578991369e+01
1.776213537171559054e+01
1.747675586748424337e+01
1.764136121882665265e+01
1.773929833469049555e+01
1.750750848546749339e+01
1.768962519248882614e+01
1.758588971329301032e+01
1.776410862043635319e+01
1.747483855668405539e+01
1.775319085687595333e+01
1.761017841863327504e+01
1.769708509042313338e+01
1.762347846850981625e+01
1.768126150149890208e+01
1.758433549226693771e+01
1.749658145872101400e+01
1.766443665279658859e+01
1.755932296730694375e+01
1.760835313710175143e+01
1.758513871433523335e+01
1.757995309645243864e+01
1.771106213131190543e+01
1.758876816759803674e+01
1.740165673575626926e+01
1.760227458397708844e+01
1.754572575979537419e+01
1.754319070964188043e+01
1.747715354553487188e+01
1.761085866816097578e+01
1.752186438140320135e+01
1.745747586166670118e+01
1.760865248717716369e+01
1.758686909422739220e+01
1.754527634655905644e+01
1.757315750594390025e+01
1.758734157515891994e+01
1.763391293921620218e+01
1.766952500421845329e+01
1.743905123709693328e+01
1.772205828407774320e+01
1.752124450545319334e+01
1.764266894084940773e+01
1.750209620464129756e+01
1.756766771694939067e+01
1.761063489165978524e+01
1.762981966309520843e+01
1.759110360957983232e+01
1.764224759798064923e+01
1.766444237649585602e+01
1.762104872209465611e+01
1.762908621327406422e+01
1.762955361978117352e+01
1.758900755832917895e+01
1.759913198713430305e+01
1.766680835597926702e+01
1.766048861479482923e+01
1.750783847575273100e+01
1.759154057136808191e+01
1.760771317768416822e+01
1.747874279824362986e+01
1.758701771843517392e+01
1.757684465606257262e+01
1.750357055598679779e+01
1.753152172105086493e+01
1.760020183250086134e+01
1.746631061722634115e+01
1.763748644467935378e+01
1.757026308596747555e+01
1.778998931536835926e+01
1.752812392906772843e+01
1.778934295630969942e+01
1.751248374102010530e+01
1.767633233422426287e+01
1.765448860201765413e+01
1.761769081574917450e+01
1.764510000034558601e+01
1.748371564447293736e+01
1.754348008207889720e+01
1.770311081829544975e+01
1.748226418053240039e+01
1.766317284375675456e+01
1.754774221814942337e+01
1.766864135159807248e+01
1.765303177941157031e+01
1.755434575393925911e+01
1.752963285738885091e+01
1.749631292409931405e+01
1.774104494095737294e+01
1.771307681646478471e+01
1.763358802006591119e+01
1.750921744045750117e+01
1.747199569314174994e+01
1.770866488964738394e+01
1.762098498041301298e+01
1.754243804401163231e+01
1.763838121786732671e+01
1.768728516409788298e+01
1.761951171068265865e+01
1.766615519734108730e+01
1.752472809381027119e+01
1.769634964102069929e+01
1.757334683770696060e+01
1.761661560805558224e+01
1.763500815422172252e+01
1.764525083353951018e+01
1.753283564034411057e+01
1.762068732063250565e+01
1.744527792472250027e+01
1.767256248783994721e+01
1.756164404432757919e+01
1.760370935687769034e+01
1.759333548825833304e+01
1.754625951326587341e+01
1.761947848873035483e+01
1.759682092540414544e+01
1.751622927412024566e+01
1.762977009602246881e+01
1.756683507681962908e+01
1.771441350887421251e+01
1.766747574638734974e+01
1.763342549916331592e+01
1.757175081337169331e+01
1.754869540767024816e+01
1.762132747971782010e+01
1.759154537568457499e+01
1.760575123420828803e+01
1.769167449953816273e+01
1.772447760357918511e+01
1.771375843747934198e+01
1.757445928802912860e+01
1.766925901367036289e+01
1.757583618538057024e+01
1.749662945299527195e+01
1.749118523968722982e+01
1.756698895436969110e+01
1.751630293065036525e+01
1.752316251200066688e+01
1.761337244154113080e+01
1.744810218798770407e+01
1.752819970675276551e+01
1.760745711996924356e+01
1.751852348859661745e+01
1.763765113530276807e+01
1.762585457718434512e+01
1.767609980895187149e+01
1.761798566414783096e+01
1.751135741205866481e+01
1.757090902364229024e+01
1.766115315244542927e+01
1.758387951304347752e+01
1.750853012211468496e+01
1.761558004558018808e+01
1.771017550176347655e+01
1.769763732205214879e+01
1.768348294318296965e+01
1.763083033633804675e+01
1.764033615053373794e+01
1.751210796765606759e+01
1.750641466576209737e+01
1.751869796926785483e+01
1.761560676514931245e+01
1.752299592141294582e+01
1.759536068671004827e+01
1.763112204921445070e+01
1.748598500081727281e+01
1.760458587907747230e+01
1.762198605773501825e+01
1.743092978050592734e+01
1.764977232990089817e+01
1.769318462157165683e+01
1.749622654353297335e+01
1.762249900427759641e+01
1.766585523620282316e+01
1.759336619807653790e+01
1.750929327715930484e+01
1.767817510127190062e+01
1.764138817296585415e+01
1.755783056845918466e+01
1.750386508320366019e+01
1.747042221609731172e+01
1.771865091600120934e+01
1.776956332165628538e+01
1.750220875611712046e+01
1.749488802208780669e+01
1.750161177602809204e+01
1.754734851715881661e+01
1.767447654342759833e+01
1.756944711063891873e+01
1.761612200738231948e+01
1.745880323574287374e+01
1.762758419875529725e+01
1.744053206005493095e+01
1.771386331561573613e+01
1.771982798683953320e+01
1.749522947667788841e+01
1.747418459691626325e+01
1.762774735025953987e+01
1.775763786143717127e+01
1.753515768517880602e+01
1.749999705129944161e+01
1.748760869967296827e+01
1.744527874559448577e+01
1.769499867987331854e+01
1.768886156299993573e+01
1.761155335795382015e+01
1.748564515673661646e+01
1.745645451024861927e+01
1.762667874312868221e+01
1.762692232806880099e+01
1.755337178796528974e+01
1.762255752249850005e+01
1.763901141779900072e+01
1.766224373415344218e+01
1.759526072952817444e+01
1.745551178874521625e+01
1.767933814043494323e+01
1.758733155901193967e+01
1.759652675249363440e+01
1.758260706854288458e+01
1.761841154972678680e+01
1.756704327201554605e+01
1.761643827959835917e+01
1.756715630052100252e+01
1.762721904729310296e+01
1.771262533963957608e+01
1.759405492651558944e+01
1.766526620897023392e+01
1.754733462561950574e+01
1.754455323270183342e+01
1.759356678007623032e+01
1.769111374065667874e+01
1.759539156978349084e+01
1.762950912552506111e+01
1.760374858160213307e+01
1.756833586259840629e+01
1.758382529988350385e+01
1.751107749896786814e+01
1.755962759720560484e+01
1.749976641957249512e+01
1.762912716081872944e+01
1.758426871222227916e+01
1.752342462127656830e+01
1.766275291019151439e+01
1.768722661094101056e+01
1.758110629732343710e+01
1.764797077014390680e+01
1.768848808792067473e+01
1.761610240703744523e+01
1.758985772527050528e+01
1.748859045140971347e+01
1.761836226867136546e+01
1.757010607645961642e+01
1.765111883131672954e+01
1.761968842538367852e+01
1.777937290003018589e+01
1.772468684659349591e+01
1.756753864996441905e+01
1.745593429206915204e+01
1.753518504379595200e+01
1.759532046493498214e+01
1.753986388352545589e+01
1.773403000327674661e+01
1.760410210453784075e+01
1.759192860202853126e+01
1.769470365977578652e+01
1.762600852495012660e+01
1.761245792437192748e+01
1.760045334135153183e+01
1.763254543499230209e+01
1.771851825005691694e+01
1.757614982882293830e+01
1.766072973648692823e+01
1.752849903972732548e+01
1.759256185881962864e+01
1.773556870267674057e+01
1.755688916738249716e+01
1.763839155382490276e+01
1.766497255716614134e+01
1.766070950554557584e+01
1.767422615617405057e+01
1.755577477359089755e+01
1.777050465763883480e+01
1.757384393835051029e+01
1.768661459777165845e+01
1.755800694560549147e+01
1.770291350870223823e+01
1.768755713967461318e+01
1.764372876553037983e+01
1.763633633792529309e+01
1.760380121550426580e+01
1.757935575076353629e+01
1.764778499525766620e+01
1.755532482404829864e+01
1.749109643395970082e+01
1.746172633586134637e+01
1.754594204183053918e+01
1.756514731888529113e+01
1.749144845322363295e+01
1.761487058056209420e+01
1.760459914209751986e+01
1.762535945148875172e+01
1.751795157737462816e+01
1.746603642947229318e+01
1.744713243341955788e+01
1.761406051139107731e+01
1.766241933597573066e+01
1.763569995591319994e+01
1.769404153775540323e+01
1.756616031578139214e+01
1.759249368064696029e+01
1.754705269039949656e+01
1.761538999730584010e+01
1.766954066429410020e+01
1.749428716478426082e+01
1.753952725168650773e+01
1.765982938224902909e+01
1.753351434910140938e+01
1.753347056921148450e+01
1.759609695625821502e+01
1.764322505049214840e+01
1.758777099013882150e+01
1.751118574508046777e+01
1.747291868005179793e+01
1.763785466017305481e+01
1.763460716382371274e+01
1.767761776780820426e+01
1.757399443563901187e+01
1.753765050596712882e+01
1.749804204265907259e+01
1.754431186873052795e+01
1.737529491978625984e+01
1.765312671105615294e+01
1.771066884550300458e+01
1.751220483329115751e+01
1.775744661050293516e+01
1.754451692581842082e+01
1.760373117008043309e+01
1.754877394761831866e+01
1.766773957436061693e+01
1.758764492457253681e+01
1.766595131105371763e+01
1.757550608374792134e+01
1.770884813284471093e+01
1.758741449022258863e+01
1.749038123029610858e+01
1.749848667086567389e+01
1.760918405274346199e+01
1.753856238002148160e+01
1.755790931961203327e+01
1.766878114315614567e+01
1.752328462644014806e+01
1.752151419905263907e+01
1.754446389855601751e+01
1.756485727796584939e+01
1.776697241134035465e+01
1.752147315130615723e+01
1.759990952994259672e+01
1.754223537558618062e+01
1.765609299671701748e+01
1.763293133813730762e+01
1.767100461198653605e+01
1.754071707830567917e+01
1.757532732261984165e+01
1.759970401518061323e+01
1.767710024933624169e+01
1.770954133024819654e+01
1.753792534176454865e+01
1.748778035126455421e+01
1.768824552054191912e+01
1.763160830788913458e+01
1.757736736993852844e+01
1.762697128240069233e+01
1.755477330946905568e+01
1.759455195221512369e+01
1.755346717038156612e+01
1.751794721329291349e+01
1.755945594867397830e+01
1.756166544498297455e+01
1.748761366460215427e+01
1.758255801737995228e+01
1.767032057214665386e+01
1.768500358320414634e+01
1.754462298379833030e+01
1.756514330995961259e+01
1.776537719866432852e+01
1.753050351106422511e+01
1.768966846577464480e+01
1.753383386396717114e+01
1.763122661791678780e+01
1.752354121270112586e+01
1.762640094996063667e+01
1.752727429357161881e+01
1.743599102011540580e+01
1.758879930706650185e+01
1.758941222940886462e+01
1.754418617778741307e+01
1.767090441349602514e+01
1.759474433160498563e+01
1.747038130867166572e+01
1.745165096097019841e+01
1.741436222258434796e+01
1.753389421893525579e+01
1.757877178913922833e+01
1.754253046690474349e+01
1.763512858977198761e+01
1.761982349773050061e+01
1.760240033823493278e+01
1.751665874167791515e+01
1.764936669302630179e+01
1.758171386953086923e+01
1.775225122249344523e+01
1.763488980913362525e+01
1.772059310634794116e+01
1.761584786597925856e+01
1.779457820895262543e+01
1.768981420477440736e+01
1.757537460758090120e+01
1.759660274211821118e+01
1.759779613618596272e+01
1.761342112703275120e+01
1.752696787337705331e+01
1.776950340891254498e+01
1.750706375510806723e+01
1.758611833559560012e+01
1.760354325340305337e+01
1.784301844880990373e+01
1.757450284527858386e+01
1.764942714210460650e+01
1.771540498934780317e+01
1.759642480500020056e+01
1.768447542129313632e+01
1.761985922469633792e+01
1.766402981909861936e+01
1.740602131905851735e+01
1.766020234748565088e+01
1.761634522752974874e+01
1.751285543300860681e+01
1.764322047657169534e+01
1.746176827152141797e+01
1.763308573591370987e+01
1.743294829843102178e+01
1.758439428337332444e+01
1.754029927036049941e+01
1.767639272475457801e+01
1.766114371460125199e+01
1.751318443909662648e+01
1.754889296613730210e+01
1.753876867233248760e+01
1.743781558067934867e+01
1.761964429697194845e+01
1.760584612577261154e+01
1.750219248571529107e+01
1.746817945704754393e+01
1.762781190335268988e+01
1.763501545509120660e+01
1.748543236871013207e+01
1.757925898242762486e+01
1.763040878859318639e+01
1.771467716597215869e+01
1.756614167543576244e+01
1.753442181696608770e+01
1.760837281790134057e+01
1.763169501226894198e+01
1.747670287308443449e+01
1.768725410918943908e+01
1.761568590694937697e+01
1.775668963946893086e+01
1.764642786807169372e+01
1.744447756081206791e+01
1.751372619526194185e+01
1.754021879928681571e+01
1.763114474715139579e+01
1.763610343065678876e+01
1.756649348176095415e+01
1.747366356411156119e+01
1.765618012737372311e+01
1.767214625393496519e+01
1.762560254611603128e+01
1.761570770212872361e+01
1.764325562356443555e+01
1.745357995655732353e+01
1.756786285726515828e+01
1.767175198020598614e+01
1.776937589710723842e+01
1.756928242685094332e+01
1.750937738311487379e+01
1.756678164752330673e+01
1.757055503666353502e+01
1.746890805264715851e+01
1.769151631201737018e+01
1.768424020995281154e+01
1.753807895921930893e+01
1.758404080507406064e+01
1.765574450221487623e+01
1.748339040332448135e+01
1.772309241113383393e+01
1.746848004376986907e+01
1.742056840834179354e+01
1.750274814038682791e+01
1.760072128460057073e+01
1.751328448433753238e+01
1.749004080844499143e+01
1.766289269326509626e+01
1.765036885164650116e+01
1.769388351758361466e+01
1.769278420542286767e+01
1.769267926368274146e+01
1.762857683007386811e+01
1.778191196875028623e+01
1.762526932577281968e+01
1.742294451801084421e+01
1.762656285221635244e+01
1.761308421398186752e+01
1.763885266450944300e+01
1.762509583749173814e+01
1.765738562509199028e+01
1.761681441211672805e+01
1.767329601362595426e+01
1.755814908241101335e+01
1.764884964801924738e+01
1.769983426082841760e+01
1.751736784441212436e+01
1.759194617669741589e+01
1.758922350270747259e+01
1.746574450879424134e+01
1.770341378459581705e+01
1.749561713659318229e+01
1.746890716949981837e+01
1.745971976551501115e+01
1.763102454557571619e+01
1.768454460568368347e+01
1.770179732616227852e+01
1.759175706384669269e+01
1.756355545240743865e+01
1.753206736177166292e+01
1.759708237542815468e+01
1.763104472081444385e+01
1.749298546618722483e+01
1.768584015778170482e+01
1.755528146935735023e+01
1.760132310281158041e+01
1.755463750743453488e+01
1.764875123094878973e+01
1.762321058045909439e+01
1.766695882164227882e+01
1.759376374563683854e+01
1.742232960606700587e+01
1.762328096903697272e+01
1.756108969298779954e+01
1.761360417827346936e+01
1.753500893386972947e+01
1.766037669796236642e+01
1.749690406641500573e+01
1.766950053515766683e+01
1.760230278069871446e+01
1.758006774178979370e+01
1.757439535654996021e+01
1.764808864917218756e+01
1.761409488289346825e+01
1.772623399460757199e+01
1.758014813332361470e+01
1.750439451807659097e+01
1.764183179598915885e+01
1.765194566223348716e+01
1.764901955524782906e+01
1.746355298272485612e+01
1.755581993176866007e+01
1.757859703058643674e+01
1.759939460962203484e+01
1.759687308052882315e+01
1.756225236453576599e+01
1.769948886584888115e+01
1.767523636076992943e+01
1.748698019090099365e+01
1.754171449558939244e+01
1.741624339172820513e+01
1.768758630875963078e+01
1.762422223474650806e+01
1.751215933979019113e+01
1.757347067741456925e+01
1.758610028367523270e+01
1.758845112409850486e+01
1.760277093809990134e+01
1.756876119559752070e+01
1.765458408458105311e+01
1.764572015614292866e+01
1.770114876031144391e+01
1.763844830041612965e+01
1.756693341345387793e+01
1.767115887907399241e+01
1.744904661760396181e+01
1.736224052165127674e+01
1.760970173998232369e+01
1.767302561492786950e+01
1.743875268058285144e+01
1.763145141820778505e+01
1.759860610685400673e+01
1.778689245436995137e+01
1.756636227906578185e+01
1.779643054849665518e+01
1.757892261852361671e+01
1.741254211417645337e+01
1.757506850952750810e+01
1.768992407699347780e+01
1.769799003631290546e+01
1.749864880164530589e+01
1.754537199278372839e+01
1.752762154762874047e+01
1.762474080156496115e+01
1.755330993227469705e+01
1.762168213377394110e+01
1.770134691680182115e+01
1.762896066531918748e+01
1.762884279008995492e+01
1.751938033415426332e+01
1.755534361585087311e+01
1.766785108036153318e+01
1.776236087128067354e+01
1.766867203753405136e+01
1.759486905283833735e+01
1.744755016645341783e+01
1.756669615979316390e+01
1.768426455270725839e+01
1.755825008270043242e+01
1.750169615581941329e+01
1.754439201932006753e+01
1.760008793061758681e+01
1.754259867987243382e+01
1.759924032343633016e+01
1.753859056459645416e+01
1.768559187930407006e+01
1.755330631121847063e+01
1.753419726869705642e+01
1.755312263028960373e+01
1.744819587650866310e+01
1.760363714546682701e+01
1.767161254089559108e+01
1.749541156895868710e+01
1.763967984219337737e+01
1.750322469761133348e+01
1.758995160255786061e+01
1.758938960937215867e+01
1.740784926556687751e+01
1.763940983890291392e+01
1.764300416123478144e+01
1.743628422811064738e+01
1.754496452369225779e+01
1.769136722416493868e+01
1.753875606186588598e+01
1.749930462266449993e+01
1.758319957189739569e+01
1.763761658250183828e+01
1.744116722915493156e+01
1.757373898631570341e+01
1.762877109489497585e+01
1.763108180667535052e+01
1.750352484705937073e+01
1.752453641760032710e+01
1.773123529122533171e+01
1.761528215700581157e+01
1.767555581388185004e+01
1.753537261810788905e+01
1.747941208261009294e+01
1.759108463772668784e+01
1.769738196250971995e+01
1.757824225455939171e+01
1.758883874496588362e+01
1.764689483631639888e+01
1.773923520523558750e+01
1.746154329061013044e+01
1.748785099054417103e+01
1.751834902586071152e+01
1.755727537011435047e+01
1.742558576621076227e+01
1.764257183401008433e+01
1.760503879797725801e+01
1.781373293756786680e+01
1.759355702164434732e+01
1.750714985861720763e+01
1.757772137523963352e+01
1.761750286819790645e+01
1.750967455663048256e+01
1.774282615433589427e+01
1.756198877768314048e+01
1.767916330521860147e+01
1.768168126903405479e+01
1.751247514983722553e+01
1.756886462998053133e+01
1.775526394820665033e+01
1.762578539081354378e+01
1.779399227727618893e+01
1.758866630637865214e+01
1.757731841034010145e+01
1.757622811363767568e+01
1.770158842617151151e+01
1.754904286258827284e+01
1.755213886595888440e+01
1.762897120652449701e+01
1.740515065258574978e+01
1.752584007789450382e+01
1.761617840329877183e+01
1.753706275469675901e+01
1.757766623418267216e+01
1.761949888344763693e+01
1.768552836753842428e+01
1.749868227371515772e+01
1.762912857659255650e+01
1.774869182677503332e+01
1.757937217677876873e+01
1.759089028717112413e+01
1.761233820593451327e+01
1.755519206836733304e+01
1.750116014812572018e+01
1.746388274906556148e+01
1.756550987158803778e+01
1.765679805722451334e+01
1.746146510949174768e+01
1.750415058299911664e+01
1.756263332210269823e+01
1.752652490431206900e+01
1.760003275351362007e+01
1.760383708203185193e+01
1.743353136332053310e+01
1.750156122000443659e+01
1.766750581197097603e+01
1.754377179250126062e+01
1.753900925095039298e+01
1.746532863966185545e+01
1.756390618332245168e+01
1.751701449083138229e+01
1.762105443029095753e+01
1.761673406536821318e+01
1.776682426227890232e+01
1.773777454603866843e+01
1.767022195021778330e+01
1.769655429478934394e+01
1.751747790559364759e+01
1.765329819876938799e+01
1.763613806542285900e+01
1.753443719171353621e+01
1.758021210908354703e+01
1.760462456661660724e+01
1.764681310276399984e+01
1.765864707722082017e+01
1.746895214086431025e+01
1.761470736216921651e+01
1.768303576390053777e+01
1.747453973739325761e+01
1.759021097629872799e+01
1.760340199087027813e+01
1.759969327515408821e+01
1.768454028809079759e+01
1.753546896537848809e+01
1.752062466820286701e+01
1.753614712206675463e+01
1.740775204810137922e+01
1.764449758484590802e+01
1.751823098351897912e+01
1.769995510629204105e+01
1.754593751895955478e+01
1.773612168283595736e+01
1.764804433555193341e+01
1.761464256452608268e+01
1.754212144637603998e+01
1.758543746492083670e+01
1.758867754539647166e+01
1.764127708291679042e+01
1.772993443149069748e+01
1.760569815318866560e+01
1.751579921384193028e+01
1.763116923988354756e+01
1.767105042836206508e+01
1.762084289909389767e+01
1.755209821066688392e+01
1.768653507423422155e+01
1.752813945879650603e+01
1.744944301084228044e+01
1.775644116479790924e+01
1.745539974482891310e+01
1.752917106260408886e+01
1.763881168457834292e+01
1.779180471665538121e+01
1.752391985690505294e+01
1.765513182181838303e+01
1.763232334430889736e+01
1.760315793395832529e+01
1.761130395342153676e+01
1.761030016291681832e+01
1.758558065146640104e+01
1.770314972594568559e+01
1.771498011885114465e+01
1.760291058023388899e+01
1.783098368643720733e+01
1.751444969227432225e+01
1.758366473242251260e+01
1.746906094990595193e+01
1.750299429212723012e+01
1.765125136766769032e+01
1.763597120723245126e+01
1.781945075092289343e+01
1.734654935312076773e+01
1.753910336074962828e+01
1.766046183171120987e+01
1.771205632337442637e+01
1.762772732405786158e+01
1.759120620060653195e+01
1.752635840531490885e+01
1.764335956937255645e+01
1.746210445013319301e+01
1.758137755251328471e+01
1.748514146448949802e+01
1.760052760369583424e+01
1.764662630059345361e+01
1.767854275292402022e+01
1.762208827435425462e+01
1.754588266586198131e+01
1.765932664159715770e+01
1.752068384407427715e+01
1.757651075761938131e+01
1.764897122222489756e+01
1.745446743502424525e+01
1.758499211649395022e+01
1.754057589663340266e+01
1.760674669504688339e+01
1.764780368389823195e+01
1.737253145341621874e+01
1.773966521578376287e+01
1.756835416815925655e+01
1.754169508819869705e+01
1.754031460895793870e+01
1.754757382022983947e+01
1.743031709520247929e+01
1.766763208266417351e+01
1.766753561003645245e+01
1.755759019675311450e+01
1.751130996384593175e+01
1.743772845764674884e+01
1.754218771798664278e+01
1.767600479693256332e+01
1.766848407392224374e+01
1.753398924155908745e+01
1.773068159366479080e+01
1.751607229073127669e+01
1.768051194323368591e+01
1.761695127500237135e+01
1.755671469061974577e+01
1.744441820341028304e+01
1.767344972680948700e+01
1.752261668647358661e+01
1.744528140531560467e+01
1.764864568920080856e+01
1.757201063657187490e+01
1.760890631573449738e+01
1.757755841596847901e+01
1.759998405847729330e+01
1.761340045717265568e+01
1.757898499245396806e+01
1.755447909467929790e+01
1.766285380438538155e+01
1.783246060657100074e+01
1.774584619338082447e+01
1.763886267767708915e+01
1.763417567327867275e+01
1.763029419613557991e+01
1.767193698189422690e+01
1.765610246586363630e+01
1.749141047264739868e+01
1.750730248597793093e+01
1.756194432706879383e+01
1.753010652890362309e+01
1.760445842949837569e+01
1.765886270109984224e+01
1.755725298411049451e+01
1.754012054709855661e+01
1.763864958579920383e+01
1.763376453286898382e+01
1.753389022818696219e+01
1.756275745407990030e+01
1.753950091868664174e+01
1.752994639555999612e+01
1.750474113910827967e+01
1.759331168152436220e+01
1.764095405532565053e+01
1.760870554333915550e+01
1.753702472356082609e+01
1.778661988706580388e+01
1.755743869669589685e+01
1.772705711346184998e+01
1.764811641255290908e+01
1.758434640945785787e+01
1.760202674593081440e+01
1.737302739573654264e+01
1.756581282752614115e+01
1.748534167705085096e+01
1.762192803966812704e+01
1.739055521838287177e+01
1.760958976085602501e+01
1.748803226999048377e+01
1.769309836732374563e+01
1.758532532294955786e+01
1.765058204689536936e+01
1.769191534984332037e+01
1.753744425614114988e+01
1.781209684038758567e+01
1.751248105245371178e+01
1.759657752192797631e+01
1.745532780898841807e+01
1.758813826910628819e+01
1.770072259894880418e+01
1.753230124112396382e+01
1.759690324435511499e+01
1.745678966295588452e+01
1.760686144319861057e+01
1.756911203282699674e+01
1.737674035496564073e+01
1.754598491230206747e+01
1.766670710959301616e+01
1.753998378469092501e+01
1.754706399516305027e+01
1.755022468013426717e+01
1.770866428493691913e+01
1.762092944622364499e+01
1.754797035910898018e+01
1.756483752775916329e+01
1.760424008388489980e+01
1.765901823768284018e+01
1.774219823554291153e+01
1.763746599847783258e+01
1.762695192382728848e+01
1.750108061720897723e+01
1.760085020510075182e+01
1.757833632962167059e+01
1.744025893270580951e+01
1.754143253720784301e+01
1.756789398740838593e+01
1.757426997622533094e+01
1.751016769600168388e+01
1.755323575425919813e+01
1.774296024096750557e+01
1.759553825535451210e+01
1.761908402622761827e+01
1.757105380361990044e+01
1.754415419072121551e+01
1.749918016133788257e+01
1.759312705190450288e+01
1.748053663743647235e+01
1.755639485378685904e+01
1.752657934610773793e+01
1.749896073702745269e+01
1.759890407647434074e+01
1.763555426840472506e+01
1.749671732269534985e+01
1.763228809073447323e+01
1.749989322275062520e+01
1.748805647532313756e+01
1.756904830394504557e+01
1.773501088853938512e+01
1.775448154289260927e+01
1.762218877308702503e+01
1.755526732399603418e+01
1.750069421178555018e+01
1.751512164529351523e+01
1.760572462803712313e+01
1.756582311756870851e+01
1.758264063057632853e+01
1.772866499854379185e+01
1.758566820360532645e+01
1.751767235229103647e+01
1.761836425763447522e+01
1.753095347366027568e+01
1.748595678887401306e+01
1.757010392633145557e+01
1.761967900280901134e+01
1.759118702711464266e+01
1.740752400076799233e+01
1.758487450679033515e+01
1.762018728044625959e+01
1.766666509084977577e+01
1.766538638475572398e+01
1.761122266882239629e+01
1.758358966787293198e+01
1.755691257116755111e+01
1.767659857058219330e+01
1.757408249385248311e+01
1.754505888679939574e+01
1.761522176586900912e+01
1.755643756946444611e+01
1.761053863652739793e+01
1.762177897293168272e+01
1.766924139288625284e+01
1.769519796896916120e+01
1.747898742971418784e+01
1.773210052765216105e+01
1.756560088971710698e+01
1.752408315311584985e+01
1.768676224712909928e+01
1.760361734985869830e+01
1.765171704432759370e+01
1.745197244756085908e+01
1.750656300226911455e+01
1.764015579913510123e+01
1.761185514970025068e+01
1.769297931703999538e+01
1.747188396114140119e+01
1.738487201434937290e+01
1.751976635829911544e+01
1.762630366078503030e+01
1.757160359435673769e+01
1.773079950048784781e+01
1.754003749511508659e+01
1.761734108455579317e+01
1.769401148723180839e+01
1.761389735571417603e+01
1.747310092825191674e+01
1.763104178370738140e+01
1.745823453270723391e+01
1.758432567089315768e+01
1.773369491197944470e+01
1.752449937939718794e+01
1.763622172305910141e+01
1.764613587966960395e+01
1.748837224715189365e+01
1.763138581921396408e+01
1.763960352059770997e+01
1.761181731505132220e+01
1.759330705447925780e+01
1.748308892228876132e+01
1.753968888604432053e+01
1.745406440121220015e+01
1.749082174225250341e+01
1.751112327697008197e+01
1.759795498478797882e+01
1.759618109205528569e+01
1.761979880263377041e+01
1.765067139131273422e+01
1.765578798554963669e+01
1.761267771065810450e+01
1.752500806133505762e+01
1.773059410150002790e+01
1.744913733485267215e+01
1.769146086218082559e+01
1.752973111585397703e+01
1.744289743227063028e+01
1.753352607633033244e+01
1.757766365749391113e+01
1.756590984809502132e+01
1.767079150725756520e+01
1.770159826915402590e+01
1.762032162327886553e+01
1.758315489678244603e+01
1.748255752872800173e+01
1.756568116631600773e+01
1.764313139159338206e+01
1.770151754512026443e+01
1.760039233751360399e+01
1.760362239213613833e+01
1.752979218143445905e+01
1.756223269899877337e+01
1.762564065770903809e+01
1.759519529170989216e+01
1.753203187640349370e+01
1.752295452849430646e+01
1.747951107884366451e+01
1.769269359192960422e+01
1.759373830433360553e+01
1.763243242108356768e+01
1.760207003012072136e+01
1.763255490198225672e+01
1.769803000796206405e+01
1.774221306012652377e+01
1.752331631423344760e+01
1.753658927297382419e+01
1.741829762723775232e+01
1.759384325833460849e+01
1.755753281997029092e+01
1.756835647582344251e+01
1.749422234340280013e+01
1.774014506833922056e+01
1.760277920326927159e+01
1.746610064200928392e+01
1.757690138290562132e+01
1.759952707181488307e+01
1.751230198366319613e+01
1.749970140196516510e+01
1.753417998535778466e+01
1.762056484473301055e+01
1.764427616788373854e+01
1.747094235548139451e+01
1.760501871925274742e+01
1.756289426283506927e+01
1.780179294171502846e+01
1.761475607392514320e+01
1.766125386477126469e+01
1.766657821620172442e+01
1.757089010751481695e+01
1.773926261437325991e+01
1.758036752748095566e+01
1.747703999542400766e+01
1.765795371191803298e+01
1.750460863045713111e+01
1.764817542599160660e+01
1.755554186689976959e+01
1.749641286613801938e+01
1.772663765254673862e+01
1.765644078150647900e+01
1.757876445937668919e+01
1.748995313794106821e+01
1.747900079879513768e+01
1.761923407382228390e+01
1.764868154304072689e+01
1.763313521521108740e+01
1.751634687207416263e+01
1.761095103355279434e+01
1.747517359412477589e+01
1.750726539001495041e+01
1.755115648925562510e+01
1.763806468926672011e+01
1.754586310485235856e+01
1.746324363671659441e+01
1.756569111554514961e+01
1.757215123322551165e+01
1.773008743266386489e+01
1.758863128593592506e+01
1.769288847514483720e+01
1.766637001938125451e+01
1.749954029346763207e+01
1.756354522723165346e+01
1.751228069267855147e+01
1.759375200928120364e+01
1.768965438382444333e+01
1.767378669939949987e+01
1.761335580249979316e+01
1.762029530996262849e+01
1.762871605386824925e+01
1.762950990994185219e+01
1.758145420802711101e+01
1.749907513842050832e+01
1.756803547608635085e+01
1.763081467711323569e+01
1.749725158193237107e+01
1.769754856679623600e+01
1.750082191949711330e+01
1.755180566547349130e+01
1.758768061226849966e+01
1.756026207742790390e+01
1.766403395163591838e+01
1.755921031342867522e+01
1.764298741616591926e+01
1.756002641929635644e+01
1.763829475767191113e+01
1.751430511244755905e+01
1.753721062938094377e+01
1.760309559250423916e+01
1.765807451919368987e+01
1.765076705089821019e+01
1.764134650872222920e+01
1.766976606419144602e+01
1.764864899132529530e+01
1.761623267910000123e+01
1.756031309601103274e+01
1.770905803404333767e+01
1.768251676894083246e+01
1.756399605033130129e+01
1.759962972060538178e+01
1.751075917735394327e+01
1.739716591036017235e+01
1.751091690507817233e+01
1.760259126107786187e+01
1.759824974167079148e+01
1.753911016774423004e+01
1.758758453267858357e+01
1.758166394379092168e+01
1.752759743925180302e+01
1.757328998343101389e+01
1.764125426161082544e+01
1.746841740668742915e+01
1.763538561202033961e+01
1.766552567085667391e+01
1.757623977389102521e+01
1.763420246186302265e+01
1.754414544436691159e+01
1.754674417529989583e+01
1.743471545683452817e+01
1.761923279436998868e+01
1.747920367022358690e+01
1.753170133637847172e+01
1.766134130056438067e+01
1.755644961996251396e+01
1.761770338001518255e+01
1.763457216072846023e+01
1.751727555856536256e+01
1.777471536682001130e+01
1.753088280436680080e+01
1.756621947191237965e+01
1.781259069370075210e+01
1.762734977660731772e+01
1.772466085024594307e+01
1.754787132200106825e+01
1.748967653737848238e+01
1.754304663579280898e+01
1.759323170493005861e+01
1.762625646470529972e+01
1.772311749382069834e+01
1.761046278904051121e+01
1.773651214455016500e+01
1.766448030321681983e+01
1.763767371379067939e+01
1.749936882786343162e+01
1.749266417255776318e+01
1.765958258293034433e+01
1.746490690425192582e+01
1.757741750959358384e+01
1.757488204000767240e+01
1.771221663159554183e+01
1.749988013599088532e+01
1.770421303200368257e+01
1.768228685209505002e+01
1.759041138959425865e+01
1.764232067575713003e+01
1.756522337496514297e+01
1.762402738479334730e+01
1.754965812029800887e+01
1.766960201117898777e+01
1.761839464346061135e+01
1.764811064423691178e+01
1.759237618771454237e+01
1.753673303362835156e+01
1.766041562845756729e+01
1.767093835994739592e+01
1.762998803659744951e+01
1.745274017403216504e+01
1.742900146817796880e+01
1.761892761874096536e+01
1.756335995026028840e+01
1.758176913490229154e+01
1.739081316792627518e+01
1.773378175381733968e+01
1.758710142920688213e+01
1.761578135992685290e+01
1.767470836972749737e+01
1.769573050115791091e+01
1.749173064524428867e+01
1.766246876147264544e+01
1.754046616141491199e+01
1.763513963760926018e+01
1.769282737773417935e+01
1.772655853136314619e+01
1.756065144688779611e+01
1.762908145471888233e+01
1.778865461656100067e+01
1.756565926157296431e+01
1.748806230366562531e+01
1.769268304948928616e+01
1.758628910374520160e+01
1.755868652496306126e+01
1.751461198739125891e+01
1.756822872224638488e+01
1.780241613189387806e+01
1.763127490783484674e+01
1.765461714062850263e+01
1.755226294402105580e+01
1.778766487767199322e+01
1.765659838872483434e+01
1.764470160272237464e+01
1.755363123139940740e+01
1.765102502461484590e+01
1.752667264768712485e+01
1.763671775392668550e+01
1.757331975621140430e+01
1.764507456473028313e+01
1.750474716485524240e+01
1.761971188027595048e+01
1.738533374395373698e+01
1.755088559457455588e+01
1.761799896425022993e+01
1.759691138785951026e+01
1.756681519781663781e+01
1.750052144115215214e+01
1.751849177576859518e+01
1.756682047477036335e+01
1.758980182752532784e+01
1.757531593403278691e+01
1.746105490941865312e+01
1.763064637642407462e+01
1.756563785775221120e+01
1.767039481405508283e+01
1.750426004074085284e+01
1.746959183558474038e+01
1.761706639753801440e+01
1.750363114501584860e+01
1.779933556186618304e+01
1.754002164006182340e+01
1.766368250387064975e+01
1.763407577194202958e+01
1.771801125974752367e+01
1.764405326472348179e+01
1.747014547294870113e+01
1.759162755350602936e+01
1.769906395197683580e+01
1.754520274304191929e+01
1.767244189444386038e+01
1.760503820529210017e+01
1.755726274341049731e+01
1.768429008275802516e+01
1.763034423605664003e+01
1.756894928676450363e+01
1.755644285014488304e+01
1.749963325068813802e+01
1.746361440598399639e+01
1.744299188487577368e+01
1.758410619406470587e+01
1.763859378609344120e+01
1.767428249423102926e+01
1.762866037132576835e+01
1.751323710573343462e+01
1.761333660980299243e+01
1.741825463923742845e+01
1.755907157201438551e+01
1.764785427886332414e+01
1.748345009764237545e+01
1.747618889194753677e+01
1.750756637479771882e+01
1.775075271310278069e+01
1.760061954181704280e+01
1.771794006167316127e+01
1.756888318283871442e+01
1.761588946861187921e+01
1.742224693499723642e+01
1.765055563445632458e+01
1.765209252589941613e+01
1.755797123047667085e+01
1.754511620405567385e+01
1.769141052386032698e+01
1.758778150304986454e+01
1.755554491427650632e+01
1.756953238377172255e+01
1.753839503678595335e+01
1.744737199709442521e+01
1.762254142661955569e+01
1.755287295426497352e+01
1.743854396471751755e+01
1.752887093395482410e+01
1.768214576554728268e+01
1.763177132172916828e+01
1.758089640774792173e+01
1.781912251268470015e+01
1.774435515821317111e+01
1.758763673352322243e+01
1.757168360636016402e+01
1.765170742551702077e+01
1.767339223118688452e+01
1.755941549828808235e+01
1.759212004109434702e+01
1.740053079492851751e+01
1.758658276353299854e+01
1.752824001727123004e+01
1.760242429459958657e+01
1.756250061113994576e+01
1.758788664542576896e+01
1.764423582304614868e+01
1.750994142640767137e+01
1.764444444893856812e+01
1.758199005121767655e+01
1.762293125523040871e+01
1.747780125848307264e+01
1.762445848483542932e+01
1.770895826987996813e+01
1.758207406462454969e+01
1.763435144993512438e+01
1.761353872774405360e+01
1.753968349846688568e+01
1.753283749377862932e+01
1.769121738771988106e+01
1.745753228608210605e+01
1.757068894133072234e+01
1.769089334246814005e+01
1.758181981537959615e+01
1.761420552611735957e+01
1.768214924837363355e+01
1.746227145175901185e+01
1.764700748462985302e+01
1.752326449803653219e+01
1.753876504694818905e+01
1.762457148099950643e+01
1.753204593261114042e+01
1.762442226926134836e+01
1.762575895194868991e+01
1.769602183025261510e+01
1.757939612914641714e+01
1.753613750551958361e+01
1.764839225155833802e+01
1.750352356919144015e+01
1.759720635588103832e+01
1.751038553445791734e+01
1.759889760442542794e+01
1.761539631835304576e+01
1.764979361337008612e+01
1.757927308156723001e+01
1.751365817286022164e+01
1.763106888775237380e+01
1.757895071547596189e+01
1.757929469944923895e+01
1.753509408072664044e+01
1.756201828780326224e+01
1.754388603136005642e+01
1.753845444132609543e+01
1.762690876863872802e+01
1.761310582577856465e+01
1.764142565060334178e+01
1.776758266827714294e+01
1.752499642884399123e+01
1.775919795519136102e+01
1.755361854820446155e+01
1.756538555751571096e+01
1.759743445008399121e+01
1.744298015019641568e+01
1.755235406148966959e+01
1.758914543874583813e+01
1.754072009465869186e+01
1.746294232864082474e+01
1.764098975174264439e+01
1.758921317789281602e+01
1.759363076349672284e+01
1.765934709182891282e+01
1.762934785541785843e+01
1.759404174081226557e+01
1.766315820775938050e+01
1.754519235512462316e+01
1.758853762515055763e+01
1.782778867688139002e+01
1.766578638692353564e+01
1.758208917648928349e+01
1.760315197823486244e+01
1.751221204974558177e+01
1.758827923787511338e+01
1.758887657913100711e+01
1.749284431583845034e+01
1.743759962521305695e+01
1.763125550236503258e+01
1.765327393107504150e+01
1.759836877032226354e+01
1.742608671833525591e+01
1.763300896996552680e+01
1.764153436149642928e+01
1.749220306141148029e+01
1.763410669177496359e+01
1.774324468618177164e+01
1.764773645758241472e+01
1.767717970229726632e+01
1.754795443689442891e+01
1.761694474515350350e+01
1.768181861651774156e+01
1.760699826788309963e+01
1.766992972672588991e+01
1.764941099584864759e+01
1.760919139394637867e+01
1.748121342801210787e+01
1.757966995738796356e+01
1.771140138413761278e+01
1.759005253339099539e+01
1.751233657691720680e+01
1.761683238087805137e+01
1.762000105852991183e+01
1.750430628415185197e+01
1.783415350894251006e+01
1.742066539603013098e+01
1.761485488212019490e+01
1.746522925576832108e+01
1.761394413470364739e+01
1.765376544112112001e+01
1.759075355437828847e+01
1.755421463918933966e+01
1.763366048054288626e+01
1.760651652163769398e+01
1.772386464428550923e+01
1.741806462434729852e+01
1.767313825291823548e+01
1.783052680392571787e+01
1.771632282393002100e+01
1.745022802857028310e+01
1.751995633677532993e+01
1.748201150783744140e+01
1.758588832147986025e+01
1.758287227602079028e+01
1.766401414139931347e+01
1.756876328432673162e+01
1.755411331710143230e+01
1.766292317144497659e+01
1.757601459255074872e+01
1.765331590274037765e+01
1.741553877141043216e+01
1.756949610784259264e+01
1.751683737650002115e+01
1.765417277060884516e+01
1.750274848001949479e+01
1.766035930055204162e+01
1.759500829625972784e+01
1.764884280151369822e+01
1.758171283504387361e+01
1.774194808003597856e+01
1.764899122789163144e+01
1.761022816420037174e+01
1.768452551447592569e+01
1.757040984470620515e+01
1.763747744205824119e+01
1.755270209397593106e+01
1.759526924415398952e+01
1.745946992613732363e+01
1.755511964709518580e+01
1.760457853123028826e+01
1.766728555172158721e+01
1.755966287057016118e+01
1.753939093540254035e+01
1.760688669764642000e+01
1.757767599551930360e+01
1.748511366167889136e+01
1.758208695858605353e+01
1.751195531556387763e+01
1.758459222698757429e+01
1.771063201539359966e+01
1.754460216142202711e+01
1.759780248232859279e+01
1.741285630055231337e+01
1.758625743967285260e+01
1.763197444320043417e+01
1.764631756795630579e+01
1.756516972946726440e+01
1.751632352252158142e+01
1.769173917942618246e+01
1.772930899536795479e+01
1.755560582073520237e+01
1.762420545764189228e+01
1.759833493126176762e+01
1.769044270573930078e+01
1.762626503743462081e+01
1.761232232953829069e+01
1.745570464253846055e+01
1.753103774221139943e+01
1.763547866746591808e+01
1.756171981858976139e+01
1.764976604696387597e+01
1.748662232850040255e+01
1.759180166367697851e+01
1.771626566199079633e+01
1.757191446893077114e+01
1.758093997464872160e+01
1.748152843442224480e+01
1.763627440827287884e+01
1.756795281657393915e+01
1.760187924296115725e+01
1.766027963931427536e+01
1.770174379671076537e+01
1.773230216286428629e+01
1.752649581036435222e+01
1.772248462693009330e+01
1.770584421616306159e+01
1.756762387572426931e+01
1.749258713518003461e+01
1.766545723363542564e+01
1.764019636282315417e+01
1.753127488247258370e+01
1.766417059903535502e+01
1.745840174379494769e+01
1.756625509810614716e+01
1.747488332504892483e+01
1.755806026265988251e+01
1.749327538124195058e+01
1.758651196758961532e+01
1.765534477805455893e+01
1.764195027617152789e+01
1.766594419707049468e+01
1.759562094910025110e+01
1.768214216224933821e+01
1.762267077501538637e+01
1.765719334037637012e+01
1.759601579075730626e+01
1.758056911231906483e+01
1.764820247854765611e+01
1.760273179577589531e+01
1.749800405432654671e+01
1.752987679645815788e+01
1.758011896612669034e+01
1.747882093538406068e+01
1.762252515260902186e+01
1.756469459651032139e+01
1.759900731816177810e+01
1.749324619711925166e+01
1.762326547604940430e+01
1.763916889739303429e+01
1.770589740789515432e+01
1.747827036352128260e+01
1.765880759228436148e+01
1.770209830976183341e+01
1.779758636462398158e+01
1.767187340444229804e+01
1.757298952173945494e+01
1.763479161957213748e+01
1.762473098905290669e+01
1.768265336503776908e+01
1.755337782461225160e+01
1.756294086460085424e+01
1.763716651901718180e+01
1.757477195544035808e+01
1.754803540734103962e+01
1.765318333911670479e+01
1.752698587410494468e+01
1.764055834360630826e+01
1.751269995937773061e+01
1.753955941393613216e+01
1.755805029727346422e+01
1.763353208721206400e+01
1.748310536187948117e+01
1.772354060719855795e+01
1.772013400323417898e+01
1.756974280115671050e+01
1.757121581445644054e+01
1.761622065306271878e+01
1.761709993997990509e+01
1.750814742270205926e+01
1.762918736477400472e+01
1.770129063637910249e+01
1.762507249381387098e+01
1.758571975797217135e+01
1.759658051908114373e+01
1.769985687033367228e+01
1.745400571480506002e+01
1.760755369630732048e+01
1.765315252789332234e+01
1.758038656471969929e+01
1.749851414911057645e+01
1.755564863337609083e+01
1.763635382511397864e+01
1.751539226512746694e+01
1.752579103356956125e+01
1.767527463018091183e+01
1.769084247164726875e+01
1.750736674132845039e+01
1.754814059732197506e+01
1.755320898064148594e+01
1.764405486743404694e+01
1.756968953146879997e+01
1.748740256697298179e+01
1.747466242097586786e+01
1.766838603674018415e+01
1.754746812524697930e+01
1.764099075379162329e+01
1.748344850396755135e+01
1.761056700180516188e+01
1.754355279515411681e+01
1.771436569389810245e+01
1.756630159989557072e+01
1.772417239796392607e+01
1.756436103663054027e+01
1.762982824548495131e+01
1.761382385850506083e+01
1.764995754911383941e+01
1.763109407176612820e+01
1.766756333018042469e+01
1.747464977776403217e+01
1.744435841992856950e+01
1.760960637202858692e+01
1.760266737415659577e+01
1.773865351406697854e+01
1.753787703835944356e+01
1.764214457209366671e+01
1.768204158638270229e+01
1.746206449065065414e+01
1.770302057069724100e+01
1.758491877896492284e+01
1.761670157150071958e+01
1.760148355725535652e+01
1.761615199858954028e+01
1.753570874161706428e+01
1.763695423520030658e+01
1.767174292307949557e+01
1.752601064292715449e+01
1.758634414629608145e+01
1.762364519664963680e+01
1.759924858440789563e+01
1.750438423215251760e+01
1.767955101679275742e+01
1.772883914336237154e+01
1.753503399421443731e+01
1.764618164083290353e+01
1.766550568184610270e+01
1.761009518921439465e+01
1.768059794478460844e+01
1.741748225210265844e+01
1.740220159984831838e+01
1.742474720600424476e+01
1.753267240879970501e+01
1.758300574959270790e+01
1.765407013727556063e+01
1.752712583379128120e+01
1.759701008151753854e+01
1.764593096773060310e+01
1.755830845490885750e+01
1.760706580393262044e+01
1.758453305962080293e+01
1.761379700575603025e+01
1.766016600362294753e+01
1.767699672934413968e+01
1.761741078898161206e+01
1.756499169030553986e+01
1.763913636062380164e+01
1.750112446566386026e+01
1.760804505028105638e+01
1.751081061909049552e+01
1.754616425004235936e+01
1.755961651713732508e+01
1.754447294137382229e+01
1.755846475004733520e+01
1.757555810785480332e+01
1.767458445945448275e+01
1.762451767380190049e+01
1.758784559039597895e+01
1.753931775872404586e+01
1.752709280279895410e+01
1.756703511603183543e+01
1.763494129089412610e+01
1.783356520660031919e+01
1.756103656830498849e+01
1.767618761157647000e+01
1.747641952772939788e+01
1.751843046417202743e+01
1.760319334283713033e+01
1.767366525325565618e+01
1.757427964645755480e+01
1.761129654855977122e+01
1.759296318472807030e+01
1.759657922103775363e+01
1.752327508589072025e+01
1.764458970232121970e+01
1.759020402002748895e+01
1.769304272809210943e+01
1.774608625617754498e+01
1.762986789579009539e+01
1.754910534899724084e+01
1.749448252106957824e+01
1.755482857873265701e+01
1.750135002982019472e+01
1.763915888089535144e+01
1.743854562929214325e+01
1.757552712852701049e+01
1.759613567446397653e+01
1.749529242541831309e+01
1.754273126148098427e+01
1.774639780079931484e+01
1.757268706079982579e+01
1.765596734886098673e+01
1.757721717938942518e+01
1.767079300377243811e+01
1.765076538462129108e+01
1.772471362479902623e+01
1.755598637787757355e+01
1.756892091868355976e+01
1.751446561083505316e+01
1.767103612673486168e+01
1.759182734819325944e+01
1.754989764973781874e+01
1.759540692907598469e+01
1.764539534587624559e+01
1.764625486131625465e+01
1.766688879163506343e+01
1.758259458591339808e+01
1.745724218975102104e+01
1.752375873841058151e+01
1.762688619782545274e+01
1.759946160721134234e+01
1.759586810977479487e+01
1.761497677966302433e+01
1.762875055265147850e+01
1.765104547601330509e+01
1.751016614499651070e+01
1.769528603640825892e+01
1.742642403504353155e+01
1.757526540178206886e+01
1.764523126889197258e+01
1.747801062619762646e+01
1.754327870963912162e+01
1.757867812955851150e+01
1.761281015805827366e+01
1.758333316678995573e+01
1.762194046664118119e+01
1.757258573524807588e+01
1.745850611849460776e+01
1.767545287704605528e+01
1.751359848963186394e+01
1.763225118376495359e+01
1.754102594678970561e+01
1.765782447675803013e+01
1.754214297281218649e+01
1.762283222812040862e+01
1.753842227958456235e+01
1.756062535494725907e+01
1.766867029865061411e+01
1.763476615219824950e+01
1.779529956899157739e+01
1.756697192017982445e+01
1.758983707949414210e+01
1.749408103394760516e+01
1.761845654811568096e+01
1.752416876508307908e+01
1.761966560714184027e+01
1.750264294849427316e+01
1.767806029863512762e+01
1.764396482063454386e+01
1.758156815591470590e+01
1.752863187538938661e+01
1.759486491085741022e+01
1.758926245143485545e+01
1.749406685275178930e+01
1.764386937085048856e+01
1.769756983534205119e+01
1.760681036294841917e+01
1.743061826198169229e+01
1.765117490414463930e+01
1.748773906458586325e+01
1.749036162455182009e+01
1.749788670913057587e+01
1.765299721007718148e+01
1.755354225790345879e+01
1.759309710607234578e+01
1.764382347437369347e+01
1.759019239201665030e+01
1.764038580236914200e+01
1.759685190617909356e+01
1.737387492653315135e+01
1.748486058772749629e+01
1.762034223433965963e+01
1.771323771874556385e+01
1.750434908295971326e+01
1.755738014698789229e+01
1.765218726755735901e+01
1.767876159127139601e+01
1.747982952515124211e+01
1.749933049575067656e+01
1.771498933182524738e+01
1.739864316643963704e+01
1.753228201591040758e+01
1.762693348517556302e+01
1.756029969826892057e+01
1.765001762729778889e+01
1.753485783959816402e+01
1.750415161697337041e+01
1.761818061527241142e+01
1.757990382508059568e+01
1.765332745785007162e+01
1.762026213725424029e+01
1.762106266243885955e+01
1.749959321596211126e+01
1.770641046640111327e+01
1.755828352354965816e+01
1.766642104952688186e+01
1.772107239791014877e+01
1.746468264909345081e+01
1.760771226704629555e+01
1.754087541574167020e+01
1.755562457103009777e+01
1.769939850196882603e+01
1.762089976231008848e+01
1.752638759117605360e+01
1.756930735135006216e+01
1.752885620728493166e+01
1.753693464644075206e+01
1.758146839366841974e+01
1.749527965727125078e+01
1.762352913542239463e+01
1.773309580637814520e+01
1.766683559842142159e+01
1.756920942564223154e+01
1.747091152588163609e+01
1.757686574674292856e+01
1.749807084856372086e+01
1.762157490865560305e+01
1.749324029786406598e+01
1.764921964209516148e+01
1.762971668856303609e+01
1.759795006018478603e+01
1.760705899920880313e+01
1.776501862102963969e+01
1.758249174466948261e+01
1.759935333336199648e+01
1.759140920363632432e+01
1.762006251938474932e+01
1.756327772780947427e+01
1.761538571910389805e+01
1.746280115857905813e+01
1.762652919315340228e+01
1.755552022806050871e+01
1.749645593398228627e+01
1.778643412955079839e+01
1.769322461383897505e+01
1.768363582305604709e+01
1.749791259813276056e+01
1.746295138995304441e+01
1.770422672887637106e+01
1.755717889221178396e+01
1.760982912723400418e+01
1.763841095359822830e+01
1.760347740038888276e+01
1.754533019433575802e+01
1.751721288010226019e+01
1.740767795437710319e+01
1.749356435079844729e+01
1.752374419989734022e+01
1.767365225922880612e+01
1.755533267172433298e+01
1.759851088172518274e+01
1.759725438212380055e+01
1.756630275846917044e+01
1.761374749005937090e+01
1.765276547900200299e+01
1.759342747185426603e+01
1.774353119338627138e+01
1.745842214161617889e+01
1.765002646908882866e+01
1.757287809712015303e+01
1.750754021712519659e+01
1.765605433376899924e+01
1.746927644775775335e+01
1.742890028292540094e+01
1.763028220025338300e+01
1.763195893781056967e+01
1.763111102523983931e+01
1.744103218870736782e+01
1.748684906426674601e+01
1.776333356179638301e+01
1.764074046035394971e+01
1.759265443771661808e+01
1.758042292550860353e+01
1.767386192900585229e+01
1.753331465228200514e+01
1.775013686577629457e+01
1.757194632274585544e+01
1.762974823382542766e+01
1.768413648790735238e+01
1.761970258403135148e+01
1.764217688903459091e+01
1.751199928673567285e+01
1.757902123007356465e+01
1.754401492772056059e+01
1.773496183084807498e+01
1.765072760753206893e+01
1.765232482048158502e+01
1.752545376583865888e+01
1.756354456352187299e+01
1.770459271985244243e+01
1.752208250576217097e+01
1.743887240750326129e+01
1.770165943777862338e+01
1.771522244911230715e+01
1.753273333053650163e+01
1.761215598930743553e+01
1.764104587269162039e+01
1.747521437160491331e+01
1.747229633624972323e+01
1.746705791491780602e+01
1.750473614277006007e+01
1.761847576167655305e+01
1.755204569506293311e+01
1.758414015385548268e+01
1.755984804038444480e+01
1.755743137948102373e+01
1.741581489938181804e+01
1.755932279943332830e+01
1.758804986929408898e+01
1.761331843403356245e+01
1.763218296719387723e+01
1.755302651356229049e+01
1.752001483068728405e+01
1.745764008194623784e+01
1.784244229072652743e+01
1.753019860590555012e+01
1.759113859970936389e+01
1.749335549244018395e+01
1.763047855368785122e+01
1.763222343737198017e+01
1.765630973972815809e+01
1.755315528806719527e+01
1.744722154414232662e+01
1.751937806543650566e+01
1.762969475534883657e+01
1.769478279671945486e+01
1.769879713859704751e+01
1.764057535956001743e+01
1.741136131980998059e+01
1.748715411037278500e+01
1.745324597632864183e+01
1.761732480089710151e+01
1.760768182461082887e+01
1.758561393275250495e+01
1.746477834340790025e+01
1.765301057211210178e+01
1.756111177384297406e+01
1.776078552910310648e+01
1.753938349467237856e+01
1.756286455518749179e+01
1.746425360750703604e+01
1.754843587369561320e+01
1.759078992052605273e+01
1.754900138729540515e+01
1.742017421147603429e+01
1.758999495997906948e+01
1.758642228725520695e+01
1.754071584543259021e+01
1.756946847177188076e+01
1.758832547290894510e+01
1.751445006120439274e+01
1.763973583283710767e+01
1.756778125451192452e+01
1.767325372939631478e+01
1.768513003326104638e+01
1.774910456937015724e+01
1.761328661657437067e+01
1.768074395325848869e+01
1.754504688096253062e+01
1.753323434754387478e+01
1.760997405946505268e+01
1.753967040604709382e+01
1.766563769221567526e+01
1.759025161615918265e+01
1.768457110200347771e+01
1.766912698120528091e+01
1.764247702688179942e+01
1.757282315650961380e+01
1.758285172127584772e+01
1.748017619588718219e+01
1.762356441269614749e+01
1.754734288646825391e+01
1.757574870000550860e+01
1.754367125882958334e+01
1.758951595075880903e+01
1.763969570193627234e+01
1.764054973744436694e+01
1.759032471418302634e+01
1.760771566972212554e+01
1.758967945592944915e+01
1.769554075032300844e+01
1.750602758957924721e+01
1.764803540250657932e+01
1.755524180619283214e+01
1.756430145869682846e+01
1.755758520116032173e+01
1.765781624615613765e+01
1.751003109710226724e+01
1.758653997430242555e+01
1.770910650820367849e+01
1.761583861340530532e+01
1.769549216015389703e+01
1.773931257087736668e+01
1.742556591331619842e+01
1.760097691968263689e+01
1.762393189389358028e+01
1.762167362815518601e+01
1.747164986496497718e+01
1.767837609146221922e+01
1.759444105477464504e+01
1.764473837453806837e+01
1.756303965898290897e+01
1.749884879854268860e+01
1.753877131354624552e+01
1.751872889182032367e+01
1.743247084128146440e+01
1.778826086199504886e+01
1.774176797930087801e+01
1.755785656676311390e+01
1.753528291359762292e+01
1.755174474299197840e+01
1.760113927072793416e+01
1.769254208824178676e+01
1.764469903219807634e+01
1.748663743684016580e+01
1.756275209924849179e+01
1.756216394332465569e+01
1.758142806538932845e+01
1.754767172999500602e+01
1.761102061248335460e+01
1.744877712937223180e+01
1.754601104655052879e+01
1.754273302436082460e+01
1.764717871656459636e+01
1.759365783627278290e+01
1.742697352076996253e+01
1.760588592365855121e+01
1.759080675690134399e+01
1.759021339106180548e+01
1.758648853021632519e+01
1.756717247816955663e+01
1.761954410043685471e+01
1.759746229611370794e+01
1.774661788597943968e+01
1.766907174935122171e+01
1.757448538888548484e+01
1.749622570039968750e+01
1.765345988125674737e+01
1.766262882729391137e+01
1.763102430504110885e+01
1.755347909639945314e+01
1.753376702400577969e+01
1.767818432698593156e+01
1.775825974566044252e+01
1.763087998036867887e+01
1.753197683225889136e+01
1.762770216055029948e+01
1.750969121339485213e+01
1.763719516796141207e+01
1.753438573036482140e+01
1.753796630323444816e+01
1.745060527086311453e+01
1.776019456502277549e+01
1.754181447550580941e+01
1.747577729849164996e+01
1.757983835684006380e+01
1.751438085638718078e+01
1.760154112782125679e+01
1.745507503774283009e+01
1.761244363693997173e+01
1.768277340781711970e+01
1.752660546584095513e+01
1.760062369562256634e+01
1.760642049481233684e+01
1.760759796390141929e+01
1.753705702404493749e+01
1.764964187415348462e+01
1.771048271980388478e+01
1.763601932102952929e+01
1.763525548551613298e+01
1.756929601462703161e+01
1.774649747608012262e+01
1.762281401785649493e+01
1.745281629321346273e+01
1.765975884108858551e+01
1.765902408772718601e+01
1.758666464332618418e+01
1.760650814819697629e+01
1.748673646380884250e+01
1.764063910699511339e+01
1.752012170850733241e+01
1.761776613583311857e+01
1.753093368580992006e+01
1.740979930842564727e+01
1.766565849179294645e+01
1.766519897684198881e+01
1.746097789924776933e+01
1.756306456966142449e+01
1.748187449751287303e+01
1.758722590136214237e+01
1.765706763194601336e+01
1.752917040946076810e+01
1.746542907977305603e+01
1.756141426493362800e+01
1.753994835266300001e+01
1.756452867725872125e+01
1.770267214537773270e+01
1.761813131066687887e+01
1.763116597671702479e+01
1.769485392510839361e+01
1.750240832357872023e+01
