# Variable: B
# Sample shape: (2500,)
# Date: 2018-11-20 23:39:51.519061
7.625536537899938461e-01
7.578657546698710501e-01
7.640423652174141989e-01
7.573956000114739906e-01
7.668775350610209651e-01
7.565641610667842576e-01
7.637384532277949889e-01
7.624215413148424103e-01
7.593637409836005991e-01
7.693852454083416337e-01
7.579196462242262511e-01
7.584966761719718065e-01
7.619186567421294409e-01
7.669690864948641718e-01
7.597140209560814261e-01
7.677587834256863752e-01
7.552071031154001801e-01
7.548678177153911317e-01
7.598093113224043682e-01
7.643762786221333094e-01
7.624239181763466933e-01
7.613319180074423764e-01
7.594174561503502785e-01
7.599196883009653458e-01
7.630396598030042554e-01
7.622728751274526759e-01
7.593806880232675249e-01
7.639821520423036860e-01
7.617270759701867400e-01
7.643466554196626239e-01
7.703293430567436095e-01
7.618671531196800073e-01
7.572035121031885918e-01
7.614417595225900781e-01
7.575366090606073799e-01
7.601134310968439278e-01
7.597321507964047704e-01
7.682687106638094177e-01
7.623679853889288038e-01
7.591704122475594341e-01
7.617642864767706357e-01
7.635212600069675171e-01
7.559867862658929960e-01
7.570736638828801102e-01
7.650690449854180564e-01
7.621701665020457206e-01
7.674165838333063538e-01
7.646858349551868272e-01
7.605727986667815133e-01
7.651320240349157586e-01
7.728701733093041870e-01
7.688732227330369318e-01
7.527244492306259804e-01
7.668727408351827535e-01
7.669278104749979175e-01
7.654314142860052517e-01
7.649690856820333673e-01
7.698697782754683194e-01
7.586081517162747145e-01
7.667650401170293950e-01
7.656047032307790046e-01
7.625547705907405049e-01
7.683299694616451125e-01
7.564019239347411494e-01
7.534362072801625843e-01
7.639981922470188147e-01
7.615878112600724670e-01
7.624431646353639902e-01
7.630162857391913356e-01
7.625958454022137012e-01
7.603027519151374092e-01
7.637775979077636723e-01
7.589927449842942542e-01
7.569351577264560316e-01
7.645257829589164889e-01
7.683068701043344051e-01
7.611822482232286635e-01
7.681164795559848324e-01
7.617494141290621634e-01
7.586316786179917449e-01
7.627277772774098130e-01
7.629174546408195035e-01
7.606590808254115599e-01
7.678350767497885698e-01
7.623128685549185324e-01
7.611528960327739179e-01
7.654395342734999774e-01
7.628628469890093022e-01
7.659530588008667262e-01
7.631784891108370772e-01
7.618583983274097582e-01
7.606128644766152469e-01
7.557137350506392126e-01
7.564994390454354845e-01
7.646163934889533831e-01
7.663655089437415580e-01
7.648919076823175178e-01
7.612106455780147662e-01
7.549323994142489447e-01
7.619352733002264788e-01
7.605688996712078875e-01
7.680730126923795975e-01
7.579670587179857533e-01
7.611334301705225958e-01
7.699120175633292762e-01
7.649782585791075062e-01
7.648156000693044909e-01
7.616495954893333087e-01
7.570958566138047408e-01
7.701487597224229154e-01
7.597824889694977379e-01
7.729245411531253662e-01
7.595054175551444464e-01
7.607497880389928469e-01
7.607039883350492637e-01
7.600265362457734319e-01
7.640442523262273022e-01
7.661093464129028474e-01
7.563711599032886257e-01
7.566893210341368858e-01
7.615286317277519812e-01
7.688564682886226409e-01
7.652794915600965586e-01
7.572453704788772999e-01
7.665347327388021270e-01
7.597729233316116160e-01
7.631066700815130055e-01
7.622382687395513612e-01
7.682871121864706110e-01
7.602571160396401906e-01
7.563878760449659344e-01
7.669011617819390114e-01
7.655294976843785015e-01
7.582244916807776569e-01
7.597068506899171680e-01
7.585030260863433460e-01
7.682719498599006602e-01
7.563980958277348732e-01
7.645565527400500772e-01
7.575827563983752455e-01
7.660865552379166887e-01
7.668739322304329864e-01
7.731182482604281869e-01
7.587690661221443422e-01
7.627301795414281882e-01
7.561277299507908056e-01
7.678028446125165773e-01
7.652508301451075301e-01
7.621192160369396618e-01
7.708500128709628862e-01
7.633645835998679186e-01
7.639005467572991259e-01
7.569656059850381480e-01
7.615042839459532642e-01
7.605305928366121737e-01
7.630959233953257259e-01
7.598683114746581646e-01
7.570092433876707272e-01
7.574698713260106242e-01
7.562535620365498090e-01
7.656936687495420335e-01
7.583280199225775897e-01
7.644819452132195492e-01
7.581177083858062771e-01
7.676011287066062394e-01
7.612237355213877787e-01
7.638420588062646566e-01
7.668483018950428276e-01
7.602037571377193714e-01
7.634597717590093646e-01
7.643532464763346246e-01
7.630407308405834366e-01
7.653352612156490986e-01
7.607128648074764632e-01
7.629779446817860356e-01
7.650628959947946006e-01
7.664120738303251690e-01
7.609845243442684426e-01
7.637285496112128369e-01
7.654098985279814693e-01
7.661579322086857768e-01
7.555139103205503748e-01
7.664199087912990649e-01
7.627565738473989221e-01
7.606076357261986054e-01
7.576581522524349355e-01
7.602202638150773462e-01
7.619021534119183592e-01
7.661673000983025839e-01
7.631248327466061410e-01
7.631218262470527147e-01
7.635241966629094934e-01
7.641115775812974409e-01
7.618555392617932798e-01
7.643780291163342344e-01
7.631604694606841655e-01
7.637705181200283855e-01
7.596193180512527121e-01
7.599789267435803630e-01
7.639742469355652599e-01
7.613355380595798749e-01
7.646548008340476876e-01
7.556863567167259044e-01
7.679354578174993895e-01
7.643936565320621490e-01
7.569762098704625464e-01
7.655108872022736710e-01
7.688700581468349560e-01
7.582054735034102766e-01
7.622914377024608834e-01
7.629084725304746684e-01
7.596895885544646676e-01
7.679582771582539324e-01
7.592431268840003078e-01
7.568528737418440677e-01
7.553107933860543355e-01
7.644590431187673341e-01
7.676063545936344656e-01
7.658594257555666474e-01
7.602137127503822978e-01
7.655081239601966292e-01
7.638835654531304087e-01
7.610369925675455338e-01
7.603997725194995283e-01
7.563963054530504770e-01
7.613793120541083592e-01
7.604539880970444532e-01
7.671558793315201852e-01
7.574010737988799979e-01
7.646092590758355456e-01
7.656253427162257319e-01
7.584044118294200887e-01
7.612361994522994779e-01
7.621184109701942822e-01
7.610657499946192894e-01
7.641012683661980720e-01
7.654667786115089134e-01
7.693508229004510923e-01
7.662447435726081890e-01
7.604648077646590787e-01
7.584164220474541862e-01
7.626881417495093851e-01
7.589806636013862740e-01
7.632395766916884039e-01
7.565695582034878131e-01
7.614430879512540384e-01
7.612338755880754260e-01
7.654365198997591380e-01
7.614474419344239298e-01
7.590785345933549477e-01
7.658479827730753087e-01
7.626855103922629553e-01
7.614702839612234042e-01
7.581637363726293488e-01
7.609753758687943792e-01
7.648581539507995908e-01
7.686350357525451038e-01
7.598416967449117543e-01
7.648363057474633075e-01
7.589681483676543605e-01
7.667535276656954890e-01
7.606789538985627708e-01
7.597006543216325847e-01
7.628176397879442572e-01
7.612824716112555068e-01
7.612123805930319786e-01
7.584912459133076323e-01
7.648660480659167371e-01
7.658200938190242724e-01
7.672326105301378041e-01
7.713614166283833118e-01
7.617968261461443014e-01
7.657551460195437532e-01
7.643048318262956053e-01
7.561250185605488117e-01
7.646780464763469620e-01
7.668735863820692611e-01
7.648182730641127636e-01
7.605049827113208316e-01
7.653893789928195579e-01
7.658190945866889532e-01
7.670522354907231000e-01
7.652530865778686131e-01
7.670090255568970949e-01
7.626695508017313774e-01
7.651323367675204601e-01
7.548024968838422666e-01
7.646530729154258355e-01
7.618472523982197098e-01
7.639284258608040057e-01
7.612995589973328148e-01
7.546947774893426608e-01
7.615629976882150043e-01
7.600845165525065283e-01
7.590323343023805958e-01
7.628047724009477948e-01
7.689763097544016768e-01
7.644739763004474442e-01
7.584168694159106883e-01
7.618500147024934721e-01
7.622442595835151602e-01
7.636958870701773261e-01
7.674110690518632927e-01
7.714749028892653460e-01
7.619394841154665254e-01
7.604073680959311243e-01
7.643995017111144819e-01
7.650226383661702378e-01
7.607309428619334346e-01
7.681166249883593089e-01
7.606684744207259374e-01
7.719868371190288237e-01
7.697473145747733003e-01
7.614783720150737345e-01
7.631378576468650365e-01
7.628597903734497532e-01
7.617982769643616425e-01
7.610839935690498770e-01
7.576689376227144779e-01
7.647274358826244844e-01
7.583645832643028939e-01
7.596283931251630595e-01
7.591647628536756232e-01
7.594540511540697203e-01
7.585929389219291386e-01
7.629953273390930324e-01
7.565720702615126303e-01
7.632197304992014431e-01
7.603683761906592231e-01
7.634633140686354347e-01
7.606555256771320161e-01
7.658121608933888824e-01
7.594187434611076037e-01
7.632149987931323709e-01
7.607320902419523190e-01
7.719090396618424332e-01
7.595129969790853641e-01
7.623647049425383848e-01
7.626402319066620805e-01
7.583854685701725273e-01
7.662264822343407555e-01
7.680473314711048216e-01
7.573492216974169189e-01
7.594855512669864694e-01
7.669720281660767913e-01
7.658308722923639067e-01
7.634617340547618092e-01
7.690497493722417977e-01
7.576975288278092746e-01
7.662477782924767000e-01
7.647766406527491956e-01
7.602071876903595538e-01
7.595858480606626495e-01
7.648487320443653203e-01
7.617109359398659407e-01
7.636600765585420669e-01
7.554809638290956864e-01
7.676215648453699192e-01
7.589970884747907487e-01
7.618817769530344952e-01
7.685221944449304177e-01
7.653291318932085030e-01
7.636076959483880655e-01
7.670919843385642922e-01
7.643168310604716575e-01
7.579144356097933244e-01
7.712684613253600885e-01
7.584500178307221896e-01
7.666238777106780811e-01
7.642847201669559221e-01
7.583329114606928156e-01
7.688913472257170589e-01
7.645851291565581853e-01
7.552817543088298224e-01
7.628044767828113804e-01
7.649426584967675691e-01
7.718040476156409202e-01
7.593681382589244633e-01
7.630361314312034127e-01
7.658467011828365978e-01
7.510521575118846993e-01
7.655613370462731604e-01
7.653699452079812948e-01
7.626484135368195583e-01
7.622835893292494447e-01
7.649124778137066372e-01
7.631555300492173233e-01
7.580896658302025415e-01
7.620953221493720342e-01
7.705839719239047092e-01
7.671713618533688717e-01
7.591080941448122843e-01
7.541174847179915597e-01
7.593740089292145834e-01
7.628317003488361836e-01
7.599725970913188133e-01
7.613063350834190501e-01
7.616451249131304113e-01
7.656276633643696039e-01
7.597010380454712886e-01
7.697903984608429617e-01
7.665979651683259011e-01
7.698820331891759183e-01
7.520929214100652294e-01
7.606532035668183145e-01
7.655122933127510576e-01
7.579218618313459110e-01
7.549685181747746165e-01
7.585902107123874138e-01
7.561829649564528744e-01
7.635361951336716579e-01
7.664677648650379815e-01
7.642586078939002103e-01
7.650538977578661415e-01
7.625524903196501114e-01
7.580258140073308226e-01
7.724787850485840268e-01
7.600467546997496937e-01
7.687556541632379892e-01
7.645880348884539490e-01
7.611440721421354194e-01
7.671663248780203892e-01
7.606679460148876304e-01
7.592321814325427853e-01
7.605564027684705852e-01
7.666140824005751586e-01
7.565564318999342674e-01
7.629011716643681051e-01
7.619229791805991470e-01
7.652827539152290415e-01
7.617959829294935759e-01
7.663796514998972853e-01
7.631936627388073990e-01
7.613867723447946823e-01
7.709498047771388141e-01
7.677430507526654679e-01
7.642591021099375270e-01
7.619107996535569027e-01
7.673766354634513620e-01
7.595870068247347895e-01
7.656993548664353666e-01
7.539121138892658225e-01
7.607887796978834993e-01
7.657831540571818918e-01
7.619993863682651414e-01
7.637564561589124112e-01
7.609061593441347471e-01
7.611722317072910915e-01
7.596747636273594173e-01
7.622682090238777075e-01
7.537947473880104443e-01
7.665127023000011253e-01
7.624183206018497749e-01
7.652817978636917706e-01
7.615396564507928012e-01
7.583653992519742149e-01
7.624787045896080917e-01
7.655551612692224062e-01
7.616690552962602778e-01
7.587880128915722722e-01
7.676217318908719056e-01
7.574051013908839058e-01
7.747859830895967859e-01
7.615653587311743689e-01
7.635438978792681297e-01
7.651435997105381359e-01
7.683854351191863330e-01
7.600516429452938150e-01
7.632914924670194390e-01
7.606922368310666815e-01
7.629132891182871523e-01
7.627457363439340554e-01
7.650256574905875961e-01
7.649326702735357308e-01
7.569422077245357983e-01
7.604811070515385962e-01
7.564278716125080182e-01
7.614762128826629839e-01
7.608151128486870807e-01
7.682870899829220557e-01
7.577667244241501621e-01
7.617718422687369539e-01
7.598750018859719013e-01
7.582170319792657098e-01
7.658724353925033812e-01
7.636333418634493331e-01
7.635580678302393842e-01
7.633369236510256783e-01
7.636034293076261470e-01
7.565829349173524010e-01
7.697521356745630206e-01
7.631856534638342682e-01
7.623774726547508651e-01
7.566064892419376298e-01
7.647590458098181276e-01
7.669784507688287567e-01
7.621013994602749975e-01
7.652026857910463331e-01
7.607224682511166680e-01
7.649749897160019740e-01
7.712988353028054078e-01
7.586377236097446852e-01
7.645218392123097617e-01
7.638138846054222109e-01
7.676559107663492032e-01
7.609998189981613814e-01
7.610693574530167371e-01
7.659539902967150704e-01
7.653802767108197624e-01
7.717473103431702341e-01
7.698540671245381883e-01
7.689639474336882330e-01
7.717657005181621788e-01
7.678453593444766190e-01
7.609152622808393884e-01
7.659734135026645685e-01
7.561394275037170987e-01
7.597475688458303900e-01
7.669424122344574712e-01
7.603012379410211130e-01
7.623435044294156748e-01
7.706918400015314585e-01
7.630920198253141606e-01
7.649740237179276647e-01
7.634628203864000096e-01
7.611600673880890566e-01
7.642219451755564164e-01
7.624340497746666667e-01
7.704166555671497774e-01
7.623332410839430695e-01
7.652511971654091250e-01
7.634397049994782192e-01
7.590917247166654169e-01
7.554650521880935665e-01
7.602081186585961659e-01
7.630804484278104205e-01
7.678062859195308176e-01
7.591888126441738160e-01
7.620599689012517164e-01
7.653021385699415591e-01
7.568451984670976351e-01
7.619151287956845708e-01
7.609181233087396468e-01
7.631479982612959789e-01
7.613189058821087096e-01
7.642064705995242901e-01
7.654472668675101898e-01
7.680401448681578591e-01
7.623861029111037579e-01
7.642116718072708981e-01
7.585099848753498186e-01
7.615512452161860013e-01
7.671695049490157015e-01
7.618818861971266010e-01
7.638853688397332364e-01
7.629367669077830039e-01
7.734604863089222793e-01
7.680266166513614046e-01
7.605475506617385140e-01
7.589363699436730837e-01
7.548685574132165677e-01
7.650561624562446372e-01
7.634445648729673017e-01
7.648005129530037749e-01
7.649907340939566813e-01
7.630949439873876416e-01
7.663065785511784522e-01
7.589075580328801252e-01
7.655348202978937699e-01
7.541314177329228041e-01
7.650568380037409133e-01
7.574494874190838001e-01
7.617566308045865542e-01
7.594738773406063403e-01
7.619016053722400539e-01
7.666402992108127812e-01
7.679109813893999492e-01
7.582670585309170264e-01
7.594154724333238571e-01
7.566159303181904106e-01
7.659806478884115810e-01
7.619162945991927449e-01
7.649319988567405693e-01
7.592471038701321673e-01
7.629869299640809066e-01
7.651060843556181101e-01
7.557597307693962874e-01
7.672612450998582689e-01
7.650961892563651334e-01
7.647933976633456421e-01
7.657315817158296678e-01
7.653642951894145119e-01
7.611291094688547032e-01
7.636163650877065834e-01
7.571077541923056931e-01
7.647349484612399051e-01
7.669264169463713143e-01
7.642699935602312866e-01
7.578116921372913817e-01
7.566760811926347419e-01
7.571207774349782982e-01
7.611112175535628133e-01
7.572600332427353864e-01
7.559312439553484975e-01
7.620789323816129501e-01
7.647102373264336173e-01
7.649044469505184018e-01
7.555229877049756126e-01
7.658447994677488602e-01
7.623085835787296594e-01
7.602290796778317095e-01
7.614397948946365347e-01
7.683564160825182565e-01
7.655637547750699934e-01
7.594884667067919315e-01
7.573784407804038388e-01
7.631269855113187450e-01
7.728113257632478472e-01
7.604634589588072924e-01
7.581301314500241695e-01
7.649040510923315050e-01
7.694337125718131443e-01
7.644514765481053020e-01
7.502195948617913501e-01
7.595389893287769478e-01
7.670544365130742559e-01
7.681303982913815220e-01
7.544653368618275957e-01
7.586476270931404864e-01
7.612337443896108891e-01
7.648645221119743098e-01
7.640715924601632070e-01
7.625568543612584183e-01
7.610508948086808223e-01
7.631889962501067215e-01
7.646240361239444727e-01
7.506050082387341060e-01
7.614643052298748493e-01
7.634730427739740977e-01
7.601813124467974303e-01
7.637712163147989397e-01
7.627156355662962905e-01
7.629349709983174188e-01
7.622489672912984293e-01
7.590570972793398985e-01
7.623614285279299851e-01
7.624670852553876443e-01
7.618962284619258396e-01
7.652277790246958533e-01
7.640706743449855454e-01
7.645575588214755802e-01
7.612055412939103816e-01
7.621162110130861311e-01
7.538759971636120882e-01
7.600137998692196861e-01
7.710846573072014376e-01
7.650930563350595293e-01
7.621236251074537948e-01
7.580248441698869133e-01
7.646364631140730728e-01
7.704824117183651788e-01
7.647330785398437358e-01
7.622465836345930779e-01
7.656164401833341904e-01
7.657458448865112066e-01
7.594680135229028295e-01
7.683642184035229805e-01
7.595775234848846091e-01
7.622778810872160582e-01
7.633570773009894506e-01
7.622417520142508174e-01
7.653073705488919742e-01
7.628332037995957382e-01
7.594382003563425743e-01
7.579222359809937304e-01
7.610851269142175912e-01
7.639850598513518998e-01
7.682548149776222690e-01
7.583877894516802831e-01
7.627710377826641963e-01
7.640236023206546934e-01
7.603337577700320926e-01
7.589621929202959860e-01
7.596268487745363451e-01
7.682503912566078785e-01
7.654202289139949711e-01
7.700644147536644946e-01
7.637717472298419796e-01
7.568421240866821664e-01
7.682074750807433849e-01
7.668384948745131657e-01
7.662065328754474880e-01
7.653619674625468106e-01
7.685255681834478603e-01
7.629286829834780459e-01
7.580127939466152487e-01
7.583281818420294362e-01
7.669690967390045966e-01
7.610848338858527962e-01
7.611450455435080364e-01
7.663110170874724014e-01
7.660543734743748834e-01
7.661089259908472338e-01
7.572993086328622114e-01
7.578724899790074687e-01
7.689681833160554314e-01
7.625862296327489132e-01
7.604239385358928516e-01
7.619730511419566810e-01
7.653798756311308571e-01
7.641998807040751851e-01
7.613752940372839895e-01
7.554574219375569388e-01
7.569082571649545788e-01
7.673455855899193878e-01
7.573976960417285742e-01
7.621048772901152235e-01
7.607620833419672657e-01
7.607843121262477526e-01
7.670788769177505628e-01
7.623320083128708458e-01
7.575585179273804926e-01
7.613884980992557949e-01
7.653596843816451445e-01
7.556021849737485363e-01
7.619306650180164286e-01
7.588271026735258218e-01
7.648434961109226160e-01
7.665118534781786286e-01
7.604523320306557643e-01
7.645474796704927467e-01
7.678556143473836970e-01
7.567195560932639120e-01
7.609636135780597499e-01
7.663941880563508446e-01
7.597787783703283671e-01
7.634072935518575465e-01
7.588222921566966095e-01
7.643566105606179883e-01
7.606134432610542895e-01
7.661180499120542331e-01
7.541955890728655465e-01
7.643650794278268323e-01
7.607804013151687750e-01
7.615647156127774986e-01
7.627888679884943235e-01
7.628583260877966898e-01
7.586639102725949435e-01
7.612594712379081585e-01
7.632514035933598562e-01
7.621311124036050932e-01
7.655483944522868400e-01
7.581311838319856333e-01
7.718309276367092409e-01
7.583863085008852867e-01
7.643490386066063014e-01
7.559970988831531402e-01
7.636658945340090154e-01
7.691476280292954826e-01
7.648560907442284451e-01
7.648221342921132093e-01
7.630615067278906372e-01
7.597649430659889624e-01
7.641613802629774188e-01
7.658439153097098551e-01
7.679359066809364753e-01
7.602894593267416345e-01
7.575686467352582554e-01
7.704233558329887099e-01
7.615620447669090298e-01
7.560751720131108078e-01
7.692148017963355011e-01
7.619456635533291555e-01
7.572670575640075841e-01
7.592571362866485929e-01
7.645261457758436574e-01
7.586335494849442140e-01
7.599700294355989927e-01
7.562268959655987777e-01
7.637489067015200694e-01
7.617317076735502512e-01
7.645430859406920909e-01
7.572224783828325201e-01
7.605704319556206849e-01
7.541837795411266976e-01
7.596433205668421396e-01
7.639911445255146427e-01
7.599228362629213418e-01
7.656925105941780885e-01
7.652812065509950745e-01
7.648986226479020933e-01
7.619015178245294173e-01
7.636615300559759234e-01
7.633798135454881173e-01
7.669724779783987367e-01
7.579864030261687091e-01
7.623622617013328107e-01
7.599166457141699471e-01
7.623709928681382531e-01
7.659931422370682697e-01
7.602251560248473039e-01
7.552291053838998680e-01
7.647996270436484556e-01
7.698195115419652623e-01
7.653180842992380883e-01
7.641275176422369642e-01
7.559708756585926670e-01
7.653861721738067780e-01
7.661244670320846994e-01
7.636959227888070467e-01
7.620281474492189844e-01
7.578194148491933513e-01
7.642181389587158202e-01
7.591024378949408069e-01
7.594183086361333546e-01
7.654972208029937608e-01
7.628015479543329702e-01
7.646740263367632906e-01
7.695759206403242070e-01
7.567864949591129875e-01
7.687807255672923779e-01
7.623859221192758051e-01
7.681428588704477534e-01
7.641906328825132100e-01
7.543421549818789540e-01
7.604147533221895516e-01
7.660206951081275362e-01
7.658143402588747373e-01
7.562163370662181583e-01
7.691494364643585158e-01
7.628798737702339183e-01
7.624674803159882108e-01
7.615002249677489399e-01
7.672999990638896817e-01
7.642381245426681513e-01
7.662800750176004261e-01
7.589412772660103501e-01
7.623792054114005845e-01
7.601549014894545264e-01
7.652456340790113609e-01
7.680223415422540167e-01
7.603326061298575356e-01
7.647730512161711180e-01
7.522716739207400138e-01
7.625346066410582102e-01
7.631879172754990615e-01
7.630917846586056097e-01
7.636924967380204210e-01
7.576995629893724660e-01
7.585363699774692048e-01
7.641562884042166770e-01
7.615668984782224538e-01
7.654679285448459103e-01
7.633796035040929517e-01
7.565537131717475772e-01
7.576273803376664118e-01
7.589301772522016876e-01
7.658045477989091632e-01
7.659192330411139782e-01
7.657102015843998410e-01
7.615006594559132758e-01
7.670634876237782951e-01
7.639885571903093364e-01
7.586876668173355709e-01
7.538394255637982377e-01
7.564382345766771376e-01
7.661448381179025713e-01
7.616265684704824901e-01
7.634088550247256633e-01
7.636629142712824114e-01
7.619231536958205320e-01
7.540986107677297712e-01
7.577571773643304587e-01
7.621156596127592886e-01
7.662807975405717675e-01
7.680327009879097666e-01
7.645817187131139780e-01
7.660301274373318980e-01
7.657916980088123049e-01
7.608084088227696773e-01
7.581827357571531145e-01
7.608409443023775864e-01
7.660282296678655456e-01
7.550627021710790698e-01
7.640508365876250707e-01
7.624017457741925075e-01
7.654470073598873547e-01
7.690905105482910287e-01
7.661995588115981803e-01
7.654964946657127900e-01
7.629732423651278683e-01
7.647804917660764312e-01
7.677905730904059922e-01
7.541031220761218457e-01
7.658330720172870087e-01
7.634668745277765067e-01
7.608292735367080395e-01
7.618161328760296724e-01
7.625129907519426764e-01
7.618490959775359173e-01
7.640201490270249751e-01
7.599814002601740226e-01
7.679597819281973603e-01
7.684181965768939193e-01
7.622346172200912262e-01
7.628793458032833152e-01
7.597197359435244879e-01
7.654499931470114538e-01
7.620894675057753309e-01
7.579908890181858983e-01
7.617767161917692320e-01
7.663074461545471561e-01
7.662002800308272965e-01
7.613551490134828903e-01
7.614532842015886427e-01
7.638911322185186759e-01
7.613132212521201980e-01
7.561990236095438300e-01
7.632018317929046836e-01
7.699466252530712262e-01
7.629525158997954026e-01
7.687050967381172661e-01
7.593723655113853166e-01
7.576236351973940630e-01
7.582673214720899724e-01
7.637755363627135585e-01
7.636063686799179351e-01
7.709541285525769450e-01
7.629647954249599850e-01
7.632537085467545612e-01
7.631049346087487306e-01
7.636784443020182556e-01
7.524320019978113505e-01
7.667657202508808556e-01
7.571306233151484655e-01
7.611739218867326073e-01
7.702429871734738365e-01
7.597778977169981074e-01
7.646766433554331721e-01
7.653080377969668779e-01
7.606945304101337957e-01
7.630170156020434913e-01
7.542711900028286065e-01
7.629175195996334979e-01
7.560898968041335211e-01
7.609802025132810233e-01
7.622202564491702415e-01
7.676023000962070020e-01
7.603331604666526689e-01
7.548438043493492788e-01
7.584155830676579946e-01
7.590811203462968226e-01
7.649473514635741767e-01
7.574757058607332061e-01
7.681756037673774795e-01
7.590568027824927677e-01
7.612000533590768114e-01
7.612280996439186875e-01
7.639902761433492451e-01
7.601322694362128152e-01
7.543694671917993144e-01
7.621042284048634707e-01
7.690109827369182582e-01
7.621179558565625012e-01
7.594959561765480816e-01
7.642152431609199326e-01
7.611636296723703898e-01
7.678253810083660591e-01
7.597201551035124290e-01
7.615976472808968500e-01
7.636389989718141980e-01
7.609126053247717847e-01
7.637335813723398203e-01
7.608473403069248020e-01
7.676730957805887323e-01
7.631125893912447111e-01
7.571752942264793340e-01
7.692878189333369754e-01
7.638991128944139231e-01
7.615009962499943441e-01
7.560075245142583444e-01
7.668898429294820351e-01
7.697074806288929372e-01
7.620269492180929971e-01
7.632284806584692660e-01
7.544316380606430616e-01
7.621815717975827242e-01
7.585551373181039780e-01
7.634507709429393385e-01
7.601662796333853445e-01
7.592092078000992617e-01
7.620612994243389782e-01
7.701573453309119577e-01
7.624679298350325318e-01
7.580606574567417821e-01
7.615957699868508568e-01
7.619508677210647951e-01
7.718242026203877559e-01
7.609982647838207104e-01
7.613483956187656609e-01
7.612607500364454438e-01
7.620031395476011271e-01
7.543605585253024826e-01
7.588911823403525769e-01
7.662733965372976463e-01
7.632312472641311629e-01
7.614723472891542499e-01
7.571230732294784715e-01
7.632426135571201975e-01
7.667125390994297129e-01
7.659974421395965294e-01
7.609426469156747030e-01
7.570089912200930193e-01
7.677937840336759301e-01
7.610909941403222190e-01
7.644100920921184095e-01
7.596383573435471215e-01
7.613824816861503031e-01
7.598072733532713618e-01
7.655428825653952662e-01
7.577289840852633462e-01
7.650579829351354944e-01
7.662580730825360176e-01
7.618624169237864230e-01
7.615628784968199172e-01
7.679269196245587237e-01
7.667319926346477521e-01
7.596917839042551801e-01
7.674228694154840991e-01
7.606116942566021333e-01
7.646229927607324228e-01
7.691446041677683088e-01
7.619584998926508534e-01
7.576101963282292351e-01
7.742675432666843438e-01
7.638470811384886483e-01
7.585011277136700647e-01
7.605270519357009151e-01
7.576897928068361265e-01
7.630485036954015587e-01
7.651726920805587140e-01
7.650368229271053977e-01
7.623014490582721292e-01
7.524738937607374778e-01
7.623144048855575727e-01
7.650635546239391571e-01
7.613199012668117049e-01
7.702803523401733354e-01
7.665243959095906501e-01
7.730951451602140478e-01
7.682063548605532199e-01
7.556850171806654970e-01
7.635368224468402909e-01
7.683941117697623557e-01
7.666611242971913542e-01
7.505214353665422555e-01
7.635026535098929923e-01
7.552119841379957288e-01
7.609008530733680775e-01
7.662125576942878658e-01
7.607497820358620766e-01
7.561556880987387874e-01
7.656906697144794105e-01
7.572906428923693589e-01
7.553517431783665081e-01
7.630265238891176249e-01
7.627619518088124551e-01
7.584284609741193117e-01
7.585802657696183449e-01
7.652339172355611119e-01
7.616364421605258395e-01
7.652352510868845048e-01
7.599835806617312173e-01
7.650035847013698653e-01
7.589349287910824859e-01
7.614348150515359848e-01
7.708355298533026145e-01
7.595416219273077862e-01
7.631710607102324406e-01
7.651454082452120442e-01
7.578413646359294376e-01
7.576664119953667731e-01
7.612549691999140888e-01
7.550185468938718225e-01
7.620740841346661520e-01
7.655481046671592793e-01
7.643200647803356507e-01
7.534791725351824843e-01
7.697704182179864185e-01
7.622233454602805880e-01
7.629047797883892201e-01
7.643470967830044982e-01
7.673066798905303632e-01
7.650195334282650084e-01
7.611312801724127164e-01
7.607909794270122372e-01
7.575805613078937517e-01
7.612774440150219535e-01
7.556225957337429078e-01
7.606166393576937468e-01
7.548222923568856935e-01
7.634518405961607801e-01
7.649147312534281262e-01
7.670768073779981044e-01
7.640742075128127420e-01
7.646144181659291217e-01
7.619735415316322147e-01
7.593579045161187313e-01
7.657859648901103045e-01
7.619571408534565604e-01
7.619507429934812004e-01
7.622951177421283253e-01
7.701108982298318084e-01
7.738608921137958285e-01
7.646510052666463109e-01
7.611591734948696120e-01
7.687657484344792014e-01
7.569709455397316544e-01
7.596114444589349146e-01
7.636180058798732739e-01
7.604969561668190048e-01
7.667979971160506780e-01
7.638832638880785897e-01
7.601131546488757440e-01
7.627653486081533707e-01
7.673851393707968871e-01
7.597749065950465397e-01
7.653906278442063060e-01
7.648497588896826516e-01
7.621183419665448211e-01
7.605809104597782699e-01
7.612122026411893838e-01
7.645637657909409857e-01
7.696073703206631755e-01
7.655077779360677237e-01
7.567644528776735768e-01
7.531275132430834685e-01
7.665607290679029573e-01
7.607227559522583560e-01
7.555935403910579717e-01
7.645061400273773788e-01
7.686511955592144618e-01
7.593944555335974123e-01
7.704446597943342967e-01
7.516255107476209618e-01
7.571960453523701728e-01
7.603718501330101187e-01
7.595615457954311145e-01
7.659659382589091292e-01
7.707959203591920883e-01
7.656146991022764192e-01
7.593557291049876090e-01
7.622621241219265098e-01
7.642956944974581557e-01
7.629640222554543438e-01
7.635845316192805265e-01
7.682410604565056422e-01
7.606397046969272102e-01
7.562433714775875782e-01
7.656830063091814020e-01
7.655804833599250125e-01
7.626516617632949080e-01
7.623185619357615295e-01
7.703131353631410549e-01
7.622685914533201545e-01
7.651877711426408046e-01
7.696377996812271416e-01
7.567822527260086307e-01
7.659609300795300335e-01
7.602266059146413069e-01
7.638101926513932716e-01
7.677106841087637523e-01
7.630390795648284152e-01
7.615576813420911195e-01
7.645164315565251556e-01
7.660434117351564431e-01
7.642360827658924993e-01
7.540992977810494491e-01
7.655594783732112552e-01
7.645479605262180955e-01
7.642520234890269881e-01
7.582079457219390584e-01
7.578442458337357746e-01
7.638340609904004097e-01
7.635063452229230441e-01
7.600984767048155621e-01
7.617522655570886370e-01
7.613339226795885484e-01
7.604838582235599054e-01
7.570145377686701149e-01
7.618277286313730468e-01
7.710740152727070251e-01
7.665259638849772905e-01
7.647145983677193781e-01
7.591568307910007141e-01
7.576947661093403896e-01
7.525544666997409093e-01
7.644098030888453188e-01
7.614811797227432066e-01
7.653666301434793873e-01
7.667089742926248563e-01
7.651652212221273786e-01
7.589392484335290012e-01
7.627241272578667575e-01
7.578982244546280667e-01
7.532364115722495201e-01
7.651421275126892851e-01
7.565412644324694957e-01
7.651862641218976080e-01
7.626709276939187543e-01
7.623722260979582943e-01
7.662879534822714112e-01
7.568227997251731898e-01
7.687874262295791850e-01
7.618248799648671410e-01
7.631435909225053882e-01
7.626381963441662970e-01
7.656740112910117579e-01
7.636854105926000891e-01
7.686001067924924657e-01
7.633685028122373373e-01
7.599596101965263584e-01
7.606393305521471637e-01
7.633682224264149996e-01
7.628784206304090043e-01
7.532805487967622060e-01
7.638473623903992982e-01
7.631806613241342019e-01
7.668140690507700974e-01
7.596754775228726775e-01
7.635457291492878662e-01
7.668508822882026399e-01
7.615840027605371709e-01
7.595190584008914003e-01
7.608745498153833831e-01
7.645782130122240616e-01
7.616533819934258043e-01
7.706366733551576198e-01
7.585918737293170233e-01
7.544077633576929953e-01
7.540751235570605226e-01
7.613937670348737141e-01
7.578052442859614102e-01
7.669358507859957985e-01
7.553194763131089173e-01
7.610555204221594039e-01
7.620817359462911389e-01
7.620285846950249908e-01
7.679084411341159377e-01
7.629245421563535245e-01
7.568524512435921281e-01
7.652518690522530642e-01
7.602438241859260648e-01
7.660050755586664817e-01
7.662905555590932005e-01
7.692887383671063173e-01
7.697901870006319536e-01
7.592276399815848231e-01
7.754001898844499197e-01
7.663710107955060691e-01
7.655381915408069338e-01
7.583612639348074058e-01
7.645720153774254735e-01
7.620558279757404518e-01
7.595282294574317028e-01
7.633461601525769469e-01
7.622484763691642629e-01
7.620840762593600326e-01
7.524688663285753476e-01
7.572028250711874131e-01
7.669568617848088188e-01
7.716765790974918771e-01
7.600676143350223457e-01
7.624897883489391015e-01
7.684125502127383545e-01
7.663744050474213809e-01
7.616784845755231181e-01
7.595456560190830819e-01
7.660948220148183774e-01
7.716950295469590104e-01
7.679967302270116480e-01
7.549512847355664968e-01
7.666018633410531802e-01
7.575450771330501931e-01
7.610250309703661120e-01
7.596255388303094769e-01
7.670765464584760052e-01
7.639333306525123435e-01
7.602690778726050036e-01
7.567257556125220885e-01
7.560896765540012776e-01
7.613446103853798164e-01
7.675516818632582838e-01
7.615635430806473316e-01
7.634369492867381091e-01
7.658401166286142869e-01
7.626997748923198817e-01
7.596721516282746167e-01
7.697878488291928223e-01
7.594070824312292300e-01
7.617980170155593811e-01
7.604635398177276295e-01
7.678185198697109470e-01
7.693814996543704154e-01
7.684503978925889545e-01
7.602818533851992688e-01
7.619927462832983833e-01
7.677361481463325088e-01
7.602504086085529744e-01
7.634632898874609275e-01
7.639479012636024580e-01
7.587044232987292247e-01
7.625857505360529309e-01
7.671059948010158225e-01
7.593472125762381619e-01
7.652625027864808915e-01
7.601278595885724298e-01
7.666368999315128496e-01
7.589262033625092663e-01
7.602511405473656447e-01
7.592790859380387225e-01
7.576068174103499642e-01
7.596768792470722786e-01
7.627024808226839925e-01
7.595047116445925450e-01
7.626669352933492796e-01
7.615896236204585668e-01
7.640456786421647717e-01
7.609850813264125158e-01
7.626528014854699888e-01
7.616705607837903624e-01
7.678924018630323145e-01
7.569744756666211272e-01
7.663971820234305454e-01
7.597322231459052722e-01
7.658116008976036948e-01
7.612488298203969883e-01
7.620087633558159101e-01
7.662926549236031004e-01
7.636246901285639321e-01
7.596017676226607396e-01
7.623025491439776591e-01
7.662515050498300839e-01
7.649435939434070519e-01
7.637343889224061932e-01
7.649762310513704699e-01
7.650537781273523130e-01
7.628764147305682197e-01
7.585920628130181642e-01
7.589995868148555758e-01
7.597621731740669127e-01
7.650264511638126264e-01
7.600273304427139776e-01
7.727812735583434733e-01
7.579983477819306481e-01
7.626791320048359468e-01
7.593754268706219834e-01
7.693340943921919139e-01
7.602125598790341332e-01
7.652973058506810089e-01
7.672227235523795263e-01
7.614806619412803901e-01
7.599644077859855074e-01
7.574243355957926971e-01
7.644518167981290135e-01
7.620266924438005018e-01
7.636785356815933845e-01
7.707254410827194535e-01
7.632531175099663834e-01
7.646780246161477557e-01
7.643904110261428020e-01
7.718655987942919516e-01
7.604075427261578479e-01
7.650343653239081165e-01
7.633289044955655633e-01
7.578132412220770497e-01
7.589043038703819910e-01
7.654474477104428187e-01
7.635529511170142669e-01
7.560970480086300904e-01
7.616529113693478736e-01
7.606432153657631812e-01
7.563172662777836175e-01
7.623180349485169094e-01
7.679802903671461012e-01
7.614415181533854549e-01
7.568403278452094929e-01
7.638677312364546834e-01
7.548089034764343674e-01
7.650263584660652594e-01
7.680324430536030755e-01
7.584711618200192795e-01
7.656923944032248963e-01
7.647478359737875930e-01
7.631995825585096149e-01
7.637691387412310906e-01
7.610318701485212500e-01
7.649865095431215289e-01
7.619564348488722105e-01
7.703192764113151458e-01
7.630955878798222347e-01
7.641937861355565520e-01
7.632875758294328516e-01
7.662855878662419018e-01
7.582299869141291282e-01
7.660157051206436529e-01
7.563071289377935047e-01
7.629273170085131284e-01
7.626967105613950970e-01
7.645344134166154326e-01
7.632641376935658251e-01
7.624452056391451960e-01
7.691943439567899832e-01
7.629171022122859247e-01
7.709579431598299060e-01
7.593932858963071686e-01
7.632573276520260297e-01
7.633795804553566988e-01
7.601435834017941096e-01
7.633709099393582997e-01
7.595578518171554050e-01
7.643407806469356691e-01
7.616407470239614508e-01
7.614867388776319634e-01
7.609127226526656296e-01
7.720396592696813221e-01
7.668397921120766458e-01
7.569931568102541419e-01
7.588753360590942965e-01
7.610779911585425772e-01
7.604730906421414138e-01
7.679747576919268015e-01
7.639564975373692723e-01
7.653469567977824184e-01
7.578334088736797813e-01
7.636355929573388490e-01
7.658171922057028791e-01
7.623016172032106574e-01
7.573326110817741874e-01
7.621837288653988685e-01
7.659248264848731447e-01
7.636142263782745854e-01
7.569560965685540044e-01
7.571502518298302009e-01
7.659081737056188111e-01
7.717044290729756506e-01
7.593256000995187716e-01
7.583419025225894838e-01
7.651566996935853515e-01
7.637852162928455702e-01
7.605738480490649156e-01
7.582514555360871933e-01
7.587555368222193009e-01
7.597213109092093575e-01
7.640480326684137014e-01
7.646751850983437571e-01
7.665685947120155497e-01
7.632302449187279292e-01
7.554082046582287768e-01
7.620251208155416345e-01
7.622342946860802826e-01
7.668944266920495467e-01
7.687230274720763257e-01
7.673120245228935987e-01
7.601897168537511407e-01
7.580793861781647269e-01
7.665241337232631125e-01
7.685158347674445611e-01
7.593094784858411828e-01
7.586064961078403668e-01
7.564367294970603117e-01
7.596924675186456088e-01
7.547672092432649027e-01
7.591996823404475458e-01
7.674743942629291826e-01
7.578890167352595464e-01
7.589524927641798646e-01
7.605882612423342515e-01
7.629331319660472843e-01
7.633842993423572976e-01
7.603184124646263919e-01
7.623829221619806695e-01
7.565520675037331610e-01
7.646300909281985581e-01
7.666970629376657076e-01
7.600406354931296127e-01
7.597191928022172247e-01
7.605263936668306135e-01
7.594032894401625544e-01
7.595073074077302033e-01
7.646416305632549593e-01
7.627678416171598252e-01
7.637625621843771029e-01
7.602788641145019621e-01
7.656100781964366719e-01
7.545305933535414455e-01
7.589525024433374512e-01
7.620200369504201987e-01
7.665644772693130937e-01
7.650463483328114878e-01
7.696649783871473138e-01
7.642138731500029980e-01
7.624635963585852938e-01
7.649819062024376670e-01
7.621400509092367548e-01
7.582498831331196953e-01
7.587636917089575217e-01
7.610888731209398683e-01
7.594722263524746886e-01
7.649070924854235454e-01
7.631122569102015696e-01
7.653912228579131671e-01
7.679538496286714144e-01
7.560958541522341259e-01
7.628659608885631771e-01
7.582013958772536588e-01
7.607823797486864548e-01
7.636917446003208543e-01
7.590335934091213543e-01
7.563863932965909642e-01
7.625152065297599036e-01
7.568296101181068991e-01
7.577262303451525183e-01
7.603377468708202302e-01
7.627729562169404121e-01
7.630900914828031567e-01
7.684453727562469139e-01
7.589914443099682329e-01
7.630145935945863434e-01
7.583293565654800616e-01
7.626281400068600780e-01
7.613860694079114255e-01
7.570683855357874803e-01
7.550651283252237667e-01
7.651248751537430559e-01
7.658934852597000242e-01
7.660734186964190950e-01
7.593647224405801754e-01
7.608702485211866762e-01
7.605836080729436732e-01
7.638992798578649879e-01
7.602186103357935210e-01
7.596024854760312639e-01
7.636774872850941032e-01
7.602231201015309248e-01
7.537477417528634094e-01
7.670228705253615553e-01
7.689679308732549901e-01
7.657446118498661969e-01
7.632972809236656664e-01
7.571693782555996011e-01
7.636073160873497745e-01
7.640221582016879509e-01
7.596292768020729280e-01
7.625814181877031972e-01
7.608749285121062522e-01
7.679582728158375060e-01
7.528171642939749386e-01
7.701742156677128248e-01
7.585926379740198788e-01
7.599082454975295553e-01
7.681981295600825987e-01
7.691808559663207978e-01
7.641006514447811204e-01
7.608182030135816065e-01
7.614225588505354470e-01
7.689132189520104799e-01
7.611337805900969533e-01
7.695111850757362371e-01
7.636175581272954815e-01
7.582586241964385243e-01
7.668906465051213983e-01
7.621709828801406239e-01
7.658169701715550337e-01
7.598682538280682186e-01
7.635012230049043058e-01
7.611477409936484584e-01
7.561208630386261342e-01
7.637825573388752343e-01
7.599001844431333419e-01
7.546017296914451222e-01
7.624126217302543695e-01
7.610175215285586159e-01
7.559941677237463908e-01
7.608342769224373248e-01
7.641893857012613811e-01
7.621867164481560541e-01
7.628524955663873452e-01
7.574088388061142041e-01
7.674382519028875027e-01
7.592256689780327861e-01
7.627849301651160596e-01
7.613528285838823129e-01
7.662793285143612021e-01
7.671669090175271544e-01
7.609821377246256402e-01
7.614962380563381483e-01
7.549824379797662743e-01
7.708394384374230857e-01
7.610333142644508664e-01
7.679769964496798718e-01
7.616131406048246566e-01
7.665582524040963630e-01
7.659044556253610248e-01
7.614517185258472542e-01
7.578463723127303320e-01
7.656379761435609943e-01
7.617124999793645213e-01
7.627664072316431287e-01
7.568871976251831946e-01
7.558148171797318682e-01
7.574311935873533352e-01
7.602475891273364761e-01
7.553780919135488769e-01
7.651706854547192238e-01
7.574602443257943962e-01
7.683574136649354847e-01
7.693822683521127637e-01
7.642261830876168061e-01
7.632068047183099280e-01
7.612602738058897867e-01
7.617894417249927441e-01
7.660159771387550220e-01
7.640103827694104677e-01
7.595595959872087910e-01
7.622462990773567482e-01
7.556033246950125681e-01
7.588989206147247479e-01
7.671376739686995849e-01
7.629105864568466178e-01
7.671864933632537298e-01
7.633328223982622784e-01
7.618168625037615715e-01
7.611485771840584835e-01
7.638333405368271656e-01
7.621435847761874882e-01
7.620466854249726696e-01
7.614093871655459589e-01
7.664176816214536281e-01
7.615060846416139562e-01
7.598466711819454877e-01
7.604941676591971955e-01
7.616335722517143525e-01
7.599017351569103962e-01
7.619692754493223585e-01
7.615008241571806780e-01
7.597604251381054885e-01
7.654484981802900379e-01
7.547108483888550490e-01
7.633080721736046348e-01
7.660711207756762953e-01
7.603927017082893203e-01
7.609758612850771042e-01
7.629372491013952651e-01
7.601421055385592096e-01
7.621425756837740817e-01
7.589287100624624305e-01
7.656146858507674180e-01
7.555997903451158182e-01
7.608343167728951473e-01
7.553324498689362176e-01
7.622719249828741050e-01
7.615836786191471086e-01
7.704400435516397527e-01
7.558776604915539155e-01
7.633533020139142700e-01
7.614546113530253901e-01
7.556547721363628956e-01
7.587845393040016928e-01
7.566462268297724503e-01
7.608044826264732663e-01
7.634217983019220277e-01
7.661593556483912160e-01
7.611336548718365957e-01
7.562338505175980607e-01
7.632150895030173077e-01
7.595566724695682614e-01
7.570333232835622095e-01
7.638675772964163002e-01
7.614364392486867583e-01
7.688355216286001381e-01
7.613007324578270341e-01
7.694048114829500351e-01
7.625393263956931067e-01
7.583981498602065940e-01
7.578458184546594811e-01
7.561408069673245524e-01
7.691970620030090799e-01
7.576935634046113588e-01
7.605923788129560492e-01
7.597516816371362447e-01
7.599952214130274442e-01
7.673441358680219704e-01
7.650453156152915435e-01
7.651485686398075137e-01
7.583053035321373203e-01
7.662860416820586051e-01
7.653708649295529742e-01
7.654761763725438373e-01
7.632765774529253200e-01
7.720539580079882613e-01
7.674576630404241762e-01
7.577733790295303473e-01
7.665072008647787483e-01
7.607690005683181989e-01
7.670753329731200276e-01
7.622150500347777413e-01
7.645297251150490192e-01
7.627260485551248248e-01
7.594291360268244917e-01
7.665967856364538369e-01
7.658289715985323598e-01
7.647629946291941705e-01
7.639461134678282583e-01
7.687338906384609816e-01
7.654818200296440445e-01
7.564586294495472263e-01
7.618083102728265832e-01
7.598763224942863825e-01
7.639788671960536792e-01
7.612140889704018809e-01
7.688425776349760987e-01
7.650607420803652303e-01
7.587721095562117712e-01
7.650492963416190006e-01
7.616948519033742704e-01
7.629930565916818175e-01
7.544673156264679603e-01
7.699132581117492657e-01
7.664526831849429733e-01
7.639457976940111639e-01
7.674544350307000995e-01
7.601705268872060994e-01
7.656139438170580513e-01
7.613566008849963485e-01
7.675664787892101382e-01
7.571689292999812526e-01
7.573978737711352105e-01
7.602421362749791633e-01
7.565566102623787481e-01
7.644381329091165522e-01
7.575513868900882741e-01
7.671417575032940528e-01
7.668728248776491840e-01
7.652073312445648590e-01
7.695273263615666215e-01
7.629760838928199007e-01
7.657400497038282516e-01
7.568390354605447623e-01
7.606500113719346645e-01
7.577623047635659859e-01
7.622073507692458394e-01
7.575375870340663731e-01
7.617166242331724346e-01
7.562919677863773060e-01
7.601576087435240048e-01
7.691836856756069096e-01
7.678103160519038628e-01
7.734034042706687817e-01
7.664818478323499606e-01
7.640974324935123629e-01
7.624727344271946539e-01
7.599288608282901425e-01
7.638264970166016576e-01
7.646105820995697799e-01
7.649985701281097894e-01
7.617427110101411269e-01
7.633548856749142741e-01
7.558059416362064020e-01
7.651271356694986370e-01
7.598337460145344613e-01
7.580780671386967429e-01
7.663408417245571869e-01
7.586253371637277088e-01
7.667988475722029573e-01
7.626815216354244642e-01
7.687809079544659641e-01
7.645290119731501521e-01
7.606312763666350785e-01
7.586978370263297577e-01
7.582082135383495514e-01
7.571725414797865206e-01
7.570950266753155855e-01
7.573164141861535859e-01
7.583134517489703574e-01
7.563240238807560356e-01
7.669569996673588630e-01
7.661518047474529247e-01
7.576062044976556997e-01
7.553316332289999879e-01
7.657669296882000376e-01
7.670431026618527159e-01
7.622179052828310653e-01
7.659378795194732303e-01
7.679197874313258287e-01
7.636938667925171620e-01
7.593583134246648658e-01
7.565933331699832287e-01
7.633211337531465857e-01
7.612064353967880059e-01
7.645526379341891499e-01
7.604851448498045619e-01
7.666450154242269166e-01
7.617663634673977890e-01
7.632136397295782304e-01
7.604293289762704688e-01
7.586031339269850848e-01
7.637170908332735486e-01
7.629530920667286775e-01
7.609554818817099164e-01
7.640482978753452281e-01
7.571945283868229959e-01
7.633807873060568516e-01
7.596045977874584798e-01
7.585284322501296694e-01
7.647234298414234965e-01
7.561672782964652395e-01
7.557327756269262009e-01
7.616478043182376423e-01
7.621336892022353426e-01
7.614157207382119541e-01
7.671191487699569045e-01
7.623643968727599196e-01
7.622072337621036420e-01
7.643142797488390316e-01
7.634830778038252941e-01
7.641849589905531648e-01
7.660125732858069636e-01
7.644740469314542652e-01
7.671776445080912277e-01
7.640735619513226995e-01
7.675223168215706826e-01
7.618136705023642596e-01
7.550767061796027635e-01
7.567804840701241043e-01
7.681279771949325319e-01
7.629372431409223720e-01
7.577628556183527708e-01
7.632173284696154303e-01
7.645152515757467349e-01
7.649168620693490572e-01
7.645414855765324535e-01
7.556769364255543353e-01
7.569789688006670625e-01
7.544134571498747333e-01
7.676008599861126047e-01
7.599263124007630266e-01
7.586353532231977503e-01
7.644389763265834192e-01
7.610551699947036841e-01
7.681766420661901851e-01
7.603394576920695647e-01
7.692480001146078106e-01
7.653189102167531344e-01
7.657354995569105593e-01
7.603199849173812863e-01
7.692900810837568493e-01
7.617270171484102903e-01
7.653470108107812697e-01
7.727008637034679106e-01
7.527453218043848038e-01
7.637527436227121713e-01
7.569523062390337564e-01
7.649080005719846032e-01
7.580789377304699705e-01
7.609886548765002479e-01
7.611789161757700484e-01
7.606286129461067302e-01
7.663430952106430327e-01
7.642874818684205485e-01
7.661058568256994272e-01
7.630260564902653364e-01
7.620666547851093764e-01
7.541568541100159839e-01
7.655004764435061615e-01
7.586683343859427220e-01
7.596163247120872875e-01
7.612108652760519734e-01
7.624045225478596199e-01
7.677476426706834056e-01
7.558754653185367767e-01
7.646991919745209643e-01
7.602235392427028060e-01
7.539288338493230768e-01
7.637845342790541281e-01
7.630737938891161143e-01
7.621866007015696276e-01
7.639886108693405564e-01
7.644491851792029058e-01
7.635627028918337000e-01
7.655226817082264601e-01
7.674194572833460404e-01
7.596740669219902431e-01
7.598345197469117407e-01
7.603829146096454661e-01
7.515831251998025264e-01
7.643377798185526650e-01
7.606283987789718148e-01
7.622176228275994170e-01
7.632849954630224198e-01
7.653988031732595898e-01
7.578764427765045664e-01
7.582976265441484509e-01
7.594856914076018040e-01
7.625258473719904728e-01
7.643413517536715718e-01
7.659635619669499240e-01
7.650971727538172784e-01
7.547747770111207233e-01
7.627841587474366580e-01
7.598873595078752263e-01
7.593458462547898469e-01
7.638168526488633425e-01
7.599065479293009018e-01
7.600949173479564225e-01
7.589152858259721190e-01
7.584996820368038462e-01
7.606992662774337832e-01
7.646197750275696148e-01
7.591466090306990822e-01
7.565980321878145176e-01
7.633177841753545634e-01
7.619222191394887655e-01
7.649474353234227975e-01
7.570189762991031968e-01
7.632915580241252940e-01
7.596180202191556985e-01
7.669980941874879887e-01
7.600371741862710362e-01
7.601047263408474697e-01
7.619484679323188514e-01
7.649457189144329705e-01
7.621966585282292650e-01
7.604155847118817535e-01
7.576183405689931316e-01
7.608428461757803518e-01
7.574762612183233434e-01
7.668130372707347986e-01
7.621658927781771453e-01
7.621606290915358128e-01
7.640745882586480464e-01
7.667828601846200520e-01
7.644023975160568751e-01
7.645223805417593610e-01
7.616063575322048473e-01
7.633069438360449155e-01
7.601124194397285150e-01
7.732362177842470041e-01
7.601216684337699370e-01
7.603835553670003078e-01
7.595333961356985908e-01
7.662396646178657456e-01
7.605766368951313305e-01
7.573079398824636987e-01
7.657553313779829063e-01
7.585857762161241080e-01
7.620449441690408943e-01
7.616340959153994339e-01
7.624687938724489245e-01
7.674083506668706312e-01
7.611989759229511598e-01
7.609629890136756503e-01
7.591262104426802493e-01
7.659547797584282947e-01
7.608202804213890502e-01
7.582668041389866165e-01
7.625378165839074018e-01
7.655422951752617333e-01
7.629155150622395354e-01
7.579679462934381107e-01
7.613289283092355975e-01
7.586109719793278083e-01
7.657413594910782439e-01
7.614947917777068476e-01
7.643715217233590931e-01
7.632311751949879541e-01
7.635591240809462832e-01
7.656311875950010393e-01
7.671918014218596094e-01
7.627574634284365329e-01
7.574569949122713641e-01
7.692074541806694921e-01
7.587198804128540974e-01
7.645236106163677547e-01
7.625368763999662569e-01
7.612418711577456643e-01
7.613302104325009312e-01
7.655423187031707988e-01
7.515176122404509940e-01
7.663561157333251828e-01
7.660795031527000143e-01
7.590582055888720481e-01
7.606169242551287235e-01
7.565981513471669029e-01
7.586371622043673879e-01
7.620461391067047119e-01
7.546624991549755190e-01
7.611926234672982128e-01
7.634555944066137023e-01
7.567062026869856295e-01
7.591916786639633097e-01
7.677545603236461957e-01
7.647882788792345066e-01
7.689970949509655762e-01
7.638057912613658296e-01
7.693091150429977043e-01
7.663188609610441793e-01
7.669638942320068375e-01
7.587749332900535215e-01
7.650267897784321924e-01
7.635754632673743547e-01
7.660249968321666270e-01
7.594848010513101100e-01
7.611399493844334119e-01
7.565343712860833625e-01
7.528010145588426294e-01
7.599851853397049384e-01
7.692266245104711908e-01
7.670727626072317840e-01
7.582203602922953367e-01
7.633039735883052623e-01
7.610745203281741311e-01
7.661820207509462133e-01
7.642172372219009358e-01
7.657808712601883450e-01
7.654243292945578370e-01
7.610815339141201452e-01
7.621715632774922478e-01
7.594688774128911524e-01
7.591418879756390847e-01
7.565745226564080106e-01
7.632949482554557408e-01
7.629100107343808057e-01
7.676095499282583612e-01
7.642243469146581258e-01
7.667919358557516718e-01
7.690799909199167450e-01
7.636886702914901237e-01
7.592968520380403152e-01
7.663320694587780757e-01
7.671534517504826622e-01
7.637225476040805372e-01
7.650332264158399287e-01
7.609647072572360837e-01
7.571429436935251944e-01
7.601323956651770963e-01
7.607178091494936067e-01
7.616918524184836947e-01
7.698371809246462583e-01
7.566162194485482884e-01
7.617560281355044705e-01
7.617294007980673909e-01
7.575860885743309625e-01
7.589646620597957360e-01
7.710209013177951043e-01
7.697865140073402168e-01
7.547706200336230520e-01
7.587792219281033201e-01
7.651945709644056848e-01
7.573541611554941433e-01
7.590767803679937531e-01
7.614750556457399178e-01
7.686747191005617319e-01
7.647830642024620040e-01
7.593301246528866288e-01
7.556260270694551417e-01
7.643895126414659291e-01
7.587547799119408465e-01
7.619091732219939184e-01
7.638487271187616168e-01
7.623493400753950100e-01
7.626314773325310048e-01
7.633426330906485369e-01
7.593367687283627543e-01
7.694034454965751335e-01
7.602956595069415568e-01
7.611118680425271732e-01
7.580874050853771973e-01
7.652076144320298923e-01
7.605208782696383230e-01
7.616280225900996514e-01
7.527882692898195671e-01
7.522517072053606091e-01
7.636709068264416755e-01
7.572047512090378518e-01
7.636245204893030714e-01
7.656332652738826461e-01
7.567674311378046470e-01
7.588623913060569270e-01
7.607446661464807303e-01
7.690148599667021578e-01
7.574693496472935106e-01
7.599588333680667995e-01
7.610806795530170588e-01
7.627443876776324183e-01
7.680730122653830483e-01
7.598189008832116897e-01
7.615381063489392588e-01
7.613403413096628825e-01
7.607596724949681199e-01
7.672933469569521714e-01
7.649401503501408461e-01
7.615070652518480809e-01
7.535320839517209990e-01
7.595938034725989718e-01
7.645337286440556657e-01
7.596837024018513462e-01
7.582484345984882301e-01
7.633933783096213954e-01
7.615418589982253517e-01
7.594272077827584067e-01
7.603138917343772452e-01
7.631116292467099438e-01
7.647351088167815281e-01
7.620899914561605204e-01
7.601758169580914437e-01
7.643198702534033107e-01
7.609308726428596348e-01
7.605284930701994295e-01
7.610754886021106058e-01
7.676515890443800227e-01
7.568567639021953619e-01
7.681578773370720814e-01
7.660569105385831579e-01
7.541665452139790782e-01
7.617726500039131432e-01
7.673264179096775939e-01
7.616350384629601011e-01
7.593024963706995756e-01
7.614010329108407138e-01
7.657231096353348532e-01
7.637652644850312367e-01
7.649249539999876113e-01
7.648250518039850787e-01
7.635407358293734292e-01
7.596824275063136511e-01
7.565287317763432773e-01
7.670589045746160073e-01
7.599161502994822293e-01
7.710982071546127470e-01
7.643479725314420437e-01
7.659260284957440934e-01
7.638556123608334358e-01
7.655090654768512692e-01
7.673971564027179948e-01
7.638575615165269506e-01
7.589578737506802453e-01
7.597788054680081338e-01
7.605614390230452937e-01
7.652243116952187618e-01
7.683484641058796472e-01
7.630514136663424374e-01
7.609787907900069648e-01
7.609489454767562888e-01
7.638351552665819666e-01
7.657596601940730441e-01
7.644695033514463667e-01
7.634672551049808131e-01
7.642558714987438551e-01
7.615547199243720700e-01
7.623451489585040264e-01
7.637136682915821595e-01
7.611395014229341838e-01
7.656995411576998922e-01
7.661220912085647816e-01
7.646064367574181286e-01
7.601960066386386217e-01
7.616519997858037794e-01
7.688590347226950117e-01
7.648235532112021007e-01
7.589800635550361108e-01
7.708899937563393756e-01
7.667786307694173242e-01
7.657185887516418932e-01
7.565131781211541506e-01
7.604670534164352791e-01
7.554509916601837016e-01
7.635588820942565969e-01
7.594442864439779894e-01
7.652867023034043426e-01
7.616561134954666912e-01
7.565684969479755662e-01
7.600857561868542556e-01
7.569444611645408383e-01
7.560881590843253619e-01
7.601766093611700414e-01
7.625982690387694829e-01
7.597595796338094676e-01
7.602559569084528235e-01
7.702466183366963870e-01
7.629763305146090024e-01
7.681685278344642098e-01
7.617684920450791264e-01
7.623736176852971003e-01
7.640369176014707442e-01
7.606073646682397493e-01
7.603064946077155994e-01
7.682629121843800313e-01
7.541648675748990893e-01
7.590995781301285161e-01
7.609907518532533777e-01
7.605946407265975484e-01
7.599194235460986491e-01
7.678533569784625756e-01
7.631276980284930067e-01
7.642469894151755483e-01
7.671739588786877784e-01
7.658454772813761968e-01
7.636875205938071787e-01
7.602152453236575846e-01
7.608541699093384070e-01
7.630272221329222893e-01
7.618144828629412890e-01
7.613725437062566215e-01
7.669577084021322877e-01
7.559250046587440153e-01
7.649283223319766067e-01
7.673040609989312255e-01
7.650549548293031910e-01
7.577536258707044947e-01
7.587102367521304513e-01
7.629103896755494718e-01
7.650790576607187088e-01
7.591297450640123179e-01
7.637810617478067998e-01
7.648857844260004146e-01
7.631564096419551912e-01
7.613131252370735069e-01
7.604085440443537625e-01
7.649936970883615128e-01
7.663419447552711761e-01
7.689451073874398190e-01
7.601355166618416481e-01
7.631435760626402720e-01
7.584614485781850934e-01
7.594594859912968676e-01
7.538076607573224175e-01
7.607149869462218605e-01
7.625501102530352071e-01
7.656629514299438943e-01
7.633233493723110552e-01
7.666492892203082832e-01
7.666006417924260408e-01
7.682774844498236888e-01
7.578239029067632693e-01
7.668937413007195225e-01
7.606842787947734053e-01
7.702518467657903933e-01
7.591762430627144731e-01
7.604304772589470796e-01
7.622238323450114539e-01
7.737125092874072019e-01
7.620828633637007909e-01
7.644828437692751111e-01
7.616383962998808377e-01
7.626244146931826506e-01
7.637390706817930308e-01
7.656978900445137182e-01
7.665721684767398125e-01
7.607224504158341949e-01
7.624395058707847950e-01
7.656557420195241326e-01
7.590184595051177041e-01
7.660946949155034158e-01
7.611253238552733169e-01
7.648622571436199946e-01
7.579133558361293987e-01
7.585287722821214551e-01
7.584630363020986588e-01
7.608106394047051690e-01
7.621361045171579640e-01
7.575398131226940279e-01
7.576545163782442138e-01
7.624407799739827407e-01
7.611482137186629249e-01
7.633331216819463361e-01
7.640174241986538162e-01
7.617353704246863089e-01
7.654048165765777734e-01
7.736866789261495070e-01
7.589717982892133508e-01
7.678471356229132905e-01
7.668695370633020758e-01
7.599226308818692877e-01
7.668279589489174208e-01
7.708509215776896406e-01
7.529479202263623661e-01
7.593233497564804146e-01
7.603653981450367860e-01
7.594697392382104839e-01
7.675985444636088673e-01
7.685857390467354389e-01
7.636930418169514123e-01
7.636939305977544779e-01
7.616242561188892868e-01
7.621037694404543261e-01
7.588803065252083258e-01
7.635813940057927240e-01
7.576002598446728298e-01
7.675908985092211312e-01
7.662950235945663602e-01
7.613339366200277958e-01
7.547044967405772686e-01
7.625479051066801350e-01
7.579333366342539957e-01
7.626001264935269308e-01
7.621289847036116782e-01
7.633601248763278724e-01
7.574595156785466354e-01
7.638901858632684005e-01
7.651653699199693071e-01
7.625059447690542003e-01
7.643204497838856915e-01
7.641010902220042311e-01
7.584355739018525666e-01
7.649920819440991782e-01
7.626346365636347269e-01
7.636748711750998009e-01
7.629238584767031872e-01
7.651025936142823447e-01
7.580757250831894334e-01
7.595324817063386913e-01
7.629078634036718931e-01
7.647794639623599622e-01
7.528074387661534139e-01
7.630929703423614541e-01
7.606075664589843077e-01
7.616135082003887558e-01
7.647716608128564131e-01
7.586269728068543161e-01
7.677125888361040484e-01
7.589852934928004169e-01
7.617167103787213511e-01
7.674290196215156623e-01
7.614150682632214728e-01
7.580658205811247052e-01
7.654779618942486596e-01
7.687001174837549966e-01
7.607847344455519467e-01
7.634856834058050268e-01
7.607255175795369917e-01
7.612245114054925210e-01
7.625129551960161400e-01
7.636758617788527159e-01
7.616240274428046630e-01
7.622706314759815083e-01
7.646578272975809165e-01
7.599565119913069822e-01
7.599670941876948138e-01
7.646473721808140223e-01
7.626400480354534883e-01
7.676579636284853736e-01
7.689954294834475679e-01
7.591674513035698846e-01
7.617653485331212782e-01
7.578833006864635902e-01
7.677739813554300685e-01
7.745764236509128375e-01
7.581507781686447345e-01
7.620949030798227497e-01
7.513962850284754413e-01
7.613073039518007956e-01
7.614920174977994893e-01
7.564916541032846720e-01
7.596757387221687585e-01
7.613641367907234558e-01
7.672261956839860897e-01
7.621217156325270636e-01
7.629104341056681671e-01
7.637617427213925225e-01
7.658364616734181229e-01
7.645332438982673784e-01
7.599966481692919107e-01
7.683954396746297544e-01
7.600741027504583913e-01
7.606635965710254466e-01
7.602971353211074312e-01
7.557592373148853682e-01
7.585439850051288735e-01
7.640955647404589213e-01
7.610324553576715001e-01
7.606158850169015828e-01
7.663475068669368673e-01
7.575842810080343215e-01
7.619717567307258133e-01
7.615073098217339798e-01
7.560810613469326480e-01
7.611167220679638801e-01
7.591958073144052799e-01
7.609982902207977906e-01
7.626880213541771258e-01
7.696149135098904193e-01
7.556997330177167571e-01
7.643840302307588486e-01
7.632535790392432906e-01
7.649784611855021677e-01
7.628381624407924999e-01
7.710747852643698996e-01
7.603090572249542323e-01
7.593811194420660993e-01
7.649339945101545357e-01
7.565253368268705092e-01
7.628350171122734169e-01
7.642389694512632392e-01
7.634157603387488056e-01
7.702523311577047505e-01
7.640446925346003892e-01
7.615131086553514894e-01
7.597537970465193524e-01
7.560036023755908330e-01
7.624753605859840855e-01
7.591404668359545971e-01
7.630511996838732491e-01
7.658298464784653037e-01
7.560319490438061063e-01
7.628892961032640585e-01
7.647242388435557814e-01
7.665309584092575568e-01
7.542243119899971759e-01
7.657226264454526365e-01
7.646581637400415854e-01
7.584341695493286295e-01
7.598948222278935072e-01
7.701930385151680714e-01
7.634527304650681190e-01
7.642291108207749373e-01
7.580442964668204775e-01
7.661519814985953136e-01
7.682731258492150328e-01
7.604713157035082327e-01
7.693992526970419021e-01
7.609700402016794651e-01
7.670169507095763173e-01
7.639873322475835282e-01
7.596235756904591296e-01
7.593588627687075654e-01
7.620516994186670168e-01
7.693615182177203637e-01
7.629864438739426546e-01
7.594177097763747941e-01
7.592997803613145136e-01
7.631765985444879385e-01
7.581142066868129525e-01
7.593797078780756271e-01
7.644535298341145202e-01
7.649364572283420260e-01
7.602571532098267859e-01
7.715237335749167702e-01
7.580792907922382362e-01
7.598255901890004216e-01
7.668288690232505367e-01
7.623539939841542656e-01
7.627778491137098271e-01
7.625513676649593453e-01
7.594951121409515560e-01
7.624867547532973022e-01
7.675223212513508919e-01
7.669953774532460855e-01
7.643103109169276932e-01
7.587329500401374105e-01
7.625482538211225680e-01
7.658452513528165584e-01
7.608110991202905460e-01
7.638145954439554686e-01
7.688884862472578074e-01
7.618842222695292321e-01
7.655747833390753598e-01
7.584463081802458317e-01
7.626163957893512535e-01
7.624362180328833061e-01
7.627370783700530010e-01
7.596022420087953364e-01
7.649717662370181248e-01
7.692708565051910030e-01
7.542272197453735449e-01
7.591467328181222829e-01
7.612779183962020690e-01
7.561665457946699087e-01
7.608714764356717675e-01
7.628588708670640539e-01
7.614527842194217522e-01
7.557965911764042977e-01
7.656135161908446118e-01
7.638020549410565740e-01
7.607932339530831811e-01
7.598856407258840484e-01
7.651535970103788831e-01
7.589480639404767581e-01
7.589015808324025558e-01
7.637375193558488817e-01
7.623089093089606694e-01
7.645799067804529559e-01
7.638166241864152717e-01
7.585040370643905128e-01
7.605473427133844222e-01
7.628756889160790422e-01
7.627305171854855681e-01
7.602534374154785723e-01
7.645082738198623051e-01
7.655912948444035804e-01
