# Variable: A
# Sample shape: (2500,)
# Date: 2018-11-20 14:54:11.991091
2.252531051766291625e+01
2.252888220291574939e+01
2.254087366201512310e+01
2.259130684981601789e+01
2.253080545403668467e+01
2.241478567713711101e+01
2.244997089339346985e+01
2.256598138059761638e+01
2.260109836392690141e+01
2.255178053071831457e+01
2.263057788642881718e+01
2.248472941962328875e+01
2.249190596297594169e+01
2.245461537450045952e+01
2.258677171279058982e+01
2.240334613583835832e+01
2.255273308566757962e+01
2.243804283090296536e+01
2.249296730375122522e+01
2.243932381804678755e+01
2.242788328290444966e+01
2.241349112529985277e+01
2.268348682812140993e+01
2.268028261667865664e+01
2.244101231405163688e+01
2.247323124654882065e+01
2.254060078674499579e+01
2.221176846662906001e+01
2.244243389387869314e+01
2.254570694050191548e+01
2.242388009987724118e+01
2.252081365358933951e+01
2.252267689865941236e+01
2.269967351532582001e+01
2.263332558512887260e+01
2.243972814123468495e+01
2.255756918485038653e+01
2.245259391445450348e+01
2.244184335053023105e+01
2.259871704985464191e+01
2.234438064828721338e+01
2.235403143910862056e+01
2.229622189075291416e+01
2.235266405107577015e+01
2.250421820225874470e+01
2.242360434766774446e+01
2.230483563049262230e+01
2.262500626440916207e+01
2.240918358353169637e+01
2.244184397194448266e+01
2.262629823729364276e+01
2.249129210482739083e+01
2.270960774051042108e+01
2.261152369866027456e+01
2.234432690913824970e+01
2.255911646278303095e+01
2.258348069233689515e+01
2.243803525200465998e+01
2.270644221175141197e+01
2.251660390975862214e+01
2.238181247595909085e+01
2.268754596438592586e+01
2.252697193652818797e+01
2.241528625596498259e+01
2.245632512320312912e+01
2.253278235079683967e+01
2.246469978679096613e+01
2.261985370261800199e+01
2.237960735058859285e+01
2.256522142418267052e+01
2.256780435542420449e+01
2.241201907610221866e+01
2.267423084955309065e+01
2.250201841636853928e+01
2.259171669035729124e+01
2.252562556556992135e+01
2.259650959257396252e+01
2.256348709046900680e+01
2.243804289886130832e+01
2.245376091505692884e+01
2.254925444030827464e+01
2.248090337160074981e+01
2.252996903999240885e+01
2.265775681548820586e+01
2.238716820456916068e+01
2.269808464198068165e+01
2.258801157979578633e+01
2.265894218502923962e+01
2.246916265051651962e+01
2.240571317381791872e+01
2.263935793512737504e+01
2.258394824042137827e+01
2.239131525599598049e+01
2.247449789291945166e+01
2.246957749124818804e+01
2.250366570752270690e+01
2.248795005699372851e+01
2.255106122323212858e+01
2.243951082955197052e+01
2.245532768010088631e+01
2.253792064911601756e+01
2.256949287403510951e+01
2.255105188370266234e+01
2.242091161660432874e+01
2.250825257206729191e+01
2.243469486866111495e+01
2.251940363685571356e+01
2.248496727199566791e+01
2.262517371903553354e+01
2.257008665944765724e+01
2.238503550880364656e+01
2.264350745585739588e+01
2.239281997708519611e+01
2.225193695999240262e+01
2.257393130666938319e+01
2.250310057058130653e+01
2.267260578587498543e+01
2.255952347092575749e+01
2.242256215363888217e+01
2.244143256397268971e+01
2.249824904011494908e+01
2.248051751567553325e+01
2.267562323650718881e+01
2.254537343291127982e+01
2.249899967867437311e+01
2.258146526198483883e+01
2.244069861622179474e+01
2.238218434845668980e+01
2.229047782192762384e+01
2.239960197396678154e+01
2.267432325239243696e+01
2.250492887959114796e+01
2.254534149383066932e+01
2.271034657457409267e+01
2.259259816053514669e+01
2.253491877195178716e+01
2.251197078167602328e+01
2.250435874856736262e+01
2.239761719959324537e+01
2.262503655344888642e+01
2.249834838361962142e+01
2.236916436808341757e+01
2.262095854987279608e+01
2.258871316525847206e+01
2.271318267269010605e+01
2.252326962247704500e+01
2.257219329406153818e+01
2.239616982969485193e+01
2.257635793391216339e+01
2.241317701414581620e+01
2.248465494883151905e+01
2.258243838485728716e+01
2.252210711199487037e+01
2.255545011493033769e+01
2.243971431860445520e+01
2.239296207078281142e+01
2.239448669707968520e+01
2.233635237197971435e+01
2.251779262281591087e+01
2.257923045880636082e+01
2.249711973903758988e+01
2.260985847341379085e+01
2.249157057079422017e+01
2.245830045416564147e+01
2.239622709995002126e+01
2.241794267632468163e+01
2.254546016717528900e+01
2.252952661880289398e+01
2.229973640114011602e+01
2.268769396035136054e+01
2.240218433450565882e+01
2.237997651381469311e+01
2.234495482422070012e+01
2.254294244256272961e+01
2.241043769544968001e+01
2.246780723007047342e+01
2.240742008505301897e+01
2.257824207131943339e+01
2.242628616305807299e+01
2.249200181359145745e+01
2.272322881955231821e+01
2.249032848568907283e+01
2.259352297887966543e+01
2.241752858304587548e+01
2.241287799057984031e+01
2.252388302201012849e+01
2.249390686224626990e+01
2.238154830281169438e+01
2.232150455457143323e+01
2.242836150353980429e+01
2.263476008217454094e+01
2.252699426161136032e+01
2.238578614839877545e+01
2.235259231943963698e+01
2.250544447907400780e+01
2.257354666805528964e+01
2.248206719935632947e+01
2.262941483741415993e+01
2.226093539767646234e+01
2.264551710611120683e+01
2.247155666085282277e+01
2.252723865456460928e+01
2.260914071081555932e+01
2.255876995233599303e+01
2.242284244450690167e+01
2.245436575955541869e+01
2.248181945716524766e+01
2.267577752227105137e+01
2.255116770916040991e+01
2.240940557471976291e+01
2.257677942521967651e+01
2.261352559731733436e+01
2.257078362095856150e+01
2.243449885771533303e+01
2.259889568805586890e+01
2.251033037021406003e+01
2.248034348283107065e+01
2.246769899310337948e+01
2.247861003415936310e+01
2.263152968895862571e+01
2.251445924068242377e+01
2.245673502027227642e+01
2.237219220105518858e+01
2.241023233490600219e+01
2.244444314549068054e+01
2.240447704818949859e+01
2.231791222434023680e+01
2.246183071236524853e+01
2.260358233819592400e+01
2.246158731931118524e+01
2.254763989841020333e+01
2.243068174740952614e+01
2.254406264259657888e+01
2.257940546965869899e+01
2.259781818466980496e+01
2.264843062720641598e+01
2.261236970896824161e+01
2.241530783662494386e+01
2.250884574172213348e+01
2.258411941066070483e+01
2.251976514023925446e+01
2.234246828030227761e+01
2.248548397186975123e+01
2.254922189784040398e+01
2.241907131523062446e+01
2.229479818444615802e+01
2.253114772714160452e+01
2.259420545578081629e+01
2.255120737327860780e+01
2.251543857484909950e+01
2.251013139487218240e+01
2.260805690166003856e+01
2.242982253694960448e+01
2.249080681756271716e+01
2.257533873472013042e+01
2.244694543892612515e+01
2.266287059432850626e+01
2.236034816070444364e+01
2.257485074488204901e+01
2.248795142943303915e+01
2.252235933562063153e+01
2.259546323166625470e+01
2.246109838297466865e+01
2.247462173200191415e+01
2.265590767477581835e+01
2.237222369355082208e+01
2.257165243900153939e+01
2.223569626938673949e+01
2.260420706693501813e+01
2.264533001391534839e+01
2.243003497847636396e+01
2.257346581326595114e+01
2.258898970134096373e+01
2.248292935571576479e+01
2.247773337740189348e+01
2.267021634128438023e+01
2.249235441787511647e+01
2.260990104859696714e+01
2.247654995524221633e+01
2.263445017880067311e+01
2.241192876396107181e+01
2.242136940671184320e+01
2.272937453030866450e+01
2.236779656100295810e+01
2.257748907186067555e+01
2.248163578034006349e+01
2.246363612660375964e+01
2.268162930928524545e+01
2.244835992627702126e+01
2.257867619350894373e+01
2.261904547270824750e+01
2.269119941499820925e+01
2.242854521914063781e+01
2.250649478352451638e+01
2.260521150197723372e+01
2.272697080711638762e+01
2.256481793647300194e+01
2.255994239031624815e+01
2.246371756439568657e+01
2.250848263712765984e+01
2.242025114692643228e+01
2.255229016664878827e+01
2.262419521270670941e+01
2.241518290232572497e+01
2.257515017913020827e+01
2.260688745625403939e+01
2.236875997750905043e+01
2.243293942907142835e+01
2.273417298698217692e+01
2.246791299426012145e+01
2.241629841377848820e+01
2.236041548427203551e+01
2.244761407993965108e+01
2.242855201798704456e+01
2.253733639779215281e+01
2.254549511452061950e+01
2.259586051696551223e+01
2.247128367475441024e+01
2.228956965470347029e+01
2.234375608733779117e+01
2.257851671466160681e+01
2.253367769945408128e+01
2.250276137537889909e+01
2.251833886673697194e+01
2.262547436462446271e+01
2.262864618822115759e+01
2.253077822829893151e+01
2.261700238075931679e+01
2.253101211541155280e+01
2.229195324710516957e+01
2.274322073612267658e+01
2.262712758240195754e+01
2.266254663348083653e+01
2.251074965835447728e+01
2.247156345765603191e+01
2.237203413527138807e+01
2.259759717506254617e+01
2.251629761789304851e+01
2.229296530010395472e+01
2.234262588692908480e+01
2.245973789245640617e+01
2.271739363091359110e+01
2.260766922657517952e+01
2.252986408027506116e+01
2.238195382585735871e+01
2.247257274120911319e+01
2.250583640173920585e+01
2.257490006386370140e+01
2.253480815913730950e+01
2.265009577414760500e+01
2.239703574761928806e+01
2.251848264525000687e+01
2.257407026102231029e+01
2.247989009510806468e+01
2.263612990755579801e+01
2.243090523800770697e+01
2.272006734372123660e+01
2.242586597959603623e+01
2.234728987624501784e+01
2.260320759099857213e+01
2.259453621315488903e+01
2.252761981934772351e+01
2.259150106788986179e+01
2.254613979331468343e+01
2.240563230548033147e+01
2.241936151586942216e+01
2.266231084590814859e+01
2.257679806883294660e+01
2.261613613374887422e+01
2.260729093549582558e+01
2.267799840246421184e+01
2.238031572978038852e+01
2.267152333178012924e+01
2.247046384751346793e+01
2.258058576817597185e+01
2.249313510708707042e+01
2.262375271196237492e+01
2.265566760484240660e+01
2.252066958693603738e+01
2.259696784016047033e+01
2.270823204401042972e+01
2.247997124460230722e+01
2.251733289821971695e+01
2.253681398495233168e+01
2.240761188295670792e+01
2.242137207214699757e+01
2.231110758293910123e+01
2.255386734805639293e+01
2.246145304942183429e+01
2.247131492223217464e+01
2.243071344353185737e+01
2.258285929545030513e+01
2.247835186203424129e+01
2.258326785883606291e+01
2.250000280069760095e+01
2.249420182495235565e+01
2.246628010102236317e+01
2.233575512308133426e+01
2.242637859672338507e+01
2.253850362843100541e+01
2.251326922193040048e+01
2.247320560218083685e+01
2.257992143156415921e+01
2.253538887814116265e+01
2.251922876351894587e+01
2.270404105080503498e+01
2.257314269775775983e+01
2.258864585418057658e+01
2.241215764232950747e+01
2.260957318719783515e+01
2.265400463327164360e+01
2.247430690922794128e+01
2.245509022839814861e+01
2.247472015538036061e+01
2.260808869525239118e+01
2.266171446343518525e+01
2.250633862153835807e+01
2.262753564931488270e+01
2.251935935938983135e+01
2.252988982573350540e+01
2.245769654253526326e+01
2.226632370044710640e+01
2.254096755448813383e+01
2.260050060398356209e+01
2.266573676385495872e+01
2.238365470413521052e+01
2.237894600444939286e+01
2.246848807950665616e+01
2.250462963168589070e+01
2.244904304920816784e+01
2.252657565941059659e+01
2.266886094530273965e+01
2.250155502012367492e+01
2.245623247993306038e+01
2.244848090648301309e+01
2.250861361092336210e+01
2.260262498144957277e+01
2.237313148810343577e+01
2.242074942016206407e+01
2.254608869817143812e+01
2.244634380948615160e+01
2.275498767015062285e+01
2.236767308383470265e+01
2.239572489286367230e+01
2.264429056914397620e+01
2.246890165449909915e+01
2.261879055207221967e+01
2.246102080535387557e+01
2.258548495390458655e+01
2.255020989721097635e+01
2.261667480945328279e+01
2.230864345718079633e+01
2.239674716835791202e+01
2.244493527763389196e+01
2.244073869992507042e+01
2.251423980300563343e+01
2.250470580720325486e+01
2.259853261034346872e+01
2.254852236644200758e+01
2.254145377851455834e+01
2.237827697840760166e+01
2.278171181936421874e+01
2.261167335524279309e+01
2.249853371340020658e+01
2.267908029060744113e+01
2.232906791226283616e+01
2.265061975594831267e+01
2.250190584688593987e+01
2.242608597460591824e+01
2.255780791036877631e+01
2.265557901395328599e+01
2.263214274994001585e+01
2.227749825722285593e+01
2.258623272750671518e+01
2.257344147200867823e+01
2.242584670412836445e+01
2.255529139720967180e+01
2.259703834290698765e+01
2.267848266699866144e+01
2.245157555210377964e+01
2.230552102962768402e+01
2.252570965905623268e+01
2.231915623288544381e+01
2.266130454114790993e+01
2.275404051632893854e+01
2.241285731624172683e+01
2.253183466737737817e+01
2.265105418217722288e+01
2.252989249486200407e+01
2.254200565134418355e+01
2.263688334199090590e+01
2.258266473098125005e+01
2.248804723354725610e+01
2.256926015560880572e+01
2.244339791770935832e+01
2.259168161371810157e+01
2.251424956842706848e+01
2.250708020315773439e+01
2.242392845555218273e+01
2.255790105243419319e+01
2.242822417294248538e+01
2.252933307966857157e+01
2.259318654365425871e+01
2.257354814627622019e+01
2.253675313296554350e+01
2.256488422082734147e+01
2.250896795240003456e+01
2.241040107521484259e+01
2.260165225213491524e+01
2.270776697079055850e+01
2.245592557100595954e+01
2.245847967469801532e+01
2.243194495669408539e+01
2.254276425119062921e+01
2.247437601771074611e+01
2.251568290133707606e+01
2.243030210034463678e+01
2.269724800137167264e+01
2.258537680542630355e+01
2.254154299567147390e+01
2.248740922246219398e+01
2.239392301771922078e+01
2.259566066399918682e+01
2.248909287593744466e+01
2.240246105731727155e+01
2.254949334837951014e+01
2.246758967011652430e+01
2.238536704590480753e+01
2.248317758844363112e+01
2.258467700518891874e+01
2.248879760406513384e+01
2.254645547681704798e+01
2.250711965908336865e+01
2.242158319555881718e+01
2.256355748245459125e+01
2.247491839520125367e+01
2.287228897646557613e+01
2.238693311413667431e+01
2.257897780055779791e+01
2.247439973782428879e+01
2.256152563573632719e+01
2.256470850767528091e+01
2.259928146772449153e+01
2.243843663889187923e+01
2.266887393542162954e+01
2.258199275457346289e+01
2.251339858384348247e+01
2.240014823490263041e+01
2.244390957492551664e+01
2.247616950595116592e+01
2.251148493115543303e+01
2.241376943474459793e+01
2.263193518145380878e+01
2.248623666524074594e+01
2.253478529643992800e+01
2.241689670330611150e+01
2.232506763280420259e+01
2.254001998732533707e+01
2.248215881030330721e+01
2.258658367470955852e+01
2.247660384490836805e+01
2.243960436566438332e+01
2.251831802111500735e+01
2.248531886403487690e+01
2.239680286488323446e+01
2.243888635094572237e+01
2.251954625290453293e+01
2.254796803237472957e+01
2.250072624505470031e+01
2.249619132715404746e+01
2.246294572543298429e+01
2.261222437550527786e+01
2.235877784051356443e+01
2.252544619766300826e+01
2.253296723459127548e+01
2.261979956269848913e+01
2.258131900275679982e+01
2.256951804538011430e+01
2.240980700514067436e+01
2.260962330449845936e+01
2.236969978340933451e+01
2.250969152691610731e+01
2.239907458891011061e+01
2.241903512999699188e+01
2.256374497530342182e+01
2.249585596708179835e+01
2.247603813791153371e+01
2.265464045774310264e+01
2.265988945359646678e+01
2.260321885433589628e+01
2.248792942910224824e+01
2.248444992959113620e+01
2.278820585835710233e+01
2.242761543306712113e+01
2.259499715727847402e+01
2.253253724773452049e+01
2.247223806255532708e+01
2.253414943050947272e+01
2.248013954420597926e+01
2.250095657045009290e+01
2.223196080518474460e+01
2.265312966107026327e+01
2.252176619135601854e+01
2.252899329148305796e+01
2.258819556583100763e+01
2.261146211708560116e+01
2.256090242532620849e+01
2.243987996376847960e+01
2.230977283044778758e+01
2.247276738441384580e+01
2.255385162472721916e+01
2.260504685086844390e+01
2.242042505934521301e+01
2.246948936788853501e+01
2.270642640590441275e+01
2.257020308394247721e+01
2.253927951813131614e+01
2.272661924593786864e+01
2.252639779173025758e+01
2.243091389511827316e+01
2.252296260706292230e+01
2.253800757646184749e+01
2.258106010583868084e+01
2.254268376546158592e+01
2.226719377264135247e+01
2.241742296841951543e+01
2.259008205711259620e+01
2.259789599652955516e+01
2.241917462577034925e+01
2.261857065771775055e+01
2.265241702273686286e+01
2.263837006001001129e+01
2.263608924644524834e+01
2.241082000303117638e+01
2.272420940364175124e+01
2.252157316106650242e+01
2.259549265964566800e+01
2.246834393879316849e+01
2.253644457525461675e+01
2.243071808445648685e+01
2.255382472257022997e+01
2.252986256093529960e+01
2.272754433929145534e+01
2.257801602356399329e+01
2.241625154372346884e+01
2.254771527432130185e+01
2.241219692886024362e+01
2.251359429554709024e+01
2.250980478891454339e+01
2.240570127145842960e+01
2.275996854242099587e+01
2.253648991490830866e+01
2.243420689475926011e+01
2.246658936714803190e+01
2.264716101056175646e+01
2.265042246531204384e+01
2.274536949576145872e+01
2.257043362316913004e+01
2.236926242122045494e+01
2.260943561767218313e+01
2.261046670616233456e+01
2.267603304072658332e+01
2.259410046852084619e+01
2.253200740758933307e+01
2.248371812707129536e+01
2.244523892414147781e+01
2.260936419184835344e+01
2.245271265979731012e+01
2.267361566415298668e+01
2.247139412757762500e+01
2.253244872419329781e+01
2.256139527325023053e+01
2.244261123581279094e+01
2.238460522773042882e+01
2.254089241603547933e+01
2.242029190622475454e+01
2.252090785702775477e+01
2.250195425796503912e+01
2.250252997525311827e+01
2.255796076861022215e+01
2.262864271211129363e+01
2.247828826362991705e+01
2.271603368184261740e+01
2.245364805186322954e+01
2.243886955991002452e+01
2.263175219133815830e+01
2.246453068380490237e+01
2.253091453407477829e+01
2.245271659397664266e+01
2.241206049545726131e+01
2.255895306187266414e+01
2.245465026134609943e+01
2.249574705195680835e+01
2.264324826318531336e+01
2.228625797142410647e+01
2.270350260715261825e+01
2.258184631745623250e+01
2.271315532736300469e+01
2.252606188411942867e+01
2.254914870092722623e+01
2.266353837914510905e+01
2.247371994555126662e+01
2.240080442588026344e+01
2.248629806921520924e+01
2.266095574975333804e+01
2.249333853434368535e+01
2.260809759566162924e+01
2.241031954797039560e+01
2.256504569820895512e+01
2.245580093644302622e+01
2.248541706094773929e+01
2.260056871642746401e+01
2.271061720669664652e+01
2.263067753892084966e+01
2.234304840383346402e+01
2.247314973178292874e+01
2.250167647345712396e+01
2.249312011090422558e+01
2.258116842850655104e+01
2.265758448148719495e+01
2.251488992289601754e+01
2.262226710081210612e+01
2.241896210232730979e+01
2.240806809449811965e+01
2.243255788048551125e+01
2.252907939248004610e+01
2.270828342038264935e+01
2.251429980787244745e+01
2.265700154160369095e+01
2.239651460330295762e+01
2.232494472138619912e+01
2.257613089686249452e+01
2.253257373855322498e+01
2.242564038247533276e+01
2.264349981969050063e+01
2.244373332661198361e+01
2.253082348953304859e+01
2.261908964250623555e+01
2.242327330957618869e+01
2.261370860117099113e+01
2.222261471397553478e+01
2.239671453863753214e+01
2.256730519786828992e+01
2.261984684353786790e+01
2.269231636855980838e+01
2.253096901713191613e+01
2.246510026929145454e+01
2.242157582331951460e+01
2.247125915297758780e+01
2.240955275440521532e+01
2.255549179912928537e+01
2.270043692142938951e+01
2.239031677844603863e+01
2.255882268322266526e+01
2.246811935548106121e+01
2.256000741885414840e+01
2.245440152769340258e+01
2.250123501751608401e+01
2.243997154448256026e+01
2.243847592749904507e+01
2.259740249470684859e+01
2.264694715163209793e+01
2.254990797431434046e+01
2.240514919139749495e+01
2.244537910202195619e+01
2.258210137096092751e+01
2.267338213145140458e+01
2.255307838413675370e+01
2.259467056679019237e+01
2.245538379670787421e+01
2.245243717874907219e+01
2.214900272801574488e+01
2.239255510794275494e+01
2.242884954777983353e+01
2.254076016952165418e+01
2.249395841398119700e+01
2.258319776850905569e+01
2.252203609099112214e+01
2.241431806851262820e+01
2.245874220053322290e+01
2.255136423930654388e+01
2.248273783506180123e+01
2.261763327025360226e+01
2.245984244274922403e+01
2.268624815726061072e+01
2.246666541079223833e+01
2.263117735781063189e+01
2.251504006521783552e+01
2.244971177773640392e+01
2.245430121505883037e+01
2.265201917136774412e+01
2.268807654636163562e+01
2.262933873380795191e+01
2.246052630954766727e+01
2.249914425843476096e+01
2.251981655934790183e+01
2.254152875921919374e+01
2.280727206166612930e+01
2.255508845507278082e+01
2.243204570544597587e+01
2.255540200393221539e+01
2.248256922526527291e+01
2.255199476435267414e+01
2.273506171002010134e+01
2.253449836910928639e+01
2.245734500082847873e+01
2.257856647800016603e+01
2.255779714608939202e+01
2.258140861329174953e+01
2.253477427962867807e+01
2.235790262432449538e+01
2.249954756505795928e+01
2.245663228936397360e+01
2.248434693333817691e+01
2.249863931940356565e+01
2.252103234737232995e+01
2.240404100114608354e+01
2.252310054174805032e+01
2.245952859113865330e+01
2.261059996895257029e+01
2.251086387535902134e+01
2.266099998316050801e+01
2.257463641458285153e+01
2.259976908556302178e+01
2.247157920147535037e+01
2.258629496822280913e+01
2.243299827672184676e+01
2.262383025650231616e+01
2.259624899519528896e+01
2.246754635478140472e+01
2.267556892189831075e+01
2.243769663488118127e+01
2.244466888991233233e+01
2.245474873100891244e+01
2.253215697600792211e+01
2.254875855213693114e+01
2.240021502199160608e+01
2.244892096818058747e+01
2.270126214514786867e+01
2.243184430135025664e+01
2.256650839803866404e+01
2.268238962592130648e+01
2.235045021074402527e+01
2.248855230429944640e+01
2.249279722971037287e+01
2.248675139198397943e+01
2.245304888820152200e+01
2.256662343213613653e+01
2.235083665203617187e+01
2.261779867057068927e+01
2.248586537583939560e+01
2.243563522755745865e+01
2.248435438743387138e+01
2.261777673030947255e+01
2.262292965093709540e+01
2.262951371748942364e+01
2.248710732801142242e+01
2.259191686679686484e+01
2.256365557271868028e+01
2.231172120862758135e+01
2.248839713493051562e+01
2.258976972802524941e+01
2.266646832242777876e+01
2.244902016422236812e+01
2.254287072595170116e+01
2.251973613783444961e+01
2.250152157057238256e+01
2.251838079895111022e+01
2.239575556995713157e+01
2.271247745005432961e+01
2.248031832000425823e+01
2.241187428119728509e+01
2.257842400697439444e+01
2.259722870069658285e+01
2.261119404762309060e+01
2.234385609655398142e+01
2.240131728997442906e+01
2.241944239081956525e+01
2.250686099484932612e+01
2.263110075943317767e+01
2.246470002532446486e+01
2.259410277433584469e+01
2.223990226405373605e+01
2.261251614502408458e+01
2.252595297987559064e+01
2.256552465446436884e+01
2.265270199164752540e+01
2.244838366090812798e+01
2.239568849396580319e+01
2.253078457654095956e+01
2.243125944174430231e+01
2.260860228301518049e+01
2.238908111340484552e+01
2.239312738238090006e+01
2.245465815182901181e+01
2.276355587463866570e+01
2.246152623242684498e+01
2.242228499123634933e+01
2.255602399962920046e+01
2.257297015494846448e+01
2.257725681247131533e+01
2.241919043491909491e+01
2.248219967152942900e+01
2.257304246768640610e+01
2.241918992392211862e+01
2.258558901764434879e+01
2.243189927221135704e+01
2.233493463441238802e+01
2.259129679099254773e+01
2.259883727723135749e+01
2.252101722291626373e+01
2.246682573744600120e+01
2.251132681609838571e+01
2.255868090409524740e+01
2.247484330962835486e+01
2.247167364832128911e+01
2.243906587059328928e+01
2.241184778985936887e+01
2.243356579620282076e+01
2.246753504428547288e+01
2.237389949874854977e+01
2.252657443690241124e+01
2.254438021765953337e+01
2.236380487365819647e+01
2.260129187971136844e+01
2.241477460681795364e+01
2.263511304777170707e+01
2.251570389445216236e+01
2.244567874450219236e+01
2.262123269419703320e+01
2.248831086192480555e+01
2.248914059523316666e+01
2.259390038579831028e+01
2.249062942273751275e+01
2.258545431894982514e+01
2.252104519384394976e+01
2.244948267438676481e+01
2.245164505519808529e+01
2.257204472490659342e+01
2.251796628824271806e+01
2.234074954533988944e+01
2.244148507315020424e+01
2.266034176645172948e+01
2.245271969543592405e+01
2.239164480340807017e+01
2.232786198515333709e+01
2.253202391908924085e+01
2.256287530976924316e+01
2.251822515072312569e+01
2.258603157192925082e+01
2.253696992147412459e+01
2.243936286131194535e+01
2.246370047228528222e+01
2.244700838178505720e+01
2.244458377285487671e+01
2.249460626665686647e+01
2.272791193914321184e+01
2.251565860135953301e+01
2.241467935909477305e+01
2.252589905739583998e+01
2.242399394471460639e+01
2.256183079607569653e+01
2.266408603689547618e+01
2.236641551799793604e+01
2.241504112504243551e+01
2.245186665931220205e+01
2.240408571117916381e+01
2.223063590684080637e+01
2.244799258636945183e+01
2.276137597557289638e+01
2.243786564961552799e+01
2.256173803457586757e+01
2.247181948846619903e+01
2.236131874564984301e+01
2.242651430456255213e+01
2.241340308562055839e+01
2.254549097232295907e+01
2.252406058767290276e+01
2.267412140411004984e+01
2.253331219500244487e+01
2.256371921949681081e+01
2.265978570277271587e+01
2.257520927808186073e+01
2.268779706487789127e+01
2.252684764360028424e+01
2.260669949467924411e+01
2.262476533891802788e+01
2.248944490603359014e+01
2.255900665733258847e+01
2.268991269052300908e+01
2.242445149201807553e+01
2.231949793230555201e+01
2.249460658489783782e+01
2.255207468797481241e+01
2.260652674173958587e+01
2.237996892072868960e+01
2.257566867906554720e+01
2.248679944559281552e+01
2.250979490852391152e+01
2.259653196102787476e+01
2.240335470228236048e+01
2.267998855430385419e+01
2.279227298141433522e+01
2.253372908812016817e+01
2.256577462374480447e+01
2.256836324896844914e+01
2.243084668688076277e+01
2.254923940401891613e+01
2.233961465288802728e+01
2.248850584685141030e+01
2.257057956904004214e+01
2.257902580579198570e+01
2.240939726015296074e+01
2.247076995251532949e+01
2.256236165889564660e+01
2.261309225454240490e+01
2.246835619237583614e+01
2.262445061557183479e+01
2.231645900972702989e+01
2.245610853137788965e+01
2.251347424681658538e+01
2.249092431481037480e+01
2.249838436361200777e+01
2.257953884723774607e+01
2.239387097700911156e+01
2.249791829299741508e+01
2.227991189533422656e+01
2.265826421732078799e+01
2.252831813972346708e+01
2.249004480718945231e+01
2.256374397973500479e+01
2.253651586683523789e+01
2.238337668309911521e+01
2.255683584486082083e+01
2.240385943278804959e+01
2.240241629114094479e+01
2.256906881785969077e+01
2.260602125271527285e+01
2.253430786852911893e+01
2.252746900651644779e+01
2.248200556411630302e+01
2.238740405368319486e+01
2.230940346115255579e+01
2.260035478865389535e+01
2.237548587105648679e+01
2.241812528008017580e+01
2.242900846314870478e+01
2.260700301102171750e+01
2.252568854481847538e+01
2.235391308415191958e+01
2.239879853507848750e+01
2.262384556079731013e+01
2.266670798375479023e+01
2.243567966060641439e+01
2.253328198791419013e+01
2.248184579485864631e+01
2.258564861130030010e+01
2.226580890990314288e+01
2.245231705268210476e+01
2.245193523978414518e+01
2.256571938422930401e+01
2.241603817691152756e+01
2.269890254813619990e+01
2.235031130409758404e+01
2.259662411634172585e+01
2.240425074401839822e+01
2.251216079689011096e+01
2.243215862046120890e+01
2.249272520602915293e+01
2.249793783643792722e+01
2.238182844536486726e+01
2.252642592201636873e+01
2.269625066949870984e+01
2.243443205181696243e+01
2.244159138144262755e+01
2.237236625296176840e+01
2.238805527732807832e+01
2.254998197988816599e+01
2.235233074925416830e+01
2.239682828608331278e+01
2.244329158650828049e+01
2.241253333598474740e+01
2.256219964079823370e+01
2.247971140619109320e+01
2.243467541122895526e+01
2.236186093119981066e+01
2.242589450350025970e+01
2.242523886813346934e+01
2.226041043329291824e+01
2.244884675669387164e+01
2.262047969149032767e+01
2.257042862115650550e+01
2.254805307656450353e+01
2.258027530381940906e+01
2.254038268015662894e+01
2.262571211593871467e+01
2.252354539404168676e+01
2.247709056578839082e+01
2.249171201276972809e+01
2.259927520031378023e+01
2.251557074116130153e+01
2.245834796828840751e+01
2.240884109335648233e+01
2.243647595849979126e+01
2.259162006558569757e+01
2.249001833185736388e+01
2.266983195684373342e+01
2.244406817783018226e+01
2.241559860078963240e+01
2.257701517476918696e+01
2.256212149290719537e+01
2.251205343624932098e+01
2.251943503307445127e+01
2.240399943953611128e+01
2.251203993437021822e+01
2.244760424894079165e+01
2.249966305455240345e+01
2.246684491821853413e+01
2.244867950631262232e+01
2.262427882865701889e+01
2.240376621297233228e+01
2.257854721653671604e+01
2.251479301066080652e+01
2.255011735370235826e+01
2.260360670788565329e+01
2.254649444221853827e+01
2.242280590056337530e+01
2.239882996718200658e+01
2.246951317664141001e+01
2.248563610060638496e+01
2.235104655560309084e+01
2.244872630015621340e+01
2.262337464758536498e+01
2.239270404295993089e+01
2.250739661099883193e+01
2.248303099221158874e+01
2.259670290548272931e+01
2.231498206768767645e+01
2.256264350977508926e+01
2.247243323048546060e+01
2.238788152505130924e+01
2.258081703289662201e+01
2.256159310930893724e+01
2.260179991376715236e+01
2.263486230189406001e+01
2.248708190254478723e+01
2.259252472730577566e+01
2.257400161182419041e+01
2.263551926784330703e+01
2.227448993392174970e+01
2.249921880437161903e+01
2.241288848218222185e+01
2.248463262123097550e+01
2.276027006190841462e+01
2.237161227849092526e+01
2.234862214531150215e+01
2.261117609735446621e+01
2.260761346220828116e+01
2.247975504706824168e+01
2.220090611359265154e+01
2.235177433206549225e+01
2.252140611574389339e+01
2.246539410705842599e+01
2.275911909479579975e+01
2.258576738954096541e+01
2.251925770582086272e+01
2.248098098715114190e+01
2.264261442252982093e+01
2.266811553845793270e+01
2.248172210533047277e+01
2.236371277097078547e+01
2.251128968085868820e+01
2.250684697670586587e+01
2.262005396350873809e+01
2.251322945511663320e+01
2.260291397309359240e+01
2.242939671806750113e+01
2.249464722794808580e+01
2.253159566998333219e+01
2.248792546675585058e+01
2.252541913864920886e+01
2.247303701440123191e+01
2.245487761496269385e+01
2.244807944735919136e+01
2.271939705751850269e+01
2.247419003794570713e+01
2.241028434999088503e+01
2.253828135348466333e+01
2.241015376641237111e+01
2.241089589717703134e+01
2.236523106936607519e+01
2.242569317863786438e+01
2.235011121792413391e+01
2.250766240327958556e+01
2.257240708742936874e+01
2.267738040748250583e+01
2.251624126013910043e+01
2.253680936019147651e+01
2.251818301628876640e+01
2.233044182658467491e+01
2.253665177888394666e+01
2.257399965103389761e+01
2.247739881556648101e+01
2.251169094715355001e+01
2.248976574529801198e+01
2.263693947097160830e+01
2.252076538360951119e+01
2.269676156750423957e+01
2.248563333318118751e+01
2.231446517611085767e+01
2.253481469271070026e+01
2.247225400815040430e+01
2.261595431415247148e+01
2.249618340559082696e+01
2.262065009416798844e+01
2.251097873592946286e+01
2.235496250182497135e+01
2.251975714725823252e+01
2.252739283480356747e+01
2.240926869763485385e+01
2.244345778047411244e+01
2.253470760450691301e+01
2.248253402273686774e+01
2.252965660990141927e+01
2.253473509812419806e+01
2.246993039738377718e+01
2.243013993592464672e+01
2.248000537788652764e+01
2.245405977490624849e+01
2.269799702433842015e+01
2.265241009946430140e+01
2.254084355106010307e+01
2.248803951554895519e+01
2.259910978542077231e+01
2.240041487328999992e+01
2.250724828814242784e+01
2.243266123172988102e+01
2.246993601745105451e+01
2.258348431707839055e+01
2.265042437339877424e+01
2.251186907446950158e+01
2.239151435613024077e+01
2.247700677902676958e+01
2.273097749932137646e+01
2.262300363529100622e+01
2.230809472694313200e+01
2.253128587851596976e+01
2.244060571315685593e+01
2.237319760628991716e+01
2.233794257198286104e+01
2.255817204052929270e+01
2.251437673247855287e+01
2.237109977306586117e+01
2.235812652110157828e+01
2.249125607956308315e+01
2.243443179003559962e+01
2.237714956331076976e+01
2.251919592832819106e+01
2.247268788342847046e+01
2.268224355038077533e+01
2.243498600655565056e+01
2.248341753630431938e+01
2.254674577026359827e+01
2.239801898845853856e+01
2.239699912564040574e+01
2.248031911137655925e+01
2.258781515155664010e+01
2.238631495113614633e+01
2.269031629687161455e+01
2.254374604682175942e+01
2.251596211905743417e+01
2.250918501669974248e+01
2.252958980257108124e+01
2.256684656434974201e+01
2.252838508655297645e+01
2.248422439307251963e+01
2.254108201735332884e+01
2.251755384450845199e+01
2.238915856895115652e+01
2.239455735111696910e+01
2.264703984233005940e+01
2.248542670081485895e+01
2.248455896824798472e+01
2.244384942649588766e+01
2.260660185505582120e+01
2.247249992741332747e+01
2.250566665473805728e+01
2.271260612666182865e+01
2.237641045696458875e+01
2.255704410248243974e+01
2.253902838814997622e+01
2.240329397044659387e+01
2.248896603426301510e+01
2.258318639535498207e+01
2.253817898941089837e+01
2.261411104810530048e+01
2.251068957527164471e+01
2.274208321828894341e+01
2.235780867783921977e+01
2.257906676836472215e+01
2.267147245949707468e+01
2.242037652357437594e+01
2.250571294686787027e+01
2.252940865271730431e+01
2.266517007937442330e+01
2.247435455613553046e+01
2.249129493597934726e+01
2.255178168625586821e+01
2.251537475925150744e+01
2.275340823259980993e+01
2.260609054645716398e+01
2.248830213883669416e+01
2.235684471166911180e+01
2.247203586383054486e+01
2.262594728732892690e+01
2.261193768083877131e+01
2.254498965853880676e+01
2.258243689413591326e+01
2.243632393662028335e+01
2.246778441373571056e+01
2.247527789116960051e+01
2.269886044050752361e+01
2.229088429904744117e+01
2.251115360257387721e+01
2.259302277716853524e+01
2.251947773774758232e+01
2.242428595856901907e+01
2.255867143245081508e+01
2.262472388500276921e+01
2.248352228760251847e+01
2.231071501565819304e+01
2.254274845622969892e+01
2.270166091517577911e+01
2.258527904282406595e+01
2.255854089225150716e+01
2.253324569154975876e+01
2.255186559956677073e+01
2.250986717305210760e+01
2.247105938228137134e+01
2.259500528708128542e+01
2.252778781147828013e+01
2.248781643681316211e+01
2.243886173548946061e+01
2.270231422294344625e+01
2.228408032341739187e+01
2.259436363219948518e+01
2.240905727714222806e+01
2.256336428947790651e+01
2.241960379616717702e+01
2.248513297104744524e+01
2.244401367000363123e+01
2.243734810015825332e+01
2.257854084613265044e+01
2.260220855514957350e+01
2.252960882718928914e+01
2.255392789311000357e+01
2.246710196760916034e+01
2.235989871654187056e+01
2.234719850785624118e+01
2.242775223141405760e+01
2.250813851465825266e+01
2.242673245325793019e+01
2.251496863309095531e+01
2.244003185191582972e+01
2.249394373468263097e+01
2.245638405954715111e+01
2.269703944940428642e+01
2.261118590874363221e+01
2.246224948724151105e+01
2.258169981055360509e+01
2.243383645562503048e+01
2.262307768049814527e+01
2.258794181115345978e+01
2.232068031789044937e+01
2.269642924358068825e+01
2.259378421857523378e+01
2.247484925093304398e+01
2.236497328346690594e+01
2.251535389474422644e+01
2.247532512482701605e+01
2.265720560082806401e+01
2.254507534090717158e+01
2.235886834266952761e+01
2.250240335374932599e+01
2.240664210448343141e+01
2.235010571938999036e+01
2.258844795481505940e+01
2.256858065706025940e+01
2.249486216847610009e+01
2.259360662424256816e+01
2.258888363243744024e+01
2.249228948466008049e+01
2.263337135042056758e+01
2.249421759616629757e+01
2.257099496960347196e+01
2.258531272217800279e+01
2.242842299818978091e+01
2.264361504265662361e+01
2.232606608948541194e+01
2.245236115700699031e+01
2.243860982115526426e+01
2.255858070968307061e+01
2.243540521370072938e+01
2.252078368154913690e+01
2.257814386516495375e+01
2.257771369132834494e+01
2.260071154797014614e+01
2.244941312166073999e+01
2.263713416069699846e+01
2.249193013930476326e+01
2.256157716126161361e+01
2.251521393629021617e+01
2.251994633599167628e+01
2.247940765514106687e+01
2.246254242466523721e+01
2.250687571022078615e+01
2.251483512406855425e+01
2.262906542884452676e+01
2.241319690826239963e+01
2.247947724821329629e+01
2.247414713582172041e+01
2.241792214280401652e+01
2.266787116344747233e+01
2.247402394344999266e+01
2.263004903525457934e+01
2.257966484118628969e+01
2.239907306685044475e+01
2.257404105660044280e+01
2.256398998468624484e+01
2.256830645593700879e+01
2.236549311896212799e+01
2.241097905128674839e+01
2.273322591913614232e+01
2.240428738928335051e+01
2.253104818926924580e+01
2.264421367248904104e+01
2.249525280907206692e+01
2.230401860900899180e+01
2.259752367991979938e+01
2.249914883741971394e+01
2.233211758217906961e+01
2.255624930172970366e+01
2.261956718904358254e+01
2.241691045405950433e+01
2.257673663833061539e+01
2.254124447041403201e+01
2.237085755974568002e+01
2.244096810738521697e+01
2.227112262652165242e+01
2.246285191452479424e+01
2.233828456658366690e+01
2.258297613134017467e+01
2.256710324250470023e+01
2.256497353680122231e+01
2.272302276090957562e+01
2.257843731261918307e+01
2.247468518996901565e+01
2.243108121657070697e+01
2.271516143264607024e+01
2.246750951387181061e+01
2.256827028807948921e+01
2.263172958897397891e+01
2.229881790190374602e+01
2.238090844278197267e+01
2.266068680003150959e+01
2.255290651723250406e+01
2.243257892569792489e+01
2.254656421804466859e+01
2.258334222306908146e+01
2.238645528399061035e+01
2.273029098968384432e+01
2.245556267735528166e+01
2.242344604346363468e+01
2.254044165397347754e+01
2.253446170851458774e+01
2.259138515495754262e+01
2.250881927971259344e+01
2.244235687040200133e+01
2.247990309714602475e+01
2.255255752327679275e+01
2.257475920620972332e+01
2.238265158253240017e+01
2.244349183322335151e+01
2.245378517876525137e+01
2.245795605067920064e+01
2.256177682584155519e+01
2.247504235903196701e+01
2.229999521108872429e+01
2.229481621131155578e+01
2.271240310684197183e+01
2.274706970403027384e+01
2.258711265321907646e+01
2.245847064270047255e+01
2.247537441518736756e+01
2.255615065350703929e+01
2.250550267512107538e+01
2.250462724736984654e+01
2.234204653736644275e+01
2.246087822436463810e+01
2.267864880885702306e+01
2.245728348168482569e+01
2.248443681188700793e+01
2.254793055328731555e+01
2.247383604219529474e+01
2.241994100514801147e+01
2.249412025090505196e+01
2.242396383714758556e+01
2.269126937786993992e+01
2.266627652769844659e+01
2.260403345224071003e+01
2.252220616681512055e+01
2.252709970756251323e+01
2.261470764230473307e+01
2.234909351631040764e+01
2.240351054676422748e+01
2.254655193263155155e+01
2.261958664229966942e+01
2.263123283329591473e+01
2.243719880406618827e+01
2.244032369530863136e+01
2.267765879272513274e+01
2.266594747700182566e+01
2.252348720899681922e+01
2.249188343007171298e+01
2.250717557875070085e+01
2.254761825667262798e+01
2.246371326144524971e+01
2.245196041984615576e+01
2.262158654478515274e+01
2.250753915989593068e+01
2.237908152332936140e+01
2.255061070075187146e+01
2.249937035662209439e+01
2.257064148960020944e+01
2.254216099072132451e+01
2.235157576052048967e+01
2.276406763105491393e+01
2.261971101906885551e+01
2.250140257445457337e+01
2.232745405794545590e+01
2.241702557034894738e+01
2.269715643455453602e+01
2.246813663201901790e+01
2.252872714726500902e+01
2.243070811026803213e+01
2.236532104894306627e+01
2.247947886630268144e+01
2.245601662934351594e+01
2.226388108882014905e+01
2.260400757027688101e+01
2.242393122570541664e+01
2.250132640911881055e+01
2.243559917479230492e+01
2.245975159106212615e+01
2.259673029511071718e+01
2.258204135236242038e+01
2.255329242575018611e+01
2.247648205283960010e+01
2.249868005630803225e+01
2.270198116674120925e+01
2.240912502189629407e+01
2.251704370546528011e+01
2.241184118774331324e+01
2.236339138678754423e+01
2.263847149610836951e+01
2.248863808453585733e+01
2.262571626753618759e+01
2.246703336475999180e+01
2.241306654487572203e+01
2.263841992523941826e+01
2.236396727718550892e+01
2.248672213846909429e+01
2.254746321495839823e+01
2.247808485960091929e+01
2.255494317935115589e+01
2.249366799125863281e+01
2.249210231390462056e+01
2.253011005118180066e+01
2.259247142022175936e+01
2.239116618311808438e+01
2.240766137835223049e+01
2.251880639282510188e+01
2.262110672189644234e+01
2.249380378754096910e+01
2.259591720214923782e+01
2.237455068907707201e+01
2.231035938229879534e+01
2.251372112085548594e+01
2.252061333336377658e+01
2.263738984461036097e+01
2.242831455538766150e+01
2.260966117206499604e+01
2.243497433572393973e+01
2.260572557461770771e+01
2.243770492081819867e+01
2.251397051669607308e+01
2.254963354237080253e+01
2.263575260388548571e+01
2.246977621485634558e+01
2.254310361869310952e+01
2.248803156570518169e+01
2.238611280785990232e+01
2.258513722558160453e+01
2.250591496231365696e+01
2.230285956623849231e+01
2.241471563386820876e+01
2.244069804636846399e+01
2.258772196578616942e+01
2.259987324036352163e+01
2.245993337286760649e+01
2.253303247205298376e+01
2.235746158618695389e+01
2.259518075808895787e+01
2.261445664344903150e+01
2.255620875222283672e+01
2.250609406328026196e+01
2.249078517604847249e+01
2.253404657675633516e+01
2.236536322041594360e+01
2.248734900030224537e+01
2.253280445316752179e+01
2.243141990950931586e+01
2.250495855453405625e+01
2.256764153341620016e+01
2.258867288066897672e+01
2.254590850630282262e+01
2.263380677026361099e+01
2.254762701906298261e+01
2.237381027303531411e+01
2.261870284547610765e+01
2.256192836195164730e+01
2.256367167950261532e+01
2.242812428225547805e+01
2.249352448224834333e+01
2.252370546055056977e+01
2.269572471171869310e+01
2.236868915244387779e+01
2.247565365994414677e+01
2.251943035459713016e+01
2.259621048716858738e+01
2.239089822411603237e+01
2.257118354277953642e+01
2.246065009497693055e+01
2.248472758861358756e+01
2.253072071399878595e+01
2.241860923875879053e+01
2.226838090316516272e+01
2.257969700500825638e+01
2.241024706198960104e+01
2.249744114381516980e+01
2.245070514724388744e+01
2.249598951942127911e+01
2.261083501690094266e+01
2.253035491101573129e+01
2.251629835834101812e+01
2.256893966279860564e+01
2.247987566734370901e+01
2.255415372286019604e+01
2.247473398787017373e+01
2.241791785338844889e+01
2.242406927022791763e+01
2.254190332459501178e+01
2.255806598534801566e+01
2.256031284048489383e+01
2.245088773536037863e+01
2.252284620114420832e+01
2.238927436422575212e+01
2.262181182691739423e+01
2.263726565874069507e+01
2.241210075466971574e+01
2.240677673400324821e+01
2.267183307776298662e+01
2.245649096152849467e+01
2.246778557481135863e+01
2.251910618836959799e+01
2.264020038870659945e+01
2.255377955300749093e+01
2.249221602724896485e+01
2.247303147761827447e+01
2.270607323586208182e+01
2.253503542331131726e+01
2.240232351130491750e+01
2.246817655097044053e+01
2.243067717727759103e+01
2.255504501074994295e+01
2.242044440474296962e+01
2.250101431239548688e+01
2.254502575360314509e+01
2.253969084196328154e+01
2.265383937421142235e+01
2.253113713952214425e+01
2.252592262549564595e+01
2.248319147906642712e+01
2.257192539464758951e+01
2.249226398645990344e+01
2.239171884234820809e+01
2.243449562972803335e+01
2.247915252533900698e+01
2.240813031851389070e+01
2.238993695763593195e+01
2.251799699062184601e+01
2.247859675268670543e+01
2.245307829870827021e+01
2.263861333697622413e+01
2.264041349450100071e+01
2.259742471343942327e+01
2.248853096908289828e+01
2.255094719426034899e+01
2.261590518137804651e+01
2.239592945986551342e+01
2.248672379715278424e+01
2.254877043763043787e+01
2.258258312834320947e+01
2.261409076378400940e+01
2.258283786802980231e+01
2.254865920184934325e+01
2.240096069311130123e+01
2.234902986070409625e+01
2.241041694398333561e+01
2.244933880964722306e+01
2.250560032660927590e+01
2.251608076854443041e+01
2.259775496393621808e+01
2.245385772249035128e+01
2.263936346498084973e+01
2.237735661525006137e+01
2.258277406396060627e+01
2.240663705582027987e+01
2.246298701415102883e+01
2.258591432873345894e+01
2.247606301851033805e+01
2.251833689983247311e+01
2.246110151120473120e+01
2.258815941220211698e+01
2.252311052307161887e+01
2.241761934225785424e+01
2.254874722901189088e+01
2.256544328799580512e+01
2.241693383087222813e+01
2.265484363020235037e+01
2.245828241351213350e+01
2.258510144721568480e+01
2.256726221719568315e+01
2.263734205859288906e+01
2.254733476409219861e+01
2.235189202184771773e+01
2.257671107349023387e+01
2.228736592153153140e+01
2.248341890752377381e+01
2.246655032518839690e+01
2.259470996234664497e+01
2.244876822675776040e+01
2.244100128229240809e+01
2.238627902669044900e+01
2.273317430137316819e+01
2.245301923848205305e+01
2.258832598942115766e+01
2.269477772414650119e+01
2.258517199565737954e+01
2.248622159939411347e+01
2.261583561293683786e+01
2.252647801727794175e+01
2.245301207459955606e+01
2.247802521851734170e+01
2.255781911765536663e+01
2.251720632474236794e+01
2.249176107141239100e+01
2.263683510695704015e+01
2.259916677261126594e+01
2.238746993664051743e+01
2.229462420910409648e+01
2.251545554809414540e+01
2.238203946406200018e+01
2.267606315081427937e+01
2.260398169780304301e+01
2.245121744703486044e+01
2.265958346940222157e+01
2.266378560058037905e+01
2.260805666939737080e+01
2.242823756966476623e+01
2.243483356868172152e+01
2.238518705904778372e+01
2.257620885468130467e+01
2.247826752965528740e+01
2.259516437673410394e+01
2.240199928423269427e+01
2.255601351344298777e+01
2.246679615531647656e+01
2.257055497604326888e+01
2.250095388284351827e+01
2.247100820887530759e+01
2.237200079433847932e+01
2.253581371713809389e+01
2.261722124847334925e+01
2.247653238311090007e+01
2.263665845610113081e+01
2.255138160845618245e+01
2.238203189994472098e+01
2.258475349838565904e+01
2.253068007114207205e+01
2.253861286119499496e+01
2.266189969061947096e+01
2.219693716308135478e+01
2.256437612405184012e+01
2.244652519365648047e+01
2.260098366679005366e+01
2.250066951243823254e+01
2.226453468317020068e+01
2.247367489356905423e+01
2.249200605042910794e+01
2.244677079926554342e+01
2.259083640717073749e+01
2.254274277760743317e+01
2.250961484114069933e+01
2.248640224668559995e+01
2.263215272419094859e+01
2.245227836868835070e+01
2.255849597426930941e+01
2.250056737314377742e+01
2.255755966968834159e+01
2.240123336431035028e+01
2.263072881218425536e+01
2.248279018509488836e+01
2.250973302521577324e+01
2.259574040122049610e+01
2.251694299172841696e+01
2.255087698476522107e+01
2.255159623727007911e+01
2.253305959621396681e+01
2.239643058418048227e+01
2.252137396300550165e+01
2.249509121069872464e+01
2.252207448180506688e+01
2.265957425078283904e+01
2.234931372917895942e+01
2.251853652625798219e+01
2.227240839962686536e+01
2.237669478381526034e+01
2.254392091019952815e+01
2.243868917563473175e+01
2.261720670796766797e+01
2.260557509123090369e+01
2.249331527012236975e+01
2.253617940473924008e+01
2.264267282182004948e+01
2.237456590421634317e+01
2.251890207279441825e+01
2.257017028319074825e+01
2.255217532068212805e+01
2.255075078534298427e+01
2.267392661720853653e+01
2.259137499600834076e+01
2.250704891515853490e+01
2.259697775338554493e+01
2.230932448603579488e+01
2.245052532862651518e+01
2.252127674830456883e+01
2.259550999452407183e+01
2.238372912997343178e+01
2.250358349421715332e+01
2.255295393543395122e+01
2.258642476266716415e+01
2.244223852227535687e+01
2.250726029456837551e+01
2.233640019339751248e+01
2.250517911932473680e+01
2.263111056819873568e+01
2.256924153823324630e+01
2.254837283584713248e+01
2.271055119575794023e+01
2.240914293387309542e+01
2.252494379319952955e+01
2.243719035409789697e+01
2.265365891057415837e+01
2.243591272071910936e+01
2.231041746560737593e+01
2.249164294729954250e+01
2.261441412734566114e+01
2.255320198640176343e+01
2.245488661988975920e+01
2.255569354191607800e+01
2.246488383351007556e+01
2.261272065101142914e+01
2.266789069108098431e+01
2.244751462019019428e+01
2.254804146013950117e+01
2.245736566073448515e+01
2.264398484055148941e+01
2.231388842912923209e+01
2.251013274243575779e+01
2.256052304188767721e+01
2.248153885430284760e+01
2.244066875738499078e+01
2.255192951103299848e+01
2.256562927561545351e+01
2.252103239198238072e+01
2.234797498201017163e+01
2.242910951115799278e+01
2.259971423868794460e+01
2.240433769269671771e+01
2.248552357940368651e+01
2.252487337951087198e+01
2.254793344308989589e+01
2.252182056747519923e+01
2.251843172839043561e+01
2.242771224597725066e+01
2.233950120747021728e+01
2.243550246767801326e+01
2.267363280977148321e+01
2.253628454884542620e+01
2.251297355172946979e+01
2.257816912736776160e+01
2.273728024998330000e+01
2.253634553842226751e+01
2.240148471933866148e+01
2.263903683462664063e+01
2.256576006771936704e+01
2.248032881390000881e+01
2.249197694441090789e+01
2.253360567640591938e+01
2.247684820323274479e+01
2.244133332233369416e+01
2.233527976498616141e+01
2.226922965012539279e+01
2.256169086164109316e+01
2.254053026926013814e+01
2.250365985311886519e+01
2.260037070924504476e+01
2.245808689358011989e+01
2.244623684164972488e+01
2.252108671910963622e+01
2.251743296235476777e+01
2.246932257654449927e+01
2.248484256573573958e+01
2.256713161739141427e+01
2.248586678270143224e+01
2.257984699627333214e+01
2.263096905207544651e+01
2.247053680190962055e+01
2.230890538642904630e+01
2.241211983430219590e+01
2.252361346099829476e+01
2.263725166076120132e+01
2.274696400743823332e+01
2.268136194691615160e+01
2.231797588924121101e+01
2.245674356781233172e+01
2.248873500589847652e+01
2.252051988187455578e+01
2.257295124899425431e+01
2.258984840740572153e+01
2.259007849326597750e+01
2.253532318080617003e+01
2.255351743718327384e+01
2.248673467170834073e+01
2.260628735169910897e+01
2.242884046615018789e+01
2.253971204391728733e+01
2.244674475131688496e+01
2.236453278349867801e+01
2.251526246492130312e+01
2.254934637193443336e+01
2.244661552674781291e+01
2.265530040588656746e+01
2.253528825845052808e+01
2.252491704214621038e+01
2.260845965441039951e+01
2.237168918724368538e+01
2.245974557339837219e+01
2.254236808412962745e+01
2.266806301441111771e+01
2.254517343998687551e+01
2.245217187758123956e+01
2.253277475654828521e+01
2.265107062198778820e+01
2.264596009080534245e+01
2.245598950310946762e+01
2.220162037559079593e+01
2.255399947092283242e+01
2.248674401482631424e+01
2.257137890283132720e+01
2.244494593639205959e+01
2.248938061946899936e+01
2.254480458580587765e+01
2.259767708930809249e+01
2.239739782314289940e+01
2.233654444662738214e+01
2.243599140802351499e+01
2.255530731084317608e+01
2.243419184920012199e+01
2.251944838756096345e+01
2.244886364636249709e+01
2.252588497078644636e+01
2.245668736063825577e+01
2.245998141218978716e+01
2.259969136268977508e+01
2.242518085464619659e+01
2.249336225885853935e+01
2.258834131599419237e+01
2.256302397620871858e+01
2.252896924681374813e+01
2.247872536592365478e+01
2.245304021853870324e+01
2.263144533030426331e+01
2.249730900726227745e+01
2.248372993045334667e+01
2.239305163250762121e+01
2.247587902850726493e+01
2.245771643894687841e+01
2.236783521227626181e+01
2.254555205275232765e+01
2.242071548569339967e+01
2.253306847564432758e+01
2.257246039307574392e+01
2.231085691269801430e+01
2.253751125327087124e+01
2.249378275600704669e+01
2.256748391691776590e+01
2.250127714768150256e+01
2.240537291666965203e+01
2.245479231389553831e+01
2.237865646000222952e+01
2.269853161482946291e+01
2.261959555437650593e+01
2.255617823667963506e+01
2.247694485442613299e+01
2.252492803522464371e+01
2.238777146343162272e+01
2.253583098454485878e+01
2.263992536725685056e+01
2.251530338016987542e+01
2.254521760119123286e+01
2.248204599579295149e+01
2.241956439294557768e+01
2.241965774486745033e+01
2.255106061311289523e+01
2.244158804237124727e+01
2.234509601768691667e+01
2.251162771624484549e+01
2.240924205287981152e+01
2.275076903841735998e+01
2.260328618684498636e+01
2.268203934885602635e+01
2.237809454307621593e+01
2.250775304196061555e+01
2.248574621961396502e+01
2.264195633917854877e+01
2.260261196983433507e+01
2.246518003948353481e+01
2.259431939718482951e+01
2.254398360129065182e+01
2.247740856993750214e+01
2.255084752388511404e+01
2.237199029475909740e+01
2.229759371321245709e+01
2.244995728895235132e+01
2.271739875490695937e+01
2.258041162101766020e+01
2.231940353958996681e+01
2.258898390090909203e+01
2.248406903130300094e+01
2.257952182293862364e+01
2.243248153060811845e+01
2.265305004499053609e+01
2.245774610389291936e+01
2.255119725333193870e+01
2.259513436245302742e+01
2.251086852780256820e+01
2.252615705113818834e+01
2.245713151697231069e+01
2.245502066623949133e+01
2.258186030546561796e+01
2.257728732024755658e+01
2.263799020474158397e+01
2.253180031841250752e+01
2.253942046439872371e+01
2.259849920387652844e+01
2.254212608460571587e+01
2.250385890758047935e+01
2.254793603189343543e+01
2.267656804686532368e+01
2.255886968696749051e+01
2.243327005843462629e+01
2.240280928517182701e+01
2.256218252986167627e+01
2.248793209356772849e+01
2.267777999602729366e+01
2.260618670399500019e+01
2.272873349465139370e+01
2.251704799153998948e+01
2.276883069024623651e+01
2.262397847077449597e+01
2.244824106474595027e+01
2.250681036557766035e+01
2.254435118720717313e+01
2.249707900407102201e+01
2.253105074958604348e+01
2.262139945205429115e+01
2.253146014942521802e+01
2.234138297993794353e+01
2.239660342019692152e+01
2.255666722603996277e+01
2.252711812968466987e+01
2.254231966958801436e+01
2.256201665204329387e+01
2.263670869322909951e+01
2.226771285148149104e+01
2.246509113784127365e+01
2.266752120412563798e+01
2.236197915878130615e+01
2.273505241774458696e+01
2.243464146502470058e+01
2.246576728267210399e+01
2.252499512705647078e+01
2.238627619457747997e+01
2.247889186549459239e+01
2.253779907620544165e+01
2.240669406568087751e+01
2.252910388466537128e+01
2.254979329274270228e+01
2.242938303220508445e+01
2.261210211257821712e+01
2.263866491189756402e+01
2.248440459341202668e+01
2.235807993382973891e+01
2.237960064116253633e+01
2.251909712218902726e+01
2.258037066831895956e+01
2.262039653511022763e+01
2.260089497077882115e+01
2.258562404060387863e+01
2.261288870368545645e+01
2.235875977162900341e+01
2.254140200040603759e+01
2.265303982528058668e+01
2.240697481130597168e+01
2.263680801758960115e+01
2.234454104007814479e+01
2.246439361519014000e+01
2.250462040140134334e+01
2.242886005063472155e+01
2.250022125050793420e+01
2.258145988304758234e+01
2.254279833681502510e+01
2.246111276082964991e+01
2.251687405638905304e+01
2.247154700001257766e+01
2.241967573603058383e+01
2.263992985172265193e+01
2.243204174591165767e+01
2.245759839571300276e+01
2.238442841571947994e+01
2.243369512777630348e+01
2.244113213499359105e+01
2.250159248614798102e+01
2.265365734199526671e+01
2.234344593712687654e+01
2.257056408878936438e+01
2.250487838808731311e+01
2.259990628924062506e+01
2.255447536981230527e+01
2.249230634417918751e+01
2.253671809423442340e+01
2.235878076143249160e+01
2.260797205525620868e+01
2.245413653094165340e+01
2.251588385351173116e+01
2.257913925739792305e+01
2.244263500861847405e+01
2.253967750686799576e+01
2.251084497612551871e+01
2.255599124589516791e+01
2.248123683618224078e+01
2.248384554921947398e+01
2.246769662328283346e+01
2.254488925568320923e+01
2.261063877185647186e+01
2.252622377990420333e+01
2.253156956697358737e+01
2.260110660972965135e+01
2.265991261335018692e+01
2.239317240804706444e+01
2.242422981210659216e+01
2.239636357236370046e+01
2.253058611211554307e+01
2.262001184858159064e+01
2.243813065142354191e+01
2.275105359670978800e+01
2.227796742677066177e+01
2.240854815210796502e+01
2.257213173163802722e+01
2.244714673194153320e+01
2.240583113174693253e+01
2.251315620345072688e+01
2.244350109300516039e+01
2.228274432631451418e+01
2.245531558922910520e+01
2.257662985499383979e+01
2.252035859878576929e+01
2.263193153870652807e+01
2.248935567029645100e+01
2.252085554400280287e+01
2.230570907018197602e+01
2.243510362341859832e+01
2.234027860978479652e+01
2.252191229668693140e+01
2.239434111076251810e+01
2.249631316998165076e+01
2.255214959324354140e+01
2.250253571526994989e+01
2.261631553050588650e+01
2.223736702985983982e+01
2.253455044081291803e+01
2.250187614193920638e+01
2.246631488612147010e+01
2.248567447625427462e+01
2.257357278147499713e+01
2.264013806197388234e+01
2.252684792530567037e+01
2.245357986836066644e+01
2.238905391429262792e+01
2.268237719625183857e+01
2.237004603614700571e+01
2.256906160728713218e+01
2.249723997936849429e+01
2.268455158861473464e+01
2.240429872411827006e+01
2.244126954486510073e+01
2.234593798945286736e+01
2.257378379802529977e+01
2.234280966359176190e+01
2.239173902081241252e+01
2.263737361690833438e+01
2.252800814438509747e+01
2.239604583254804737e+01
2.248191272201740887e+01
2.250033775293757188e+01
2.258249502741618997e+01
2.253003157059855255e+01
2.235122654805775966e+01
2.252718773752752668e+01
2.248632352918472677e+01
2.254051562673242870e+01
2.253435713755548875e+01
2.246913735260603673e+01
2.244630735123811860e+01
2.253128106596227553e+01
2.260081746086835608e+01
2.241424451832655862e+01
2.254112907650520015e+01
2.254067869263743873e+01
2.254617797882165320e+01
2.243854469107823491e+01
2.234947936565335525e+01
2.246238657579413101e+01
2.249092788302506563e+01
2.260773386570029331e+01
2.238376236093210281e+01
2.249502892489331529e+01
2.254911136125724980e+01
2.243505438120743634e+01
2.261922302812530816e+01
2.256179421866458412e+01
2.262957814632427400e+01
2.246335476648241780e+01
2.248710590166012224e+01
2.262092010510733076e+01
2.257104882619298181e+01
2.256918425900349590e+01
2.264749539810156165e+01
2.241876131145966866e+01
2.236380532509751262e+01
2.245117118749276486e+01
2.246803780709048581e+01
2.245143754567763850e+01
2.238079695000883262e+01
2.239302531190062950e+01
2.237110903966892295e+01
2.251882734170938605e+01
2.238584347697647914e+01
2.260088565851305376e+01
2.257154815685600724e+01
2.242513595348004785e+01
2.251631685669314464e+01
2.235759243502439375e+01
2.256512630427838317e+01
2.241542065665774075e+01
2.231133575110943212e+01
2.233818259953070040e+01
2.258372449767201218e+01
2.255310072411850797e+01
2.255574098131587846e+01
2.259462765287643649e+01
2.263020330126350643e+01
2.241355305966797928e+01
2.249088092345122547e+01
2.269133113558464032e+01
2.251233636422393758e+01
2.241756023995833758e+01
2.239964110981977186e+01
2.230883935979701604e+01
2.262545691261522052e+01
2.263219032359815941e+01
2.248199985400464485e+01
2.258393519819167850e+01
2.252144505895063276e+01
2.256082724378349980e+01
2.251736251993067484e+01
2.229987009229571271e+01
2.263338571492858264e+01
2.244744709416428563e+01
2.262152925390858371e+01
2.245543067231590584e+01
2.246024489104059541e+01
2.256899372630669376e+01
2.247037043567281600e+01
2.235518263599329813e+01
2.250549958350393709e+01
2.257816472141918851e+01
2.249945577234167615e+01
2.250208541067462065e+01
2.267652151235892788e+01
2.268692373526088346e+01
2.261325102234421891e+01
2.260543292211119137e+01
2.240101030766863133e+01
2.253923016229250109e+01
2.253120648142069626e+01
2.236079430767270182e+01
2.240149192481192841e+01
2.262132843586435271e+01
2.253925073493804732e+01
2.246117803436066040e+01
2.269485722906273395e+01
2.264976595508791135e+01
2.259135385258932516e+01
2.226945106765237270e+01
2.265718649564467313e+01
2.251440061890424005e+01
2.257051890682457085e+01
2.236692321786856752e+01
2.237778377825313569e+01
2.257990867018546055e+01
2.234421575141855953e+01
2.267478547856449111e+01
2.254075650188343261e+01
2.245186461463907079e+01
2.257898334715474320e+01
2.249560418479248014e+01
2.234140870962826142e+01
2.266937404901264586e+01
2.241864222238788429e+01
2.257120593960896215e+01
2.256652365922511194e+01
2.245817320559320862e+01
2.249907814928741345e+01
2.243059876354204718e+01
2.249291563069702704e+01
2.253507866453211506e+01
2.258666083327910457e+01
2.250287970979521646e+01
2.255126376524684417e+01
2.246878460989386994e+01
2.243485647595644039e+01
2.244421344804235829e+01
2.261442642534548142e+01
2.266204969211382547e+01
2.252474241134908794e+01
2.247338695860722524e+01
2.247600786638674109e+01
2.262219333595286130e+01
2.248970355339797322e+01
2.242807920335486216e+01
2.249150874090029006e+01
2.239558075134970139e+01
2.246300581259270501e+01
2.246059102702905719e+01
2.261498628672960720e+01
2.258968738151075684e+01
2.245528461364787987e+01
2.266728730692024385e+01
2.232158645784067730e+01
2.239453185231746346e+01
2.253254073128255897e+01
2.259858165089916326e+01
2.237741277777679372e+01
2.242386792108717231e+01
2.236595639557762638e+01
2.246961988802956967e+01
2.257266425483716787e+01
2.256590797590953912e+01
2.249575648936655980e+01
2.256546075989917099e+01
2.236441839101910034e+01
2.235659100959380297e+01
2.228160632499704263e+01
2.262293487652268098e+01
2.256007480854245983e+01
2.253669539589311199e+01
2.252420953112734736e+01
2.261039372602493813e+01
2.234855085285674292e+01
2.252492353817875781e+01
2.245943751363263985e+01
2.249058880174484898e+01
2.253590383201733616e+01
2.251277916912440347e+01
2.244967257907008573e+01
2.246109562681708383e+01
2.244743325891533203e+01
2.245162665797662171e+01
2.242409533157199419e+01
2.245714799995390720e+01
2.260350975215759561e+01
2.261624543784173014e+01
2.252420437863715819e+01
2.254032342564724090e+01
2.246309706054767474e+01
2.242194319895437715e+01
2.247815368735532360e+01
2.253467181927060992e+01
2.243504594951511422e+01
2.270732943982514129e+01
2.260870790972649047e+01
2.240104009296655363e+01
2.245905112613889898e+01
2.235466098643840382e+01
2.250414694804204174e+01
2.254904177185563086e+01
2.240825743764884947e+01
2.252766123357447015e+01
2.239968968589634457e+01
2.249575945354090933e+01
2.237531642603838833e+01
2.253550407433697345e+01
2.248062248180444200e+01
2.246816125849437640e+01
2.261042530378326632e+01
2.247529381239800728e+01
2.259109859855651337e+01
2.254555528700743494e+01
2.256717593579375958e+01
2.252254588047895467e+01
2.247383712147169277e+01
2.264980482812376295e+01
2.243685415358875446e+01
2.245844789785928697e+01
2.261608130654680693e+01
2.254059162889614853e+01
2.274666520108048928e+01
2.254337436071671164e+01
2.267832036683920904e+01
2.253721451660947039e+01
2.247856083737890032e+01
2.237068567626948123e+01
2.259678934126947425e+01
2.247072193012105501e+01
2.239509305419206697e+01
2.256732801643255470e+01
2.255884916156915310e+01
2.256027522426386867e+01
2.257033882545272974e+01
2.243058261019269395e+01
2.252899294034291700e+01
2.241618140813817917e+01
2.254855295860106779e+01
2.242566943424313308e+01
2.273528080177468524e+01
2.248509750842869437e+01
2.258754865615675200e+01
2.252212079997496375e+01
2.235857622689563584e+01
2.249532448828560760e+01
2.230055619990409710e+01
2.239650709118918925e+01
2.257230181906179567e+01
2.247729710654344615e+01
2.239611904945793341e+01
2.241804583359811431e+01
2.252461924133358195e+01
2.267595735513588906e+01
2.252833566184524372e+01
2.246743644932431394e+01
2.257688481569388728e+01
2.257159238688633351e+01
2.226735848076118174e+01
2.256967869786612724e+01
2.255842161113185185e+01
2.251538494609263452e+01
2.252903438874540498e+01
2.254424812060392114e+01
2.250962908023145914e+01
2.256187222058364128e+01
2.229091405871039555e+01
2.250120431549938260e+01
2.253338289911814130e+01
2.267025828722498559e+01
2.270887066302174162e+01
2.255719256677934226e+01
2.253369927672911643e+01
