# Variable: deviance
# Sample shape: (2500,)
# Date: 2018-11-21 09:33:09.044257
-1.287091658934741645e+03
-1.290237033303814314e+03
-1.290324001159619684e+03
-1.290859477143784261e+03
-1.291027600870139395e+03
-1.290495399913776737e+03
-1.289628197447417051e+03
-1.282663979969558795e+03
-1.290347477989495474e+03
-1.290542580012897361e+03
-1.290879080556897179e+03
-1.289791772133293080e+03
-1.288071209619753972e+03
-1.290017112076701551e+03
-1.290751770359581997e+03
-1.288950440491442805e+03
-1.289928181519814871e+03
-1.290956214136492690e+03
-1.290160125523871102e+03
-1.291064070240802948e+03
-1.287739655412809270e+03
-1.291028954583949599e+03
-1.289672277255624977e+03
-1.291073730486032446e+03
-1.289276186455405877e+03
-1.290954899260753564e+03
-1.290613456427768142e+03
-1.290853509897776803e+03
-1.289985495823594647e+03
-1.290888350887163597e+03
-1.290734432318874042e+03
-1.290590448683435397e+03
-1.290892130583295511e+03
-1.290979050163619377e+03
-1.291092195878099119e+03
-1.290670297267801516e+03
-1.290871768164657169e+03
-1.287013146462473060e+03
-1.290929854299857425e+03
-1.289403053388226681e+03
-1.291119606668079541e+03
-1.291118337252225047e+03
-1.290956360297509946e+03
-1.290214656229846696e+03
-1.291032270443572997e+03
-1.289536950141839270e+03
-1.290257266859890933e+03
-1.291084511727268591e+03
-1.291116590160375154e+03
-1.290573251369956324e+03
-1.291023962353987599e+03
-1.289887576424398958e+03
-1.291052006017345093e+03
-1.290724468430405068e+03
-1.290750078327974279e+03
-1.289910197243558741e+03
-1.288301779709810489e+03
-1.291066025800846546e+03
-1.290952997108038744e+03
-1.290929235613418996e+03
-1.290935319571994341e+03
-1.290491690485373510e+03
-1.285924834820164733e+03
-1.290681101550881522e+03
-1.291099186940425398e+03
-1.291127699732504652e+03
-1.290975847990475359e+03
-1.289900313791009921e+03
-1.290728927887283362e+03
-1.288696670990910889e+03
-1.289875582860698387e+03
-1.290679381539172255e+03
-1.291057877785403889e+03
-1.289031326753911571e+03
-1.288438156591028019e+03
-1.290942878607686453e+03
-1.290465309670072202e+03
-1.287814839996888395e+03
-1.290575064339762775e+03
-1.291084720136480428e+03
-1.290151106666056194e+03
-1.290928202673751684e+03
-1.290639934525067247e+03
-1.291111032337107190e+03
-1.291101362737943418e+03
-1.287833206216177359e+03
-1.290838533429583094e+03
-1.291090571962534341e+03
-1.291041151397056638e+03
-1.291128621578317961e+03
-1.290071301095446643e+03
-1.291026960933908867e+03
-1.291060596031026762e+03
-1.288138095175434273e+03
-1.285572846780234158e+03
-1.290276683607395626e+03
-1.290908653862626579e+03
-1.291131441939502110e+03
-1.290452891303051729e+03
-1.290835487886502733e+03
-1.290633652703809730e+03
-1.290048253636525487e+03
-1.289896734119787197e+03
-1.290057978198706223e+03
-1.290432832188180328e+03
-1.290843368951954062e+03
-1.291040436998897349e+03
-1.291115133409409736e+03
-1.290811244790524825e+03
-1.290469791479315973e+03
-1.291109777403605904e+03
-1.289222590365357291e+03
-1.289925933720420744e+03
-1.291107247205040949e+03
-1.291130121894954982e+03
-1.290970031076090436e+03
-1.289846026756710671e+03
-1.290064842418277294e+03
-1.290896479738149537e+03
-1.284363212523120183e+03
-1.289848673620247610e+03
-1.289991144178805371e+03
-1.290968782928957580e+03
-1.290503088491744165e+03
-1.288452686424521289e+03
-1.291098066780607724e+03
-1.290371648897181103e+03
-1.286046880733855687e+03
-1.291017507925493192e+03
-1.290975495992336164e+03
-1.290721119005367882e+03
-1.290840764450800179e+03
-1.290532815222308500e+03
-1.291131720309522279e+03
-1.290803725019728972e+03
-1.289837055483335917e+03
-1.290297457769942412e+03
-1.289872507397340087e+03
-1.289913798804257794e+03
-1.290396841608524483e+03
-1.289110496313522845e+03
-1.289970253786193098e+03
-1.291132208543145225e+03
-1.288064526038997428e+03
-1.290580366972436650e+03
-1.288186311039850807e+03
-1.291071622153071075e+03
-1.290756949059052204e+03
-1.290675275672632097e+03
-1.290322434403131865e+03
-1.291072037166937662e+03
-1.291131898015557454e+03
-1.290624705853445903e+03
-1.290908474573343710e+03
-1.290238333135469929e+03
-1.285172716338606733e+03
-1.287369957064159735e+03
-1.290873767466207937e+03
-1.290355379118112978e+03
-1.289820217624504266e+03
-1.290750243614276542e+03
-1.290660422809390411e+03
-1.290472449274927385e+03
-1.289790093955228258e+03
-1.289884297038597424e+03
-1.291131533193697123e+03
-1.289639113077115326e+03
-1.289361124785418724e+03
-1.290737170415413857e+03
-1.289572708230408125e+03
-1.290915565945008893e+03
-1.286102366303408189e+03
-1.291122829440458872e+03
-1.290000033497144841e+03
-1.290898331205011800e+03
-1.290297911385838006e+03
-1.290511578292469039e+03
-1.291104332702725060e+03
-1.291034181238033625e+03
-1.288825562059320418e+03
-1.285805165954239783e+03
-1.291047575076776184e+03
-1.291132131325752880e+03
-1.284954868251384596e+03
-1.290765514459758606e+03
-1.290206618797875308e+03
-1.289695417458398879e+03
-1.290458373536491308e+03
-1.287316167023201160e+03
-1.291119808155391183e+03
-1.282271348175473349e+03
-1.287482797846852009e+03
-1.290989812509456442e+03
-1.290829793292152317e+03
-1.291131251195296045e+03
-1.290868778656878931e+03
-1.290769398152166332e+03
-1.284089812641118897e+03
-1.290826704378358272e+03
-1.290612684907681341e+03
-1.291114502427306434e+03
-1.291032412292721119e+03
-1.291131945197715140e+03
-1.291041525307897928e+03
-1.291131001183233820e+03
-1.291120230430172342e+03
-1.289653516696389261e+03
-1.290899711216990909e+03
-1.291127713968463240e+03
-1.291109640890888613e+03
-1.289988299363647684e+03
-1.289989102907934239e+03
-1.290748507142467588e+03
-1.290652793185019164e+03
-1.290903811201680583e+03
-1.290176168338821981e+03
-1.290829106958147804e+03
-1.290850076613525971e+03
-1.289892491269744824e+03
-1.290964148996739823e+03
-1.290124093698527531e+03
-1.290081399169162296e+03
-1.289128502049420149e+03
-1.291079055143833102e+03
-1.291023277922060970e+03
-1.291132181768819237e+03
-1.288571150972310761e+03
-1.290888826252202534e+03
-1.288131009201697907e+03
-1.290984921450407683e+03
-1.289682426636716400e+03
-1.291121534018452166e+03
-1.288175384140977712e+03
-1.289788026938245139e+03
-1.289600801931992009e+03
-1.289602323579570111e+03
-1.290901374171704674e+03
-1.290409891141764547e+03
-1.291089592612119986e+03
-1.290170908369965446e+03
-1.291124709906571525e+03
-1.289711549351780150e+03
-1.290020411448144614e+03
-1.290709529738004221e+03
-1.290697177709002972e+03
-1.290859886187636675e+03
-1.290675084273784705e+03
-1.282527622589378552e+03
-1.286294462189691330e+03
-1.290769824734528356e+03
-1.290561769478137421e+03
-1.288062603626789496e+03
-1.290725354543601497e+03
-1.291124775755352175e+03
-1.288933525017825787e+03
-1.290895555668036423e+03
-1.291033292027885864e+03
-1.291131646878935499e+03
-1.290779715871717599e+03
-1.291130590347687985e+03
-1.288716373396595372e+03
-1.291118559603945414e+03
-1.288661836964704435e+03
-1.290011129817203710e+03
-1.290075102852695409e+03
-1.290827260667211931e+03
-1.290532326951481537e+03
-1.289450700780501393e+03
-1.290264982276244609e+03
-1.288766753700512254e+03
-1.290120628611768552e+03
-1.289441016035781786e+03
-1.290947434580024492e+03
-1.287617866304870176e+03
-1.291101240397499168e+03
-1.286363960625957361e+03
-1.290289762848773989e+03
-1.288567947820553627e+03
-1.290399587506372654e+03
-1.289711583768529408e+03
-1.289818487112180719e+03
-1.291126854166594512e+03
-1.289295662477619317e+03
-1.287811114148540128e+03
-1.291125032646643831e+03
-1.291131997178892334e+03
-1.289072852367762835e+03
-1.290856282575570276e+03
-1.291089438169236473e+03
-1.290678900773718397e+03
-1.287859760947395444e+03
-1.288634412462224645e+03
-1.289614343425960442e+03
-1.289031032778188091e+03
-1.288885753336086282e+03
-1.290147771491763706e+03
-1.290976929723378362e+03
-1.289935742727455363e+03
-1.290478789473961569e+03
-1.291126693307728146e+03
-1.288624839315432155e+03
-1.291091492012717254e+03
-1.287732945810173305e+03
-1.290083016292584261e+03
-1.290752075748366906e+03
-1.290850023180376866e+03
-1.289983277331067711e+03
-1.291125575852278871e+03
-1.291130619104771768e+03
-1.290774871020233377e+03
-1.290771089552315971e+03
-1.290976590812099630e+03
-1.290721912839713241e+03
-1.290223472372465949e+03
-1.291022663976646527e+03
-1.291126086542866233e+03
-1.291059996020294648e+03
-1.291130284923062845e+03
-1.291042431558621956e+03
-1.290627937478815511e+03
-1.290822818532911469e+03
-1.290777749411998002e+03
-1.290905498510595407e+03
-1.289354152439192148e+03
-1.286216337858206998e+03
-1.291132067402682424e+03
-1.291131938951021539e+03
-1.290621225061535597e+03
-1.290048072984624923e+03
-1.291113422341934211e+03
-1.285485221766837867e+03
-1.290778757860931819e+03
-1.291052416568732724e+03
-1.290572094789906714e+03
-1.288417022599456686e+03
-1.290222770575472396e+03
-1.291085611082764899e+03
-1.289088385135878752e+03
-1.290608953593806973e+03
-1.290601013343035447e+03
-1.291126892654226822e+03
-1.290677762305626629e+03
-1.290570971225738958e+03
-1.291132013903705683e+03
-1.288733991063669691e+03
-1.291132217115690537e+03
-1.290841007173007711e+03
-1.288379346415489863e+03
-1.291068493053024213e+03
-1.289865384143959773e+03
-1.289983844979968580e+03
-1.290568053926457196e+03
-1.291118784625351282e+03
-1.291041713325882938e+03
-1.290383838323930377e+03
-1.289849481054219723e+03
-1.289782450363952648e+03
-1.285152190375869168e+03
-1.290567890107131916e+03
-1.284628552591754897e+03
-1.290249745621659258e+03
-1.289853389916595006e+03
-1.290517690167688215e+03
-1.290466353548971711e+03
-1.287316307852383034e+03
-1.290906157497214508e+03
-1.290926237121904251e+03
-1.291101910987116298e+03
-1.291013632732743190e+03
-1.291092984831335798e+03
-1.291039762980427895e+03
-1.291068570525552559e+03
-1.290797839220826518e+03
-1.290258326632244689e+03
-1.289914356925522952e+03
-1.288499450078380050e+03
-1.291130881763305524e+03
-1.291128086143217160e+03
-1.290836475532387794e+03
-1.290192344007290558e+03
-1.290382389854705252e+03
-1.289078722535313091e+03
-1.290604365220009186e+03
-1.290000871367729133e+03
-1.289168356273240306e+03
-1.290742852487705250e+03
-1.290679551494737780e+03
-1.290958690386344642e+03
-1.291099874968598215e+03
-1.288344852975917320e+03
-1.290647393640718974e+03
-1.291016868384969484e+03
-1.287941442788984205e+03
-1.290916093231149716e+03
-1.289451176805830528e+03
-1.289718709232838592e+03
-1.290565114728558001e+03
-1.289857608094343959e+03
-1.290597889484917459e+03
-1.291110819922824021e+03
-1.288653867282023384e+03
-1.290726116987983460e+03
-1.289218306924512490e+03
-1.289006030814235373e+03
-1.288861362460460441e+03
-1.289885752039559293e+03
-1.291034687133204443e+03
-1.290331438846430046e+03
-1.287619139033518195e+03
-1.290968676481227703e+03
-1.290605959666857188e+03
-1.289601623471948869e+03
-1.289845093637182345e+03
-1.287126850883769748e+03
-1.288036636857849771e+03
-1.290988043119637041e+03
-1.290991628731721676e+03
-1.291109309762267458e+03
-1.290092386752515949e+03
-1.289693209950206437e+03
-1.291025470530168604e+03
-1.290917056460619506e+03
-1.290809775594535495e+03
-1.290621503196406138e+03
-1.291108319743479342e+03
-1.291129835290547589e+03
-1.290079930816630622e+03
-1.289832155478614823e+03
-1.290930496640459069e+03
-1.289815032986983852e+03
-1.287730329184335005e+03
-1.286746002652529114e+03
-1.291125151414551510e+03
-1.290289985261287256e+03
-1.289783849114757686e+03
-1.288692940956858820e+03
-1.290923564229613021e+03
-1.290788832950172718e+03
-1.290507225827305774e+03
-1.289499458708690099e+03
-1.289339876806896882e+03
-1.291128560891767847e+03
-1.288566950260023759e+03
-1.290891033660357834e+03
-1.289775429948655528e+03
-1.290628203954669971e+03
-1.290531429057463356e+03
-1.291109179116088853e+03
-1.288293983109450664e+03
-1.290788667067206688e+03
-1.290994253459768515e+03
-1.289280848866202859e+03
-1.291120459790286986e+03
-1.290869833090583143e+03
-1.287344573830010177e+03
-1.290459463105565192e+03
-1.289388749228353845e+03
-1.290587519496098139e+03
-1.290888652346806339e+03
-1.290335400873286744e+03
-1.290724648404395339e+03
-1.291049703894518416e+03
-1.291132119328147155e+03
-1.288883849659797534e+03
-1.291078418216478894e+03
-1.291061838201533192e+03
-1.291002337205796721e+03
-1.291131857011632746e+03
-1.291131649592229905e+03
-1.291100557576785832e+03
-1.290630026144351177e+03
-1.291103675930788540e+03
-1.290503952146790880e+03
-1.290705751296035032e+03
-1.290523809372224605e+03
-1.289274874056462522e+03
-1.290833317171707222e+03
-1.290566273450706831e+03
-1.290485131430103138e+03
-1.290775707196336953e+03
-1.290594243992297834e+03
-1.290592010721220959e+03
-1.291016929774824575e+03
-1.290086360516639843e+03
-1.291127034092493659e+03
-1.290419500404932933e+03
-1.290185069612319012e+03
-1.289264655393458042e+03
-1.290821536176365498e+03
-1.290849561682040985e+03
-1.291092375420722419e+03
-1.291046092614890767e+03
-1.289553116594206585e+03
-1.290680819907771365e+03
-1.290961495771156933e+03
-1.291053237627889757e+03
-1.290812815040318810e+03
-1.283424771949991054e+03
-1.290481321209704674e+03
-1.291004982033480246e+03
-1.291117329709918977e+03
-1.290545634491542387e+03
-1.290985515409403206e+03
-1.290807854641695940e+03
-1.291130127875358767e+03
-1.291100662905190347e+03
-1.290098510566485629e+03
-1.289057179010006394e+03
-1.291127038889705318e+03
-1.288576794208942601e+03
-1.290586294492509523e+03
-1.288615751683139479e+03
-1.291128678971829913e+03
-1.290826110120905014e+03
-1.290467357077899351e+03
-1.289441829562981184e+03
-1.291014460805756016e+03
-1.291016033330480695e+03
-1.287771296639757111e+03
-1.288711153181883446e+03
-1.290906385602798309e+03
-1.289415435077555685e+03
-1.290995475875607099e+03
-1.286859517992534620e+03
-1.289365460500502877e+03
-1.290543750913856229e+03
-1.291117229146523641e+03
-1.290831857588985258e+03
-1.290878143020104517e+03
-1.290964872136596114e+03
-1.291018442780005671e+03
-1.290846636120021685e+03
-1.288552035055672150e+03
-1.291120079238694871e+03
-1.291128390519795630e+03
-1.291085348449972116e+03
-1.290214005055685448e+03
-1.289543203726017509e+03
-1.290328651017850461e+03
-1.289687549436335303e+03
-1.291059753017584171e+03
-1.288988393645645147e+03
-1.288203664881345503e+03
-1.291116236368731734e+03
-1.291006905929938512e+03
-1.290016074723062047e+03
-1.290037521127555010e+03
-1.290643943284348779e+03
-1.290758818127083487e+03
-1.290951647519795188e+03
-1.290674748602873933e+03
-1.291112038042650966e+03
-1.291092040622524564e+03
-1.287951311655412837e+03
-1.290243486051814671e+03
-1.290242520612727503e+03
-1.288765126977586533e+03
-1.291001079100523839e+03
-1.290014697040853207e+03
-1.291053450557954193e+03
-1.291132060810194616e+03
-1.289762194357660519e+03
-1.291113746057567823e+03
-1.288600138328504045e+03
-1.290811712274858564e+03
-1.290409029090128342e+03
-1.291100660026105061e+03
-1.286015129808159827e+03
-1.291116043562595678e+03
-1.290253925847415985e+03
-1.291130996366720410e+03
-1.290637493116553287e+03
-1.291012541017047624e+03
-1.290861960570487099e+03
-1.290903560125406784e+03
-1.289354878750137004e+03
-1.290648601351050729e+03
-1.290247117017829851e+03
-1.290695635762925804e+03
-1.288544606357092562e+03
-1.289519048841752920e+03
-1.291098595353958217e+03
-1.291098925504122690e+03
-1.291108066213332222e+03
-1.290975509702543150e+03
-1.290463090284689088e+03
-1.291063414835564799e+03
-1.290596634717541519e+03
-1.284956787955969958e+03
-1.290770559013455568e+03
-1.288575845238711736e+03
-1.291113536244667330e+03
-1.289944294439976375e+03
-1.291132197111169262e+03
-1.290501261247889943e+03
-1.289772935982010495e+03
-1.289279619183365867e+03
-1.290339752861099669e+03
-1.291012104587444355e+03
-1.291058745952314894e+03
-1.290904238258448686e+03
-1.290977887483928953e+03
-1.290693713377245558e+03
-1.291086343612997098e+03
-1.290990744250390890e+03
-1.290599496866469963e+03
-1.291033616900564311e+03
-1.283509415732997923e+03
-1.291131170779302465e+03
-1.291091564997894693e+03
-1.291042819937575814e+03
-1.290963989804932680e+03
-1.285038065791388135e+03
-1.290829651617711534e+03
-1.289885919618388925e+03
-1.290228442159046381e+03
-1.291015626110328867e+03
-1.291130306732908366e+03
-1.291075587499854464e+03
-1.291066174812624695e+03
-1.291126104784086010e+03
-1.290052737163395705e+03
-1.290412798996736001e+03
-1.288865229861957005e+03
-1.290991543330341301e+03
-1.289711717892003890e+03
-1.291108312465948529e+03
-1.290715975887635068e+03
-1.291121408812832897e+03
-1.291124691337007107e+03
-1.289661261401094634e+03
-1.291094551481770168e+03
-1.291049526831281810e+03
-1.290648518258683225e+03
-1.290179619729694423e+03
-1.290295038869157679e+03
-1.290279527805453199e+03
-1.290087052715511390e+03
-1.290702255468879457e+03
-1.290288999657929253e+03
-1.289592833931410496e+03
-1.290832857508265079e+03
-1.290717034837097344e+03
-1.290132683541093229e+03
-1.287803966565474184e+03
-1.289858503766486365e+03
-1.290720900539542527e+03
-1.288787576819184096e+03
-1.289906087364310451e+03
-1.289846664672121278e+03
-1.290693943598378610e+03
-1.291098753985382700e+03
-1.290757200126563703e+03
-1.291018126782100353e+03
-1.290909609128695365e+03
-1.291125727271269398e+03
-1.290478134074108766e+03
-1.290825300272441382e+03
-1.290434362194671849e+03
-1.290254099059862710e+03
-1.290870087887247337e+03
-1.290276240731618827e+03
-1.291065313661419168e+03
-1.290971581963074868e+03
-1.291131777737862876e+03
-1.291125169489006794e+03
-1.291132143246577471e+03
-1.290014864399168118e+03
-1.290280979015919229e+03
-1.291085360362081701e+03
-1.290565365580997650e+03
-1.290497023974787908e+03
-1.291097135004473103e+03
-1.289231264213384293e+03
-1.289778501637516456e+03
-1.290704337514979670e+03
-1.291094507384242888e+03
-1.290241343336961791e+03
-1.290272839595106234e+03
-1.290509865342018884e+03
-1.290837028894673267e+03
-1.290044277628805730e+03
-1.290955069274538573e+03
-1.290494288537212014e+03
-1.289637257134972970e+03
-1.290402699606988790e+03
-1.289664218667169507e+03
-1.282475312552805008e+03
-1.290686224344947732e+03
-1.291130711543076814e+03
-1.290742883845063034e+03
-1.291131189633093982e+03
-1.290021956268700933e+03
-1.290079702971720963e+03
-1.288549951448731235e+03
-1.288382929819188121e+03
-1.291128217189852194e+03
-1.290011465692499769e+03
-1.289385020087615885e+03
-1.290348563204351422e+03
-1.291006500429185280e+03
-1.289970790510235929e+03
-1.291035806400338060e+03
-1.290952524087446136e+03
-1.291077442083646702e+03
-1.286810323814032017e+03
-1.290988793748444778e+03
-1.291132050811432464e+03
-1.291081118739967451e+03
-1.291114482582912842e+03
-1.289506059423824809e+03
-1.290878800839511769e+03
-1.289724601895751675e+03
-1.289498093842511707e+03
-1.291122040753934016e+03
-1.290339846556712246e+03
-1.289247540674142328e+03
-1.291101403425662966e+03
-1.290343161423991660e+03
-1.290762449441634999e+03
-1.290638840218100086e+03
-1.290985679355604816e+03
-1.290401110628779634e+03
-1.290450047097292099e+03
-1.290128000096898177e+03
-1.290928775639324613e+03
-1.290905854460931550e+03
-1.290666802472448353e+03
-1.290400475058422899e+03
-1.291111120025424952e+03
-1.290826431778278220e+03
-1.291092376021601012e+03
-1.290947870044874207e+03
-1.290601403659621383e+03
-1.290734593427267782e+03
-1.291107927970243509e+03
-1.290282135874984078e+03
-1.289974916246542307e+03
-1.290775812175985493e+03
-1.290508847636522887e+03
-1.290911507055840957e+03
-1.288788067809887480e+03
-1.288994049506828787e+03
-1.291114899529171453e+03
-1.290853473977739668e+03
-1.289874936697434350e+03
-1.286893578203822244e+03
-1.290788245048697490e+03
-1.290612267538348078e+03
-1.290226176709772517e+03
-1.290291206348364994e+03
-1.290549525599167282e+03
-1.291082428448991323e+03
-1.291127399762202231e+03
-1.291010663027338296e+03
-1.291119965883709938e+03
-1.291070524210204667e+03
-1.290660852705292882e+03
-1.287501947769545950e+03
-1.290923033753340860e+03
-1.289571038822845821e+03
-1.287305236968972167e+03
-1.290232020720213541e+03
-1.289258404139049389e+03
-1.290708053576797511e+03
-1.289538056110672869e+03
-1.291130659388448976e+03
-1.290884206892201291e+03
-1.291010005254804810e+03
-1.290701672099060033e+03
-1.289402792078339189e+03
-1.290245781567591166e+03
-1.290850262077844945e+03
-1.290423544058083507e+03
-1.290519681531586684e+03
-1.282817510106835925e+03
-1.290988240000720452e+03
-1.290905292626320943e+03
-1.290560773433941677e+03
-1.290922207467112230e+03
-1.286544498149182118e+03
-1.291042858118344157e+03
-1.291117366891079882e+03
-1.285448130982641032e+03
-1.290820625482976084e+03
-1.288452558997198366e+03
-1.290467921954728581e+03
-1.290255745278881477e+03
-1.291114208586580844e+03
-1.290917521539924337e+03
-1.290664864418266006e+03
-1.289607759596029837e+03
-1.290949980237084674e+03
-1.290966741143780155e+03
-1.291129281788440494e+03
-1.291070728526422499e+03
-1.290367259133571906e+03
-1.291031540402048904e+03
-1.289161631477850278e+03
-1.290333906586199646e+03
-1.290609539432645306e+03
-1.291049037146348610e+03
-1.290372355091797999e+03
-1.290449827892592566e+03
-1.291034465284794351e+03
-1.291130960372522168e+03
-1.291108051780349115e+03
-1.290704443079845078e+03
-1.290842865650035492e+03
-1.289233572249533381e+03
-1.290532322488144018e+03
-1.290990743056960127e+03
-1.290539077394132164e+03
-1.290875043321108933e+03
-1.291131874959050037e+03
-1.290951530215653520e+03
-1.289981903157622128e+03
-1.291075288604970865e+03
-1.291096515112541056e+03
-1.290067798582397700e+03
-1.291065635377138506e+03
-1.286865198556439054e+03
-1.291127823132571393e+03
-1.289964256384233067e+03
-1.290991094648867829e+03
-1.288187903139244554e+03
-1.289631853687926650e+03
-1.289455787498685595e+03
-1.289487314038301520e+03
-1.284236168203733769e+03
-1.291091786857389025e+03
-1.290206703219419751e+03
-1.290866215161574019e+03
-1.285852238363882407e+03
-1.291052997251195620e+03
-1.290100436011267448e+03
-1.290974878131944024e+03
-1.290939503322842711e+03
-1.290238560902545942e+03
-1.290909606477613579e+03
-1.289210102219655482e+03
-1.286286383709352549e+03
-1.288713866031634325e+03
-1.290981183081949439e+03
-1.290907172993401218e+03
-1.290224237284740411e+03
-1.291123965477115007e+03
-1.286925081316926480e+03
-1.290524456843664893e+03
-1.290733343177327242e+03
-1.290880367503144498e+03
-1.290140786660105277e+03
-1.291083981647676865e+03
-1.290674923140169540e+03
-1.291017325806453073e+03
-1.289645009472478705e+03
-1.289087559517315640e+03
-1.290210325570661098e+03
-1.291064610714950504e+03
-1.291122690763063474e+03
-1.290712998082108015e+03
-1.290989455797528990e+03
-1.290906747751867670e+03
-1.291125729208225039e+03
-1.290657713106590109e+03
-1.291094229242586835e+03
-1.290095043701716577e+03
-1.291012964769951850e+03
-1.290683614478098207e+03
-1.286184792708729901e+03
-1.284915939473483377e+03
-1.290680466013527166e+03
-1.291073517128442290e+03
-1.290554643415546479e+03
-1.290703350609858489e+03
-1.290873494567371836e+03
-1.288871693111320383e+03
-1.288065498118945243e+03
-1.291033759732556064e+03
-1.291074553310842475e+03
-1.291132116492528439e+03
-1.290185724830071422e+03
-1.291102777670696241e+03
-1.291116018428631378e+03
-1.290228527484110145e+03
-1.288900278877408937e+03
-1.290667134361265198e+03
-1.290840881758362912e+03
-1.290858982255685987e+03
-1.287442893266667397e+03
-1.290990210896708049e+03
-1.290799876515616688e+03
-1.289304031415492773e+03
-1.291092567132672912e+03
-1.290974528687247584e+03
-1.290886721815214059e+03
-1.291130048806752939e+03
-1.291114569200361075e+03
-1.290811417645371876e+03
-1.291116655622168082e+03
-1.290711879531909744e+03
-1.290964956795012540e+03
-1.290688444904973949e+03
-1.286382896334555198e+03
-1.290678969787024016e+03
-1.290913684439241024e+03
-1.290781334274073515e+03
-1.290755849098058206e+03
-1.291053795480652298e+03
-1.291109567273411812e+03
-1.290955903222396046e+03
-1.291131188123810944e+03
-1.291020232550788933e+03
-1.288608744838041275e+03
-1.287975258609587627e+03
-1.290907228351210051e+03
-1.291119424567075384e+03
-1.286192492495892793e+03
-1.290806297162746887e+03
-1.290028264295613781e+03
-1.291019279032615941e+03
-1.290681717267382282e+03
-1.290976540659215061e+03
-1.288193636176279597e+03
-1.289175917482349632e+03
-1.290869367778777814e+03
-1.290543411921956476e+03
-1.290390915517448320e+03
-1.289521222741609108e+03
-1.289015174837948962e+03
-1.291111244801562862e+03
-1.290014089223879637e+03
-1.289681332697729886e+03
-1.290806948189280092e+03
-1.289821541126660804e+03
-1.290405023552608327e+03
-1.289985385191740988e+03
-1.290939700188013376e+03
-1.290275937685726149e+03
-1.291047179290016629e+03
-1.290313511458178937e+03
-1.290298286971380321e+03
-1.287765467086707304e+03
-1.290252003685904810e+03
-1.291059483482137921e+03
-1.291123980981726845e+03
-1.290661422016632059e+03
-1.290228661025845895e+03
-1.291033713754582550e+03
-1.290990975607318660e+03
-1.290609138768196999e+03
-1.290664957873091907e+03
-1.289284027500491447e+03
-1.282352859880360938e+03
-1.289096225992245309e+03
-1.289670285382375368e+03
-1.289560726805208787e+03
-1.290102089442009628e+03
-1.290403013568358574e+03
-1.288389746255419368e+03
-1.291042569308251814e+03
-1.289699520800618757e+03
-1.289379468737546404e+03
-1.290841894950997357e+03
-1.289417233658929035e+03
-1.291045054795390797e+03
-1.286223728612199466e+03
-1.289064530611178043e+03
-1.290795361428915157e+03
-1.291131032425428430e+03
-1.289431530844552526e+03
-1.291088299165316585e+03
-1.290366631157349275e+03
-1.290183719450596755e+03
-1.290818825665170834e+03
-1.291131182487707520e+03
-1.290632884569597763e+03
-1.291044333851391912e+03
-1.290884053868938736e+03
-1.288044197747536828e+03
-1.286325534265080023e+03
-1.291132058941322839e+03
-1.291046361604824824e+03
-1.290892171857583662e+03
-1.288718466987881129e+03
-1.290885756557295736e+03
-1.291023001477127082e+03
-1.291071531278166049e+03
-1.291019959224207469e+03
-1.289891429573227697e+03
-1.286742827473106445e+03
-1.290953676395814000e+03
-1.290137848012311224e+03
-1.290948781423870287e+03
-1.290174769790533674e+03
-1.290920091714698401e+03
-1.290860332504976668e+03
-1.291095700581579422e+03
-1.290117898697890951e+03
-1.290028399067795817e+03
-1.290155069626306158e+03
-1.289464053656260376e+03
-1.290320065726187522e+03
-1.290403106712895351e+03
-1.291127075699502029e+03
-1.289858351672904064e+03
-1.290028437530234896e+03
-1.291094070369860674e+03
-1.285041232807691586e+03
-1.289576255524661974e+03
-1.288187624173923268e+03
-1.290948385231785323e+03
-1.289241242270680232e+03
-1.291123831747467193e+03
-1.291008662621780331e+03
-1.290594577945878882e+03
-1.290197107987387426e+03
-1.291074794579566060e+03
-1.289021434058523027e+03
-1.285405127679611951e+03
-1.290707613549699545e+03
-1.288462412620251143e+03
-1.290340129946921934e+03
-1.289567303161494465e+03
-1.291000333843051067e+03
-1.286515490912760470e+03
-1.290002792007879634e+03
-1.289548880411606660e+03
-1.288961657416338312e+03
-1.289838894726495255e+03
-1.290491307976230473e+03
-1.290748694682066343e+03
-1.289220981386155927e+03
-1.286996904594642501e+03
-1.289418235661911922e+03
-1.290899815235433834e+03
-1.290945221987133664e+03
-1.291094904724595381e+03
-1.289831934661549212e+03
-1.291107070809584911e+03
-1.290829550705568181e+03
-1.290167711854453501e+03
-1.289607805992886824e+03
-1.290853580512642566e+03
-1.291101210826527677e+03
-1.290919665298615655e+03
-1.288132409137656850e+03
-1.291132128945138902e+03
-1.289572673351288586e+03
-1.290838042405697024e+03
-1.291111418130013817e+03
-1.291115693985020016e+03
-1.287882898817010755e+03
-1.290944329462085761e+03
-1.290599741044311031e+03
-1.289342417978609092e+03
-1.290072324855522311e+03
-1.290661011772445818e+03
-1.289552997982840225e+03
-1.290613853252586068e+03
-1.289444876774111435e+03
-1.289007297919154098e+03
-1.291011118927222469e+03
-1.286715135731344617e+03
-1.291112044692846666e+03
-1.290433579918642408e+03
-1.289996595896744111e+03
-1.290765571194970562e+03
-1.290182417181033316e+03
-1.289945227342400813e+03
-1.291071357086920443e+03
-1.288445291981797254e+03
-1.291113105493819603e+03
-1.290927292948359081e+03
-1.290926866568080868e+03
-1.289666932946724955e+03
-1.289839850319313200e+03
-1.291125217029984242e+03
-1.288900271737350522e+03
-1.291130044432493833e+03
-1.290652086248396245e+03
-1.290967481719008447e+03
-1.291132103379532055e+03
-1.290611375100815167e+03
-1.290026001595723301e+03
-1.290360215252649596e+03
-1.290336319444625133e+03
-1.290994249242926571e+03
-1.290790323755078816e+03
-1.290653777198322587e+03
-1.290562512933991457e+03
-1.290995994818986219e+03
-1.291063038881830380e+03
-1.290170853611960410e+03
-1.291104663510526052e+03
-1.289256616166690719e+03
-1.290898001922562798e+03
-1.288890814489484455e+03
-1.291044488993468121e+03
-1.289057890786307325e+03
-1.289765454653583674e+03
-1.288455925653202485e+03
-1.288786074884134450e+03
-1.291015041809540890e+03
-1.290703488053062074e+03
-1.291081208714040258e+03
-1.290462274502310493e+03
-1.290994573504364553e+03
-1.290894943326310113e+03
-1.291077631859458961e+03
-1.287682421129197110e+03
-1.290466524466505462e+03
-1.291007649768298279e+03
-1.291080524068205932e+03
-1.289817712857007336e+03
-1.290433387160498341e+03
-1.289218415872394871e+03
-1.291067275901985113e+03
-1.291119039350868661e+03
-1.289829288322424873e+03
-1.290884776820292245e+03
-1.290956822255378256e+03
-1.291078747155217116e+03
-1.291113271925232084e+03
-1.290683306883366413e+03
-1.291131967482517211e+03
-1.291016425689864491e+03
-1.291011822380446574e+03
-1.284801871434776785e+03
-1.289091737606054949e+03
-1.289648109982556889e+03
-1.290340773022493977e+03
-1.291125733944706553e+03
-1.291072600207169899e+03
-1.289056256450602177e+03
-1.291060634640766466e+03
-1.291027309069836065e+03
-1.290532699324861824e+03
-1.290986162887991668e+03
-1.290445547274816818e+03
-1.291121974712067640e+03
-1.291101984674093273e+03
-1.290391983247855933e+03
-1.291006598999231301e+03
-1.290269102446144416e+03
-1.290271512305522947e+03
-1.290300134544185084e+03
-1.286419959950761950e+03
-1.290809428993402435e+03
-1.291131538030927459e+03
-1.291131266604931170e+03
-1.282874141163037621e+03
-1.290960831294300306e+03
-1.290763541284653002e+03
-1.290811679595516580e+03
-1.291088592005366991e+03
-1.290735654284400653e+03
-1.288405547028496585e+03
-1.291051674417474715e+03
-1.289355185161814006e+03
-1.290978227510038096e+03
-1.291084476094228421e+03
-1.290449107672782475e+03
-1.290356443517224307e+03
-1.290763403052619879e+03
-1.290811231151141783e+03
-1.291028514522126443e+03
-1.290406426324876065e+03
-1.290466513191463719e+03
-1.290204642628154488e+03
-1.290890917217519927e+03
-1.291066433763033046e+03
-1.290638151615529750e+03
-1.287964137982902685e+03
-1.291031375967463418e+03
-1.289902377921265042e+03
-1.282498071129888103e+03
-1.290389360422086384e+03
-1.291115433683931315e+03
-1.290578268924277836e+03
-1.288103146682227361e+03
-1.291128557082893849e+03
-1.290998093739445267e+03
-1.285181461455054432e+03
-1.291005410939457306e+03
-1.291129200136687814e+03
-1.291131730127471883e+03
-1.289651466011626553e+03
-1.290384567390047778e+03
-1.291040567479141600e+03
-1.291015923142988868e+03
-1.290527098028565433e+03
-1.290997674527695835e+03
-1.284930097380707593e+03
-1.290867688651800563e+03
-1.291026589248893742e+03
-1.290784529082382960e+03
-1.288540525974963202e+03
-1.291044732123210224e+03
-1.290977915234709599e+03
-1.291124167813264194e+03
-1.290894952713739940e+03
-1.291132209481912469e+03
-1.285048211540773309e+03
-1.290823204895609933e+03
-1.291116898726615318e+03
-1.290949137740732567e+03
-1.291120730966652673e+03
-1.290514011185936170e+03
-1.291090667344749363e+03
-1.289685875098359247e+03
-1.290792102919845092e+03
-1.291124009588984336e+03
-1.289674154460434011e+03
-1.289179147650636651e+03
-1.289786112878146241e+03
-1.291046084221491128e+03
-1.290843931738448873e+03
-1.291116231071059246e+03
-1.289504795568315558e+03
-1.290588721117489058e+03
-1.290465254758763422e+03
-1.291076544376014681e+03
-1.291113839794141768e+03
-1.289583292276781322e+03
-1.291081150700211538e+03
-1.290798953570269532e+03
-1.289843788051389765e+03
-1.289695983950421351e+03
-1.290449375662048396e+03
-1.291109400438517469e+03
-1.291002329270062091e+03
-1.291112915196010817e+03
-1.287339171830431951e+03
-1.290002048731630339e+03
-1.290912342523741472e+03
-1.289672845841269918e+03
-1.289837177555504240e+03
-1.291033626898221883e+03
-1.291064399618887819e+03
-1.290347830012801069e+03
-1.291083300017315423e+03
-1.290898196988268410e+03
-1.290781619767358734e+03
-1.285506104952077067e+03
-1.290783687699536586e+03
-1.290827871008376860e+03
-1.290689132840244838e+03
-1.290044650354599526e+03
-1.290790402500797427e+03
-1.288914078420837541e+03
-1.289783315732620622e+03
-1.288152994451141922e+03
-1.289761716536480662e+03
-1.291101523106502100e+03
-1.290714101145629002e+03
-1.287885525352311333e+03
-1.290954649196562514e+03
-1.290589617077821458e+03
-1.290808111410969559e+03
-1.290903382601308294e+03
-1.289369925001409456e+03
-1.290484188149346664e+03
-1.289209140630904812e+03
-1.291087449510078386e+03
-1.286919094087389340e+03
-1.291056517009381878e+03
-1.290959233823823297e+03
-1.287181201845283795e+03
-1.291076077731526311e+03
-1.291031922594855814e+03
-1.290902882539839538e+03
-1.290434806746124195e+03
-1.291105945398350741e+03
-1.289298313674597466e+03
-1.291005670841567735e+03
-1.289766552201011336e+03
-1.290823070250987712e+03
-1.291132078151276801e+03
-1.290444513638975877e+03
-1.290966841005858896e+03
-1.289769840488184855e+03
-1.289792854719835759e+03
-1.291130169944418185e+03
-1.291129348535356712e+03
-1.290982966335981246e+03
-1.291088979809037710e+03
-1.290577070657390777e+03
-1.290485759676377256e+03
-1.291106698871329627e+03
-1.291131070015206660e+03
-1.291132171362304234e+03
-1.291094926411079996e+03
-1.291074431306460383e+03
-1.290947473286728837e+03
-1.290224569749495004e+03
-1.291073073667753306e+03
-1.289674313961778353e+03
-1.291088337064813913e+03
-1.291020854270948803e+03
-1.290455716659057089e+03
-1.290239168536895704e+03
-1.290223609010653945e+03
-1.289246379268561441e+03
-1.288252524955765921e+03
-1.291117940214810460e+03
-1.291029253687355549e+03
-1.290918533835189692e+03
-1.285230268968175551e+03
-1.291127948658210244e+03
-1.291094118258475419e+03
-1.287945451579730616e+03
-1.290789861431450845e+03
-1.290809337814515857e+03
-1.291129930692569815e+03
-1.290275566722133362e+03
-1.290952222628693335e+03
-1.289407422224824586e+03
-1.291122046527310431e+03
-1.287813082481047104e+03
-1.290688097817965172e+03
-1.291036635605719312e+03
-1.290399835668603373e+03
-1.291052935156845024e+03
-1.291096370644598210e+03
-1.290515778924824872e+03
-1.290928942103718327e+03
-1.290926091316972588e+03
-1.291025180718275806e+03
-1.290531213343845366e+03
-1.291022355506472877e+03
-1.289728669018974870e+03
-1.289927017924869233e+03
-1.291080470940357372e+03
-1.291098289355562883e+03
-1.290910864193107955e+03
-1.291104567421385582e+03
-1.289905788213032793e+03
-1.290148280365777055e+03
-1.288268643397401092e+03
-1.290127738086520139e+03
-1.291126742977143522e+03
-1.289932848662427659e+03
-1.290819898241001511e+03
-1.290558733013832580e+03
-1.290552003074418508e+03
-1.289298421331231566e+03
-1.289186647242036315e+03
-1.289978532336695935e+03
-1.289853992177747841e+03
-1.290861372829101128e+03
-1.290937741538400587e+03
-1.290786371497843902e+03
-1.289020812951313019e+03
-1.290212565113572509e+03
-1.291052925955882529e+03
-1.290942889541083332e+03
-1.290090062754050678e+03
-1.290515147641245449e+03
-1.290251716369163660e+03
-1.291117483766847954e+03
-1.290391096492963015e+03
-1.290261719820863618e+03
-1.291124733679958354e+03
-1.291027848972733864e+03
-1.290551160054224511e+03
-1.291044280647683081e+03
-1.291121204634443984e+03
-1.290667947118142592e+03
-1.290730113173262907e+03
-1.278944265778544832e+03
-1.290579822196009445e+03
-1.289968636330370828e+03
-1.284562917765789507e+03
-1.290643279719755583e+03
-1.290225732093824035e+03
-1.289015890673552803e+03
-1.288152379918890801e+03
-1.291035876919800558e+03
-1.289412792372711237e+03
-1.290702103667302708e+03
-1.289652687968990904e+03
-1.291128653225021253e+03
-1.288704134488798900e+03
-1.290649203589298395e+03
-1.290763365502896477e+03
-1.290919997819308492e+03
-1.290495413042935752e+03
-1.291132003539111338e+03
-1.291110144580457927e+03
-1.287662649348057585e+03
-1.290883029536916183e+03
-1.291096823987714288e+03
-1.291091197041158239e+03
-1.290572056256831274e+03
-1.290989817149840064e+03
-1.290759412728265488e+03
-1.290749205905958661e+03
-1.290493998863314573e+03
-1.287356329344075220e+03
-1.289944195762840536e+03
-1.290892104670869685e+03
-1.288547871667514983e+03
-1.290290899330191223e+03
-1.290971688269087736e+03
-1.290858692556429787e+03
-1.289215481736585616e+03
-1.291115674426460600e+03
-1.289340420025649337e+03
-1.290798279932963396e+03
-1.290153528014395306e+03
-1.291010738935927293e+03
-1.287286286324142566e+03
-1.290238776665274600e+03
-1.290572355042250365e+03
-1.290978323871409430e+03
-1.290735090400956096e+03
-1.289032186043880756e+03
-1.290358938410658993e+03
-1.290606296561291401e+03
-1.289313307631579164e+03
-1.290634416557280247e+03
-1.288253655052933482e+03
-1.290530113977735255e+03
-1.290960061302162330e+03
-1.291107587814895851e+03
-1.291071405248195560e+03
-1.289782478907531868e+03
-1.290406139848390467e+03
-1.289969586650045358e+03
-1.291111592206633077e+03
-1.291109156135339845e+03
-1.289959766405816026e+03
-1.290335736332421902e+03
-1.291120990874381050e+03
-1.287467843310953185e+03
-1.286955151081585655e+03
-1.287213750800044181e+03
-1.290478055219172802e+03
-1.291024840832541486e+03
-1.287317944940450616e+03
-1.289149965245790781e+03
-1.291028083821927567e+03
-1.289603532423212300e+03
-1.290918181954750708e+03
-1.291122939413661925e+03
-1.289666614267574687e+03
-1.290774394454186904e+03
-1.291122616317205939e+03
-1.289907583093900712e+03
-1.290828445988792964e+03
-1.289801470193754994e+03
-1.290792003769421171e+03
-1.291046592205922025e+03
-1.291049428373808041e+03
-1.291117705274189802e+03
-1.291038524900386619e+03
-1.290849173722785963e+03
-1.290095150898619750e+03
-1.291118496276295218e+03
-1.290089554748139335e+03
-1.289917104346310225e+03
-1.291129555673185678e+03
-1.290076888469829100e+03
-1.289306090524539513e+03
-1.290330244971715729e+03
-1.291107108710777084e+03
-1.290275357978390730e+03
-1.284239222763708767e+03
-1.290090348095172430e+03
-1.289320194238691784e+03
-1.290204155792178426e+03
-1.291131598442204677e+03
-1.290689126634766126e+03
-1.291095153758913511e+03
-1.290617192559205250e+03
-1.289261646779809553e+03
-1.290944720681829949e+03
-1.290263886196122030e+03
-1.290971487773930903e+03
-1.290767351559603867e+03
-1.290897605483017287e+03
-1.290836492028940711e+03
-1.290708995012425930e+03
-1.289652090253614006e+03
-1.288420996254234296e+03
-1.290888627039766561e+03
-1.290388300872868967e+03
-1.290665829411169398e+03
-1.291017648654726599e+03
-1.290930417907759420e+03
-1.290190684569672612e+03
-1.290435103780838972e+03
-1.290873830910914876e+03
-1.286534742733709891e+03
-1.290951955543078157e+03
-1.291001069878667977e+03
-1.290927721198829431e+03
-1.291066941433187594e+03
-1.291094520493724758e+03
-1.291127667737118600e+03
-1.290400854589747496e+03
-1.289724293995635662e+03
-1.287030490349299725e+03
-1.290881360066069192e+03
-1.287599433649712410e+03
-1.287064152500488262e+03
-1.291116285109137152e+03
-1.289184731402383022e+03
-1.291107704513666249e+03
-1.281270241312960252e+03
-1.291053256697993220e+03
-1.290873599816615979e+03
-1.290984396301823381e+03
-1.291129613261017766e+03
-1.290325422121838983e+03
-1.290434661786767265e+03
-1.291072471728826940e+03
-1.290670924953902386e+03
-1.290740647874978322e+03
-1.290348738730986952e+03
-1.288340090040821678e+03
-1.290900480040492084e+03
-1.290957918600471203e+03
-1.289224436919594609e+03
-1.291123345778513340e+03
-1.290534013981681710e+03
-1.290643920422166048e+03
-1.289780625365534434e+03
-1.291049570826842455e+03
-1.290322633337021443e+03
-1.291029746487178954e+03
-1.288015382459278044e+03
-1.288384675187140374e+03
-1.290061859733467827e+03
-1.290866819313566339e+03
-1.289647590398905322e+03
-1.291115445055855844e+03
-1.287066027863563704e+03
-1.291057565097255520e+03
-1.290749817676385874e+03
-1.290745560184906708e+03
-1.291060625459565017e+03
-1.289704605958143929e+03
-1.291091383483551454e+03
-1.290764372262964116e+03
-1.290227949768321650e+03
-1.290278452654938519e+03
-1.291015930015390950e+03
-1.290602709873271579e+03
-1.288024296850680457e+03
-1.291123716123083341e+03
-1.290334104951010886e+03
-1.291111481154652893e+03
-1.291084131629265585e+03
-1.291034838050511325e+03
-1.290901857870000185e+03
-1.291043990138980917e+03
-1.290640869764498348e+03
-1.290222102905336214e+03
-1.291130148415010353e+03
-1.290652059865765978e+03
-1.291118482074931308e+03
-1.290956011248828645e+03
-1.289823228147109376e+03
-1.290964005950579121e+03
-1.290974770720878041e+03
-1.289554653887522136e+03
-1.290716870566679518e+03
-1.289687612357663284e+03
-1.289167460672658763e+03
-1.285989032303610202e+03
-1.291100816913647122e+03
-1.291124628228527627e+03
-1.291041194094050979e+03
-1.290792464008117122e+03
-1.287884822130938574e+03
-1.289315131706706325e+03
-1.290169257474340156e+03
-1.290687387200965986e+03
-1.290732682849971297e+03
-1.289472956718878095e+03
-1.290786972490494918e+03
-1.290636376583469200e+03
-1.291076907524583476e+03
-1.289019565004600054e+03
-1.289106566545646501e+03
-1.288904299004673021e+03
-1.291056256709018271e+03
-1.290597424697584302e+03
-1.285189905287439615e+03
-1.290166258130285087e+03
-1.289484177470151280e+03
-1.290299408071251719e+03
-1.286520786996453580e+03
-1.290312247284739897e+03
-1.288711019262837681e+03
-1.291066710441127498e+03
-1.290973388653561869e+03
-1.290947439270133145e+03
-1.290632480236690071e+03
-1.290384229358167659e+03
-1.289375764587672393e+03
-1.280356795561870968e+03
-1.290832517584815150e+03
-1.290369961957208034e+03
-1.290481766896077261e+03
-1.290541266783543506e+03
-1.290896254482918266e+03
-1.290731239610716102e+03
-1.290130205446960190e+03
-1.289532203656680394e+03
-1.289287076318373693e+03
-1.290674420158223711e+03
-1.287885975974742678e+03
-1.289685302736619633e+03
-1.290755012678510411e+03
-1.282581923045883059e+03
-1.290093466059795446e+03
-1.290851721738914421e+03
-1.290967005342753055e+03
-1.290911048768356068e+03
-1.284166617086733595e+03
-1.289988684266220616e+03
-1.289746251924738772e+03
-1.289708881113330790e+03
-1.290768165912680843e+03
-1.291050405156612669e+03
-1.291132152771035408e+03
-1.291119452247568006e+03
-1.289751956188020358e+03
-1.290809602874400525e+03
-1.289056134176420073e+03
-1.290347064071503382e+03
-1.288221188091472186e+03
-1.291002665806202003e+03
-1.290994944786993756e+03
-1.289979458976874639e+03
-1.289076503906981088e+03
-1.289854154361602468e+03
-1.291122429992481557e+03
-1.290266239657724327e+03
-1.288659251264359909e+03
-1.290981258043497064e+03
-1.290884870363540585e+03
-1.291097104085606361e+03
-1.290064593416468597e+03
-1.290067382084645260e+03
-1.288645121800581819e+03
-1.288674855477641358e+03
-1.291013649265673394e+03
-1.290796102923439548e+03
-1.290636107787922128e+03
-1.290397866784162943e+03
-1.289667477149906517e+03
-1.291063165588720494e+03
-1.290581301044654538e+03
-1.290301357906438625e+03
-1.289638835367887850e+03
-1.288379021413332339e+03
-1.290482572079743932e+03
-1.290979911944240257e+03
-1.290573224267857768e+03
-1.290949133549400813e+03
-1.289627228052493138e+03
-1.290553627884883099e+03
-1.290598067527611875e+03
-1.290085374922315623e+03
-1.290490573177921306e+03
-1.290310493013956602e+03
-1.291130588009830262e+03
-1.291118107673798022e+03
-1.291109186888678096e+03
-1.291123440542251501e+03
-1.291124965083150528e+03
-1.291106937962100119e+03
-1.288923153110189787e+03
-1.290916433007188743e+03
-1.291103660722786799e+03
-1.290166085007720085e+03
-1.289208252975815412e+03
-1.291130166725336494e+03
-1.291129804111488284e+03
-1.288923375261489582e+03
-1.290536284105673985e+03
-1.289783228527474876e+03
-1.290893142719783782e+03
-1.291018944310426832e+03
-1.289232263340147711e+03
-1.291113346100567924e+03
-1.290559891317866231e+03
-1.289922987702679620e+03
-1.283901250672279275e+03
-1.290800126851277810e+03
-1.291129648209150901e+03
-1.286540915699019479e+03
-1.288305466170775389e+03
-1.286524028206794810e+03
-1.289679526328244265e+03
-1.285733049138385468e+03
-1.290403692127773411e+03
-1.286033152328377128e+03
-1.288982991233098801e+03
-1.290206253390128040e+03
-1.290340084089131324e+03
-1.290931416840717475e+03
-1.290716740287517041e+03
-1.291130288578430509e+03
-1.290883091931540548e+03
-1.291132146292353809e+03
-1.289921304909242735e+03
-1.289980483741711396e+03
-1.290611307917644808e+03
-1.288231156842211476e+03
-1.291132141950559344e+03
-1.283033353271064016e+03
-1.289985557370004699e+03
-1.291124282589872564e+03
-1.291125332394196448e+03
-1.291126338344171018e+03
-1.289635241279662978e+03
-1.290453426887934711e+03
-1.289142272843190995e+03
-1.290943337226757649e+03
-1.291117568296477657e+03
-1.291094198782800504e+03
-1.291101656397696388e+03
-1.290787079105327848e+03
-1.290448025032877695e+03
-1.290226775508818264e+03
-1.289935521245350628e+03
-1.291091793793254965e+03
-1.290569506585438376e+03
-1.290963454443472074e+03
-1.290560664797699246e+03
-1.291098716300578417e+03
-1.290356403553940254e+03
-1.287696427502859251e+03
-1.290022401708432199e+03
-1.284509502636087063e+03
-1.290405319519637032e+03
-1.291125191095219179e+03
-1.290594524761269440e+03
-1.290693193362463717e+03
-1.290673168941895710e+03
-1.289374728470838818e+03
-1.289251318783368561e+03
-1.291091258942762352e+03
-1.290183952700573172e+03
-1.291112153866145718e+03
-1.289581298063799295e+03
-1.290929406824020134e+03
-1.290930546294420083e+03
-1.291121120029393524e+03
-1.291107752687254788e+03
-1.290947903309500362e+03
-1.288816541424578872e+03
-1.289243198784503420e+03
-1.291093227254265457e+03
-1.288940764717273396e+03
-1.290845766682189605e+03
-1.290699894981896705e+03
-1.284201606277819337e+03
-1.290952911270071127e+03
-1.290282017158639292e+03
-1.290818415024086335e+03
-1.291087909009547502e+03
-1.290912716822247376e+03
-1.290675887421593416e+03
-1.291017501774324728e+03
-1.288042050130729649e+03
-1.290045740787429168e+03
-1.291131592320087748e+03
-1.290966598341299687e+03
-1.290819043471668238e+03
-1.286866815230695920e+03
-1.290583349581178936e+03
-1.290481661611123855e+03
-1.291108963095353829e+03
-1.288681391158727138e+03
-1.279588082156460814e+03
-1.288330970459960099e+03
-1.291088615125705473e+03
-1.291004393325399633e+03
-1.290947271153460861e+03
-1.290752791153056933e+03
-1.289941468960428665e+03
-1.291057749502221668e+03
-1.291110931381627779e+03
-1.291012463929307387e+03
-1.290913803340284858e+03
-1.291129224986493227e+03
-1.290055071942919085e+03
-1.290466573887515324e+03
-1.290995750390288777e+03
-1.289238237682021463e+03
-1.288469669184502663e+03
-1.290559821334237085e+03
-1.289174120133155611e+03
-1.290278771085284006e+03
-1.291059260155632273e+03
-1.289273255552552200e+03
-1.290677848161876227e+03
-1.290966147394297877e+03
-1.291100740368830202e+03
-1.290833391103465601e+03
-1.290451310018509048e+03
-1.290836144710405506e+03
-1.291081474152326564e+03
-1.290206897111286708e+03
-1.289185586348336756e+03
-1.291082824198693743e+03
-1.291068734080904505e+03
-1.290373645962595674e+03
-1.289696095760920798e+03
-1.288363900709983454e+03
-1.286430164929378407e+03
-1.291127115147977065e+03
-1.291031687286766555e+03
-1.290043899227703832e+03
-1.291129729486704036e+03
-1.291122701434662304e+03
-1.291127109136670697e+03
-1.289625185250944924e+03
-1.291129660274099251e+03
-1.291068744223059866e+03
-1.290119160465261302e+03
-1.291035493634075465e+03
-1.288982022271825144e+03
-1.291039870857208371e+03
-1.289147862585683015e+03
-1.291062262532877639e+03
-1.290992291794682842e+03
-1.289648888225728342e+03
-1.290023485400201025e+03
-1.290208947679765288e+03
-1.291096188781271167e+03
-1.291116636843818242e+03
-1.285737227071435882e+03
-1.290779642763121956e+03
-1.290910897421886375e+03
-1.291110678275572354e+03
-1.290972704434743264e+03
-1.290936738048133520e+03
-1.290480553411926621e+03
-1.291060707625947089e+03
-1.290399776348429214e+03
-1.290704897019600139e+03
-1.290221413264684088e+03
-1.290998816883663949e+03
-1.290979787137346193e+03
-1.290777531205368405e+03
-1.290411331472639404e+03
-1.290811878133159098e+03
-1.291094032951390091e+03
-1.290554384515426591e+03
-1.291128393964583893e+03
-1.289882698479780629e+03
-1.290622116011014441e+03
-1.290982753490619871e+03
-1.290236190077591118e+03
-1.290778727010538660e+03
-1.290903593045249409e+03
-1.290351277888518098e+03
-1.290924471148120347e+03
-1.291131448459598232e+03
-1.290948474342449344e+03
-1.290822512655751098e+03
-1.289754739367363072e+03
-1.290404559021695150e+03
-1.291084774484478885e+03
-1.290829743903478629e+03
-1.291073406784359577e+03
-1.290743232470063276e+03
-1.288976804326170850e+03
-1.290059649895101757e+03
-1.291132037209951704e+03
-1.290505069591877600e+03
-1.289905408938639766e+03
-1.281565677732248332e+03
-1.290813898012664822e+03
-1.290829345432277933e+03
-1.291117649949231463e+03
-1.291072157420129543e+03
-1.291098494553260252e+03
-1.285122277572107123e+03
-1.290444835936795243e+03
-1.289663782371863590e+03
-1.291130467826706536e+03
-1.290746343326715305e+03
-1.290602886869200347e+03
-1.284183909577523082e+03
-1.290932632412333533e+03
-1.290984632313289239e+03
-1.290627338630093845e+03
-1.290354080736923834e+03
-1.290215165754660120e+03
-1.286798281189350064e+03
-1.291120918484258254e+03
-1.289038135650526783e+03
-1.290274008193767486e+03
-1.290344706749659281e+03
-1.290552543008149314e+03
-1.288736670711489978e+03
-1.290635247099379967e+03
-1.290740210763399091e+03
-1.290658619335281173e+03
-1.288057828753529975e+03
-1.290762051675258590e+03
-1.289828179682900327e+03
-1.290676070804340497e+03
-1.289972211705247901e+03
-1.290960157801815967e+03
-1.291131415306229883e+03
-1.290658726445004277e+03
-1.290692568998885235e+03
-1.290603478867390095e+03
-1.290380666343218309e+03
-1.289882211208214358e+03
-1.290475444508604824e+03
-1.291007735893282643e+03
-1.290718883096236823e+03
-1.290971865250130577e+03
-1.291097210408491719e+03
-1.291047210066196385e+03
-1.289198649608166306e+03
-1.291119152326972198e+03
-1.288777683071440151e+03
-1.290994259121623600e+03
-1.290314016971158708e+03
-1.290150467517756169e+03
-1.290615908780857353e+03
-1.290177508677698370e+03
-1.288060919366180542e+03
-1.291055078524886312e+03
-1.290715852157278277e+03
-1.289798816419038531e+03
-1.291070136044367700e+03
-1.291126849234786732e+03
-1.284453407209638272e+03
-1.290620999687861968e+03
-1.290613023517674264e+03
-1.290609481847517827e+03
-1.291095454207840703e+03
-1.285188454011001113e+03
-1.290749123782657080e+03
-1.288968141108644659e+03
-1.289273592140239998e+03
-1.281918066811471363e+03
-1.289147332636707915e+03
-1.291123626533657898e+03
-1.291116905985063795e+03
-1.289805921700637555e+03
-1.290176379260500653e+03
-1.290981134235119953e+03
-1.291075062418865400e+03
-1.287005634910057552e+03
-1.291066004456723249e+03
-1.290318453418520221e+03
-1.289083369482124226e+03
-1.288269466766005280e+03
-1.291063521212277919e+03
-1.290797072527342607e+03
-1.288597326962365287e+03
-1.289559361804163927e+03
-1.290176069420745307e+03
-1.291123299122416938e+03
-1.289124723265126931e+03
-1.289966493979945881e+03
-1.291057864545788107e+03
-1.290162195884503944e+03
-1.291130811931007202e+03
-1.290876287483753913e+03
-1.289888328927371731e+03
-1.291056195215527623e+03
-1.291013740570323534e+03
-1.290864188345407911e+03
-1.287040176787478003e+03
-1.291109415311377916e+03
-1.290941798545097981e+03
-1.289104700739976579e+03
-1.288291961998341776e+03
-1.290700777892923497e+03
-1.290993944276126740e+03
-1.291106835121542645e+03
-1.290292146783890530e+03
-1.290297630106153065e+03
-1.290839480975834249e+03
-1.290655910425526145e+03
-1.291118781295771896e+03
-1.290945874673553362e+03
-1.288950496585640622e+03
-1.290762727093200965e+03
-1.290278973501891187e+03
-1.288760107009995636e+03
-1.290876209327221659e+03
-1.290063846230524859e+03
-1.290835681051985830e+03
-1.291131691547759146e+03
-1.291083066487802853e+03
-1.290966208869934690e+03
-1.290397552080475407e+03
-1.290828871748821712e+03
-1.289826582891069393e+03
-1.289122470555773361e+03
-1.289745427216696271e+03
-1.290425411710451499e+03
-1.291095490071997574e+03
-1.291122431079595117e+03
-1.289416305795245762e+03
-1.290646622635635595e+03
-1.290943682776365677e+03
-1.291110952696813683e+03
-1.291130859833210252e+03
-1.291129464976280360e+03
-1.291132176536363886e+03
-1.291060172098222893e+03
-1.291064468593632228e+03
-1.291122568221693200e+03
-1.290618843897131228e+03
-1.290881263556096201e+03
-1.290697336637682383e+03
-1.290928162388894407e+03
-1.290579302568784897e+03
-1.291131878384154106e+03
-1.291113874317284626e+03
-1.290623428148053790e+03
-1.290801325724566595e+03
-1.284313749622507203e+03
-1.290616190042029075e+03
-1.288882383440437025e+03
-1.290648554193351629e+03
-1.289342220527244990e+03
-1.290916092579788938e+03
-1.289636995830287560e+03
-1.290977583365397550e+03
-1.290938461005318914e+03
-1.290942574512050214e+03
-1.289215968107732579e+03
-1.290022843581079314e+03
-1.289784441389099356e+03
-1.290060118700307385e+03
-1.290860645657471196e+03
-1.288301383155036092e+03
-1.289305648803805752e+03
-1.290342003761229307e+03
-1.290537207292412404e+03
-1.287278833093692811e+03
-1.290835473432291110e+03
-1.290696189196358318e+03
-1.290995394868356925e+03
-1.288405821741691625e+03
-1.289900134059965922e+03
-1.288430419091860813e+03
-1.287621559669258204e+03
-1.281439127620358704e+03
-1.291124394003411453e+03
-1.288529847632257997e+03
-1.291119988393941867e+03
-1.289870203351889359e+03
-1.290548556034030753e+03
-1.289473059157626494e+03
-1.289877227103257610e+03
-1.288608880772075963e+03
-1.290349411874094585e+03
-1.286379503566056428e+03
-1.289642928531434336e+03
-1.291121949354211893e+03
-1.291128743947357407e+03
-1.290131054694879140e+03
-1.290907891668462526e+03
-1.290600800835339669e+03
-1.291099758252971242e+03
-1.290211570308008049e+03
-1.289938177504913710e+03
-1.290618004359965425e+03
-1.291126057783072611e+03
-1.290709650481836434e+03
-1.290410693254382977e+03
-1.287938864223642440e+03
-1.288622743977582786e+03
-1.290339721504377849e+03
-1.286354452694572728e+03
-1.289577816828752930e+03
-1.290995213295966096e+03
-1.291093126327617938e+03
-1.290856438011852333e+03
-1.291032581260456027e+03
-1.291088344474691667e+03
-1.289665529205542271e+03
-1.290203216771375537e+03
-1.289928445082750613e+03
-1.290251101110227864e+03
-1.290539686896122703e+03
-1.290840269400070611e+03
-1.290403988107172609e+03
-1.290549669694328031e+03
-1.290581172876366736e+03
-1.291068736068544695e+03
-1.290071563529133073e+03
-1.289776439043982691e+03
-1.289676531629335614e+03
-1.290997606492535397e+03
-1.289123019803109855e+03
-1.288566849920693812e+03
-1.291130506088021775e+03
-1.291001969933841337e+03
-1.290205939100284695e+03
-1.289327926768127782e+03
-1.290934658439294481e+03
-1.290130431126837493e+03
-1.290970264922637625e+03
-1.289664258703594442e+03
-1.290476423087962758e+03
-1.290761582852637275e+03
-1.289877138558825891e+03
-1.287838911875476470e+03
-1.290002361429139000e+03
-1.291050379032497176e+03
-1.289049853037056891e+03
-1.290328606274032836e+03
-1.291045718288860144e+03
-1.287732320747305948e+03
-1.291000961773185054e+03
-1.290952654570903633e+03
-1.290625406519253374e+03
-1.290217428435295460e+03
-1.288577352903409974e+03
-1.290453156948686456e+03
-1.289101987355401889e+03
-1.291113800361812537e+03
-1.286577128794236387e+03
-1.289679231048071870e+03
-1.290923135940432076e+03
-1.289906031915296353e+03
-1.290837082749945239e+03
-1.291067581254387505e+03
-1.290552831735935797e+03
-1.291131024330872378e+03
-1.290895164123863651e+03
-1.289648145789218233e+03
-1.290816075238553594e+03
-1.291130040727944106e+03
-1.290200832886794615e+03
-1.291124128655380446e+03
-1.289280850125727511e+03
-1.291041961124807131e+03
-1.290308082534566893e+03
-1.290683841110646654e+03
-1.290588240016289546e+03
-1.290913877683210103e+03
-1.290960950228939055e+03
-1.289590543933430126e+03
-1.290994882353374123e+03
-1.291090990938002278e+03
-1.288365931957667271e+03
-1.288092454504988382e+03
-1.286771318431895679e+03
-1.291098512635868929e+03
-1.291082443273379567e+03
-1.289502246157389436e+03
-1.291083960717765876e+03
-1.289683521996863419e+03
-1.290909740581073038e+03
-1.284991361251424678e+03
-1.290271665558249651e+03
-1.289755017156676331e+03
-1.289187260998466627e+03
-1.291065630995687570e+03
-1.290306747794353896e+03
-1.290835509595273606e+03
-1.289331799085645116e+03
-1.290013600245851421e+03
-1.290991656885328666e+03
-1.288364523952649051e+03
-1.290612255972932189e+03
-1.288397476867735804e+03
-1.291108477982733575e+03
-1.289104322492626807e+03
-1.287367202652090327e+03
-1.290814310520036543e+03
-1.290787035243994978e+03
-1.289890585369234259e+03
-1.289754596705786298e+03
-1.290960272598345682e+03
-1.288228051323019827e+03
-1.290443005012548156e+03
-1.289582695770714508e+03
-1.290884968693489100e+03
-1.289128827382837244e+03
-1.288104604221543468e+03
-1.291131659219722451e+03
-1.290895285795052132e+03
-1.291107569562998833e+03
-1.289153632527492846e+03
-1.288932149744648768e+03
-1.291022161491085399e+03
-1.291027749998892887e+03
-1.291126462495778469e+03
-1.290882475799561462e+03
-1.290733094379940439e+03
-1.290712642214214839e+03
-1.290292766607953126e+03
-1.291076853122281818e+03
-1.287020449095569347e+03
-1.291132131408373652e+03
-1.291128985482390362e+03
-1.291124580681378120e+03
-1.291053507040956902e+03
-1.290221790254713596e+03
-1.290449912566752346e+03
-1.288775383141691691e+03
-1.291131804966560594e+03
-1.290890575967889617e+03
-1.291128428350961485e+03
-1.290930789487577840e+03
-1.289419138070009922e+03
-1.289314751173202694e+03
-1.290728472064971811e+03
-1.289021605199887517e+03
-1.289699286266653871e+03
-1.290681153093416697e+03
-1.290618140716536573e+03
-1.290979668464728547e+03
-1.290646812749331730e+03
-1.282948210915935306e+03
-1.291037238432246795e+03
-1.290952284782009883e+03
-1.290909276841167866e+03
-1.290419735440227441e+03
-1.290727729730137980e+03
-1.291001339599690937e+03
-1.290977699823282819e+03
-1.289745478292516964e+03
-1.290807676347446886e+03
-1.291096605810439996e+03
-1.290941395160303728e+03
-1.291074580600182799e+03
-1.290516465577486542e+03
-1.290734442838367841e+03
-1.290571194012403339e+03
-1.290961813722680745e+03
-1.290753011467734268e+03
-1.289102827126635248e+03
-1.290055999615332894e+03
-1.290790223563252766e+03
-1.291050995484906252e+03
-1.288327309969001362e+03
-1.290644144789163420e+03
-1.290433187582825667e+03
-1.290777476222198402e+03
-1.291024441222064524e+03
-1.289657756110081436e+03
-1.290782290918202534e+03
-1.288973084422908641e+03
-1.288914207366509572e+03
-1.287850651396554213e+03
-1.290971433784892497e+03
-1.290548989193353236e+03
-1.290947768946661427e+03
-1.290076985228278772e+03
-1.290751290870918410e+03
-1.289911822001076416e+03
-1.291124373824363147e+03
-1.291130883018349323e+03
-1.289959829800568059e+03
-1.289656343414616913e+03
-1.290248229579396593e+03
-1.288861692228892252e+03
-1.290866136588869722e+03
-1.288512787752576287e+03
-1.291108319459767245e+03
-1.290881276873484012e+03
-1.290943085854970377e+03
-1.288718312625678209e+03
-1.290907889182208692e+03
-1.288565026844265731e+03
-1.291023433453930920e+03
-1.285903812677897349e+03
-1.288656411979696713e+03
-1.290508439038101642e+03
-1.288752705962332129e+03
-1.288034218927438815e+03
-1.290880097809788367e+03
-1.287247024759729356e+03
-1.290336075890790426e+03
-1.290802292398399004e+03
-1.290465833715539475e+03
-1.290859764419506746e+03
-1.287282166078567116e+03
-1.288940505185305256e+03
-1.288807554094019906e+03
-1.290571386049652119e+03
-1.291089895457771263e+03
-1.291125012281286217e+03
-1.289859967660441953e+03
-1.290807908577238322e+03
-1.290789116901727539e+03
-1.290457786813901748e+03
-1.290239451533569081e+03
-1.290580066123326333e+03
-1.291131121996579850e+03
-1.285802267753869955e+03
-1.291119048901447741e+03
-1.291003635032576312e+03
-1.290857089452084210e+03
-1.290234351932232812e+03
-1.288590477266638572e+03
-1.291092385409091321e+03
-1.289980309799935412e+03
-1.291018788156816981e+03
-1.290254908078556355e+03
-1.291101052272569405e+03
-1.289865331276304005e+03
-1.290427365469174447e+03
-1.289643800948329272e+03
-1.284632179371724305e+03
-1.290867689640456547e+03
-1.290531427238629476e+03
-1.291127218251603153e+03
-1.289073665374042321e+03
-1.291072696995095157e+03
-1.287791572712805191e+03
-1.290417086474030157e+03
-1.290729047543458364e+03
-1.289445120782070035e+03
-1.290466583943699334e+03
-1.290902009986211169e+03
-1.290252553175409503e+03
-1.287837332978640006e+03
-1.291063834580071671e+03
-1.290997899515138670e+03
-1.291045057378690217e+03
-1.290487758119992122e+03
-1.290749509744027364e+03
-1.290894127496825149e+03
-1.290935269797106230e+03
-1.288460843735475464e+03
-1.291097887315049775e+03
-1.290653713572016841e+03
-1.291079458093092171e+03
-1.290963436884576822e+03
-1.289013117456749569e+03
-1.290938130371667057e+03
-1.290439280539424544e+03
-1.290343036655425522e+03
-1.289064141415692802e+03
-1.290640501800846778e+03
-1.290144734753292141e+03
-1.290232516978983313e+03
-1.291005566242304894e+03
-1.289520881438987317e+03
-1.288356155984144380e+03
-1.284668102780724212e+03
-1.289938202978832123e+03
-1.290777232729013576e+03
-1.291125607037399732e+03
-1.290754855205486137e+03
-1.289369558839127876e+03
-1.289517712956754622e+03
-1.290158056870302744e+03
-1.291132072461818098e+03
-1.290872183832556857e+03
-1.290871121680542274e+03
-1.291035177883597044e+03
-1.290834804933886062e+03
-1.290845393669292207e+03
-1.290999472186478670e+03
-1.291091634088380715e+03
-1.290660916673181873e+03
-1.289533695321255891e+03
-1.291024455418691559e+03
-1.288253748943660412e+03
-1.291028414212029475e+03
-1.289934037113358045e+03
-1.290761288896870610e+03
-1.290583956271055285e+03
-1.289985968094092868e+03
-1.291089704378715396e+03
-1.290271017984462333e+03
-1.287895604072974038e+03
-1.290320544518704764e+03
-1.291091402117400321e+03
-1.290090190205384033e+03
-1.291017563473276141e+03
-1.289469693927241678e+03
-1.288727977309820290e+03
-1.289807363764743513e+03
-1.291040672597989669e+03
-1.287833703760981734e+03
-1.289973925288459213e+03
-1.290970680258442599e+03
-1.290789434787173604e+03
-1.291131460792619691e+03
-1.287585864429156118e+03
-1.289876285380709533e+03
-1.290488058348569666e+03
-1.286925325503589193e+03
-1.291100095970720304e+03
-1.289409795236274704e+03
-1.290953301439531970e+03
-1.290886526073147024e+03
-1.290943627384108595e+03
-1.290561620996877991e+03
-1.291067607073289992e+03
-1.291077673946132563e+03
-1.290073049754916156e+03
-1.289893571694799903e+03
-1.290885131066587519e+03
-1.291104525163317248e+03
-1.290988616958398097e+03
-1.291130909015553243e+03
-1.291012154984627614e+03
-1.290678165448931850e+03
-1.289629949839478286e+03
-1.291116486551421985e+03
-1.285860882764930693e+03
-1.290637998744885863e+03
-1.289801563747394539e+03
-1.291016918786298447e+03
-1.291114451057652104e+03
-1.290124813904237271e+03
-1.291008450718420136e+03
-1.290927099713863981e+03
-1.290809497504393448e+03
-1.289213458087546087e+03
-1.290790656677359948e+03
-1.290393907194908024e+03
-1.290635966925929779e+03
-1.290956062191194860e+03
-1.290599394972541404e+03
-1.289944007472035992e+03
-1.291009090110903799e+03
-1.291073074286213341e+03
-1.290588923012419400e+03
-1.291130484112803970e+03
-1.291099096192761863e+03
-1.290714168874036204e+03
-1.290581052009391442e+03
-1.287151045685006466e+03
-1.287317573809770693e+03
-1.290944760722616593e+03
-1.285612052521728856e+03
-1.290965743734958551e+03
-1.290295856035793349e+03
-1.291122531266971691e+03
-1.288671482241323019e+03
-1.290088958448513040e+03
-1.290551113124917720e+03
-1.291112246913668969e+03
-1.291120676708545489e+03
-1.286431795794165737e+03
-1.290706335422472648e+03
-1.290742040908757190e+03
-1.290689928807011256e+03
-1.289296200345859006e+03
-1.289702872775489595e+03
-1.290338775481596713e+03
-1.289540575058786089e+03
-1.291104005931214033e+03
-1.289079539274986018e+03
-1.287645943443305669e+03
-1.291039492147761848e+03
-1.290282929997224073e+03
-1.290939946313078508e+03
-1.290781369227154073e+03
-1.291049672470834139e+03
-1.290866938626612182e+03
-1.290401265667900134e+03
-1.289577182477681390e+03
-1.290765911863715701e+03
-1.288052776695280954e+03
-1.291035797535608708e+03
-1.290080225750533828e+03
-1.290653408353464329e+03
-1.291132215916591349e+03
-1.291089152007934445e+03
-1.290328638882278938e+03
-1.290841227011931096e+03
-1.290993973217900930e+03
-1.290666540765810623e+03
-1.285136988602842848e+03
-1.283126332427925036e+03
-1.287876406404546742e+03
-1.289692493062039830e+03
-1.291033877804718713e+03
-1.288752930234044925e+03
-1.289050183739615932e+03
-1.290674224118131860e+03
-1.289999587358293866e+03
-1.290490582891943632e+03
-1.290833831154428935e+03
-1.291127664092979558e+03
-1.290349286134713566e+03
-1.291013651626331921e+03
-1.291019075349821378e+03
-1.290882304343340820e+03
-1.290505632357687546e+03
-1.291072764361596910e+03
-1.289030519092889335e+03
