# Variable: A_0
# Sample shape: (3000,)
# Date: 2018-05-21 14:27:07.622503
1.483558256188221058e+01
1.503347881832744548e+01
1.524682340330388541e+01
1.533949380265735485e+01
1.535571253282081550e+01
1.541557304595198907e+01
1.490854809152720506e+01
1.516579916081422219e+01
1.499151764292938793e+01
1.502265028225717636e+01
1.536942126270474773e+01
1.494665154235787163e+01
1.528879743645525302e+01
1.518198971050595247e+01
1.523602860415078020e+01
1.528967516640633661e+01
1.544043927965843466e+01
1.514266942827005913e+01
1.523374140194828641e+01
1.527729802141312732e+01
1.526362036174744397e+01
1.530827336148177409e+01
1.499620785940850709e+01
1.496617808279370898e+01
1.514113467940632773e+01
1.525075246853574740e+01
1.499582619946690620e+01
1.506387185458734379e+01
1.509830550967061669e+01
1.552555428064961873e+01
1.527699741583266224e+01
1.505180370142439727e+01
1.497442319556781420e+01
1.491406222337224996e+01
1.490560778573550849e+01
1.550765959011861561e+01
1.507246800616073124e+01
1.494561991077338092e+01
1.544841709146378683e+01
1.489400235397979877e+01
1.497124802792973242e+01
1.526785027447468046e+01
1.531348872764236901e+01
1.502642133178551376e+01
1.539639912440821057e+01
1.520056992608958524e+01
1.513189783708577529e+01
1.527293122776578471e+01
1.523786457180173137e+01
1.545587776978485195e+01
1.500982627827804627e+01
1.538498211020785611e+01
1.533543143866474701e+01
1.525236094540342258e+01
1.533183010187413942e+01
1.528985494838510384e+01
1.490465296065231016e+01
1.523265721407030071e+01
1.523166897027755518e+01
1.545203571636525375e+01
1.522784723862361567e+01
1.543588088753503840e+01
1.496768981134824905e+01
1.504496012386407422e+01
1.521479431191150411e+01
1.512272099263720371e+01
1.489293737298435794e+01
1.509908428493849719e+01
1.513899202849914083e+01
1.520246232204299730e+01
1.521588566232295214e+01
1.520818139163585947e+01
1.507783732259911602e+01
1.529950956563238229e+01
1.566834005047066825e+01
1.509567051917501068e+01
1.502486446348900095e+01
1.516103150259607446e+01
1.483565852705006805e+01
1.507009904403199485e+01
1.487942134072358158e+01
1.542568734649560191e+01
1.512668367272882186e+01
1.506751510837876218e+01
1.557890300422374352e+01
1.518823546075969588e+01
1.530102511634949281e+01
1.507290809546421251e+01
1.531427916400008904e+01
1.549821251309963266e+01
1.529942021889583614e+01
1.538393577029197523e+01
1.532376538238949770e+01
1.506122820851679833e+01
1.528857506759009866e+01
1.546653133047427353e+01
1.553893748565956656e+01
1.513369326788196823e+01
1.519180239679311306e+01
1.537371390065301391e+01
1.500688872463896040e+01
1.520245842802053637e+01
1.508815989618896758e+01
1.589333549938703705e+01
1.539700148660355516e+01
1.532890971110574263e+01
1.534590894876054001e+01
1.526592848192332141e+01
1.521106857187651329e+01
1.545013285924425617e+01
1.539073958935941455e+01
1.532106618257023278e+01
1.540636312251244533e+01
1.534029721587046424e+01
1.484900617360692898e+01
1.493597233107016287e+01
1.529392475213648872e+01
1.522479564225169213e+01
1.491668064724232856e+01
1.534151029886880657e+01
1.467605512986743399e+01
1.538686291227056735e+01
1.539514927261432042e+01
1.545434545596807574e+01
1.506651679447995207e+01
1.507308611257892395e+01
1.498780636625141760e+01
1.530964989721895897e+01
1.520744957491465144e+01
1.495144244505252296e+01
1.480435553536445070e+01
1.519145749332181161e+01
1.536421876124417096e+01
1.495657944359040314e+01
1.510811825702812961e+01
1.510584166999164069e+01
1.490519808399347568e+01
1.538949368381806693e+01
1.518092361822125191e+01
1.524906145262224655e+01
1.539623278893810188e+01
1.534361561171248312e+01
1.530986171102683358e+01
1.519325507060104208e+01
1.495371299080698435e+01
1.541889782355428729e+01
1.532764878358276484e+01
1.497716698847938765e+01
1.516431888299120878e+01
1.525693201973087021e+01
1.479991842096258736e+01
1.499356252742961892e+01
1.516190478280754661e+01
1.497852532414949245e+01
1.511391390918774214e+01
1.512153535517549052e+01
1.521435496041414659e+01
1.519176701533846519e+01
1.524198369529580610e+01
1.540045034437535776e+01
1.523337900218399454e+01
1.538997902607780865e+01
1.490545363953238578e+01
1.490046547356034168e+01
1.496628861651116971e+01
1.497014940936728422e+01
1.550973474547235398e+01
1.518358388717717489e+01
1.529660591227509236e+01
1.536300997251214895e+01
1.489783181170102644e+01
1.532272377786798856e+01
1.529941392191080851e+01
1.514996496941599347e+01
1.522946881952023013e+01
1.520039465658083877e+01
1.532936930695300504e+01
1.543180687874938428e+01
1.508909361404115401e+01
1.524653996903599662e+01
1.513595814974750553e+01
1.517526939990466950e+01
1.555517435079905830e+01
1.500519284481651638e+01
1.499540104856989409e+01
1.497865373127194033e+01
1.533673698867922042e+01
1.531134246012030786e+01
1.549693588183425774e+01
1.541155638620304558e+01
1.526907677970042521e+01
1.513782250621922643e+01
1.523069409044418876e+01
1.536653262128173303e+01
1.523994222485927175e+01
1.483506846464101692e+01
1.521462997740221468e+01
1.496152477526007019e+01
1.520402051443768343e+01
1.528356322531257838e+01
1.518173117716143139e+01
1.540336271153895176e+01
1.470554787674931951e+01
1.504085913923389306e+01
1.561927033303852141e+01
1.470754837051185859e+01
1.526010142786041257e+01
1.510019849107121459e+01
1.533468350037567873e+01
1.521317076773303789e+01
1.543946694833471156e+01
1.503272494587196739e+01
1.530238023359630084e+01
1.523739560632223444e+01
1.533580053427835743e+01
1.549738693388732891e+01
1.514277087928560661e+01
1.508764034604951831e+01
1.531459709595938179e+01
1.556620588188520315e+01
1.528187803345184825e+01
1.519791859101529141e+01
1.517435185163998135e+01
1.544855140082716538e+01
1.507546675231992417e+01
1.507591522154734243e+01
1.544235260730321357e+01
1.516056204390633155e+01
1.591441699400894194e+01
1.532074977612467315e+01
1.534872729567056027e+01
1.496395268489746400e+01
1.530583875405876171e+01
1.533002118248720080e+01
1.549976098293095994e+01
1.522691453587024135e+01
1.534807708642740742e+01
1.475701061737129294e+01
1.509982009690474491e+01
1.549282093047317765e+01
1.550593295952866235e+01
1.548434857020883193e+01
1.584413244670018628e+01
1.533503017039586247e+01
1.525607604332074274e+01
1.507026409537201417e+01
1.502186664467858002e+01
1.561139801061555410e+01
1.540174528475935034e+01
1.503974584374556756e+01
1.510682605026665115e+01
1.525966192116135822e+01
1.480191526071766717e+01
1.507718874830439404e+01
1.513782557982562338e+01
1.519450077883387706e+01
1.531646167548161586e+01
1.517855761316789298e+01
1.513910372534759219e+01
1.522451866685302768e+01
1.545243981490265028e+01
1.513140969020584059e+01
1.515545344152576135e+01
1.507603240932709276e+01
1.532065962554466587e+01
1.519434970899394344e+01
1.535467095656891523e+01
1.510327982083938636e+01
1.489086546266914901e+01
1.518233407216677655e+01
1.504524201107052406e+01
1.508028212317517003e+01
1.515650362807331319e+01
1.522836904421090942e+01
1.504147720136111310e+01
1.544173288708868164e+01
1.501495003534012440e+01
1.544902416941641121e+01
1.519273584110363728e+01
1.489119996405700341e+01
1.524765781314586199e+01
1.542658599118925089e+01
1.490787141943817140e+01
1.527210413959318380e+01
1.535097521259278253e+01
1.518552058489558654e+01
1.526059280209181779e+01
1.486047691297318174e+01
1.554685285843524944e+01
1.514762494208862798e+01
1.517970381792500767e+01
1.517010372029963605e+01
1.491522222642703710e+01
1.506111522062991170e+01
1.511117038814303015e+01
1.519820222137701826e+01
1.513715755734412127e+01
1.519192096562691319e+01
1.546442917033336961e+01
1.542785145754809228e+01
1.487847696843182099e+01
1.528478513277190665e+01
1.551955193694680979e+01
1.507887127899548751e+01
1.522710304730175679e+01
1.501323041815848391e+01
1.531405919951279770e+01
1.544388474900816455e+01
1.503510412703731980e+01
1.545979406510052989e+01
1.503274630559336167e+01
1.512926017847775739e+01
1.494976646749427651e+01
1.538257306537400382e+01
1.515664322837321265e+01
1.509511433034912997e+01
1.509724227465352797e+01
1.530626293105380498e+01
1.543186150414493163e+01
1.524431768494913264e+01
1.529036081992340357e+01
1.510347924498509897e+01
1.536363838272369797e+01
1.494705063143782020e+01
1.510864017724156838e+01
1.502031879204089471e+01
1.517044413301024086e+01
1.512640831931094709e+01
1.566007127777962715e+01
1.484702236815996024e+01
1.523900086495073047e+01
1.492681265021238346e+01
1.524777888274547699e+01
1.526414949502613716e+01
1.510895397573412424e+01
1.469504808600635570e+01
1.490166265346967833e+01
1.547754450149981409e+01
1.524685015524075737e+01
1.522636219966249271e+01
1.503345214757447401e+01
1.524225376058923231e+01
1.518370001983441320e+01
1.505926045826366000e+01
1.538805265325030014e+01
1.486621661442702624e+01
1.524643863280604350e+01
1.520515344794159773e+01
1.518997532804068484e+01
1.526650139433761311e+01
1.525498736018651513e+01
1.527946716249819126e+01
1.473434144228239440e+01
1.521787716532990586e+01
1.537900605916173369e+01
1.494933572422164048e+01
1.541725456238429182e+01
1.547222247281280261e+01
1.502445213728017315e+01
1.510816816103750782e+01
1.528089831462705739e+01
1.516431693737861153e+01
1.531845426204534100e+01
1.519707976046553632e+01
1.511123865054017124e+01
1.519814514315303988e+01
1.507765129756207934e+01
1.526745916471213782e+01
1.527389611483074994e+01
1.480521946688103796e+01
1.526556311694847423e+01
1.529072783980303640e+01
1.540782425638562536e+01
1.495449025079527239e+01
1.519534838892636586e+01
1.532674530643906685e+01
1.525261819955636078e+01
1.542184672750965468e+01
1.527246592159895044e+01
1.553052447458776086e+01
1.511317744805011465e+01
1.523649449324012117e+01
1.519428372834819463e+01
1.509040687712957585e+01
1.520414071953068991e+01
1.525265542446655687e+01
1.542676857192832252e+01
1.533289462767186428e+01
1.533844089159059898e+01
1.499650870008344228e+01
1.512501991789671685e+01
1.493974206878201727e+01
1.485487264864469914e+01
1.526260028080725561e+01
1.526098582786636371e+01
1.513098375114754468e+01
1.527721780116318406e+01
1.538584439896145462e+01
1.508769184781558259e+01
1.541317744632062947e+01
1.504266808426948110e+01
1.530366617831401932e+01
1.540849940784035788e+01
1.492097104680832409e+01
1.545965736787124634e+01
1.530295581480138623e+01
1.516014871430278887e+01
1.564044203498890262e+01
1.511232679631051568e+01
1.531715495248669257e+01
1.487623053651151039e+01
1.553550353071754309e+01
1.514777122326164616e+01
1.546462885755157757e+01
1.526852502447817272e+01
1.500764010604017074e+01
1.500931757956362311e+01
1.516189122633142183e+01
1.515610282063807901e+01
1.520461079978231034e+01
1.478549823593827206e+01
1.545740511976762299e+01
1.550971431385013410e+01
1.498222898353607846e+01
1.496934000461459213e+01
1.552772037293298624e+01
1.509457533485542591e+01
1.529675774552527479e+01
1.511631072861410452e+01
1.505375522750678385e+01
1.564296386270292061e+01
1.544304370400699078e+01
1.519056629701800532e+01
1.553053164715199408e+01
1.522934446713682277e+01
1.540320811938110346e+01
1.500635279313272008e+01
1.528185521726770801e+01
1.488232001352231748e+01
1.542634629228638943e+01
1.497891365900513350e+01
1.533279678336549701e+01
1.513466301016598337e+01
1.530763645695852659e+01
1.552131080637212968e+01
1.536898408533683558e+01
1.495003748708538005e+01
1.517520379521062246e+01
1.526363798785310699e+01
1.518370876225546162e+01
1.530382797592180566e+01
1.539325717565633944e+01
1.523214937521142254e+01
1.513652692149505974e+01
1.530034511884413817e+01
1.547249814431855519e+01
1.516442975745095190e+01
1.532117840766424521e+01
1.516085476602676607e+01
1.521894018251416369e+01
1.497141812098394809e+01
1.529328587879280477e+01
1.530449679322149237e+01
1.512289161070126653e+01
1.510249407985715564e+01
1.519443673259833361e+01
1.488389622637492415e+01
1.532497949811194005e+01
1.510422914000269401e+01
1.518465025414579195e+01
1.506819247939600714e+01
1.531433751419956835e+01
1.502293964846141527e+01
1.509829784411370923e+01
1.548016307789893453e+01
1.544241941280486863e+01
1.521072448166491853e+01
1.546847933841680067e+01
1.519763908212774517e+01
1.562601223294498887e+01
1.508940466891843712e+01
1.520954404713055119e+01
1.506416284371559655e+01
1.511755482757618374e+01
1.481399488844264312e+01
1.503796188941849188e+01
1.499615294146173028e+01
1.538941542442488242e+01
1.529984021612419376e+01
1.504380785897940065e+01
1.532753586917382194e+01
1.508570824119518150e+01
1.542994850934667639e+01
1.505945483247487893e+01
1.524840559901775805e+01
1.519672886320434557e+01
1.533687143572005418e+01
1.517041484054451495e+01
1.523289459639760324e+01
1.518237645067459596e+01
1.542356825443088120e+01
1.503106782724009705e+01
1.514010219870520046e+01
1.538103311317130206e+01
1.528097454399135557e+01
1.531087421383238834e+01
1.486095172030607259e+01
1.516775145936481373e+01
1.503912075944677262e+01
1.520699738681033075e+01
1.509459803261018429e+01
1.528909144170923362e+01
1.531870775707431598e+01
1.508617678018941888e+01
1.551769668748972997e+01
1.538543908831243989e+01
1.523357828789412238e+01
1.526157812583849349e+01
1.527877398100964790e+01
1.509333696914545619e+01
1.507643269029778921e+01
1.529872028520958338e+01
1.534593572288611085e+01
1.497706937255590098e+01
1.553657884811264722e+01
1.497190475995789072e+01
1.541868503994704476e+01
1.537663801894480464e+01
1.493269076777125193e+01
1.521652453089674495e+01
1.486847386269267624e+01
1.497386841547328018e+01
1.522773717281448569e+01
1.533079634545544678e+01
1.539643340150781903e+01
1.517357206516595802e+01
1.521128798188811615e+01
1.497441160401037585e+01
1.513451095196788287e+01
1.489453811578794706e+01
1.552064695936575056e+01
1.533395341354251862e+01
1.543473344714827356e+01
1.513164104073758587e+01
1.501372800635489568e+01
1.524748358414549720e+01
1.513198840342177220e+01
1.524241017142402477e+01
1.533517106954271370e+01
1.538620169504942936e+01
1.515890891601178758e+01
1.498246422351128793e+01
1.528057961783635221e+01
1.523507533406045056e+01
1.522161266354267717e+01
1.522034543787002825e+01
1.532528066683115142e+01
1.514702418658084504e+01
1.494926413786939712e+01
1.497884443074125294e+01
1.502836108793083092e+01
1.525792992219206745e+01
1.515278436540920914e+01
1.500603435489539272e+01
1.486503646942158063e+01
1.522424106497271978e+01
1.508735951516315232e+01
1.519218626507534964e+01
1.514928442796539443e+01
1.499326636386323486e+01
1.537318269973808604e+01
1.513496871219050277e+01
1.539669855034675194e+01
1.554201376164085424e+01
1.564515645491042584e+01
1.530471606920261252e+01
1.501383896569007170e+01
1.503889854323388953e+01
1.528134687706462991e+01
1.529820295378559614e+01
1.512636585920699517e+01
1.505836496681283876e+01
1.489633537852265732e+01
1.545321911868958331e+01
1.527357760724161295e+01
1.524317253350922385e+01
1.529795919939927273e+01
1.528343470112576696e+01
1.543123352769134371e+01
1.506763611618478294e+01
1.527119883847595538e+01
1.523459928294114185e+01
1.515266711165681457e+01
1.528054686869780809e+01
1.521665591389523442e+01
1.542109946175144053e+01
1.526032654636550312e+01
1.482280437043783294e+01
1.525184513487139348e+01
1.511603371263058193e+01
1.535667034314290191e+01
1.532073200544851055e+01
1.569281974848032846e+01
1.501247709968455624e+01
1.563454598762688796e+01
1.518809822051969682e+01
1.509108088438400763e+01
1.506910419832066239e+01
1.464871800048828376e+01
1.506875600242392643e+01
1.482159249374662657e+01
1.533698555805063179e+01
1.514145212589176026e+01
1.547631398510376677e+01
1.503459416959102057e+01
1.503187061005641034e+01
1.536191432874786145e+01
1.495567449764238255e+01
1.521515399817273284e+01
1.522174920483954352e+01
1.516333395355257352e+01
1.495743549858718779e+01
1.539711659633976915e+01
1.574748082475578670e+01
1.551685343278548146e+01
1.513399053220624779e+01
1.512447876405254910e+01
1.533884194015454305e+01
1.516291196531292762e+01
1.516426983463244582e+01
1.486832352403998314e+01
1.536669908110922655e+01
1.549185831704789251e+01
1.552833810629831923e+01
1.527633121636500668e+01
1.536620792823555881e+01
1.534114459215573412e+01
1.510496743921623342e+01
1.539279501995366140e+01
1.533891513087326963e+01
1.523632781637195066e+01
1.484137461135457059e+01
1.501836861354682995e+01
1.519537076204370152e+01
1.517902161958335050e+01
1.528795071334280564e+01
1.539607235229680704e+01
1.506651558421174819e+01
1.512728906973088883e+01
1.492419676154274377e+01
1.515168970408445581e+01
1.513554689910709605e+01
1.497390251640195302e+01
1.496819011151892553e+01
1.534887169377595484e+01
1.547321418963575823e+01
1.513612902701809482e+01
1.528283671963298040e+01
1.531019779622832289e+01
1.538948527652998166e+01
1.500628582314907966e+01
1.565786181134497568e+01
1.489554554617782323e+01
1.516572228958012225e+01
1.531888232677114026e+01
1.500109347353371803e+01
1.553574391278077194e+01
1.509722037723514099e+01
1.516049543451345016e+01
1.543495167742665863e+01
1.518026523107755210e+01
1.539873742367774589e+01
1.508719789117716203e+01
1.537418896818750191e+01
1.516024812277373712e+01
1.514905975458887077e+01
1.541240862982937188e+01
1.553699515323491731e+01
1.531177574676762987e+01
1.544862846492265085e+01
1.512518191565446912e+01
1.519630075634649380e+01
1.579147404671652666e+01
1.511800856141183225e+01
1.530145066541313525e+01
1.506645097910604569e+01
1.503563399279607715e+01
1.529897347248003570e+01
1.513795234275309198e+01
1.500417242173895005e+01
1.522072963496584030e+01
1.528194667279735874e+01
1.541143939369509752e+01
1.522961349586046786e+01
1.505048683993499914e+01
1.480277927864873355e+01
1.505108201970826798e+01
1.483277107188927424e+01
1.532979208659078019e+01
1.551569619031008074e+01
1.544981881690069514e+01
1.526430856652136292e+01
1.541285373448411988e+01
1.501339876409557483e+01
1.525421984415757137e+01
1.537570060779259151e+01
1.508656474508683765e+01
1.526271315733535339e+01
1.515092444396485405e+01
1.543043328093934186e+01
1.531171115116276837e+01
1.532191148704463934e+01
1.519948358032764979e+01
1.523668954450987023e+01
1.510957227297529926e+01
1.539891674711936886e+01
1.501165095416769901e+01
1.536732070602447031e+01
1.533646707784433083e+01
1.528102907041576053e+01
1.517146049816873266e+01
1.499855470466765794e+01
1.473014560077948332e+01
1.524654858653064693e+01
1.502071635560824703e+01
1.529617977300581977e+01
1.494780124681863853e+01
1.524994983217966116e+01
1.475980117358843557e+01
1.549443213884094916e+01
1.489306174595348509e+01
1.496486073487168156e+01
1.502294451093388084e+01
1.473553262814304965e+01
1.513704928635728564e+01
1.549699030768038099e+01
1.496629838096768594e+01
1.530599312177038485e+01
1.528503381541383987e+01
1.504016276095775417e+01
1.521140541276369795e+01
1.533097987840969978e+01
1.511461335022304908e+01
1.505159742959469149e+01
1.512604452393894228e+01
1.535030074753023932e+01
1.514744453152558634e+01
1.497035067335266945e+01
1.526700505351929849e+01
1.551191946753912454e+01
1.531075743482101714e+01
1.503771438003780148e+01
1.525344575518299450e+01
1.512235877737722056e+01
1.511906375006864423e+01
1.534397404382430175e+01
1.521201598954747247e+01
1.490273371051954143e+01
1.502406020782300189e+01
1.520190942753863261e+01
1.539743386953522730e+01
1.526424776793879801e+01
1.502516805836063085e+01
1.529020987158601486e+01
1.561400049802650436e+01
1.506078073041932441e+01
1.530316500716923933e+01
1.505811765961707849e+01
1.505441265421067776e+01
1.520302115275195654e+01
1.531845743967672746e+01
1.472212181247109086e+01
1.514629042101258172e+01
1.499699187966513669e+01
1.539723784903925718e+01
1.513467724744973886e+01
1.522329248334576945e+01
1.532152589147033517e+01
1.517419480499191131e+01
1.498513930353182211e+01
1.516518159276820832e+01
1.479122016444594934e+01
1.516984584850386675e+01
1.509816352833542652e+01
1.527318841635717206e+01
1.522875400622707609e+01
1.533967962309955091e+01
1.505315482252355430e+01
1.529202884005655072e+01
1.518953785468576889e+01
1.552910391705308868e+01
1.539630768243134362e+01
1.528969023997658105e+01
1.497897518755632262e+01
1.533069434585851454e+01
1.545258351899237859e+01
1.527433961785090055e+01
1.533788441167480165e+01
1.527542528161473356e+01
1.506635443270985064e+01
1.563541981633627564e+01
1.521766392840786786e+01
1.510493655503441701e+01
1.522141460411555514e+01
1.502238813226429315e+01
1.553726713447691843e+01
1.478859200652537353e+01
1.486340337965801695e+01
1.509093747948539743e+01
1.522133107642663141e+01
1.529076618854836589e+01
1.546467478274131935e+01
1.526397529956327226e+01
1.562819560377877970e+01
1.522383048541337658e+01
1.546979922276988084e+01
1.520321964309521690e+01
1.508610174461075637e+01
1.571282717088416092e+01
1.519663473764413375e+01
1.520574455806908531e+01
1.543914111166487046e+01
1.486319503554348209e+01
1.500910034082003541e+01
1.535992135583582474e+01
1.553946396884611936e+01
1.539011087163650870e+01
1.507789581451415728e+01
1.521516584160302799e+01
1.528880302369530142e+01
1.501922307416230851e+01
1.511480812555845965e+01
1.528777493005643429e+01
1.528452718681019995e+01
1.498577480687651331e+01
1.497651721510360723e+01
1.516424642784071075e+01
1.553376428249629626e+01
1.529223856298417772e+01
1.514356893994536080e+01
1.533673694321190517e+01
1.521182814659490212e+01
1.518813016124227033e+01
1.528064258969803646e+01
1.561037674028980149e+01
1.514700403506762072e+01
1.511416109268546215e+01
1.514372372778759690e+01
1.525268652826830973e+01
1.525435995537181810e+01
1.550708728712854700e+01
1.537562089034420154e+01
1.524693852627330060e+01
1.502837485247182592e+01
1.521228063261157182e+01
1.515609359044574589e+01
1.543906767866682728e+01
1.519338855162217250e+01
1.524556101363029370e+01
1.515880165209085639e+01
1.526564647717042611e+01
1.498268831257388811e+01
1.526012143106113150e+01
1.547771124200991899e+01
1.488393348286457218e+01
1.509264903220541498e+01
1.509738345568556284e+01
1.507991729758697197e+01
1.514690691503678011e+01
1.506404705482302120e+01
1.536400168068791672e+01
1.529543954448822518e+01
1.493851634709833931e+01
1.551458715032856617e+01
1.498436638487383199e+01
1.533373052954139126e+01
1.501823049389233056e+01
1.559627254435181243e+01
1.529608071342143738e+01
1.508039630108589257e+01
1.554595950384163849e+01
1.529124770472579620e+01
1.526041363228395298e+01
1.537579834388871980e+01
1.531272011699532953e+01
1.540023255781927602e+01
1.524554680336693124e+01
1.516972144107048415e+01
1.537446899684055168e+01
1.489163365985613297e+01
1.518252098215111268e+01
1.499375911529520167e+01
1.492505826095912802e+01
1.536244492716710042e+01
1.518159280163699343e+01
1.557205843402671164e+01
1.502432160609875389e+01
1.519268310207281836e+01
1.507829964279582313e+01
1.517099400962640843e+01
1.537715867531166758e+01
1.520458421397839643e+01
1.515663553702336053e+01
1.480673847726774817e+01
1.484815375781796831e+01
1.526532326704925069e+01
1.506357856203193357e+01
1.539727605110579312e+01
1.520338249623817539e+01
1.508862192034464300e+01
1.538495303071343834e+01
1.487080047983059927e+01
1.494142571038591782e+01
1.524777061996493899e+01
1.525173926519345180e+01
1.494270434180381457e+01
1.524768138911850457e+01
1.538099252936816264e+01
1.519970383748659337e+01
1.502944764124601740e+01
1.477482616919830249e+01
1.517599524296574032e+01
1.515806525632935475e+01
1.501982392764109875e+01
1.524711532701818051e+01
1.509171814225148012e+01
1.515512908249550073e+01
1.517946439476802745e+01
1.549363835529195832e+01
1.540616527315604500e+01
1.507382647624436522e+01
1.526749366936190633e+01
1.498747071297238698e+01
1.538917490304195113e+01
1.520162468447274406e+01
1.530947214268062595e+01
1.551323964152555490e+01
1.522711237981115140e+01
1.554257962734912546e+01
1.520523086739299501e+01
1.542015216649035203e+01
1.503719773182098862e+01
1.521845519497327004e+01
1.523156855377133923e+01
1.529788752275539032e+01
1.512402186170632135e+01
1.496534110111718796e+01
1.479084946328194405e+01
1.522741610382759170e+01
1.514320860782428646e+01
1.530447153665210358e+01
1.537556420336194485e+01
1.520208171172821032e+01
1.559931491297652251e+01
1.481999757622698510e+01
1.525467216786105595e+01
1.512705009596922068e+01
1.518796516173003575e+01
1.495854056545688238e+01
1.499766919146421351e+01
1.506479977649774682e+01
1.499086476669415902e+01
1.536408711533865201e+01
1.573347596155141304e+01
1.502631305971092424e+01
1.530979826560076873e+01
1.539909967139100999e+01
1.537683743177241169e+01
1.521245287889476216e+01
1.507645940085001790e+01
1.518007946182848222e+01
1.543292327169334399e+01
1.507461230941757968e+01
1.529001417619734760e+01
1.535007066585937530e+01
1.554749045412234310e+01
1.498602083204601065e+01
1.506476947377253062e+01
1.511478920232935508e+01
1.509907584703362993e+01
1.497402044598903714e+01
1.511764026450538267e+01
1.529196417349885628e+01
1.526808556276016660e+01
1.513182020992438837e+01
1.520934351528552320e+01
1.521182791909163257e+01
1.521143446165777924e+01
1.510594344988514059e+01
1.556523354297548423e+01
1.501992614225541445e+01
1.548294431378220359e+01
1.541311065270392611e+01
1.510640244696333845e+01
1.530276122506627878e+01
1.519263373804035133e+01
1.521839001240928546e+01
1.509913747742902501e+01
1.517684756420101877e+01
1.528575132859683094e+01
1.514827405692512130e+01
1.515968710366136030e+01
1.519946267219301461e+01
1.553611517276535636e+01
1.510757768273935042e+01
1.494564709742495623e+01
1.503621460666831489e+01
1.507179639399443793e+01
1.498702875659932765e+01
1.527316022897735692e+01
1.478650438270680212e+01
1.543972172896940265e+01
1.537122587504052618e+01
1.526458678106608957e+01
1.545819647887241288e+01
1.519440735237071038e+01
1.532897409901319641e+01
1.505890039937653491e+01
1.528848731750418999e+01
1.524254868035422739e+01
1.521244179097049454e+01
1.519445338140436519e+01
1.537769501399059813e+01
1.503300132528316091e+01
1.522064054855607118e+01
1.528982867061975348e+01
1.489623383301073289e+01
1.540835429206315688e+01
1.545915313497519783e+01
1.528598967009864573e+01
1.498567551899945904e+01
1.532379946439695750e+01
1.545154708485531359e+01
1.503872066314160172e+01
1.537161899160698653e+01
1.493913809996666586e+01
1.506588883630757003e+01
1.546962770131579390e+01
1.551362513482819772e+01
1.501721994519222747e+01
1.528109295612183871e+01
1.517472077809284592e+01
1.520961030930640412e+01
1.527961807780617853e+01
1.477001892558041618e+01
1.534232524923994667e+01
1.542192142810752387e+01
1.533742553740123427e+01
1.551088964165700723e+01
1.518086834868906365e+01
1.494968954287077523e+01
1.534270281996125718e+01
1.558561844913774941e+01
1.530996382064541450e+01
1.523947699169561787e+01
1.522823611950311395e+01
1.523157300430463046e+01
1.512736715993068870e+01
1.504545236899961758e+01
1.520510902459898617e+01
1.534896350585245628e+01
1.534792287817213463e+01
1.517360936723942011e+01
1.512294124830722453e+01
1.496811395541067036e+01
1.480272779024691410e+01
1.541314955817989940e+01
1.522836594489279882e+01
1.516442889774217306e+01
1.514386222099154899e+01
1.518726216665612228e+01
1.522489153002453754e+01
1.504268090802560032e+01
1.493619379707692651e+01
1.520526521443013657e+01
1.503250022725366719e+01
1.523082169352720427e+01
1.510248234644781284e+01
1.518288731665391289e+01
1.506229667424790009e+01
1.501220954227916060e+01
1.510886942203631023e+01
1.517601199505296350e+01
1.518703525067923366e+01
1.525172288454820801e+01
1.500151564116138836e+01
1.488606683078269910e+01
1.501998497576549774e+01
1.507605853273086360e+01
1.509686952606141475e+01
1.493305008308251658e+01
1.554763820444320288e+01
1.530926203561037013e+01
1.504744113014071694e+01
1.523146873474575358e+01
1.537209560062538927e+01
1.543176962719981660e+01
1.519563235622084107e+01
1.529051631558611213e+01
1.521474233195763937e+01
1.525196561570333031e+01
1.510038069569839969e+01
1.474738063757826545e+01
1.532275826139570540e+01
1.564985974989146911e+01
1.519894166737136665e+01
1.530264276083764763e+01
1.544013153718423226e+01
1.541017953573679122e+01
1.521779882037901643e+01
1.507396164423561480e+01
1.487514731719746663e+01
1.518559747942138571e+01
1.544230324323573456e+01
1.534483802998265034e+01
1.524976214310001765e+01
1.492829470425805560e+01
1.528035346189584054e+01
1.533761817778416159e+01
1.530275443174974725e+01
1.512235898460815520e+01
1.517507942161684831e+01
1.499059943486478907e+01
1.533692477890358319e+01
1.536010593158289517e+01
1.519627498537137988e+01
1.547717549108119783e+01
1.492651037221933308e+01
1.498152971458929272e+01
1.523117309139632702e+01
1.521026004047241464e+01
1.500508183895612824e+01
1.495954219272258356e+01
1.521837952984348341e+01
1.509849948348609239e+01
1.539261589435623989e+01
1.529264116983175015e+01
1.493147738527013857e+01
1.504536032443999005e+01
1.521717253041933660e+01
1.497083779432376893e+01
1.501552494126665849e+01
1.520142105482305261e+01
1.549802283610515374e+01
1.527682322208916155e+01
1.499294734118732286e+01
1.524528138526445886e+01
1.539472493340109338e+01
1.507705635673166356e+01
1.521629460366098385e+01
1.529591657115144976e+01
1.509401583231167443e+01
1.542704795995887324e+01
1.495028951863301891e+01
1.523423742471951492e+01
1.549001320574796203e+01
1.525692960318100866e+01
1.507624259671898237e+01
1.518758977979181779e+01
1.506171042485403255e+01
1.523477333886482121e+01
1.512705200470685796e+01
1.552727847075659540e+01
1.526514317171547575e+01
1.538949171181003273e+01
1.503194310866497396e+01
1.485327169527322866e+01
1.521770035503430663e+01
1.500094081141300251e+01
1.504612932689273563e+01
1.537999263300669739e+01
1.544607801663159563e+01
1.513383308856105813e+01
1.527728306270148373e+01
1.518799464858188664e+01
1.500286430347647482e+01
1.504881433377305378e+01
1.550227170397277554e+01
1.518909944208091467e+01
1.523266724678539852e+01
1.491395784524330459e+01
1.549854282319091503e+01
1.530236554587227893e+01
1.530067887478494271e+01
1.516552410545923202e+01
1.522201380759673128e+01
1.536819652581229789e+01
1.527766611184518553e+01
1.531589109100355550e+01
1.537954116510868907e+01
1.491915343866657295e+01
1.532960278322787318e+01
1.513379061334932807e+01
1.499456856882394717e+01
1.523403451144811704e+01
1.473146403520655312e+01
1.535784018799807349e+01
1.512920636328842328e+01
1.493263653232170718e+01
1.504468878222960981e+01
1.528711865135809234e+01
1.464176397975135124e+01
1.478821287020320696e+01
1.517953180393848456e+01
1.558351439838149055e+01
1.540083317335402135e+01
1.503179333780732385e+01
1.538267037585268682e+01
1.507961836892556029e+01
1.513312877057631489e+01
1.521856735022788421e+01
1.520254721032640255e+01
1.499296700745019884e+01
1.522475567430689125e+01
1.508331952704161338e+01
1.487111696187351662e+01
1.521657436228005444e+01
1.487806079961327299e+01
1.538533440781107942e+01
1.537454769785385444e+01
1.514066250625381116e+01
1.533905255859345118e+01
1.553404546439072220e+01
1.523042103565776983e+01
1.509348000181791427e+01
1.541270684446132577e+01
1.537441775023111568e+01
1.509163140815903148e+01
1.500141884327181607e+01
1.512736491278530515e+01
1.520282473785322708e+01
1.541384405306013328e+01
1.546151160801983515e+01
1.506055804996632830e+01
1.511297793516833288e+01
1.496127056578555958e+01
1.508271380778886162e+01
1.477269306056447640e+01
1.500826552121783131e+01
1.527606443281901605e+01
1.519224001055366102e+01
1.554509745491071371e+01
1.521778276716513290e+01
1.511119531279660677e+01
1.536827270300010539e+01
1.530318424454081594e+01
1.551817156140091392e+01
1.519172238143862153e+01
1.543033534289938302e+01
1.491928146630865015e+01
1.524521599762817559e+01
1.520596311951895707e+01
1.562920626421928283e+01
1.507752290004566831e+01
1.473589515743613809e+01
1.554416112467044364e+01
1.545121369457592486e+01
1.496633198268350284e+01
1.498770858305274345e+01
1.534175128679177291e+01
1.528857576298571885e+01
1.529588969109054730e+01
1.547311873512006031e+01
1.515431086646255388e+01
1.505918159608820694e+01
1.546609109315783925e+01
1.516280981086345037e+01
1.520154691479853426e+01
1.519387235650075318e+01
1.492602117161980679e+01
1.553043630225475802e+01
1.519790550859040401e+01
1.491494237135029621e+01
1.501832729732507055e+01
1.529865260386406689e+01
1.531296271727942049e+01
1.521341574294029009e+01
1.513146430794161468e+01
1.512834388199066282e+01
1.529109460217028094e+01
1.506149978418834579e+01
1.543220919419988313e+01
1.524871619135000600e+01
1.525726347081234380e+01
1.498608740272622697e+01
1.508837261571515853e+01
1.514732601736314699e+01
1.515599300179581732e+01
1.500525278684382791e+01
1.577828342137356543e+01
1.503032938508513183e+01
1.534125698475302357e+01
1.499302506110204369e+01
1.520088824950557260e+01
1.529263981607952338e+01
1.520753448041062406e+01
1.568013830664538233e+01
1.507637536804475431e+01
1.531385758564520394e+01
1.512215393787848505e+01
1.489336961391329872e+01
1.518641470838846885e+01
1.544514361584052509e+01
1.522257179982962860e+01
1.489928853964984157e+01
1.486488647044740929e+01
1.515794946819917755e+01
1.491565536187430574e+01
1.501192630743523360e+01
1.528148108682596096e+01
1.531897297708798256e+01
1.537718604293399949e+01
1.506140031594568995e+01
1.517936315809794579e+01
1.497764421378555433e+01
1.534860189167273070e+01
1.504889250334532846e+01
1.503022632206864095e+01
1.518761410457926431e+01
1.538703405781494560e+01
1.530375005384364506e+01
1.527640345598110727e+01
1.533007056110456467e+01
1.532079827338359124e+01
1.535155011250867219e+01
1.505799395469539270e+01
1.527502409836654529e+01
1.522067490666016631e+01
1.498532809677101874e+01
1.530655948392603705e+01
1.534993095396834839e+01
1.512308673411824600e+01
1.522664373547283212e+01
1.563213237302752745e+01
1.510962063239782793e+01
1.512132822011331079e+01
1.514624079491852449e+01
1.499090690990426999e+01
1.551261943209507521e+01
1.521360761014739005e+01
1.506143807125943646e+01
1.545778288628801533e+01
1.490797360036289554e+01
1.528063814668623976e+01
1.511594393384831392e+01
1.529568290624230009e+01
1.515110360856825622e+01
1.530922473113568749e+01
1.539057914317260156e+01
1.516134720672570779e+01
1.518674562449184506e+01
1.517499957177259695e+01
1.484314904307808192e+01
1.539637080654032886e+01
1.506041155159924116e+01
1.545837022049936493e+01
1.528132082643405454e+01
1.533414519432358070e+01
1.479548335479171506e+01
1.495298346453363969e+01
1.538828129145649193e+01
1.511553792760240711e+01
1.517674327550903257e+01
1.551684471250280062e+01
1.504599681168869907e+01
1.510349711635256398e+01
1.550580536575279567e+01
1.528136957982610511e+01
1.508385076519754975e+01
1.502011467883204610e+01
1.534458148093053431e+01
1.496019812883946898e+01
1.498924659624420386e+01
1.545172403967042030e+01
1.559379959502520840e+01
1.532599207045239709e+01
1.523892302983428593e+01
1.511246924957117699e+01
1.502069431221477025e+01
1.516413114288909547e+01
1.518338935628665887e+01
1.536992342941289102e+01
1.556348811395075948e+01
1.527410382579504144e+01
1.494474189698650157e+01
1.533297393694258837e+01
1.553779028112236738e+01
1.525513874020459149e+01
1.539978609791754138e+01
1.516090081803320189e+01
1.531345772218141654e+01
1.532074593813390351e+01
1.526796993025873661e+01
1.526301422950799314e+01
1.525389505039116855e+01
1.526864989164189623e+01
1.524696335851842655e+01
1.502208658180771650e+01
1.516925716527217283e+01
1.559846223574363222e+01
1.549818733673823523e+01
1.544456005718823022e+01
1.539275698060547626e+01
1.537629861473378234e+01
1.534568201769959295e+01
1.544398521368951016e+01
1.529402706011997459e+01
1.493597847133391632e+01
1.507957208830449858e+01
1.511991530101868264e+01
1.530667473685572055e+01
1.536622449788154832e+01
1.530644062494718938e+01
1.508878896712256257e+01
1.506359529053031565e+01
1.523275482953129512e+01
1.507852108956110548e+01
1.517498286353787940e+01
1.501204101346394637e+01
1.532229024935211115e+01
1.513406314303518307e+01
1.494354210133820082e+01
1.544735136127334130e+01
1.505307347303430099e+01
1.537166755395287865e+01
1.527664483252257810e+01
1.521075236660490937e+01
1.513602611237009299e+01
1.551230807694671476e+01
1.541634052528585208e+01
1.521193293941436053e+01
1.524352612361872517e+01
1.564356117828452852e+01
1.522886350091700614e+01
1.491643564320622239e+01
1.510676923650598980e+01
1.528854457112944942e+01
1.530442001763226223e+01
1.516967543071756452e+01
1.514989811506515061e+01
1.481398548799578307e+01
1.497871033638922000e+01
1.542848342361203429e+01
1.509520896446810490e+01
1.532971678400880400e+01
1.559840846458763686e+01
1.542814409003934806e+01
1.527696412067722598e+01
1.518668021990670347e+01
1.545675070648639426e+01
1.519650804857001880e+01
1.548874534092247224e+01
1.539680381499723794e+01
1.515831137198220979e+01
1.500059601096961615e+01
1.533780101753151826e+01
1.493692611546210003e+01
1.553331225213177902e+01
1.553699527530343438e+01
1.519043027602769413e+01
1.536168522747067122e+01
1.503666506137961534e+01
1.543407061903953625e+01
1.531902250942066956e+01
1.492601191193177357e+01
1.519562260761610517e+01
1.543670650699683478e+01
1.550010653848360320e+01
1.528887284725520779e+01
1.489535759355321254e+01
1.523365662903196593e+01
1.521370411793869515e+01
1.506075971370665734e+01
1.509876060587346380e+01
1.544015935526507910e+01
1.515072349447744493e+01
1.500345646345914830e+01
1.515756930208907072e+01
1.519054539599516040e+01
1.539759061740709356e+01
1.515361141354389929e+01
1.524844360547775501e+01
1.517798966615895395e+01
1.538950964008215294e+01
1.538221369013727191e+01
1.564385738948795179e+01
1.488056222331025857e+01
1.513498612035765589e+01
1.525857872356842471e+01
1.519104848188395707e+01
1.519993426747528886e+01
1.514908440127035938e+01
1.506519470293046581e+01
1.529618789075159135e+01
1.524833925420666070e+01
1.519275856262839675e+01
1.536084835959562334e+01
1.516100308830053223e+01
1.520058586938902856e+01
1.498688874022705697e+01
1.540315210362706821e+01
1.555997583361242498e+01
1.525756013956258528e+01
1.556624468411399143e+01
1.510707745954992198e+01
1.518446126634236215e+01
1.518122647943799031e+01
1.510954084437478606e+01
1.525517516769174620e+01
1.554135396596161733e+01
1.521824593731513353e+01
1.508075457459669266e+01
1.547123038572895126e+01
1.501774851631477681e+01
1.498360911227674741e+01
1.514911127030912752e+01
1.514889789679489240e+01
1.491675235385818432e+01
1.529150924284917679e+01
1.573613842242013128e+01
1.513322510214586281e+01
1.500794144443555744e+01
1.517343319049000172e+01
1.548171349034465649e+01
1.525094750917999420e+01
1.537697338098822897e+01
1.543305098484635351e+01
1.525068000524505507e+01
1.524200948651080090e+01
1.495257373444899507e+01
1.535451360950068889e+01
1.536533093608318268e+01
1.552348124931930329e+01
1.520032074802411692e+01
1.509108496080999551e+01
1.517336700878429312e+01
1.513047823261402591e+01
1.553325786077594195e+01
1.537267270165893684e+01
1.505294839705372034e+01
1.517694026154157427e+01
1.493488280751352626e+01
1.557097751389303220e+01
1.489084467742186924e+01
1.485983197144397217e+01
1.541521139622497927e+01
1.523430252024975218e+01
1.503692423845271442e+01
1.559433859869143113e+01
1.504965693895235823e+01
1.537748912493410280e+01
1.520248372575472651e+01
1.481479059534941456e+01
1.535916700128805168e+01
1.509085196012918040e+01
1.530344302235231169e+01
1.538366090018169352e+01
1.509577063187862755e+01
1.508771815433145669e+01
1.489319615223616466e+01
1.552694947395671576e+01
1.503460366940897686e+01
1.491063840787311179e+01
1.531564349499789124e+01
1.513554250081339703e+01
1.538109055037473638e+01
1.524518800764339943e+01
1.511583671139811180e+01
1.513533108519348147e+01
1.550197908949714254e+01
1.524280235676075534e+01
1.505841090802029925e+01
1.517077744720847932e+01
1.542955142297456206e+01
1.514981178639971660e+01
1.551671701847851104e+01
1.522775992903983067e+01
1.532186784293079285e+01
1.497041569986276421e+01
1.525009160904284222e+01
1.503610156731289393e+01
1.531579683027524119e+01
1.536995808188350843e+01
1.502819669004329306e+01
1.515482953578453618e+01
1.518121798225983632e+01
1.548308098110749498e+01
1.537383298953369781e+01
1.518686239039393016e+01
1.543979958350362658e+01
1.521566812048342676e+01
1.516170851940142050e+01
1.539234440694716710e+01
1.524243710027531407e+01
1.512784529249649879e+01
1.499383806672407538e+01
1.509667350899827731e+01
1.531272794442762830e+01
1.518872956715678590e+01
1.528819432058494243e+01
1.529332737325171188e+01
1.540157866679325060e+01
1.525125231392746983e+01
1.507983129887709239e+01
1.559430895699381026e+01
1.496331350026778217e+01
1.538141090048566539e+01
1.520607197355914408e+01
1.517336690007006261e+01
1.543570305773371132e+01
1.534932253139520952e+01
1.520097184435379489e+01
1.516045537452577463e+01
1.498608347781663497e+01
1.483303747913367943e+01
1.554440603158665901e+01
1.521291041203811467e+01
1.507875608587302807e+01
1.500828578586735063e+01
1.521188641695822241e+01
1.535211428952282731e+01
1.518816465982817832e+01
1.535315778966631051e+01
1.524247799745270271e+01
1.503062312178722770e+01
1.506038766602569012e+01
1.568703804199103757e+01
1.514429607306190206e+01
1.490353804519688552e+01
1.527934406385881516e+01
1.540923007576765436e+01
1.506920259344117063e+01
1.537239788413490160e+01
1.522719325897720033e+01
1.507380183617477876e+01
1.512230636000821526e+01
1.529380128737586375e+01
1.533324017580885013e+01
1.511237066902651094e+01
1.495238656313330239e+01
1.514996682196470168e+01
1.548598825186987149e+01
1.513770797408958302e+01
1.538703207470622125e+01
1.509537747001031960e+01
1.505253332244200415e+01
1.528763452893345587e+01
1.515864360074620620e+01
1.529114537113139249e+01
1.509204854996617051e+01
1.524260328158592870e+01
1.504630971372216663e+01
1.541124328376285391e+01
1.520240942136578433e+01
1.524274927879140762e+01
1.518205524611229329e+01
1.529973036829053079e+01
1.490016600639943611e+01
1.500228988542568054e+01
1.497252805040390555e+01
1.546552571938845411e+01
1.522511444699066274e+01
1.508668104850420200e+01
1.514844590079815312e+01
1.566866155908000202e+01
1.501380185602946860e+01
1.523695483896162628e+01
1.543985731445913601e+01
1.519429939141129360e+01
1.525647291170004927e+01
1.474658986852440634e+01
1.502552820001116984e+01
1.524881964254628919e+01
1.488171865574795305e+01
1.517751722810177206e+01
1.522628437742357477e+01
1.488128998372063982e+01
1.512821437674170078e+01
1.543438226133045710e+01
1.500475259941632089e+01
1.528247927136048290e+01
1.527642463706040132e+01
1.511888749098632090e+01
1.526195677424903607e+01
1.517198982694449327e+01
1.523542974232595881e+01
1.505670760135096842e+01
1.557018163202424788e+01
1.502351574279540891e+01
1.509312250853020387e+01
1.495601600805754217e+01
1.519854464184726517e+01
1.500688315321994715e+01
1.505452266024900609e+01
1.539039370479586388e+01
1.523102132544940979e+01
1.514319073350388933e+01
1.521362635692682019e+01
1.509417536319675968e+01
1.513296221085127868e+01
1.526097311634424614e+01
1.490255257281334167e+01
1.529552812137126594e+01
1.520332645949584993e+01
1.511501432996989891e+01
1.514605598254764907e+01
1.484067048327083072e+01
1.512593074060780296e+01
1.543653310895585129e+01
1.517058621098927240e+01
1.499106814637143970e+01
1.492380624113454068e+01
1.516313789104538756e+01
1.512593349507920948e+01
1.498637700761718605e+01
1.509269400821000850e+01
1.500291006381679537e+01
1.518051282686038306e+01
1.555641797261237258e+01
1.533521586453610830e+01
1.522753206173575080e+01
1.505492595129590327e+01
1.539592196195194873e+01
1.552252696538018384e+01
1.521561286286820547e+01
1.509247241380162485e+01
1.556635090222851758e+01
1.499276361669484459e+01
1.539976974705021284e+01
1.506026235665040680e+01
1.555801145769801863e+01
1.527620255658384529e+01
1.536985169657794614e+01
1.485925174351764610e+01
1.506532105212013839e+01
1.491476323023724504e+01
1.490376355276717035e+01
1.537926225817059489e+01
1.538350388476455599e+01
1.540739652574887053e+01
1.525354847238143208e+01
1.509098724751580178e+01
1.542632739746152204e+01
1.511481586912347730e+01
1.513862838473142070e+01
1.505665989661638804e+01
1.525056979184744854e+01
1.554562730271682724e+01
1.540356607404392619e+01
1.515309975541986809e+01
1.510039627058759315e+01
1.495747315398316424e+01
1.516425118231324554e+01
1.499520905438902929e+01
1.541456901529716994e+01
1.530216591256774450e+01
1.538598600062779553e+01
1.529762490827476640e+01
1.528876042282685788e+01
1.518096968987549467e+01
1.520723650458248599e+01
1.570215162841742895e+01
1.533119147787722092e+01
1.549051157458185557e+01
1.503391351449990054e+01
1.514590209863269088e+01
1.516661546208122680e+01
1.534846274290312174e+01
1.505000637633795613e+01
1.560491322290792482e+01
1.506253540193857887e+01
1.558138721287562056e+01
1.518399311439938693e+01
1.513332836996210062e+01
1.515967505772071888e+01
1.521313346925001753e+01
1.549065125767988604e+01
1.517751503419479242e+01
1.495769014247854400e+01
1.524044903342753265e+01
1.499027480250586564e+01
1.565945594504872318e+01
1.520651342140609152e+01
1.498003798424321253e+01
1.538117818145007121e+01
1.502313980744615662e+01
1.503336253027848990e+01
1.518316034567569695e+01
1.526633816417773382e+01
1.496726325578538486e+01
1.516304555117689112e+01
1.530174572556629897e+01
1.541328913056841543e+01
1.544680892129035321e+01
1.506122049025203147e+01
1.553276842636978294e+01
1.515592725166128041e+01
1.496184378289275685e+01
1.514749403213367351e+01
1.524190802078565454e+01
1.528540208371530085e+01
1.517713682550147958e+01
1.505230595385780035e+01
1.530443990713376223e+01
1.540556525698669077e+01
1.534568229951582552e+01
1.549911190586377607e+01
1.512523453924775652e+01
1.557360887195014953e+01
1.546746133791118005e+01
1.503288008371234596e+01
1.531205680008033632e+01
1.501446283510797564e+01
1.527975019664305911e+01
1.520022641700843380e+01
1.501830419074348733e+01
1.522781916295249793e+01
1.508111888567983172e+01
1.509780903366548976e+01
1.502217635625726189e+01
1.516810785549181695e+01
1.507251004802964367e+01
1.502887423177889481e+01
1.525428002683549344e+01
1.516644081571258162e+01
1.524615181194114122e+01
1.547131356555179060e+01
1.519367814916675208e+01
1.488024840302336749e+01
1.528130732725304064e+01
1.520178496863686668e+01
1.537875156968266666e+01
1.559778563929876505e+01
1.523988053596706749e+01
1.533440825772195204e+01
1.522565847514551685e+01
1.531976535817749152e+01
1.509703247639154178e+01
1.501140909458362493e+01
1.506670055759365212e+01
1.534214075536916866e+01
1.498339454676372640e+01
1.537426744381365751e+01
1.533554645685964424e+01
1.510445825618632298e+01
1.544216859403768893e+01
1.504252993257369653e+01
1.521028053626447907e+01
1.499373094322677424e+01
1.522203438326277691e+01
1.523516754256456629e+01
1.519432812265780974e+01
1.513237624839189976e+01
1.540275149076651395e+01
1.517575096455421502e+01
1.548439955814130187e+01
1.503871370616387004e+01
1.485684427444315325e+01
1.511949592602733539e+01
1.541867973088160682e+01
1.492225291827530853e+01
1.538928846197612188e+01
1.502508543352261050e+01
1.495782415879025606e+01
1.517173236241254486e+01
1.535428872293783620e+01
1.512137720393250007e+01
1.557886312231204329e+01
1.509530362555189775e+01
1.521052380718153429e+01
1.492544302082338703e+01
1.523569527056408823e+01
1.513513044706046173e+01
1.515622539255552681e+01
1.509850141282699454e+01
1.563169763021950942e+01
1.488893927455178812e+01
1.515649783265619810e+01
1.511154355776329083e+01
1.537194399263677091e+01
1.536581529982442085e+01
1.528093797555571420e+01
1.492247098423157681e+01
1.494769061897031825e+01
1.520934363112013443e+01
1.516031691416932148e+01
1.542616967187077393e+01
1.504910279734819234e+01
1.506453092135032179e+01
1.496312203404781194e+01
1.485307440015546199e+01
1.523318212117513504e+01
1.521957929671083320e+01
1.527679286544370107e+01
1.532067004774614105e+01
1.516736642618736575e+01
1.493826148035880941e+01
1.504031919299489672e+01
1.534306951989237611e+01
1.547093007365553241e+01
1.533177889966908758e+01
1.483820079285595739e+01
1.532514153115691080e+01
1.522098376358558802e+01
1.532155464718371007e+01
1.512084355605600372e+01
1.528628081959003993e+01
1.533841780411862388e+01
1.528921945500609425e+01
1.551701922644370235e+01
1.523198707578892019e+01
1.519968413901252902e+01
1.534176554610689713e+01
1.523462455821381489e+01
1.486283285847949998e+01
1.503037327113603183e+01
1.491874038913011091e+01
1.516466867519685913e+01
1.514792317844114145e+01
1.537416847048059410e+01
1.516722403204942360e+01
1.528398547414651709e+01
1.517993478400625307e+01
1.526230816040520466e+01
1.534750910062703255e+01
1.505637265255910329e+01
1.542451127148971857e+01
1.513647383089980103e+01
1.527747347561825997e+01
1.516177514319798547e+01
1.551250071020166033e+01
1.546593444874595491e+01
1.533520084330626609e+01
1.542119883278712322e+01
1.485051405583978834e+01
1.506867409882508113e+01
1.520094108617886164e+01
1.528411263875642234e+01
1.530077881120866934e+01
1.492139491652614680e+01
1.515762016645748211e+01
1.520472934956453237e+01
1.520439666685872382e+01
1.523929895053755779e+01
1.529469621056264295e+01
1.525212137751045915e+01
1.536694957723109667e+01
1.536442057022192031e+01
1.531798643603617727e+01
1.542885452543910496e+01
1.533520221981139109e+01
1.517199906442778534e+01
1.505382446071508262e+01
1.516639971183517055e+01
1.490680539415670403e+01
1.529509397841325224e+01
1.526584378058401015e+01
1.534248604378624314e+01
1.514450345826161914e+01
1.530476773385389500e+01
1.532167359224594883e+01
1.523357668214753247e+01
1.511782928435268580e+01
1.508300399462597774e+01
1.554768157328056333e+01
1.532864108269272130e+01
1.518070391945674480e+01
1.529640515042886939e+01
1.510004995768001734e+01
1.543605021142555600e+01
1.536142004201080624e+01
1.527360485110012611e+01
1.526179228973738056e+01
1.528804493271305809e+01
1.507728568308979611e+01
1.514473614451459227e+01
1.543474983981765014e+01
1.491953039000484438e+01
1.549532608285271884e+01
1.502415078729011455e+01
1.512883047890469967e+01
1.486402210291567805e+01
1.496248274877875950e+01
1.519638591517164627e+01
1.491241798449447664e+01
1.535414771716073901e+01
1.527532230411634906e+01
1.538849833256173838e+01
1.509188159170866328e+01
1.517112820857718880e+01
1.533994940083489844e+01
1.494833338954869184e+01
1.512424166694909289e+01
1.561004512076018891e+01
1.516244423003450237e+01
1.517447650075910559e+01
1.505454597594959054e+01
1.543576837351876385e+01
1.516655462278228406e+01
1.533355230226300669e+01
1.520839430104857470e+01
1.529435678580444069e+01
1.516698811647744627e+01
1.496327991355670051e+01
1.509698588120933493e+01
1.513789777916599277e+01
1.544079672798070568e+01
1.523051779964374575e+01
1.535730327210044521e+01
1.526237606989132267e+01
1.541295859970800386e+01
1.536146068194671699e+01
1.507837513742791913e+01
1.532217004219421064e+01
1.500587296232537149e+01
1.509908039109564548e+01
1.565570803274017742e+01
1.544334407602358539e+01
1.526317486984148886e+01
1.512429232545328084e+01
1.528344266399948026e+01
1.535274336409209006e+01
1.537663365104114988e+01
1.523925453165560917e+01
1.544606578593213264e+01
1.498133243079313814e+01
1.518783584107846352e+01
1.493136227315484810e+01
1.544430688031448717e+01
1.506700919618711332e+01
1.543302590300777233e+01
1.508671907771009835e+01
1.506447365936160310e+01
1.517980373212529877e+01
1.523560785369447856e+01
1.477913293465007349e+01
1.524886872959226913e+01
1.500865767833381881e+01
1.531938503036313470e+01
1.503250545395131965e+01
1.500557798633590956e+01
1.498151985195230296e+01
1.490773775918053978e+01
1.515710908738010687e+01
1.500931537221451428e+01
1.513588673412865759e+01
1.529293450419554290e+01
1.516218190275464117e+01
1.534215137890849334e+01
1.525280927661325769e+01
1.511848453488474142e+01
1.498056244336649101e+01
1.503968373941633097e+01
1.501605314916467648e+01
1.536873418951190828e+01
1.520648746941276919e+01
1.506133431975650261e+01
1.516699692833558366e+01
1.519089206058347585e+01
1.502027662979277878e+01
1.509828327506423662e+01
1.490072824150546715e+01
1.495917955586155479e+01
1.527536058340370673e+01
1.491688040526042158e+01
1.531059981963815098e+01
1.551515133245376354e+01
1.548424412378011183e+01
1.521919360692586132e+01
1.509548874378689298e+01
1.527131462963219377e+01
1.509078153656760968e+01
1.532149805241742158e+01
1.528959692641564772e+01
1.521981182606532457e+01
1.512207285062067363e+01
1.510054576999326947e+01
1.525147467506755738e+01
1.483935584337747748e+01
1.495789946161724693e+01
1.506657878394512906e+01
1.540433762261999284e+01
1.524907303857559882e+01
1.535797434615045276e+01
1.515222682877523397e+01
1.528638847041645299e+01
1.517671370648604601e+01
1.528141457953625881e+01
1.517366244040953305e+01
1.494953132095768922e+01
1.525987900782942752e+01
1.496057672417615869e+01
1.509081748770745435e+01
1.501917769605636543e+01
1.538209848899708732e+01
1.548802327217986097e+01
1.520825610529151639e+01
1.491262017510491944e+01
1.531553847093732479e+01
1.513654345049244654e+01
1.550529053415877279e+01
1.523030247323266728e+01
1.541991784289872847e+01
1.524693758031912338e+01
1.524101661175028788e+01
1.539675849170666666e+01
1.491678480035718479e+01
1.509400330301417092e+01
1.527780604351466032e+01
1.532362032309071864e+01
1.478117275393393371e+01
1.544095752895064955e+01
1.545873727900723260e+01
1.524362187292761917e+01
1.505898665370633083e+01
1.517144575022675923e+01
1.558958082776962151e+01
1.527103833594464000e+01
1.545182682132402618e+01
1.481015978945955425e+01
1.516780249685626991e+01
1.518811301928318613e+01
1.534190615707142591e+01
1.531765267987568002e+01
1.540833029581005675e+01
1.515931217647125351e+01
1.562763337628056348e+01
1.511488918877650889e+01
1.514279909819290282e+01
1.509354254228991365e+01
1.532848884125699307e+01
1.526227355318999734e+01
1.544257772156811370e+01
1.561288788147541950e+01
1.526736890674572145e+01
1.500703733526669126e+01
1.497421146811047343e+01
1.538659445854229801e+01
1.543927155646630212e+01
1.520240102671052007e+01
1.513493136445837628e+01
1.520058644272715753e+01
1.534468460361904896e+01
1.506335106035227511e+01
1.533807179262203491e+01
1.510132532649038062e+01
1.535832282951949068e+01
1.532742530805590242e+01
1.507549329082665679e+01
1.527744963553289637e+01
1.500128582137429234e+01
1.515875979218219527e+01
1.512193308529299784e+01
1.533687224876253374e+01
1.526290734884027600e+01
1.536002625365748742e+01
1.518348067603185569e+01
1.535148056428217345e+01
1.476915964368266643e+01
1.550269632733026626e+01
1.509404702979088064e+01
1.549843812415770117e+01
1.554244626879523139e+01
1.526454005011394699e+01
1.524016426446776329e+01
1.524803994496465975e+01
1.532620999946210816e+01
1.540118798494312990e+01
1.496075854747877187e+01
1.482207813295099363e+01
1.515927937609347609e+01
1.511562614307464081e+01
1.512155021453435388e+01
1.532187721808974779e+01
1.531225801632367833e+01
1.508870586701595506e+01
1.566620197740185461e+01
1.515765416553624156e+01
1.552071600114396155e+01
1.553412862400899641e+01
1.516437116752699943e+01
1.557717197697195388e+01
1.487921919511784274e+01
1.526397777538231182e+01
1.520138670824803206e+01
1.556785726910012535e+01
1.499036904818609806e+01
1.494835843290778321e+01
1.505640818790062241e+01
1.513089946895074966e+01
1.507330674284017569e+01
1.539462270310123060e+01
1.540082072269194846e+01
1.518204633964058736e+01
1.554853470805223736e+01
1.514241174805118639e+01
1.549839421308316112e+01
1.538705800943879431e+01
1.526918541769137683e+01
1.486618870569646944e+01
1.511642495649907225e+01
1.537266937796889898e+01
1.526712091769491764e+01
1.531806262935079310e+01
1.529081361235826186e+01
1.524001429987485956e+01
1.545050609932886410e+01
1.542739801607504369e+01
1.482174013598129747e+01
1.510793645580544187e+01
1.507868751651845329e+01
1.523202881342002080e+01
1.530683036353507553e+01
1.528900330790383322e+01
1.494519291391065430e+01
1.495280540071763298e+01
1.509615417263401405e+01
1.525758214261658097e+01
1.522143043749436053e+01
1.531091685093745802e+01
1.546377497863848838e+01
1.530170304938076065e+01
1.533565341756312073e+01
1.490342212260628507e+01
1.511150865705181801e+01
1.497092106272894618e+01
1.528568584670411568e+01
1.527415710641377977e+01
1.525708136915024227e+01
1.542122273702809743e+01
1.545785196343303802e+01
1.526440751026585474e+01
1.545931746563403308e+01
1.558069740305948692e+01
1.506179885407579100e+01
1.474522588430380488e+01
1.523762446336738918e+01
1.511406873336066781e+01
1.543128470531995866e+01
1.544519614959337872e+01
1.528154001479527757e+01
1.530010008637099439e+01
1.534753528651393673e+01
1.544085967884581301e+01
1.495041964076114915e+01
1.516346483102553400e+01
1.537786156285951655e+01
1.517697537405646635e+01
1.555890361305240432e+01
1.520663156196399690e+01
1.538557993928336032e+01
1.514785329348251786e+01
1.525877170687945039e+01
1.537227493581552729e+01
1.513459413452805613e+01
1.504990597603944380e+01
1.529286689154333700e+01
1.512622577396746593e+01
1.522989136842375757e+01
1.541941390343801288e+01
1.524077014045380452e+01
1.535123391025903850e+01
1.559709242880463442e+01
1.532475024439578704e+01
1.539895377599301440e+01
1.496688122525658038e+01
1.544315882780102811e+01
1.535838201615985277e+01
1.505824895664474994e+01
1.551860821687935577e+01
1.491499930216592951e+01
1.515688653808691910e+01
1.507787592584291581e+01
1.526206583425936536e+01
1.533592197546710700e+01
1.523530325322266599e+01
1.524554597288263480e+01
1.526320924423761483e+01
1.516145536579805864e+01
1.512708373539315865e+01
1.550527916413876817e+01
1.531541326993565910e+01
1.534475715261093676e+01
1.524307682756228566e+01
1.521983262291695382e+01
1.574385121591281589e+01
1.517203542017557183e+01
1.532374197512210579e+01
1.519723101837170098e+01
1.498642018490367356e+01
1.558194377345920678e+01
1.526829289807219858e+01
1.519570198053708765e+01
1.544217390579406057e+01
1.504843264923547963e+01
1.514818600468069754e+01
1.539200395777798747e+01
1.524430095436748722e+01
1.492076997917818559e+01
1.484052505213667672e+01
1.510869729633256853e+01
1.490090951118784446e+01
1.555184354057167795e+01
1.507315888230064971e+01
1.500406487905338082e+01
1.525309021182434499e+01
1.530036894267119862e+01
1.540953068462155962e+01
1.494742922012319930e+01
1.506972540614119893e+01
1.498086091633259187e+01
1.507695276448147048e+01
1.499625145174043794e+01
1.544088355525475897e+01
1.462153774914664517e+01
1.543174821438585731e+01
1.514216572359649327e+01
1.558941802607248661e+01
1.518690276950043128e+01
1.510531568255559165e+01
1.515262706847915375e+01
1.508843360580200432e+01
1.525508644418429505e+01
1.500721976358653365e+01
1.530577435817418497e+01
1.540885681446526867e+01
1.536150706097324736e+01
1.510008891049671220e+01
1.514348026487200904e+01
1.502022214661653798e+01
1.512697917748663023e+01
1.500414699956634834e+01
1.514570277113243968e+01
1.519461618410232617e+01
1.505854396296746422e+01
1.519732240597062756e+01
1.542931824563576981e+01
1.541889416682160530e+01
1.503540227941419616e+01
1.526122527598907652e+01
1.496251138391754587e+01
1.540214135381897975e+01
1.512962322033035178e+01
1.513910198547597652e+01
1.579054587181978420e+01
1.507795200205982233e+01
1.519687034809046011e+01
1.484994134558700729e+01
1.504723004894020022e+01
1.481578411853260313e+01
1.512913112181135489e+01
1.507713419380828057e+01
1.517051927566037328e+01
1.536424737057419243e+01
1.527172907636220955e+01
1.524538699504160455e+01
1.550379629712531937e+01
1.499664641793136255e+01
1.474062586252174789e+01
1.541618489380597978e+01
1.499904139232469369e+01
1.517400701099017901e+01
1.541136779513605504e+01
1.531258788093695244e+01
1.487506405857279468e+01
1.489684590909027051e+01
1.508804444875513262e+01
1.576612878849451782e+01
1.536006710812744736e+01
1.526554939033127134e+01
1.506487672363970454e+01
1.498086765778447216e+01
1.530022514296979708e+01
1.511739910514350704e+01
1.554006102794908628e+01
1.506868151818965984e+01
1.509640033033108963e+01
1.541203345243978262e+01
1.537014605031357029e+01
1.499560873587761023e+01
1.537953555679231066e+01
1.521500801508147838e+01
1.527296959403112275e+01
1.518161550128993298e+01
1.544607705463580949e+01
1.520525381508042173e+01
1.518643972970407319e+01
1.509708917721590815e+01
1.523492135615068932e+01
1.494144270408306774e+01
1.510039492083304324e+01
1.511062867802993281e+01
1.520768338148341492e+01
1.529113737753068314e+01
1.507097199803273924e+01
1.509111116482208637e+01
1.531787392082221544e+01
1.527359801932257710e+01
1.538431419874599726e+01
1.545207087281946556e+01
1.526804653808969192e+01
1.492882057017572173e+01
1.566107066063508135e+01
1.520711247362735818e+01
1.526832094706138676e+01
1.489972311542392092e+01
1.550871701693758986e+01
1.538932408330561152e+01
1.499787477097328470e+01
1.507464364446707705e+01
1.515617248364456060e+01
1.522120541310621356e+01
1.492146709301224838e+01
1.508488589163616922e+01
1.512551138343129864e+01
1.503556694828614937e+01
1.513729460941957683e+01
1.526405069911142398e+01
1.538999492930351742e+01
1.502743193148901391e+01
1.524341684870986313e+01
1.532656734641190077e+01
1.544124203005083729e+01
1.542627677255044638e+01
1.483923934197433780e+01
1.527035595702564841e+01
1.525462972675900097e+01
1.537112956814946330e+01
1.515518052907225410e+01
1.521789355220546014e+01
1.583939149383218847e+01
1.502465669430801753e+01
1.503602933887840898e+01
1.525789717709002424e+01
1.494400853619559122e+01
1.550757396479842321e+01
1.520971930662437011e+01
1.549772123293652371e+01
1.526935465917573431e+01
1.532701713191867832e+01
1.522098848342122501e+01
1.498545110261143520e+01
1.511896906848699551e+01
1.510620695495491361e+01
1.543676522900962844e+01
1.517066256166283900e+01
1.481147136942693265e+01
1.541058995189841418e+01
1.525556870707344359e+01
1.531885001476300801e+01
1.552301520331999107e+01
1.520353218106000703e+01
1.527878776168426711e+01
1.546804670891120992e+01
1.497540000712975861e+01
1.532945733370069163e+01
1.503827342988629390e+01
1.511265386390821952e+01
1.551223679680058964e+01
1.565079173557496439e+01
1.545600478722878890e+01
1.542674005017818395e+01
1.500959895724498239e+01
1.523614280537316290e+01
1.510794915366120428e+01
1.516161310323768951e+01
1.555148849577210868e+01
1.515529959293279383e+01
1.526294431648372552e+01
1.515271350297601316e+01
1.501987302594645968e+01
1.528007872804949763e+01
1.532856389634047645e+01
1.539045967209866816e+01
1.512594455825007600e+01
1.499374809482216619e+01
1.508273898739573937e+01
1.523869616900717538e+01
1.493684325586882267e+01
1.524001247978647733e+01
1.535230979482039260e+01
1.546088254325996658e+01
1.518379452981996458e+01
1.547900012053436214e+01
1.522559492296904438e+01
1.523860263473902421e+01
1.514029770899269245e+01
1.494903717946110788e+01
1.522518799980323578e+01
1.529404394479178997e+01
1.520229419369896817e+01
1.523590241000237810e+01
1.474635667242807635e+01
1.539811380927840645e+01
1.545400195884478656e+01
1.506112456223529250e+01
1.526034972031279935e+01
1.519077325761124442e+01
1.531576536637247976e+01
1.492966414423319321e+01
1.476446372484455338e+01
1.532557176778128039e+01
1.512559987703139264e+01
1.510749051825167300e+01
1.478739142542513996e+01
1.505063727380279381e+01
1.520839659122953869e+01
1.555665658863281031e+01
1.532077553500255362e+01
1.510458755798655339e+01
1.503266177858607833e+01
1.560090472331002864e+01
1.495176637668192043e+01
1.524918451255018503e+01
1.516836177033981414e+01
1.556290588335585667e+01
1.473755434960888699e+01
1.542461965701570747e+01
1.504372022924554209e+01
1.513719997153922669e+01
1.507164788258856980e+01
1.504946815081308742e+01
1.528694742154876529e+01
1.511647505503351496e+01
1.524554572648175466e+01
1.480557280574044476e+01
1.508366648932437570e+01
1.494771526655413574e+01
1.552183552123795707e+01
1.506299845664864101e+01
1.515349705484935861e+01
1.493204674299947499e+01
1.544870653373852143e+01
1.519638816727305297e+01
1.574636211197791980e+01
1.540539881078564122e+01
1.553524159222358492e+01
1.513409198494476371e+01
1.515532918753206815e+01
1.520231153319858031e+01
1.505436965689927575e+01
1.523709773917981636e+01
1.531065009032950996e+01
1.526524698225260579e+01
1.502602598003966605e+01
1.519391933576316767e+01
1.512500348712280385e+01
1.534475625615175964e+01
1.516976514406769638e+01
1.502184713443669573e+01
1.530069382468812300e+01
1.509839628348587759e+01
1.533875594735721748e+01
1.543891105978500633e+01
1.534876783727997740e+01
1.498269876790311805e+01
1.528623262752691581e+01
1.488743228092669924e+01
1.501068313382562636e+01
1.482783181388567328e+01
1.529185347113500981e+01
1.523819710676109729e+01
1.467844066023542560e+01
1.520530978460662652e+01
1.522400221065619164e+01
1.516408721430788731e+01
1.524329128188068516e+01
1.524144373532182861e+01
1.500803591592167230e+01
1.492035309697471845e+01
1.531912341933989552e+01
1.533053776407109048e+01
1.517106314180814586e+01
1.518510656606659559e+01
1.532295025294005875e+01
1.483046974032895626e+01
1.531562975515926794e+01
1.511804038345564294e+01
1.545304935771509491e+01
1.537363676600376117e+01
1.506763728921541912e+01
1.512676836904704381e+01
1.500629232413538894e+01
1.511260463431997891e+01
1.529460797859878340e+01
1.554956277338275861e+01
1.567990638816356253e+01
1.549983036924428959e+01
1.505995864288526143e+01
1.521603014928441944e+01
1.551898689446729840e+01
1.537307486876104967e+01
1.524851286490398117e+01
1.525958594661718237e+01
1.490924270941149565e+01
1.537794414386325137e+01
1.513119641673731230e+01
1.533182517744993945e+01
1.531077683749787965e+01
1.489204870486115695e+01
1.522693770564860216e+01
1.474310803184669894e+01
1.498784328655165865e+01
1.533400217493089102e+01
1.529753595440906189e+01
1.538287901295030125e+01
1.538899387458444146e+01
1.496680896790651261e+01
1.487209542585008570e+01
1.512354938654014802e+01
1.534047189903402320e+01
1.530509596206938916e+01
1.505551987106694334e+01
1.515520786280431764e+01
1.529518036464912534e+01
1.505933870860728874e+01
1.520909202007476324e+01
1.520441979352960615e+01
1.540691108448492130e+01
1.562213862982747337e+01
1.513283153144585214e+01
1.515826475248358207e+01
1.519435060874801025e+01
1.511905746455869526e+01
1.569908204574238830e+01
1.523747697929269052e+01
1.485524951414566175e+01
1.512598279334266849e+01
1.524861408037428845e+01
1.547651200337237754e+01
1.515134803213563508e+01
1.530778599062364620e+01
1.521598804031679109e+01
1.484371172545562523e+01
1.562613821819344295e+01
1.553187437398457504e+01
1.505449722847239258e+01
1.535525173907718077e+01
1.503457969965308294e+01
1.490113856215414678e+01
1.512770320154568893e+01
1.521589750392726970e+01
1.554016090164012809e+01
1.485686800980841760e+01
1.521928013237733346e+01
1.500607053855311968e+01
1.530750091107714361e+01
1.506967052616810854e+01
1.528312859932314360e+01
1.543295389899527947e+01
1.525306210383014971e+01
1.531438575934550528e+01
1.530045711246197371e+01
1.519316826329173331e+01
1.513622096812573936e+01
1.525429017204926119e+01
1.534242133871047820e+01
1.479355250835430269e+01
1.515041770556208789e+01
1.532053336809357980e+01
1.530163466264197858e+01
1.502793608272049042e+01
1.530696810595156698e+01
1.557396118266979279e+01
1.528190500703166421e+01
1.550788552582462465e+01
1.500100383421242611e+01
1.542234425318282298e+01
1.501549607406191100e+01
1.536194495085687173e+01
1.526677621767400694e+01
1.474405680234692184e+01
1.537140971466169503e+01
1.511147232054201162e+01
1.522582618127343146e+01
1.545699631365594584e+01
1.521960892197574822e+01
1.514075478187096735e+01
1.533422790099663047e+01
1.529857020848070803e+01
1.496947583419518146e+01
1.527861426932003219e+01
1.526690380192671093e+01
1.493777869302209460e+01
1.515270384540242432e+01
1.508330130657361856e+01
1.516170208413456777e+01
1.540121762177284559e+01
1.505252229933376462e+01
1.515852856929327075e+01
1.536407455534942734e+01
1.519716794222977185e+01
1.549116891472906588e+01
1.513326203390132818e+01
1.544954614897113920e+01
1.530854629824791324e+01
1.564712000555388194e+01
1.514898670242880385e+01
1.517630764526841602e+01
1.508348405748234633e+01
1.526472096855296812e+01
1.532410529132405763e+01
1.537163455397293532e+01
1.510384234468883413e+01
1.494374986169897390e+01
1.511753424924665445e+01
1.506520326463067150e+01
1.534519237867086261e+01
1.505956457757316613e+01
1.506469848644562326e+01
1.512626592194140507e+01
1.517199484635228757e+01
1.498501936987470273e+01
1.541755664961116068e+01
1.502619149664701581e+01
1.516527627399470290e+01
1.503260806266004934e+01
1.490884372367351318e+01
1.556431648101875176e+01
1.503747848826393430e+01
1.510763228648008827e+01
1.527279409199919691e+01
1.519087418484424745e+01
1.487004130328076101e+01
1.542249045464481760e+01
1.507714271481933821e+01
1.521766060452398861e+01
1.534426859920580632e+01
1.515823867990125606e+01
1.514200944755578071e+01
1.506295151320049364e+01
1.504111897145635979e+01
1.526041589775329577e+01
1.505714095634086291e+01
1.541241822294742647e+01
1.555105071481373358e+01
1.532498052607045835e+01
1.521237971899954111e+01
1.508070279617047937e+01
1.519094026979446355e+01
1.497779695470536332e+01
1.518497417097967706e+01
1.522488485462128516e+01
1.502887751234013081e+01
1.520773266713546334e+01
1.524277508806313186e+01
1.482198218484662000e+01
1.527222300276599398e+01
1.525121628182244216e+01
1.501956495581871920e+01
1.524290421620953850e+01
1.531576078232201787e+01
1.519114491520240939e+01
1.529667111666305601e+01
1.530879163381511887e+01
1.533315389473427004e+01
1.501267889826119273e+01
1.526212269524226528e+01
1.523531155654888281e+01
1.522957495889077784e+01
1.496147276078506572e+01
1.511910728351014477e+01
1.531179087773173997e+01
1.553155152866681199e+01
1.519400484307784360e+01
1.496515038284229249e+01
1.501284714314933666e+01
1.528284270817752777e+01
1.536353034126474171e+01
1.526955654166413190e+01
1.498767949393825205e+01
1.505270470835375640e+01
1.542564989780918516e+01
1.499773114360387360e+01
1.516108758763576070e+01
1.500270313424781854e+01
1.515942411480562058e+01
1.510076104948225328e+01
1.511939111673546421e+01
1.505017882394349371e+01
1.551568479930535993e+01
1.529983714133940076e+01
1.524783139719377623e+01
1.536853756780713276e+01
1.539087594401091508e+01
1.525672156196855056e+01
1.513867108024529351e+01
1.488449331101936224e+01
1.495508713022650227e+01
1.521147562168145662e+01
1.509157351328065211e+01
1.524924181705551440e+01
1.520306859785201148e+01
1.526103022784946717e+01
1.535419859199279990e+01
1.527785751632535494e+01
1.513100712376092005e+01
1.522402224653569114e+01
1.534262672475033895e+01
1.517560088557219089e+01
1.507499127669894889e+01
1.505475755219715950e+01
1.552627558919506079e+01
1.514384930247809002e+01
1.534448733700111056e+01
1.503813876607766531e+01
1.513780200733567405e+01
1.536670933726200161e+01
1.533761310427524194e+01
1.522653269779892504e+01
1.519099104791763999e+01
1.556632915666305017e+01
1.511011566212610724e+01
1.531966217618339421e+01
1.536177598316225890e+01
1.538284878833255931e+01
1.554459140955627028e+01
1.519446571512346722e+01
1.524752163977906960e+01
1.552497047703241151e+01
1.524395321216906574e+01
1.539479233645316114e+01
1.456764004250916145e+01
1.531414837934870121e+01
1.534843622728990375e+01
1.536984824448366105e+01
1.533565976511864903e+01
1.502555325770574335e+01
1.493094576695922271e+01
1.491446343205791969e+01
1.517096171221672130e+01
1.517020794203598655e+01
1.528212142390262329e+01
1.497477298470981033e+01
1.556995704994649188e+01
1.487954709851765323e+01
1.513733920518804688e+01
1.524885682740650772e+01
1.510262568791562821e+01
1.507868882357870000e+01
1.532590181394356854e+01
1.486042365671367271e+01
1.501630403925664758e+01
1.488952210001013832e+01
1.520527989728725693e+01
1.560509523147906030e+01
1.524223115496610070e+01
1.517384676163302437e+01
1.520253995339381170e+01
1.523214932858009618e+01
1.518929708917803900e+01
1.536173701285359883e+01
1.532882502479382403e+01
1.531063414319791249e+01
1.496563926934065414e+01
1.521694020846947382e+01
1.531530071723376984e+01
1.533670401758805824e+01
1.544892165272583107e+01
1.509898949261861034e+01
1.517354800308861940e+01
1.514876171509716407e+01
1.524740785280160438e+01
1.491424263409211370e+01
1.544312032141322000e+01
1.544384508963150182e+01
1.553416519249520711e+01
1.527053433336241284e+01
1.535873755517117090e+01
1.527949848870564686e+01
1.505765393519094353e+01
1.522812172212601745e+01
1.507717202840720816e+01
1.515220861361748206e+01
1.471352477488023247e+01
1.530825709622135555e+01
1.508488173416310829e+01
1.499775737233829886e+01
1.527031495747249856e+01
1.506079622526442208e+01
1.540391443394995363e+01
1.520445509825210806e+01
1.507100125512793731e+01
1.543958752130197531e+01
1.492854355925832266e+01
1.521662448915386179e+01
1.502789144502115626e+01
1.494463329063905022e+01
1.511716903022039382e+01
1.521560572356959007e+01
1.528577100184160997e+01
1.533574833364943579e+01
1.506074051412711867e+01
1.514361841766132777e+01
1.496642412303859082e+01
1.547956126552658418e+01
1.525405890015185051e+01
1.509099284628730686e+01
1.504353261246841633e+01
1.513927635773145930e+01
1.529112788790378019e+01
1.548893272420998279e+01
1.540148674082390201e+01
1.519441991769837763e+01
1.496377155206942078e+01
1.543261872741425123e+01
1.559213093639248982e+01
1.531562817476242166e+01
1.533316964469301524e+01
1.515037744487500149e+01
1.515994443915410628e+01
1.528162088848484146e+01
1.524595703442484762e+01
1.516240746735258504e+01
1.532868736121399067e+01
1.524329160149149054e+01
1.509864265340640799e+01
1.524355502005531093e+01
1.533867028325206228e+01
1.545640794805529872e+01
1.519784757823767229e+01
1.512089067807615272e+01
1.526856192306447468e+01
1.519260275820225559e+01
1.530490586200393111e+01
1.470717747807712961e+01
1.548848700022588609e+01
1.520911616651260090e+01
1.490879689835604083e+01
1.495468112082838452e+01
1.513299781352957041e+01
1.549309519622939746e+01
1.506130180969097765e+01
1.512890539583744598e+01
1.537125182554818181e+01
1.523159866237190130e+01
1.553640932616491810e+01
1.538510453108058407e+01
1.508247492788215993e+01
1.504601419768573933e+01
1.541680559814327722e+01
1.527275338016323225e+01
1.496514584234805412e+01
1.529572742572093880e+01
1.515067693312122721e+01
1.543299511787641798e+01
1.512856554205433568e+01
1.512894244831169921e+01
1.521965885118507700e+01
1.536374338449421195e+01
1.540919568461476352e+01
1.525420437444656052e+01
1.490169683900439423e+01
1.507685230253680153e+01
1.541816389393229514e+01
1.549210203287795018e+01
1.520804438453498619e+01
1.528053885865598005e+01
1.535389607631711506e+01
1.499283081448867705e+01
1.503435731911698170e+01
1.531238971149031691e+01
1.516532868499690068e+01
1.565470622180349736e+01
1.522583531744058227e+01
1.533162446794323941e+01
1.530623559035521275e+01
1.505773864642554827e+01
1.519002612114005935e+01
1.511222082949226220e+01
1.534728148851490381e+01
1.547765544691150374e+01
1.533252367628073287e+01
1.538157561382984539e+01
1.528111004455098687e+01
1.548210163620524860e+01
1.489231949669134281e+01
1.504475805967185487e+01
1.519797247646028104e+01
1.506751282334036723e+01
1.526477049661403385e+01
1.558519720481424464e+01
1.526661206802261539e+01
1.487184241912589044e+01
1.517301602129805538e+01
1.540046533524432704e+01
1.540377077241828552e+01
1.514791367498082941e+01
1.507116283796014500e+01
1.562043732042159938e+01
1.545596215408030716e+01
1.497420147130467427e+01
1.528707228315683508e+01
1.500269538535865976e+01
1.547676944787605358e+01
1.512418915737537439e+01
1.517449839556905111e+01
1.525333939874524525e+01
1.528482329403584039e+01
1.523928226111269169e+01
