# Variable: A_2
# Sample shape: (3000,)
# Date: 2018-05-21 14:27:07.602517
1.609757471784372029e+01
1.607647535499054925e+01
1.587353801282341870e+01
1.638306462970899346e+01
1.609739978906550562e+01
1.609371041461956509e+01
1.613360550429157669e+01
1.602857015472574531e+01
1.626311781997523198e+01
1.612633000146789541e+01
1.630454881093012887e+01
1.595303568484136214e+01
1.588582501665323932e+01
1.619561874095667164e+01
1.640931134043304951e+01
1.635336988788620260e+01
1.636073852782313409e+01
1.616200562435126287e+01
1.599941539069494389e+01
1.598548129973274001e+01
1.628352479848522805e+01
1.637863887791182549e+01
1.605255536015466689e+01
1.635909279649745685e+01
1.608539030409972526e+01
1.599993173569192173e+01
1.619479461233735051e+01
1.617187507463091478e+01
1.593248889955930103e+01
1.607158784485965697e+01
1.592745175070717778e+01
1.606679317111870375e+01
1.594641923316539156e+01
1.592654078742907409e+01
1.632193821247551213e+01
1.614626752942098165e+01
1.603952984805661330e+01
1.585460942008456264e+01
1.595394569476507662e+01
1.614191019869544874e+01
1.607826100431350724e+01
1.613056191360833935e+01
1.626575676792998237e+01
1.581567503621736215e+01
1.622731633489785352e+01
1.602732305305892169e+01
1.621278057971640862e+01
1.643842258253610211e+01
1.596228680453266335e+01
1.634248363196984144e+01
1.611839951303755569e+01
1.622204008081063975e+01
1.619659934228677756e+01
1.614962175084145812e+01
1.610333405071892088e+01
1.593960535116385557e+01
1.618459086560622140e+01
1.620309608409879587e+01
1.612933672684497211e+01
1.617444908911656398e+01
1.624045700408905191e+01
1.608293467272808286e+01
1.575012870439290502e+01
1.614181620905836567e+01
1.593282508878590242e+01
1.605401023093271817e+01
1.616921177792573161e+01
1.621003465245770769e+01
1.591021293807358639e+01
1.621634533061986971e+01
1.616014471987598711e+01
1.598190134598930001e+01
1.610293209096463229e+01
1.594687788326441691e+01
1.599639012597810961e+01
1.605262300904054840e+01
1.613602793231533639e+01
1.627719300537187053e+01
1.600083893629257403e+01
1.592900114090005914e+01
1.612578504615869690e+01
1.629462219043806570e+01
1.622944102483695872e+01
1.611922267504290573e+01
1.610343547532194819e+01
1.611982078597440449e+01
1.627505720580876769e+01
1.614657716441206503e+01
1.616921345914173003e+01
1.602866186366267698e+01
1.617262770050329124e+01
1.622284882219183899e+01
1.611039620424742935e+01
1.580530447799118043e+01
1.586298951599194673e+01
1.614662048263607375e+01
1.634027602330114703e+01
1.568938645639317109e+01
1.637339959281896995e+01
1.636896582965331248e+01
1.603920656012531865e+01
1.633667086647199440e+01
1.597278124839720270e+01
1.644679057871761785e+01
1.584954266635727116e+01
1.626915953502448531e+01
1.621148960553312435e+01
1.593182599605765937e+01
1.634056065812427860e+01
1.662273466868469640e+01
1.624759506831906819e+01
1.601871605636293339e+01
1.647181728169879023e+01
1.611692925745147775e+01
1.619958799550443018e+01
1.574256847045188934e+01
1.605705217779208382e+01
1.587000253971916308e+01
1.595217941563534580e+01
1.598836330680273754e+01
1.553935819166786203e+01
1.618814522737704564e+01
1.610666818712147119e+01
1.636858464625741050e+01
1.617714034749726792e+01
1.646392910303531210e+01
1.622877788898648888e+01
1.611295595207211306e+01
1.635372416251403394e+01
1.604474268161789041e+01
1.613907386415614909e+01
1.608587841080533920e+01
1.634972310854380950e+01
1.626768355719515924e+01
1.615054022009633528e+01
1.588982954107063250e+01
1.595966685113939576e+01
1.614327897360977815e+01
1.575512877383084742e+01
1.601490051932417913e+01
1.635449130221004665e+01
1.643250092115395944e+01
1.604183955444117871e+01
1.603870192015012108e+01
1.589463568203786359e+01
1.617011840042629345e+01
1.621131632012082591e+01
1.586963702136561416e+01
1.613604236337665299e+01
1.644533221387332489e+01
1.592823422419795421e+01
1.602103034844696694e+01
1.650296787363558337e+01
1.573594981591101138e+01
1.604440961429223123e+01
1.590497847844724255e+01
1.615437295893739389e+01
1.588643223181508546e+01
1.591698762088882724e+01
1.634068505483663714e+01
1.620068081906511992e+01
1.602673592810500125e+01
1.588956482928460368e+01
1.564274757860829368e+01
1.574975320701769022e+01
1.620888201094258463e+01
1.614152102244878506e+01
1.627937222578852783e+01
1.618183627118946433e+01
1.616313567840024135e+01
1.620656604211667329e+01
1.621213102478763801e+01
1.598261935785402876e+01
1.601418388677902627e+01
1.608378364254942028e+01
1.619439381131520506e+01
1.661378931419031701e+01
1.619128000025169811e+01
1.590222401095216931e+01
1.598526977848229258e+01
1.615468811532059590e+01
1.606631428701766851e+01
1.621800126884211934e+01
1.606788108456052555e+01
1.596565878706351072e+01
1.583104029785483391e+01
1.622999767614893685e+01
1.599128555521561879e+01
1.620458404956101361e+01
1.615909566267218977e+01
1.614967132399019789e+01
1.619289473794403023e+01
1.594921478141855964e+01
1.624210130847375666e+01
1.603195337854375779e+01
1.593466748830005386e+01
1.603359461816662801e+01
1.618543470073090873e+01
1.614949087965736751e+01
1.636932858608422947e+01
1.639729713298130775e+01
1.601349513394541191e+01
1.590825392625238521e+01
1.646416520485740520e+01
1.626142051262180743e+01
1.613541896426624689e+01
1.631625123394730537e+01
1.644396887654911055e+01
1.613694275212851537e+01
1.597837990803505726e+01
1.615414522365849592e+01
1.616434286359955408e+01
1.608268682189396159e+01
1.621110998245366019e+01
1.610397423247385973e+01
1.628638975435118752e+01
1.609105044221237435e+01
1.639169461794313420e+01
1.590733366493043199e+01
1.604472963389308759e+01
1.624206421403745182e+01
1.612530496965835880e+01
1.632020892533419598e+01
1.607675910203231595e+01
1.655079017697735821e+01
1.623802114825474874e+01
1.610094173292379338e+01
1.612296165349830801e+01
1.636656040619575947e+01
1.591619708153503510e+01
1.614994055918259974e+01
1.608338997474831089e+01
1.616100593733219171e+01
1.629155578343144484e+01
1.610182454169494548e+01
1.612987691116190447e+01
1.643666692097451332e+01
1.596698944557124200e+01
1.574413974459891996e+01
1.624158193349806822e+01
1.625926471714906540e+01
1.619748757670160089e+01
1.609874905171543702e+01
1.609717970735844261e+01
1.646271986541427168e+01
1.599965371117528967e+01
1.596206246803512485e+01
1.613370388400231903e+01
1.578003473941744339e+01
1.607650936991398183e+01
1.610083170418209519e+01
1.589524819835906300e+01
1.596093669251329139e+01
1.605083394635321525e+01
1.604723529050898279e+01
1.575176462194441740e+01
1.606308016371454173e+01
1.640592629470920727e+01
1.604586829325285890e+01
1.618476575683984819e+01
1.664798300402648223e+01
1.613985542024020958e+01
1.600549901672148323e+01
1.627567505518296542e+01
1.580310464400289661e+01
1.612961523858563950e+01
1.611582934534200007e+01
1.596672993614393299e+01
1.581724806274134920e+01
1.635629002345818606e+01
1.580625424974469162e+01
1.621946516968896645e+01
1.556091937129416358e+01
1.591056782208993781e+01
1.606975584331543416e+01
1.614576043988322596e+01
1.631659690290790721e+01
1.617773158373790920e+01
1.612706215710378643e+01
1.633901141415985947e+01
1.611596584340915683e+01
1.606103448221315944e+01
1.615767830099088087e+01
1.605562488696373435e+01
1.642778585366263044e+01
1.607520569941641853e+01
1.632633971645829263e+01
1.633571213313688020e+01
1.600688376584989925e+01
1.604019734641111583e+01
1.632000448414694560e+01
1.608134809079498240e+01
1.656711303612327768e+01
1.609590438014813074e+01
1.607994523989441404e+01
1.595899378029982429e+01
1.634045443069688730e+01
1.607948193638198120e+01
1.619986116582274249e+01
1.620700080731283066e+01
1.587329457675153854e+01
1.603329300034437921e+01
1.639585984480877556e+01
1.617379394992391894e+01
1.602800068385626631e+01
1.640495483833325352e+01
1.621462541593248119e+01
1.626401437967913211e+01
1.595007725965471757e+01
1.588407016740861977e+01
1.614916449330071302e+01
1.589647191694342432e+01
1.608712273631086376e+01
1.608106520092520952e+01
1.571557932483005793e+01
1.613222638203021830e+01
1.605026986323554539e+01
1.622758534251867246e+01
1.609021260437481260e+01
1.601131203656278146e+01
1.596572392060168077e+01
1.603772155965849322e+01
1.630769803564609788e+01
1.604379394210129561e+01
1.591259040754781040e+01
1.608002077276513475e+01
1.598715720375862936e+01
1.582870476662661829e+01
1.627418759739782672e+01
1.620698873929543637e+01
1.603197911733971637e+01
1.634317497586735968e+01
1.639667126688770438e+01
1.599966071741146401e+01
1.658657883872736960e+01
1.563210061782233851e+01
1.582239716667700158e+01
1.602973708444410406e+01
1.614369694854124759e+01
1.603492352538957988e+01
1.612900979515054445e+01
1.610433757631832563e+01
1.604621751961452603e+01
1.601531110120767210e+01
1.620397511463214713e+01
1.606505491999642743e+01
1.599964977368778030e+01
1.602534928407105852e+01
1.627436838012457088e+01
1.612951676774896015e+01
1.613271164095601762e+01
1.643916342945539100e+01
1.611174365033688360e+01
1.610048467609480838e+01
1.588178037645122487e+01
1.616659125987666457e+01
1.598823347929474181e+01
1.636621281513389192e+01
1.583056394561546121e+01
1.625244841385874039e+01
1.588925792124167025e+01
1.618442393422373016e+01
1.632702806958614161e+01
1.616456677702458578e+01
1.622106621239797875e+01
1.627988512131941334e+01
1.618972352804448889e+01
1.612444314277746216e+01
1.598774614120497439e+01
1.600009306301897283e+01
1.630604394694613646e+01
1.620068212280619235e+01
1.624652751400447670e+01
1.596559526323601652e+01
1.625510603897212647e+01
1.646137787247857887e+01
1.584607391777196561e+01
1.621839413641344052e+01
1.634748484919690981e+01
1.640073636264050805e+01
1.626701490175963372e+01
1.621833493288082906e+01
1.593745147691947039e+01
1.601088239422127657e+01
1.584210591123318324e+01
1.587145277198225912e+01
1.650815016910623712e+01
1.611795640867733326e+01
1.618787806989951505e+01
1.616136994107155189e+01
1.611038629112007570e+01
1.598057636758579747e+01
1.619050367777487764e+01
1.620768427959380631e+01
1.615084217080562823e+01
1.595070711604312663e+01
1.637169274301333388e+01
1.627511561038420140e+01
1.619672751401181898e+01
1.657744784124281523e+01
1.584643894517406970e+01
1.608075698075510829e+01
1.628191255925062819e+01
1.600083577436742388e+01
1.648902705562836957e+01
1.641659737013664611e+01
1.603084508486153936e+01
1.613252747141669730e+01
1.600505864490869712e+01
1.604823330858756592e+01
1.577027829737832931e+01
1.612001871831023436e+01
1.605761465354172302e+01
1.625752315653491920e+01
1.619075317704333727e+01
1.602042881982306000e+01
1.629401690452786156e+01
1.641339867989404411e+01
1.594645086653152788e+01
1.618509870114215943e+01
1.641611774876290397e+01
1.614637712127730040e+01
1.604347732209773625e+01
1.593415600467112903e+01
1.600127203328296943e+01
1.628955791032542422e+01
1.594434884774447347e+01
1.643922532126415703e+01
1.603341910140981597e+01
1.640097694134676232e+01
1.592119110014546379e+01
1.614718530369502147e+01
1.598063899932702547e+01
1.631519379140323878e+01
1.611531430954208588e+01
1.585401162090650118e+01
1.592702880116022435e+01
1.596215998053062357e+01
1.640298961298406510e+01
1.654176071199234954e+01
1.640498651887823200e+01
1.591744128040027917e+01
1.629092255358579422e+01
1.631902391246301320e+01
1.601813847679990133e+01
1.626262256726599986e+01
1.592549378775390068e+01
1.620633917770977916e+01
1.605590746819273562e+01
1.592057824782471442e+01
1.609265336198700425e+01
1.607805808857695240e+01
1.600755321700144762e+01
1.615385676363675316e+01
1.583372516305815658e+01
1.626183606068337539e+01
1.600758167482007366e+01
1.642779878106255609e+01
1.654771967182972858e+01
1.628973385909794658e+01
1.580165835418619658e+01
1.626364690942305202e+01
1.628070014200767801e+01
1.610553459104473362e+01
1.615048154659126567e+01
1.629838178222519929e+01
1.631637538392873310e+01
1.593446446720788678e+01
1.595820260110666311e+01
1.628506983721364776e+01
1.615056124645634483e+01
1.644062364994741543e+01
1.593871438575013499e+01
1.603774362393875208e+01
1.638454807568937710e+01
1.620671299475410621e+01
1.642580477637894631e+01
1.575931584831816856e+01
1.623189547211017114e+01
1.644318755929143094e+01
1.604436224615675144e+01
1.627194779066324060e+01
1.616758339852903248e+01
1.592657510644145091e+01
1.621295503147104355e+01
1.613118373980137932e+01
1.605877401665009074e+01
1.638826623081892109e+01
1.628869178476176671e+01
1.639388626269199989e+01
1.619987977333131823e+01
1.622856270437300807e+01
1.608492376024119608e+01
1.626199424031782925e+01
1.637310984100221134e+01
1.636512375129466079e+01
1.611992719658923079e+01
1.606819199465005354e+01
1.605401151189571607e+01
1.618335431165535709e+01
1.669655792899866142e+01
1.635515603116309435e+01
1.603611158022026117e+01
1.599997708557007492e+01
1.587962090279063609e+01
1.636959202345336095e+01
1.629043782747287139e+01
1.621912049755887608e+01
1.647934394292185445e+01
1.599171198003231709e+01
1.592496722697443090e+01
1.607457720767858333e+01
1.573559408574998031e+01
1.616374832924666194e+01
1.595318412543327469e+01
1.616181641941613023e+01
1.610664613658792987e+01
1.622016549343721437e+01
1.618889920238173019e+01
1.630473685268467676e+01
1.612210922345157016e+01
1.626118986844885583e+01
1.627390011843925421e+01
1.609421298937256140e+01
1.635346569119155902e+01
1.587364326071889487e+01
1.623718161516219638e+01
1.601565631633103237e+01
1.606813771489572673e+01
1.618909094797452752e+01
1.608154124437647070e+01
1.599112270106538425e+01
1.588727300291490252e+01
1.597959348672439361e+01
1.631686912130911793e+01
1.619438318715729608e+01
1.638029214078566298e+01
1.614255188871631930e+01
1.618826925016104212e+01
1.582221881989141821e+01
1.639329010583421820e+01
1.616075369031656805e+01
1.654836697430630466e+01
1.609613588345605351e+01
1.583319490224289261e+01
1.607832907310081438e+01
1.595377945929018360e+01
1.626971598653481266e+01
1.628154850897032446e+01
1.633449633935479994e+01
1.621910588187684610e+01
1.633516342033241386e+01
1.612843257001564368e+01
1.560162360583775154e+01
1.609320417957819416e+01
1.624139680880665537e+01
1.619743662842180143e+01
1.616080894208534957e+01
1.572943099752639462e+01
1.599683815129118081e+01
1.611405673684937057e+01
1.647867068849576455e+01
1.613660151268823029e+01
1.620069846102704147e+01
1.641884541790828678e+01
1.610502910751657524e+01
1.626425882176367566e+01
1.588667822704023358e+01
1.594166457106449819e+01
1.593273652327035528e+01
1.627305157916106992e+01
1.591132447849834897e+01
1.669876282980789028e+01
1.629136573560179357e+01
1.620197885111053537e+01
1.587958781639406602e+01
1.593776938546895217e+01
1.618070327128648600e+01
1.609165210656617617e+01
1.607053828680447793e+01
1.619549857670929782e+01
1.596230306882139871e+01
1.576186995176060179e+01
1.627634429205780009e+01
1.612842610822972134e+01
1.616296928446132242e+01
1.626860429732889912e+01
1.609979570261511839e+01
1.578822993745170500e+01
1.617963328684512447e+01
1.603555539238936944e+01
1.601932594682698507e+01
1.645342543254615464e+01
1.615893593893478908e+01
1.638043944392712348e+01
1.654493035435034898e+01
1.596818060803011718e+01
1.632239221014621577e+01
1.623790794300017382e+01
1.600812702298663126e+01
1.607889069238209601e+01
1.623895658951570198e+01
1.628929257745370052e+01
1.631723750103349957e+01
1.616334922470093716e+01
1.631405255000699839e+01
1.612472781298616198e+01
1.612096514715102202e+01
1.576470736787182503e+01
1.614366169893593650e+01
1.640935311009809894e+01
1.594579118929947015e+01
1.624255193730233415e+01
1.640037414845166097e+01
1.629448737870495023e+01
1.603999690305225911e+01
1.599640018362721072e+01
1.642928059259069329e+01
1.637248729938088232e+01
1.592519738974202781e+01
1.582642960582947467e+01
1.627871838630962742e+01
1.602448548239252801e+01
1.645590323125236054e+01
1.624016505591445281e+01
1.594831424017623611e+01
1.611883142537610425e+01
1.603116584222843954e+01
1.621216923622290196e+01
1.616038227489245571e+01
1.604023854306013774e+01
1.617557261307921834e+01
1.611945193567887102e+01
1.586935342286244932e+01
1.633582080459802199e+01
1.595654137666457117e+01
1.607117793465769395e+01
1.590651047904352922e+01
1.629140750237433721e+01
1.588606686652328470e+01
1.614218423344260600e+01
1.617143702553093476e+01
1.600547277553666348e+01
1.631818384005372735e+01
1.608736318173415825e+01
1.596566288843169090e+01
1.638538793368876867e+01
1.639944751257802835e+01
1.637749141866747493e+01
1.613856013930033484e+01
1.600799327828147511e+01
1.631873377601356268e+01
1.581054820015951812e+01
1.590450548155039989e+01
1.631456844361870751e+01
1.623862745949309883e+01
1.601499858652524111e+01
1.627153159821640216e+01
1.614505660262698683e+01
1.627956376421784768e+01
1.610429380958268553e+01
1.638614762254292145e+01
1.616386017664831698e+01
1.619467074214237456e+01
1.608780257576636075e+01
1.605912405163246248e+01
1.610107496069544908e+01
1.619037841799599420e+01
1.580659894940159127e+01
1.591613508127603716e+01
1.610881875964214416e+01
1.628367196108880322e+01
1.617418971671087036e+01
1.618741174886135425e+01
1.616181368126029838e+01
1.617008483948515263e+01
1.630306701331773311e+01
1.671668729107354423e+01
1.627713531838166716e+01
1.608380483152124185e+01
1.618438168958675760e+01
1.599647049163394641e+01
1.625586467712776084e+01
1.615538487552190006e+01
1.608175568142883805e+01
1.604846936725874684e+01
1.585892771355010034e+01
1.629672292198994299e+01
1.599920382666265439e+01
1.577512872399369925e+01
1.600938785340512283e+01
1.621557866438968887e+01
1.612677293055507377e+01
1.622769238429546235e+01
1.598384690887546711e+01
1.609073864611319493e+01
1.574159538884855891e+01
1.619863559643529882e+01
1.612807543127119914e+01
1.614654639701193872e+01
1.624663457260065513e+01
1.590861032312981038e+01
1.663051632231430332e+01
1.592912377297453830e+01
1.611108796880421323e+01
1.606271736171663278e+01
1.598678652362329800e+01
1.600861900102441737e+01
1.643654929495409078e+01
1.628230831330757766e+01
1.582827854527095468e+01
1.634927868203030243e+01
1.610503344722873109e+01
1.647088452252775781e+01
1.589366253108158844e+01
1.591034769340075528e+01
1.608425055697886918e+01
1.671121298856320792e+01
1.581368695639053001e+01
1.639002670529292871e+01
1.614081264113515246e+01
1.602677515170653422e+01
1.574932327444603608e+01
1.632675165889486024e+01
1.610020160601029104e+01
1.600016758929564986e+01
1.590686229705084642e+01
1.597445609747306250e+01
1.610476220210403753e+01
1.612337041065514143e+01
1.618217014038261681e+01
1.584417292365698060e+01
1.601311535403835506e+01
1.573749848300201926e+01
1.633826117317085647e+01
1.605238311646890992e+01
1.585120319071175032e+01
1.596287602026253261e+01
1.628815231944247444e+01
1.622966946826491252e+01
1.626880660720512140e+01
1.610064146721651568e+01
1.628112740344091236e+01
1.628139872689008882e+01
1.622257268862585988e+01
1.625033644085329243e+01
1.604281763002164851e+01
1.599039163074899861e+01
1.631799271406704221e+01
1.638951588284215788e+01
1.601102261410267857e+01
1.583926989426975318e+01
1.567773518804388999e+01
1.593327778012701224e+01
1.620485814413757097e+01
1.617429748791869670e+01
1.592692391148627529e+01
1.591714135436730970e+01
1.605754579656884573e+01
1.603952865765775471e+01
1.633773493808488197e+01
1.574046294301097859e+01
1.573169048339525133e+01
1.625420217096794318e+01
1.609724074671856542e+01
1.606394689351697025e+01
1.607069379567024114e+01
1.616353273379244726e+01
1.593812889355830542e+01
1.596966503517308666e+01
1.628643923796080273e+01
1.591218809146256952e+01
1.619788182628393969e+01
1.629843763051507821e+01
1.623847201222631398e+01
1.624176407419002288e+01
1.615492577459048817e+01
1.610181183629125101e+01
1.618967197212301201e+01
1.622059429707907796e+01
1.629642804432901571e+01
1.612004407699122766e+01
1.618119786358551693e+01
1.603181819588952450e+01
1.623310637836766190e+01
1.628246723324199507e+01
1.636934008760823289e+01
1.608830248817542952e+01
1.601949154197142633e+01
1.639548956915117017e+01
1.657279815825284786e+01
1.606713073598656649e+01
1.621457706659069942e+01
1.607861843492489839e+01
1.608496492613892315e+01
1.607507737823501870e+01
1.608862429443628983e+01
1.604627339112948903e+01
1.617962051521173450e+01
1.619257144532683057e+01
1.607482234193035708e+01
1.622523173490565185e+01
1.601514397313048832e+01
1.603916028442454333e+01
1.598027966459679128e+01
1.608982074719715527e+01
1.588826133310922373e+01
1.633214428721123213e+01
1.604030682492791726e+01
1.605002758813061448e+01
1.637233598999404549e+01
1.591411511489889641e+01
1.598708978131256053e+01
1.608335223592429131e+01
1.617875161422143648e+01
1.633474768687056056e+01
1.618252122796252834e+01
1.628145868227821680e+01
1.603355611018442772e+01
1.580294318216229499e+01
1.619996338986131335e+01
1.613549610737823414e+01
1.610449366127539506e+01
1.593083798973956178e+01
1.610571233358998455e+01
1.645355732058622422e+01
1.606398599376887404e+01
1.606030448879369388e+01
1.617369259162300921e+01
1.588220459233644632e+01
1.598730944191294157e+01
1.616564756114442503e+01
1.579836217712114887e+01
1.626361693927497143e+01
1.579469120271355642e+01
1.652213317206093635e+01
1.648143281233816992e+01
1.650551395076006855e+01
1.590307192531026104e+01
1.612506006741873321e+01
1.627259583482440419e+01
1.610013363113702667e+01
1.634234807407501222e+01
1.580298979710862461e+01
1.618126332223618391e+01
1.588769120754226449e+01
1.591552532261066411e+01
1.613334564428455664e+01
1.632192460606786000e+01
1.618950009558088965e+01
1.638492232319132569e+01
1.632012434307442206e+01
1.601704339005506128e+01
1.615996117813122979e+01
1.648144531337703000e+01
1.622591687981852715e+01
1.626297165072529083e+01
1.605044241001361982e+01
1.605687000802833353e+01
1.583533671036978774e+01
1.600575762113718881e+01
1.580881156706858981e+01
1.642126785055671689e+01
1.606507974876952360e+01
1.588760268648527685e+01
1.565658137396965088e+01
1.624698956538282957e+01
1.613322919151794821e+01
1.622195761250418045e+01
1.593262464261776579e+01
1.622696490924020196e+01
1.618262143908026829e+01
1.613605832566660325e+01
1.634596054672103449e+01
1.579394465790602453e+01
1.588391510151476638e+01
1.628592573253343545e+01
1.618175661975561042e+01
1.601816956445652806e+01
1.578742863328283441e+01
1.619745734049009300e+01
1.617535727036203852e+01
1.622328648009640162e+01
1.647794272533652915e+01
1.609655938666067598e+01
1.601483885013792374e+01
1.609929540916870039e+01
1.609860366875220095e+01
1.604033192675451502e+01
1.605444723815433861e+01
1.588522786436107737e+01
1.610177967889566375e+01
1.614703874405459061e+01
1.649662567037414718e+01
1.629868664578019377e+01
1.610354055294591191e+01
1.578055049106120578e+01
1.625325604019645098e+01
1.609987527129225171e+01
1.607496146475673982e+01
1.632264265795964064e+01
1.606859285864683784e+01
1.626643057861987529e+01
1.592804968602269255e+01
1.584404743541263727e+01
1.618248775015847940e+01
1.618010919488988719e+01
1.577379327617133242e+01
1.601723416263934396e+01
1.605072518333734877e+01
1.603446276161262674e+01
1.611854710980447436e+01
1.646874471666592044e+01
1.623380540249927861e+01
1.583757884827235429e+01
1.627436812925776266e+01
1.596947674054548294e+01
1.601300927534109420e+01
1.572753931027512664e+01
1.619766049924782436e+01
1.599562105216696040e+01
1.618740113809638714e+01
1.626061625087121598e+01
1.601233074118958299e+01
1.611780305431538807e+01
1.628954168152235482e+01
1.620252937522499082e+01
1.613102272108278612e+01
1.601266846765700791e+01
1.667651884469166390e+01
1.601241577249945180e+01
1.618649695911054920e+01
1.599929983934792332e+01
1.603878232900190781e+01
1.675302640097855900e+01
1.601891725687877255e+01
1.595504680517787754e+01
1.619353442029175483e+01
1.635823313480584673e+01
1.600875474506354834e+01
1.600985469496070124e+01
1.594084045319371334e+01
1.621333475527526602e+01
1.631560359005622018e+01
1.605055265077638893e+01
1.603056444498475841e+01
1.628793434449035260e+01
1.600871265143699418e+01
1.644680654523415342e+01
1.577533729518881778e+01
1.610281954166546825e+01
1.608721758924221845e+01
1.614450516193890550e+01
1.631286979808870896e+01
1.607249577797848517e+01
1.642016226762524411e+01
1.622019761399839055e+01
1.650625352881039376e+01
1.636968820487415854e+01
1.642837798252760706e+01
1.630131648467462568e+01
1.603234683413319672e+01
1.614781369068820638e+01
1.641870405689425638e+01
1.600530798794831711e+01
1.622850636009492220e+01
1.610353304084158310e+01
1.611204716858258479e+01
1.630319881908834034e+01
1.618637914804074995e+01
1.631474743200720567e+01
1.614758001605830628e+01
1.613070179795186121e+01
1.632576685407687833e+01
1.611216971028766309e+01
1.609854766565111461e+01
1.626738973526200027e+01
1.653977457704451126e+01
1.623470539522285705e+01
1.588371018192153272e+01
1.609212709154089183e+01
1.581797263969901834e+01
1.611075195788547632e+01
1.585945695209163731e+01
1.583089563144210210e+01
1.618757656103430520e+01
1.618679939768383491e+01
1.618430805506093506e+01
1.596917328386721380e+01
1.609773044802463815e+01
1.613149178456396982e+01
1.600647012011002701e+01
1.605278085634105167e+01
1.621671264723756778e+01
1.633813226639947302e+01
1.602788495905100419e+01
1.642364565971100276e+01
1.600477996602274189e+01
1.613674433968236599e+01
1.581917377828460047e+01
1.627556727894853950e+01
1.600386822206436932e+01
1.601791629584898402e+01
1.617434784873297104e+01
1.584799305822728144e+01
1.630638838395195123e+01
1.599837888129290064e+01
1.592370443945803160e+01
1.596263930726747127e+01
1.618397986835555358e+01
1.558773926477945970e+01
1.609470119227329121e+01
1.623050196772187093e+01
1.593276362008088931e+01
1.586360166755750356e+01
1.650917414224991475e+01
1.600616254829067842e+01
1.640504052603191809e+01
1.575025895069015291e+01
1.610081153967453460e+01
1.646912745570389447e+01
1.547008760609271505e+01
1.611421060434044605e+01
1.644510691857235329e+01
1.627871183139663813e+01
1.599299058670140461e+01
1.622609618296278811e+01
1.609288209564822836e+01
1.609100610872373593e+01
1.650936045377287087e+01
1.634349196735053056e+01
1.589665042009925600e+01
1.622209565380711638e+01
1.626629541597136352e+01
1.610120696808287022e+01
1.595943013551276479e+01
1.588472934589316132e+01
1.604315443667309182e+01
1.618812923108914958e+01
1.606409825177492934e+01
1.598985859970519563e+01
1.612487596599440565e+01
1.587945818634561590e+01
1.625082282599245787e+01
1.587085170378476739e+01
1.598293797494666890e+01
1.641540226595196827e+01
1.613943042080739687e+01
1.594992652651778542e+01
1.620282981956427903e+01
1.601922245360673003e+01
1.618297840857226788e+01
1.633638511031021068e+01
1.609887050007411347e+01
1.607205055887892797e+01
1.626433796913458352e+01
1.598019995911929669e+01
1.601982651644067346e+01
1.603826924458843806e+01
1.616689485040790686e+01
1.600030392514475963e+01
1.613167395366502532e+01
1.615706981573717371e+01
1.596340676205733544e+01
1.608728203155099123e+01
1.577483874611686687e+01
1.605275304446978168e+01
1.607728666983970456e+01
1.620825615198188174e+01
1.597610475192656843e+01
1.616788516600431436e+01
1.619328333366024353e+01
1.619336168163919609e+01
1.587990229408598886e+01
1.589414177122333882e+01
1.619217067395788234e+01
1.584709626827665474e+01
1.607434626096339159e+01
1.584024235107073508e+01
1.642267303270049794e+01
1.608185925959679707e+01
1.617644683629557889e+01
1.577685181353724175e+01
1.599978175002147474e+01
1.644021248440589034e+01
1.571406404139044533e+01
1.608884365808010841e+01
1.632795683649559493e+01
1.617887828817399765e+01
1.622475701975323759e+01
1.606370209476665067e+01
1.605985213575857529e+01
1.593136092422470895e+01
1.606405249134763125e+01
1.630507084931417694e+01
1.628912331213216902e+01
1.639928340588776479e+01
1.625714951081900850e+01
1.633418735068148919e+01
1.624243673836809876e+01
1.634000966073377725e+01
1.620788487193735605e+01
1.593600622878582840e+01
1.632593064447641495e+01
1.646749878023200608e+01
1.601100930195825711e+01
1.625190361908123293e+01
1.607214149822463156e+01
1.596514181105676755e+01
1.575996742963540953e+01
1.593437573461975099e+01
1.589701589202545762e+01
1.632634268862898352e+01
1.598580506887607200e+01
1.612919195488032642e+01
1.642116719085784382e+01
1.616962888173308954e+01
1.595746802162130251e+01
1.612989612237900161e+01
1.599584853151400843e+01
1.604289209699284413e+01
1.626792447616385218e+01
1.607843262902285275e+01
1.602090734289938823e+01
1.591483032984243451e+01
1.601009247529520962e+01
1.624959400099255902e+01
1.582322392619420270e+01
1.607156154657246461e+01
1.616122530847732364e+01
1.611142710943148515e+01
1.604823799298981868e+01
1.555656664638572728e+01
1.607392233219829336e+01
1.616497051875036206e+01
1.640668176867926675e+01
1.629130381614787737e+01
1.605503216508046194e+01
1.614245479984641207e+01
1.582692817486317693e+01
1.587170112813423550e+01
1.610799205798289080e+01
1.578887001663802891e+01
1.615226056500067031e+01
1.626187356888504709e+01
1.600988181280707323e+01
1.589355866922038452e+01
1.612648474331591331e+01
1.624725975628166097e+01
1.618450987876832414e+01
1.618089306248458925e+01
1.630832970964880957e+01
1.626625890143589714e+01
1.620478942035285996e+01
1.608663486059142045e+01
1.617853443551028292e+01
1.610133920423077214e+01
1.616717882417951913e+01
1.632186160257346685e+01
1.604323739498107315e+01
1.624214627514382414e+01
1.606204014669346591e+01
1.602922125951565135e+01
1.595100019743466291e+01
1.615962598267254791e+01
1.618219199360911986e+01
1.577512447690178377e+01
1.640437219742775810e+01
1.571997600573989651e+01
1.599425410397213732e+01
1.603172760213755765e+01
1.613161635943021466e+01
1.635931281113462177e+01
1.619321828570275201e+01
1.609300188323545910e+01
1.575859374475942154e+01
1.595810108597862786e+01
1.612636997533047634e+01
1.626269919499051753e+01
1.587196464713883692e+01
1.576670443486147200e+01
1.608949962292328806e+01
1.640899797047087816e+01
1.635043093350028087e+01
1.644082431648103082e+01
1.628313849071417607e+01
1.614327138226397551e+01
1.605410648485460712e+01
1.622059249569427664e+01
1.628600528617738519e+01
1.641218721046298867e+01
1.615875308363085949e+01
1.608656039538887939e+01
1.603861809214635414e+01
1.600372896789714972e+01
1.587394548531139371e+01
1.634326988829714722e+01
1.645031261472515638e+01
1.605832046555966386e+01
1.592258936742368647e+01
1.613192578531522869e+01
1.616525009339390095e+01
1.598007180304599650e+01
1.612575791990261465e+01
1.621439201258506912e+01
1.623544394551932513e+01
1.608523809180437425e+01
1.641479018880379925e+01
1.617981323967951823e+01
1.609452099273771708e+01
1.612148712747466206e+01
1.620370887641941593e+01
1.639683870175674230e+01
1.601670604567986089e+01
1.638356038193859376e+01
1.596916826905205511e+01
1.615378672114538716e+01
1.622449057834063169e+01
1.575213678072187129e+01
1.606405501072357822e+01
1.607558471585236148e+01
1.629613945570558187e+01
1.636464177090383387e+01
1.610465468062043470e+01
1.633974078561573506e+01
1.619356936169405259e+01
1.594260005925536916e+01
1.642397067340737493e+01
1.589802076270522768e+01
1.598157836539013488e+01
1.633476555935539309e+01
1.624969076654462441e+01
1.643311618624063186e+01
1.590580741473739401e+01
1.617308676932067613e+01
1.625768497864858020e+01
1.617316371004564957e+01
1.580049729462809438e+01
1.600232711201400804e+01
1.615483307946724878e+01
1.614942979178778160e+01
1.626814216702291205e+01
1.596798621844613386e+01
1.598848493123790426e+01
1.608077300630699114e+01
1.620368641464591875e+01
1.577198075191633642e+01
1.617933937499281427e+01
1.626636384693722803e+01
1.626078855125902933e+01
1.608337250678100361e+01
1.610674071481884795e+01
1.589107639987177301e+01
1.592232839382517540e+01
1.603681284296111542e+01
1.648689711705316796e+01
1.621590684091203727e+01
1.600396206883352335e+01
1.622353329970852087e+01
1.613187688181596613e+01
1.626244518582928933e+01
1.634186763603804593e+01
1.619656691387824665e+01
1.594274329827537784e+01
1.639358407518723126e+01
1.587031882187483056e+01
1.617559497603473062e+01
1.601075120216750136e+01
1.627695538495102667e+01
1.607678029076813431e+01
1.639206043709850746e+01
1.611460852289788548e+01
1.608328381831542231e+01
1.600291886549245035e+01
1.643451304185821371e+01
1.599214397434003132e+01
1.595621382420500289e+01
1.628246147730856919e+01
1.612420081069452849e+01
1.599014048654668763e+01
1.546609815601350135e+01
1.620906006423485479e+01
1.595504700671349418e+01
1.598580204797737281e+01
1.614087114505619169e+01
1.587169238848566444e+01
1.634772137910920620e+01
1.590830826132679476e+01
1.588067166923077345e+01
1.616969475159353209e+01
1.617404240107780211e+01
1.614803008082983737e+01
1.599516038557347386e+01
1.614031524829766440e+01
1.618818099465578797e+01
1.588673663885870013e+01
1.620627732492744144e+01
1.612489196841240258e+01
1.594543061491607716e+01
1.622078020943297716e+01
1.589502714625723989e+01
1.616150379194661824e+01
1.624739702458633772e+01
1.643952233235211935e+01
1.615603590075530249e+01
1.647170970118645528e+01
1.626389166731667402e+01
1.599192703291432771e+01
1.631289515653054067e+01
1.615372230511423624e+01
1.605291913345591581e+01
1.622304844522644274e+01
1.611282036117778205e+01
1.610014862138769942e+01
1.616016301439610814e+01
1.601081157980089031e+01
1.591311949798410552e+01
1.631702370308617844e+01
1.638454568750605489e+01
1.624766176645889360e+01
1.610569533494690830e+01
1.586701173398181375e+01
1.619009749187040015e+01
1.627018094244494151e+01
1.616599896265730507e+01
1.572434681409823831e+01
1.638873702848201930e+01
1.602446140201454483e+01
1.617508537781742106e+01
1.621187557889471620e+01
1.609997778580052596e+01
1.616748009060792768e+01
1.603449602105055405e+01
1.601146501432551261e+01
1.616086221372571430e+01
1.593461197149930442e+01
1.628999071601549531e+01
1.580481132501678587e+01
1.631669639096281799e+01
1.654428659539768987e+01
1.664244574516306585e+01
1.651831393545275972e+01
1.623901532281113802e+01
1.623158980022782316e+01
1.590992674211348579e+01
1.636884275804505506e+01
1.604230724372318662e+01
1.599346081425185950e+01
1.606864691047068661e+01
1.615727484618923881e+01
1.631173507188460547e+01
1.609140446231173627e+01
1.611990945732316405e+01
1.645537255155064571e+01
1.617962878369446500e+01
1.622836873410837555e+01
1.597715379261751956e+01
1.616078052673480414e+01
1.593468684728459905e+01
1.622578400819715583e+01
1.599014352265574246e+01
1.605654950009543924e+01
1.591598437837752478e+01
1.593373062404691254e+01
1.634236827427396932e+01
1.642761954198860153e+01
1.623099222294087340e+01
1.617859517103990541e+01
1.614893326298085441e+01
1.580458808911886770e+01
1.615586174651780382e+01
1.623662541080214794e+01
1.619582089343246523e+01
1.608773993507839961e+01
1.632876833053994403e+01
1.624640987851270779e+01
1.617936161979704579e+01
1.628198576764943439e+01
1.606936827215947616e+01
1.599080296390110512e+01
1.593901238545749699e+01
1.621049503024216420e+01
1.612906673659743717e+01
1.586226439458176252e+01
1.576031126008164307e+01
1.654185839133989333e+01
1.600853397444443260e+01
1.599683265560614664e+01
1.625995827119871251e+01
1.624565182198582747e+01
1.628477966218734352e+01
1.615561443635390049e+01
1.618685015588105358e+01
1.592622309966209571e+01
1.604762205902461147e+01
1.622219684913770266e+01
1.626394816542972777e+01
1.629193459329345828e+01
1.628668342229126154e+01
1.613554721617864374e+01
1.600434732642992586e+01
1.597989669523961176e+01
1.658493126383172012e+01
1.613039778782265898e+01
1.651742454413965078e+01
1.618542205727456107e+01
1.576232879469059789e+01
1.600624621759190092e+01
1.635393016289222246e+01
1.603113054435790730e+01
1.623679552739266541e+01
1.616343026977050457e+01
1.618002641926160479e+01
1.577228715581244778e+01
1.578827233933354712e+01
1.618230991896646032e+01
1.615470748273341428e+01
1.592625392911785553e+01
1.578711160171907935e+01
1.584652520313357016e+01
1.604111820309879022e+01
1.597733665934058678e+01
1.649787411101725709e+01
1.633648498645848335e+01
1.611699864641093072e+01
1.637624324169046020e+01
1.646769248861510349e+01
1.614114075570389417e+01
1.603850524819872447e+01
1.598261473748685368e+01
1.608403606368007388e+01
1.622488268212235596e+01
1.601801254326341351e+01
1.600898163086080928e+01
1.609718970082260725e+01
1.632486901045172800e+01
1.636608395001834637e+01
1.620312992237985128e+01
1.574017972347101768e+01
1.612920138242193602e+01
1.560559724646873825e+01
1.618849760198832755e+01
1.637671835827372036e+01
1.618857204015033346e+01
1.603604763433848035e+01
1.646152138929874909e+01
1.604235732876273701e+01
1.588450247572635732e+01
1.625282284939842370e+01
1.604262234068992043e+01
1.593162774840729234e+01
1.613672313248214252e+01
1.586736312316011954e+01
1.572398510193669630e+01
1.594914872411236750e+01
1.603766157709790008e+01
1.609168579627278461e+01
1.574712802076101781e+01
1.612764910236992222e+01
1.617782254934929753e+01
1.638910297325973531e+01
1.607237895106101533e+01
1.634021242291324327e+01
1.615106692996704396e+01
1.603405686795711915e+01
1.591265706388671219e+01
1.614695931086992076e+01
1.598616565931709310e+01
1.636219778726387020e+01
1.606401264527350747e+01
1.592655642533775051e+01
1.593852024153428637e+01
1.625848660544718882e+01
1.595507790001583714e+01
1.606215758863574905e+01
1.597286963061685405e+01
1.608509074902807257e+01
1.601793207810166564e+01
1.564576269329316816e+01
1.605426258120863992e+01
1.598366691273943374e+01
1.629577131330506390e+01
1.622288846753300717e+01
1.632903971428202539e+01
1.624931739007156750e+01
1.619072172455715730e+01
1.582945633060668555e+01
1.618082108813501563e+01
1.596924833046867143e+01
1.624780654849896067e+01
1.569688684950357960e+01
1.606857238306443136e+01
1.596764194416991067e+01
1.608596715287999501e+01
1.634799324474256110e+01
1.653084525001910521e+01
1.634531114492141768e+01
1.585832708081322195e+01
1.637865874206860539e+01
1.610538251505151663e+01
1.602393750188815957e+01
1.627384976682166595e+01
1.617991685539297819e+01
1.597913801964873848e+01
1.598088625701386256e+01
1.618614439717726938e+01
1.616580867123260745e+01
1.614714546669213036e+01
1.637669251958033811e+01
1.605032389924353708e+01
1.615992013088196089e+01
1.632901059740833460e+01
1.591277946586310854e+01
1.622484571659382979e+01
1.590209431687454966e+01
1.607663778803417998e+01
1.629488079829772218e+01
1.619520603058236929e+01
1.628986840211603848e+01
1.632428501385778219e+01
1.619294423114306980e+01
1.618435010448521894e+01
1.639586881127311102e+01
1.633329873118835707e+01
1.614250327035669841e+01
1.614910985822605838e+01
1.641652370098688252e+01
1.628760018191153236e+01
1.614273795200526607e+01
1.611921562799415142e+01
1.594739326942126567e+01
1.614764166209459262e+01
1.633575296976919589e+01
1.615860395788619996e+01
1.608365966212289422e+01
1.610866772008961334e+01
1.610140076931090292e+01
1.622141455221158424e+01
1.614881958002916562e+01
1.595823701846657272e+01
1.620114914035257314e+01
1.582189577118930757e+01
1.642933537988642456e+01
1.637424345372842538e+01
1.609647459520100554e+01
1.616904362858707600e+01
1.580983504168279552e+01
1.578570985051290521e+01
1.637252097110216198e+01
1.579292297891576347e+01
1.651244028858836188e+01
1.616092155132388797e+01
1.617593841245257380e+01
1.632283385071558968e+01
1.612251036467918652e+01
1.622948657092253555e+01
1.600470862730408683e+01
1.583080928002083176e+01
1.581027275515091368e+01
1.605331610242684448e+01
1.629956225735036313e+01
1.610149290529970756e+01
1.587132569517188330e+01
1.619982366743051827e+01
1.573791203488432267e+01
1.607780853724556280e+01
1.617769343663355741e+01
1.631404337271768767e+01
1.625383404457409142e+01
1.609349802691761155e+01
1.599130711170051633e+01
1.599524613610541657e+01
1.618265924161850933e+01
1.598938379694475387e+01
1.592201934746113601e+01
1.628254646574978892e+01
1.619068052292120896e+01
1.639271692305180039e+01
1.574237025416305613e+01
1.615002339281315358e+01
1.630694732812197145e+01
1.624587118707096423e+01
1.629670697771748777e+01
1.608779895163301887e+01
1.605061466670962389e+01
1.607993469600080516e+01
1.624366097148148924e+01
1.598540536270220080e+01
1.616087345387626328e+01
1.613309782689364624e+01
1.616211922112315946e+01
1.580685574565526430e+01
1.633135308116162321e+01
1.588819813758560251e+01
1.604313089502549516e+01
1.606876680545387615e+01
1.612614359481986526e+01
1.620741755121680683e+01
1.613171327802013977e+01
1.567534516235948416e+01
1.628864544142177451e+01
1.625932335823392094e+01
1.600977134751617115e+01
1.616246554744561337e+01
1.580758992870381086e+01
1.579246133756632631e+01
1.613922607549431021e+01
1.607315911888364823e+01
1.611864509211465801e+01
1.611711703412803942e+01
1.573691801721980887e+01
1.618340864109201860e+01
1.592339974677448566e+01
1.624219834450867950e+01
1.620238560526090410e+01
1.617703468429210290e+01
1.589861359921720130e+01
1.607305307161638908e+01
1.619588277928968978e+01
1.640498383927940296e+01
1.611027388751716316e+01
1.612394274720907106e+01
1.637310523551429142e+01
1.635950033924403613e+01
1.629274079418201282e+01
1.584259029845189559e+01
1.629455884515387609e+01
1.589852616514594352e+01
1.596053200499926028e+01
1.602178610076769871e+01
1.592369572990675586e+01
1.617378121640850352e+01
1.633948796365778122e+01
1.629235327592748561e+01
1.614226685971204134e+01
1.610982190470311792e+01
1.639809414817355204e+01
1.597709765308939289e+01
1.604934146800888328e+01
1.584159842321945710e+01
1.610161525683002282e+01
1.605827595689859066e+01
1.592366697609101500e+01
1.610105844874652092e+01
1.629057674596825933e+01
1.594634378298048993e+01
1.621445165074754513e+01
1.609729489930679236e+01
1.602806652505800145e+01
1.624384103888634812e+01
1.616273283357156387e+01
1.605833056193519681e+01
1.601010542282724103e+01
1.590799063024537929e+01
1.599802553543393557e+01
1.599113239743888570e+01
1.641413208540101465e+01
1.603952736815769242e+01
1.613579644885461306e+01
1.654602236315898622e+01
1.655329169675271572e+01
1.621947169104701203e+01
1.625078775780298557e+01
1.632429481744911826e+01
1.600249932569285249e+01
1.592116743142400281e+01
1.622752595141583853e+01
1.614194263382832162e+01
1.619781082125540905e+01
1.594942996737453811e+01
1.575489920870215954e+01
1.597366198310128560e+01
1.607036428463245059e+01
1.596732260979278450e+01
1.612975086663427149e+01
1.598430286071996598e+01
1.628019653717764470e+01
1.614041992393774194e+01
1.620843941596145044e+01
1.561428305274294637e+01
1.630949978467218386e+01
1.618494932948961207e+01
1.599827587519592598e+01
1.618902719900288645e+01
1.609197727201858186e+01
1.619751194188366838e+01
1.603448823309934923e+01
1.612451508520983268e+01
1.613091759773672607e+01
1.637375268299746978e+01
1.614358435113310009e+01
1.618484225838015789e+01
1.591467935389296073e+01
1.630757435930429367e+01
1.618575851097571316e+01
1.609617025020949654e+01
1.644813883262255416e+01
1.620221687300029600e+01
1.588587672098971737e+01
1.652376184561297023e+01
1.612170862353921663e+01
1.596450832216732074e+01
1.604035426235974171e+01
1.623299055270883429e+01
1.609264350127983434e+01
1.622063384039206824e+01
1.602026314133525275e+01
1.629466857170571359e+01
1.609604200616281133e+01
1.622182454053638523e+01
1.557952868135154212e+01
1.622082098457078558e+01
1.630900772011834121e+01
1.602007094569322021e+01
1.619427768345128982e+01
1.641690565953274827e+01
1.598231243897080311e+01
1.598185025775283385e+01
1.633860553195032495e+01
1.613863038118866200e+01
1.599494587765200748e+01
1.580814583513754989e+01
1.628180290990190926e+01
1.626732467139469307e+01
1.607250317340919565e+01
1.578965770755290876e+01
1.621588259390367526e+01
1.642091044585219350e+01
1.621066902296484713e+01
1.632286305631635415e+01
1.642599578673232230e+01
1.645662308555039033e+01
1.645631053697093193e+01
1.569307114075861520e+01
1.612944538296423147e+01
1.575112403080485279e+01
1.578684125083753997e+01
1.647968199559177549e+01
1.617236806082458855e+01
1.624023068755790788e+01
1.594221255882457378e+01
1.641425655632141911e+01
1.597038605260349975e+01
1.595731781662285798e+01
1.624027694867807270e+01
1.608987368947285646e+01
1.607888701167980727e+01
1.645316968074134678e+01
1.650556884207756170e+01
1.641078608174066034e+01
1.574328537263310501e+01
1.587833684560714964e+01
1.606499731910134088e+01
1.644313384602539685e+01
1.637412950686378110e+01
1.615606245555935416e+01
1.642856375551296466e+01
1.619809953038241801e+01
1.628906123824025798e+01
1.591553177256618667e+01
1.620356106932205620e+01
1.623541398710593242e+01
1.635398815749515222e+01
1.628429322108408428e+01
1.619448453503965624e+01
1.622772150616149034e+01
1.609384753898638465e+01
1.628175053005880457e+01
1.624640273762699394e+01
1.605160073523195763e+01
1.595603476340133930e+01
1.608192605577227496e+01
1.622494449568344166e+01
1.596045047985348120e+01
1.610874097378079739e+01
1.610208531041210733e+01
1.595680583741181380e+01
1.613049975010806492e+01
1.595527971232572995e+01
1.622658867304078001e+01
1.578884428861564615e+01
1.607148505142623662e+01
1.612851037214103300e+01
1.609755869361082148e+01
1.617283470692908409e+01
1.612627331797975927e+01
1.581852161502482268e+01
1.589476863403861984e+01
1.618822158383643384e+01
1.594597050884295797e+01
1.586044634459064362e+01
1.626712940012311392e+01
1.608351276771686500e+01
1.619653700677899266e+01
1.585976257876684947e+01
1.638703974869515179e+01
1.637732596116769912e+01
1.611542308118202982e+01
1.611796703087469496e+01
1.625656637862385878e+01
1.628384740818329135e+01
1.625724001961818743e+01
1.618708047128874128e+01
1.606857835862939510e+01
1.590885570369163915e+01
1.604476574875612371e+01
1.644320551058124380e+01
1.614735234766228800e+01
1.656236007889225093e+01
1.608698243199672007e+01
1.585268527997162380e+01
1.641501909280262694e+01
1.596840747219077095e+01
1.669610292054398215e+01
1.644874398582368613e+01
1.615915059027982537e+01
1.609542277643671682e+01
1.586817757038573795e+01
1.633425047144312003e+01
1.608115539342185230e+01
1.633312408682633077e+01
1.608577747257302093e+01
1.619798560873709548e+01
1.599448083787548924e+01
1.621201606808255846e+01
1.605141892111773672e+01
1.613133675912022369e+01
1.580936776149980538e+01
1.597934507108871216e+01
1.593874417966892842e+01
1.611304437293255276e+01
1.627477096016443880e+01
1.608570160731858323e+01
1.615492763355244321e+01
1.601739586440353591e+01
1.616717593180494106e+01
1.615453265510903691e+01
1.587304122026571207e+01
1.619296637046004861e+01
1.626615951318555631e+01
1.610588343433055769e+01
1.614232464401783318e+01
1.635407295290883312e+01
1.619312395335611399e+01
1.632796067170442100e+01
1.630253937061342739e+01
1.600517757988756884e+01
1.617550996387274509e+01
1.622259886888249625e+01
1.599136455637439802e+01
1.578708295735649259e+01
1.604817893129281003e+01
1.566373551149409948e+01
1.596656214087533776e+01
1.642470208678260590e+01
1.605642585499824193e+01
1.595449899765622703e+01
1.627311590861707913e+01
1.607022756433446986e+01
1.595234319631416753e+01
1.583759953900431938e+01
1.609887525266267971e+01
1.616251268383551576e+01
1.594132431095085778e+01
1.579778809402954209e+01
1.586564054979480609e+01
1.593630171814270113e+01
1.608922090485730294e+01
1.588494951892598550e+01
1.610733829374280290e+01
1.635805240100194524e+01
1.633841305302016167e+01
1.601541385639185222e+01
1.598481658840895392e+01
1.593330444852797356e+01
1.614836990358958602e+01
1.603301341053491669e+01
1.613934825159151742e+01
1.612427159964300927e+01
1.580235313058385849e+01
1.615718120749595954e+01
1.645102213828200632e+01
1.602999791691687648e+01
1.622673535278786616e+01
1.600122281916026878e+01
1.585200148260758723e+01
1.621766319320285987e+01
1.629557748315425059e+01
1.624140357302870541e+01
1.600379574858819964e+01
1.628073236649890987e+01
1.614253780829720597e+01
1.599448054930651431e+01
1.595571307875123424e+01
1.634750750909775974e+01
1.628966525489541084e+01
1.606496936285473609e+01
1.593819796065282191e+01
1.666571104426420291e+01
1.603943034003233237e+01
1.619515047076652436e+01
1.604332975710481435e+01
1.644872952652247378e+01
1.615921375018064410e+01
1.625737199036972314e+01
1.619802239252796383e+01
1.616488920194163725e+01
1.629686497892052799e+01
1.621096008764032703e+01
1.594567007759937383e+01
1.618881501344252527e+01
1.607217376215584892e+01
1.643013252656771428e+01
1.634383972791542305e+01
1.620405782963337771e+01
1.593923394108310632e+01
1.626832289735519055e+01
1.624953262316370228e+01
1.614690543649593124e+01
1.637344373548567589e+01
1.621724947398026373e+01
1.629694585834055687e+01
1.602842925497772342e+01
1.625690387882574228e+01
1.589929329975936056e+01
1.609626397003894738e+01
1.621436713934673435e+01
1.600590711642090014e+01
1.596953268627004974e+01
1.584115342546794736e+01
1.610199134603588078e+01
1.618162197557876070e+01
1.616865981682452613e+01
1.643342386000920285e+01
1.607699033429098634e+01
1.584882429011805982e+01
1.639429516871021875e+01
1.610917989046865628e+01
1.573004226439546649e+01
1.610636334326984098e+01
1.601215267653422814e+01
1.598509884574782269e+01
1.572770278111509334e+01
1.577419141762386090e+01
1.598545749580583220e+01
1.592591340293961011e+01
1.592921216953259567e+01
1.634320754930948283e+01
1.587399203472450537e+01
1.608467459647351916e+01
1.652211242774793121e+01
1.624888544402086055e+01
1.570486060646534376e+01
1.614001399133490011e+01
1.598447669183597597e+01
1.605602284320678308e+01
1.602616430140074044e+01
1.623550860003991758e+01
1.587740738872430768e+01
1.609560020767003508e+01
1.639294375188791975e+01
1.623234074275923078e+01
1.612832628095825171e+01
1.647081877197351574e+01
1.604997422157495635e+01
1.618075686259354384e+01
1.611931081913932928e+01
1.616497708390318522e+01
1.647933457495625120e+01
1.596736839424048426e+01
1.650921236177464024e+01
1.627205793871615924e+01
1.617093118665466989e+01
1.642078575353501080e+01
1.601466824062590533e+01
1.624057208705304589e+01
1.610307719050161168e+01
1.579359450342767168e+01
1.598525827235361163e+01
1.629532692534739624e+01
1.570643406438617085e+01
1.607497151215414632e+01
1.601226769989780863e+01
1.626325862836766234e+01
1.604500861514071985e+01
1.577521065396707201e+01
1.648910295771497658e+01
1.619531573632145438e+01
1.588865657518443442e+01
1.595045877286766256e+01
1.624892599639196078e+01
1.611837997667939604e+01
1.586066524277878464e+01
1.618396436071962796e+01
1.634669647951252713e+01
1.601194110652238933e+01
1.604082291296218088e+01
1.619920037756335773e+01
1.603693577404921555e+01
1.597133719932453921e+01
1.606412165190779007e+01
1.604830920707500397e+01
1.599794068021513560e+01
1.594317574247276603e+01
1.604555799638110614e+01
1.613755457315659214e+01
1.612794606826136246e+01
1.636676714323784410e+01
1.628802864934392858e+01
1.623047716170230359e+01
1.600204407012873276e+01
1.625827261547171787e+01
1.608678252118459184e+01
1.618090982283804280e+01
1.617867744520469131e+01
1.597314965922260122e+01
1.652638261386611873e+01
1.616622459094662645e+01
1.647499261592957254e+01
1.580460970227294482e+01
1.611943080436421738e+01
1.607720467477096093e+01
1.610539285381965513e+01
1.606635411627798504e+01
1.593895036004457566e+01
1.607355229595086854e+01
1.618611437560594979e+01
1.568291304230884187e+01
1.631139239354779491e+01
1.620650168607379626e+01
1.602208454039726959e+01
1.602941638527589774e+01
1.616953974319386944e+01
1.583796421086590911e+01
1.597579347530482075e+01
1.615440128390894259e+01
1.616333880068090778e+01
1.579238428925729565e+01
1.625928898564492542e+01
1.590493255589806232e+01
1.599078113642425159e+01
1.607360266804956694e+01
1.607548672534910494e+01
1.610958429003760273e+01
1.580955566832484571e+01
1.614569554741944302e+01
1.608102589515371150e+01
1.610731018733708098e+01
1.621260852112477124e+01
1.593914525009102867e+01
1.633619572896273553e+01
1.619030221938877290e+01
1.621628504277420646e+01
1.606593683165891306e+01
1.617363977432325939e+01
1.609467445297916655e+01
1.615698315895395965e+01
1.622216446763471609e+01
1.642326992055838275e+01
1.593635897915683408e+01
1.621714279474102582e+01
1.642697851284318489e+01
1.580952523071694849e+01
1.631058016171997949e+01
1.600055777592609729e+01
1.590734263740477594e+01
1.620825879789402180e+01
1.619635866603699270e+01
1.640169874186359067e+01
1.629751028314314709e+01
1.603969915514440103e+01
1.605414216141607753e+01
1.590391537786840104e+01
1.609346330908337563e+01
1.608151857226136272e+01
1.627230984541511916e+01
1.586083006407853446e+01
1.609673818485444130e+01
1.579014001726340410e+01
1.590359404236615859e+01
1.590076928054063288e+01
1.616122546337643584e+01
1.619950966931904190e+01
1.609785750732079279e+01
1.592691959982126804e+01
1.618845246582595720e+01
1.625948689912038958e+01
1.583707592552199017e+01
1.618719546271391962e+01
1.625367037710852358e+01
1.602929307511270096e+01
1.615320677859142151e+01
1.612698864693815182e+01
1.610797594016273848e+01
1.598615054104035060e+01
1.616860867615156039e+01
1.626610589635054538e+01
1.585456169448810293e+01
1.606901847185385179e+01
1.600815139278642008e+01
1.620583257289645829e+01
1.624425758341040193e+01
1.640331203429509088e+01
1.638032255049206753e+01
1.603081441000726315e+01
1.630956644954125778e+01
1.593836665805181418e+01
1.597510985079851764e+01
1.629736664636407539e+01
1.608122414578342685e+01
1.619949038723901324e+01
1.607422628132666986e+01
1.599275008559227906e+01
1.615353040807894658e+01
1.584680904770738863e+01
1.614379629530142068e+01
1.638042302009154128e+01
1.609020020859972178e+01
1.626504637149822585e+01
1.608006955882933298e+01
1.615691178475678669e+01
1.617741641469799774e+01
1.609623202498914907e+01
1.623708761378778576e+01
1.602140790692221017e+01
1.633597827770796229e+01
1.615275858332225312e+01
1.599984100631170847e+01
1.604795569266509148e+01
1.625631687687635463e+01
1.612322161219027095e+01
1.623195430317947441e+01
1.631972274038494675e+01
1.626776194175554480e+01
1.596005068775431823e+01
1.594611181755544571e+01
1.605476289861932315e+01
1.585184486134507864e+01
1.603913687483944983e+01
1.647113471008786334e+01
1.564087033207884581e+01
1.620784328606051261e+01
1.631672212891584905e+01
1.622222655183042050e+01
1.613663861342751815e+01
1.613587958113012277e+01
1.608505845270536128e+01
1.587254366947701278e+01
1.594264428786600973e+01
1.630671900284175990e+01
1.613543930628505763e+01
1.621474740163356287e+01
1.606039536561273451e+01
1.631134335214958853e+01
1.659701575634700177e+01
1.595819716136783306e+01
1.605443380023088906e+01
1.632139783318786286e+01
1.625016687483152822e+01
1.633814425743720733e+01
1.620952683080949441e+01
1.640785770496157880e+01
1.604981902133185656e+01
1.641593700095251052e+01
1.606550524321705353e+01
1.637604356609726963e+01
1.634663179038852121e+01
1.620238673897162585e+01
1.641220714799670688e+01
1.637213605048936316e+01
1.659295939349285831e+01
1.598790113758346187e+01
1.618632169958153355e+01
1.578503633346421609e+01
1.600780082334514631e+01
1.620232404197703602e+01
1.607902898936257685e+01
1.613154806999082069e+01
1.600004165020896707e+01
1.574987383283232845e+01
1.602202598097145625e+01
1.656542542141270502e+01
1.590709221822186947e+01
1.609790351323992041e+01
1.620479445640998151e+01
1.604990009187305589e+01
1.574674881892566347e+01
1.619959381195207015e+01
1.606062268177714714e+01
1.634879563220326304e+01
1.626016418883785875e+01
1.638044508224647089e+01
1.625988256878601845e+01
1.573421251376295160e+01
1.591738849579439652e+01
1.591225401034941633e+01
1.630441409981705547e+01
1.599666110368727168e+01
1.579688591812676179e+01
1.628455515688293076e+01
1.614991226220087484e+01
1.634414187351479697e+01
1.601288037451029922e+01
1.605539145138865464e+01
1.626196905566297701e+01
1.594877324387394779e+01
1.648827453361334960e+01
1.635149532317448617e+01
1.597900873624882401e+01
1.605930185990230896e+01
1.605527340435187611e+01
1.609516888067013696e+01
1.621277099267070554e+01
1.616864716573927296e+01
1.612436400320438423e+01
1.562550969068464468e+01
1.603800952271443592e+01
1.593757647905656327e+01
1.621166765876751370e+01
1.590836412226947161e+01
1.618744576890114217e+01
1.623932300180556965e+01
1.647403925544362835e+01
1.627761888895876297e+01
1.635590026846983136e+01
1.629683765068079637e+01
1.626309774521141449e+01
1.632412675159148918e+01
1.591398142862261444e+01
1.631528654120613098e+01
1.617325320122475674e+01
1.593547350285782471e+01
1.637150508343980349e+01
1.655779787626521937e+01
1.630826229677670369e+01
1.621676120310290869e+01
1.623816069843737964e+01
1.608156365046960801e+01
1.627261971264127283e+01
1.635843433733987595e+01
1.618635177376555845e+01
1.615107844562614758e+01
1.620278471016481703e+01
1.602035594721988687e+01
1.593564945904231500e+01
1.629554816405393680e+01
1.621710349634091486e+01
1.603220392421070173e+01
1.614312024378688193e+01
1.595703486911190794e+01
1.630594985908249583e+01
1.611340893742515945e+01
1.592431823611902608e+01
1.594658253507118140e+01
1.616314546896530047e+01
1.596920350951589995e+01
1.607487859581609868e+01
1.615301412757522925e+01
1.603004988195420921e+01
1.622382638150558520e+01
1.588166315554757979e+01
1.610154165426924777e+01
1.604204230599242109e+01
1.597344323840751734e+01
1.616578405619861059e+01
1.605032735826428691e+01
1.625577582311862557e+01
1.619660780484219842e+01
1.626753148937422111e+01
1.602059826309884372e+01
1.626993073908474230e+01
1.583950772129014162e+01
1.613881238965145570e+01
1.597404851325273079e+01
1.583486122547220276e+01
1.608474682170207615e+01
1.597746375777480665e+01
1.630977133896957554e+01
1.599357945503954426e+01
1.572145400990931030e+01
1.632688355118026280e+01
1.614171738892108721e+01
1.594843320786097607e+01
1.617655063294358442e+01
1.575214972727388663e+01
1.666674630609498209e+01
1.594352159093240040e+01
1.615165434228600816e+01
1.579133167690061867e+01
1.612348508386818224e+01
1.598889439452314676e+01
1.592904152517592564e+01
1.603339110184482763e+01
1.657371197121023343e+01
1.588269536086500544e+01
1.628550245712697020e+01
1.623187092859253866e+01
1.641235707176981151e+01
1.580258857594233390e+01
1.591553728668247558e+01
1.617841848112581005e+01
1.613192873571283315e+01
1.626705020833604820e+01
1.606243735628579827e+01
1.565152178992809873e+01
1.591364048496150474e+01
1.605096682168698052e+01
1.590261897570510286e+01
1.588985729360298471e+01
1.581531797570646702e+01
1.634647515146201968e+01
1.609622314704952828e+01
1.607409322742416080e+01
1.636974220597788587e+01
1.596156049073172234e+01
1.638961316134042079e+01
1.662450730866540027e+01
1.577054559739177897e+01
1.624378686802115723e+01
1.613965126228210067e+01
1.619609026959722797e+01
1.598961615725645125e+01
1.648675467336997258e+01
1.593086247730027516e+01
1.622272250595249687e+01
1.570097071272916267e+01
1.642303521640484831e+01
1.607745387377877933e+01
1.632774130745796981e+01
1.616030213491805867e+01
1.589446929307264078e+01
1.631738758118335753e+01
1.624182473867422161e+01
1.623634304697575814e+01
1.595385138382794565e+01
1.625932284527115357e+01
1.667578710648168894e+01
1.623720423225596576e+01
1.605298631726222425e+01
1.624490838335781362e+01
1.566717071385947513e+01
1.588589771826000963e+01
1.619490794998507255e+01
1.615500296689404536e+01
1.628718759225235502e+01
1.599023276228059487e+01
1.638956946886072785e+01
1.578854567793918129e+01
1.572095106582484902e+01
1.637895894267243335e+01
1.614580544083172242e+01
1.602146789258327431e+01
1.607294789159601578e+01
1.625229581532095935e+01
1.579441718359305113e+01
1.603667452933106929e+01
1.588604031294771168e+01
1.608026360475475514e+01
1.609554339389871558e+01
1.580204582506572208e+01
1.620199271089943593e+01
1.580820452629610351e+01
1.623908377454738172e+01
1.638847816070152064e+01
1.631076323595539179e+01
1.592936364083331391e+01
1.586746449964842931e+01
1.618131407373775588e+01
1.621770804252347276e+01
1.607621669801689279e+01
1.595154883317749928e+01
1.655168345114316963e+01
1.610214372398137428e+01
1.621485527289161865e+01
1.613432394672346959e+01
1.599349322245991267e+01
1.624136231273807596e+01
1.612427315661200922e+01
1.612226023604558733e+01
1.568510969951149470e+01
1.617102521596772036e+01
1.612312675501928183e+01
1.644044112557619997e+01
1.595368193313961314e+01
1.607468373969223663e+01
1.600841330794195017e+01
1.626267749075168112e+01
1.572978779418992978e+01
1.604868005039659096e+01
1.599875185059776861e+01
1.570658681684319369e+01
1.618684007819329196e+01
1.616578476210318627e+01
1.598681975882973916e+01
1.604259213166276865e+01
1.599462522319625002e+01
1.613385060146075034e+01
1.602697780713230813e+01
1.601698450184230538e+01
1.608488496649285082e+01
1.589387337045478077e+01
1.637804611972763524e+01
1.617269969276922836e+01
1.620191444798032876e+01
1.592066905416673350e+01
1.606174564561512597e+01
1.634988410357496136e+01
1.599195615743525423e+01
1.587150334734119461e+01
1.616150435690878950e+01
1.605929161857274323e+01
1.602423046563884057e+01
1.630543257026929993e+01
1.629577650101331443e+01
1.607562670478968769e+01
1.629584896592779231e+01
1.602851352637965476e+01
1.605116893591890204e+01
1.621235048539513812e+01
1.615559335033094612e+01
1.606214282765458989e+01
1.595947032228272278e+01
1.630250675161303775e+01
1.596029421688862193e+01
1.580974004971237612e+01
1.632415345988935584e+01
1.596345959256681013e+01
1.644124072143532445e+01
1.617108792005291207e+01
1.596238544046589425e+01
1.626321715532790080e+01
1.616398488113338772e+01
1.624411926001456052e+01
1.607958617376613830e+01
1.606270778780883290e+01
1.647417036760807818e+01
1.602361791110052991e+01
1.624677528843708885e+01
1.585953908721759298e+01
1.600711949442696636e+01
1.635898064386459083e+01
1.623573230994267291e+01
1.618633234758247852e+01
1.624494984413941268e+01
1.616994228384902144e+01
1.639433022498373660e+01
1.603996602502919799e+01
1.625860284234824249e+01
1.600961727010994906e+01
1.632745000265480328e+01
1.619901342049821835e+01
1.627664233958923390e+01
1.644758835921852835e+01
1.618120659588887733e+01
1.625737143972483167e+01
1.633105450657786761e+01
1.619880950846687995e+01
1.604821665315313695e+01
1.591231639725509694e+01
1.645276238016680281e+01
1.625926190388877757e+01
1.614631717480077810e+01
1.611123236635770084e+01
1.610412431379991816e+01
1.608250561651117394e+01
1.598506395037419203e+01
1.637959650523686861e+01
1.625548225847106565e+01
1.631980438351282103e+01
1.599796626543619915e+01
1.570708363432118837e+01
1.620230070952794321e+01
1.623687298651055144e+01
1.631210533729450418e+01
1.619841757103815283e+01
1.590550684127795122e+01
1.652779338282703137e+01
1.609440089508388283e+01
1.640410286768823056e+01
1.594751094441540751e+01
1.626341368451340941e+01
1.624746443404948337e+01
1.635832287312925359e+01
1.635053525431738919e+01
1.601965439077379116e+01
1.643391552134195521e+01
1.600051569527974848e+01
1.586959569794676916e+01
1.608382678634800200e+01
1.662154712941550727e+01
1.634899911654411753e+01
1.612323583651331305e+01
1.590651568491946044e+01
1.593373206160225486e+01
1.598839927722694298e+01
1.598460407078191814e+01
1.643329896860113593e+01
1.593527986046391121e+01
1.612961865661268845e+01
1.613999099286222716e+01
1.574662230147734299e+01
1.619560636904490991e+01
1.613219308284460496e+01
1.587540309920931492e+01
1.621630490870199637e+01
1.604657910210179494e+01
1.603662552206263570e+01
1.618865996421136089e+01
1.613213463165465100e+01
1.615883039310335434e+01
1.580973936309723094e+01
1.625799342102899558e+01
1.599060889904745508e+01
1.644389159672165945e+01
1.590749381718117661e+01
1.634493140495163743e+01
1.584701936187271976e+01
1.602017524688742611e+01
1.635075708378983705e+01
1.581558595855023341e+01
1.616029297497617279e+01
1.573544974783989936e+01
1.606691397526111587e+01
1.632801198557646671e+01
1.616908445552840590e+01
1.602212961842278460e+01
1.599058257572640329e+01
1.583920256536641880e+01
1.569578498069706640e+01
1.597907253447056419e+01
1.636449336247111574e+01
1.600332329008156762e+01
1.589067885584499074e+01
1.626275056299056843e+01
1.627267919201915092e+01
1.608909278541028698e+01
1.625553885784979968e+01
1.607474903507608843e+01
1.617158585062390586e+01
1.649150822060823884e+01
1.603653667839617114e+01
1.646006711470886330e+01
1.597153241095404219e+01
1.604277848875674195e+01
1.626503894138437190e+01
1.607598408751701058e+01
1.636920619735959903e+01
1.625201736938547725e+01
1.596162883392816134e+01
1.607369225012908132e+01
1.587001204994986736e+01
1.618481214624074838e+01
1.630234107428480428e+01
1.639638079036415164e+01
1.613574109596762796e+01
1.608120062734498035e+01
1.596583523607809596e+01
1.610431259879313615e+01
1.617211041486516621e+01
1.650239388680882513e+01
1.665883131128981276e+01
1.614811999287782029e+01
1.593974023944071838e+01
1.609710861023901529e+01
1.607486907405983345e+01
1.642853987584331676e+01
1.589750780002333208e+01
1.604389700413398501e+01
1.612750983186569798e+01
1.565022813227010445e+01
1.621876095746571167e+01
1.609884781180388558e+01
1.594192169864243347e+01
1.568117774758052008e+01
1.614996310822487047e+01
1.572245119623674192e+01
1.627583008775184936e+01
1.617058759992471551e+01
1.631814567920896764e+01
1.568324630159196253e+01
1.581881304280597789e+01
1.607285852619528654e+01
1.629537073410362424e+01
1.615645255705694439e+01
1.636253457301405945e+01
1.618699614800283371e+01
1.645219448664602879e+01
1.628494617161100066e+01
1.597797534554536192e+01
1.611157948777841042e+01
1.657524870381285709e+01
1.600169069565751556e+01
1.601271214586571290e+01
1.590428762011472941e+01
1.633829031409860022e+01
1.583364759026404656e+01
1.610284475790965075e+01
1.616022315858901237e+01
1.647720932455062126e+01
1.595794172978435910e+01
1.635015383697382774e+01
1.598246663562358272e+01
1.622419640559056830e+01
1.604173490479323760e+01
1.608706396509249359e+01
1.623930728740387863e+01
1.643413046888550610e+01
1.584193729354376501e+01
1.594949204698197853e+01
1.609865737588582135e+01
1.610940253750163009e+01
1.633677756346823884e+01
1.619094950953953926e+01
1.641238927378555346e+01
1.649145146272677565e+01
1.591945380906767760e+01
1.621398282679415104e+01
1.619998210431827701e+01
1.622340575639638161e+01
1.592483635698074984e+01
1.587819794535785078e+01
1.583707233809106718e+01
1.614227183460459969e+01
1.551894596474869914e+01
1.594822851338619429e+01
1.643386813450160844e+01
1.600444630176113492e+01
1.611489400383144854e+01
1.598220548334523095e+01
1.642625210063278374e+01
1.591199546708608992e+01
1.606579280379351360e+01
1.632012398385468543e+01
1.600260493429710351e+01
1.644359981840696960e+01
1.651906034047001626e+01
1.625012612463825334e+01
1.628342138132997619e+01
1.585148277407973261e+01
1.638558506049569985e+01
1.628222073674846726e+01
1.603991220555905528e+01
1.622122064416529597e+01
1.594041081033800111e+01
1.616644313362121466e+01
1.619815696644109693e+01
1.617988048695724501e+01
1.621776167082739306e+01
1.604501960155921481e+01
1.631441127244233158e+01
1.588367342935847759e+01
1.619758892362600022e+01
1.642013950943614020e+01
1.633516852958349830e+01
1.611980996572701841e+01
1.629206361827765548e+01
1.638868538709023781e+01
1.591753770060244655e+01
1.626970963803393389e+01
1.602789657128748502e+01
1.645125851296984720e+01
1.618696722190263770e+01
1.581283818251162643e+01
1.607767951579437948e+01
1.616000151831010356e+01
1.612563016311207065e+01
1.605628986714561535e+01
1.608007308658411105e+01
1.602306849114858167e+01
1.637412193688864548e+01
1.627339725129084513e+01
1.597294899637018339e+01
1.596051994533856977e+01
1.604813731349092976e+01
1.623550187092353170e+01
1.635189134053067761e+01
1.616808567191996815e+01
1.596109461553648323e+01
1.638383131838628870e+01
1.631640580443664490e+01
1.579552379199449419e+01
1.612866017708903499e+01
1.625625299723629524e+01
1.612278936811820884e+01
1.620137195642682215e+01
1.619640435324996730e+01
1.597355073766978961e+01
1.612966967486032388e+01
1.625076609132683103e+01
1.628681790790075468e+01
1.634778678978449307e+01
1.618566092360792297e+01
1.586376605131306938e+01
1.586986954994325671e+01
1.618734930948777517e+01
1.609642111787202978e+01
1.604577645158362031e+01
1.619904758071596262e+01
1.605098067078238699e+01
1.620722917429827703e+01
1.665409718208754697e+01
1.614742535905130438e+01
1.615105956920504937e+01
1.606563177573206147e+01
1.585966831218633111e+01
1.635231765744834931e+01
1.624832416992703799e+01
1.654436078833980162e+01
1.607009405419995929e+01
1.628271964827664675e+01
1.655034399281379365e+01
1.597697830176070966e+01
1.599697654352065612e+01
1.645147570350229671e+01
1.639794753738808097e+01
1.582989782766745179e+01
1.600765062926821614e+01
1.610391422107212378e+01
1.633361715731046360e+01
1.610264311711245000e+01
1.616483253198826020e+01
1.626035043096984012e+01
1.618731573908326382e+01
1.590855487009400093e+01
1.614846088168563654e+01
1.617228952663813146e+01
1.616247627994387770e+01
1.637639665751192197e+01
1.640366438309973063e+01
1.599351567896057169e+01
1.593233373720378232e+01
1.611932343584970795e+01
1.614453411784146297e+01
1.601193229471029156e+01
1.575422698881086525e+01
1.606158396742294059e+01
1.610881594098129099e+01
1.634177461895810168e+01
1.597858510143020716e+01
1.563415807265437074e+01
1.590005422547997505e+01
1.642806250348791508e+01
1.606134957090023718e+01
1.630934467193791093e+01
1.608486020137542738e+01
1.624885782065049256e+01
1.629776799917084773e+01
1.596799771682492342e+01
1.662056336332082651e+01
1.591822689860073403e+01
1.638670968346301038e+01
1.629560837588358524e+01
1.613909527280380729e+01
1.631386795187077254e+01
1.636771386984210608e+01
1.632406390137163399e+01
1.609158028857557454e+01
1.616095034137292785e+01
1.610790156735982137e+01
1.636882515730523835e+01
1.589249810514292527e+01
1.626972302321875219e+01
1.580513803065131562e+01
1.582736070584939547e+01
1.612585706704161126e+01
1.600231015950610214e+01
1.623699699523191597e+01
1.609207829996888250e+01
1.606375382696755238e+01
1.617133566625154018e+01
1.621479264166807255e+01
1.614520251099599690e+01
1.614947109518111645e+01
1.617492589046286255e+01
1.596549034764185215e+01
1.581463847518347876e+01
1.576860273119969413e+01
1.631125858449653876e+01
1.639514333797187717e+01
1.605406149618830725e+01
1.621838047046052012e+01
1.608099380462479644e+01
1.585724948495721165e+01
1.589323754176082737e+01
1.637131820544247063e+01
1.629729285347461953e+01
1.621756734021271029e+01
1.598421784375572230e+01
1.602604718115533089e+01
1.608413570482673904e+01
1.614023139437849252e+01
1.655710784124450896e+01
1.619253800807526034e+01
1.617742979046353113e+01
1.623512755971720978e+01
1.610861806404335184e+01
1.592393500969093445e+01
1.618247222853300471e+01
1.622977469433899245e+01
1.585437149245372801e+01
1.600143415395722357e+01
1.637866796494478550e+01
1.646991765081174108e+01
1.624162991077950480e+01
1.626500197022244620e+01
1.628353933604714143e+01
1.585740606344425707e+01
1.592768844652091254e+01
1.610000794066229091e+01
1.614472912258474224e+01
1.579286193765128665e+01
1.636009422058098650e+01
1.622558342333725179e+01
1.614823447067475115e+01
1.635060101015054812e+01
1.622619333167310174e+01
1.608347928966675866e+01
1.619814475356492167e+01
1.628782855248732631e+01
1.605756084286488772e+01
1.610062462369970859e+01
1.621232473295770049e+01
1.624745334439185385e+01
1.629029958713353210e+01
1.616779967772385262e+01
1.602906719202355390e+01
1.607540070889286454e+01
1.627356504910222768e+01
1.611128781584257652e+01
1.567591284194683965e+01
1.621873962960478366e+01
1.611836357330330927e+01
1.599443523653764210e+01
1.601790035053942063e+01
1.614655036063359006e+01
1.616600464611748222e+01
1.596641195819046999e+01
1.614978144292630802e+01
1.629209331044678777e+01
1.588924764643920362e+01
1.573117556697858532e+01
1.624007066308592684e+01
1.625134441727583479e+01
1.616168921666134750e+01
1.600900640849874179e+01
1.674943837807182945e+01
1.582538706369977710e+01
1.583258370961663886e+01
1.600225163415228735e+01
1.616799982560202054e+01
1.603009794636336238e+01
1.642465203696282217e+01
1.590392479750606114e+01
1.611634622989449284e+01
1.625283576673388808e+01
1.654341215902843487e+01
1.609502375360548498e+01
1.589453706897311847e+01
1.629303374609271060e+01
1.642408866255646771e+01
1.654349011338339537e+01
1.631660868990764968e+01
1.616270302213490950e+01
1.609748419781812601e+01
1.608129040852190883e+01
1.613072225759358602e+01
1.597701546131311190e+01
1.651411495650068417e+01
1.604752391654296417e+01
1.566593066676506396e+01
1.593691390221342630e+01
1.617229352261964692e+01
1.619115653840577451e+01
1.615375297292164802e+01
1.592024304819168989e+01
1.627142350629677026e+01
1.620457602565340238e+01
1.597014195699439476e+01
1.614771118236614100e+01
1.638722540825117946e+01
1.611425112906898960e+01
1.598246071467953477e+01
1.655752750301236986e+01
1.623363928221244734e+01
1.607449148568711905e+01
1.614821208649011197e+01
1.636274775309107810e+01
1.590812062824291395e+01
1.631310035543158321e+01
1.595900148288535902e+01
1.640417034871333613e+01
1.582379361017278718e+01
1.594382204188645780e+01
1.619787891405266578e+01
1.591217620736338922e+01
1.598941447401336902e+01
1.599895069366421829e+01
1.635458218150896670e+01
1.625905421842087861e+01
1.625467741018694312e+01
1.576253047522763495e+01
1.626223094893443033e+01
1.589825272221895780e+01
1.596149238941554493e+01
1.611361198402099504e+01
1.593754277708402967e+01
1.624806958566144743e+01
1.619934628927373055e+01
1.612728594216939371e+01
1.616595342026731075e+01
1.599074732517608055e+01
1.624799923461607776e+01
1.588401913493079753e+01
1.599665497465807995e+01
1.589606903250885139e+01
1.588979639443879499e+01
1.595838816430021190e+01
1.598083349099097994e+01
1.594460636117312191e+01
1.619276079108508526e+01
1.622027318052117906e+01
1.599759074225681132e+01
1.626886191514692115e+01
1.641321515904885686e+01
1.595772258682357858e+01
1.595164131633962157e+01
1.627641167529319333e+01
1.585305590276674792e+01
1.576444187805267028e+01
1.598970069144756145e+01
1.625182837209014508e+01
1.628367495455874447e+01
1.622996822956064733e+01
1.599959900489363562e+01
1.590169555690834180e+01
1.597238402174305705e+01
1.651398640768562487e+01
1.595585274711157808e+01
1.568848548138833898e+01
1.601732704334365565e+01
1.606356383184094483e+01
1.645255041812235675e+01
1.614664346975452602e+01
1.633099076625201462e+01
1.599780908911338173e+01
1.589307813851197970e+01
1.636982418468146250e+01
1.583309761454590614e+01
1.626932537825177860e+01
1.614716429074385573e+01
1.609692599258011825e+01
1.641675888869794875e+01
1.624133369623610079e+01
1.647373445809614978e+01
1.617914284323595453e+01
1.657622219420679954e+01
1.601675321782452244e+01
1.609166615875466633e+01
1.606371406479855324e+01
1.612316857819869753e+01
1.617855615430262617e+01
1.590889363324342121e+01
1.617325666704740428e+01
1.620547928037958485e+01
1.610653704246525209e+01
1.610910092500684598e+01
1.608224022549802967e+01
1.596557873876080080e+01
1.623929091135019931e+01
1.592399279930104150e+01
1.667487924566180979e+01
1.607117820373195016e+01
1.648255819465018845e+01
1.620150032365738824e+01
1.639082136351653318e+01
1.618863256433515119e+01
1.610035566162071419e+01
1.636315356738467841e+01
1.631798594259406343e+01
1.596370895056647221e+01
1.616429172566254380e+01
1.618257991445970490e+01
1.599309101579807013e+01
1.544854570475612654e+01
1.606500859478374110e+01
1.590853478601259674e+01
1.591882416819663959e+01
1.622145644078467086e+01
1.611184346606568596e+01
1.625036137070843267e+01
1.593390725057736113e+01
1.623929380409062517e+01
1.620608960275614407e+01
1.605783883832675230e+01
1.648514082311498541e+01
1.606084744091036853e+01
1.619341104395864406e+01
1.609137507109300458e+01
1.612336801475759529e+01
1.604601476887287959e+01
