# Variable: deviance
# Sample shape: (3000,)
# Date: 2018-06-06 20:59:22.937669
-2.737496289062500000e+04
-2.737478515625000000e+04
-2.737496093750000000e+04
-2.737502734375000000e+04
-2.737472265625000000e+04
-2.737241406250000000e+04
-2.737374804687500000e+04
-2.737230468750000000e+04
-2.737488281250000000e+04
-2.737486523437500000e+04
-2.737502929687500000e+04
-2.737429687500000000e+04
-2.737501953125000000e+04
-2.737349023437500000e+04
-2.737342773437500000e+04
-2.737316015625000000e+04
-2.737296679687500000e+04
-2.737427539062500000e+04
-2.737463671875000000e+04
-2.737489062500000000e+04
-2.737144921875000000e+04
-2.737474609375000000e+04
-2.737490820312500000e+04
-2.737480078125000000e+04
-2.737500000000000000e+04
-2.737452343750000000e+04
-2.737497265625000000e+04
-2.737490234375000000e+04
-2.737265820312500000e+04
-2.737445898437500000e+04
-2.737397656250000000e+04
-2.737464062500000000e+04
-2.737498632812500000e+04
-2.737494921875000000e+04
-2.737455468750000000e+04
-2.737398828125000000e+04
-2.737485546875000000e+04
-2.737483984375000000e+04
-2.737467968750000000e+04
-2.736939257812500000e+04
-2.737451562500000000e+04
-2.737496484375000000e+04
-2.737411523437500000e+04
-2.737492968750000000e+04
-2.737404687500000000e+04
-2.737473437500000000e+04
-2.737430273437500000e+04
-2.737494140625000000e+04
-2.737171484375000000e+04
-2.737296484375000000e+04
-2.737501757812500000e+04
-2.737378515625000000e+04
-2.737105859375000000e+04
-2.737490820312500000e+04
-2.737502929687500000e+04
-2.737431054687500000e+04
-2.737473046875000000e+04
-2.737480859375000000e+04
-2.737501757812500000e+04
-2.737493164062500000e+04
-2.737489062500000000e+04
-2.737400781250000000e+04
-2.737442187500000000e+04
-2.737491796875000000e+04
-2.737470507812500000e+04
-2.737502539062500000e+04
-2.737440625000000000e+04
-2.737476562500000000e+04
-2.737500195312500000e+04
-2.737210156250000000e+04
-2.737418750000000000e+04
-2.737475195312500000e+04
-2.737487500000000000e+04
-2.737484375000000000e+04
-2.737455664062500000e+04
-2.737435351562500000e+04
-2.737290625000000000e+04
-2.737490234375000000e+04
-2.737496484375000000e+04
-2.737412500000000000e+04
-2.736911328125000000e+04
-2.737444921875000000e+04
-2.737341406250000000e+04
-2.737481054687500000e+04
-2.737411328125000000e+04
-2.737380468750000000e+04
-2.737502929687500000e+04
-2.737482226562500000e+04
-2.737496093750000000e+04
-2.737471484375000000e+04
-2.737451562500000000e+04
-2.736810546875000000e+04
-2.737498437500000000e+04
-2.737475781250000000e+04
-2.737444921875000000e+04
-2.737502539062500000e+04
-2.737446484375000000e+04
-2.737477734375000000e+04
-2.737456054687500000e+04
-2.737501757812500000e+04
-2.737502343750000000e+04
-2.737357031250000000e+04
-2.737490820312500000e+04
-2.737501953125000000e+04
-2.737499218750000000e+04
-2.737492578125000000e+04
-2.737481250000000000e+04
-2.737473046875000000e+04
-2.737487890625000000e+04
-2.737258984375000000e+04
-2.737200390625000000e+04
-2.737480859375000000e+04
-2.737482226562500000e+04
-2.737338476562500000e+04
-2.737494921875000000e+04
-2.737460937500000000e+04
-2.737345312500000000e+04
-2.737479687500000000e+04
-2.737495312500000000e+04
-2.737457617187500000e+04
-2.737381250000000000e+04
-2.737222656250000000e+04
-2.737375000000000000e+04
-2.737346679687500000e+04
-2.737475976562500000e+04
-2.737502734375000000e+04
-2.737458593750000000e+04
-2.737467773437500000e+04
-2.737501171875000000e+04
-2.737400781250000000e+04
-2.737500390625000000e+04
-2.737500585937500000e+04
-2.737500976562500000e+04
-2.737423828125000000e+04
-2.737456250000000000e+04
-2.737489843750000000e+04
-2.737501367187500000e+04
-2.737488476562500000e+04
-2.737463867187500000e+04
-2.737362500000000000e+04
-2.737441210937500000e+04
-2.737470507812500000e+04
-2.737433593750000000e+04
-2.737470898437500000e+04
-2.737427929687500000e+04
-2.737499609375000000e+04
-2.737397656250000000e+04
-2.737502539062500000e+04
-2.737281640625000000e+04
-2.737180468750000000e+04
-2.737370312500000000e+04
-2.737498828125000000e+04
-2.737495312500000000e+04
-2.737456445312500000e+04
-2.737457812500000000e+04
-2.737434765625000000e+04
-2.737397656250000000e+04
-2.737300390625000000e+04
-2.737408593750000000e+04
-2.737387500000000000e+04
-2.737391406250000000e+04
-2.737502929687500000e+04
-2.737407031250000000e+04
-2.737479687500000000e+04
-2.737476953125000000e+04
-2.737424218750000000e+04
-2.737293359375000000e+04
-2.737302343750000000e+04
-2.737390429687500000e+04
-2.737490625000000000e+04
-2.737234765625000000e+04
-2.737417578125000000e+04
-2.737480078125000000e+04
-2.737502734375000000e+04
-2.737465625000000000e+04
-2.737453125000000000e+04
-2.737391015625000000e+04
-2.737499804687500000e+04
-2.737458203125000000e+04
-2.737495703125000000e+04
-2.737329687500000000e+04
-2.737501757812500000e+04
-2.737501171875000000e+04
-2.737431835937500000e+04
-2.737476757812500000e+04
-2.737442578125000000e+04
-2.737501953125000000e+04
-2.737476171875000000e+04
-2.737499609375000000e+04
-2.737243750000000000e+04
-2.737472656250000000e+04
-2.737501562500000000e+04
-2.737500000000000000e+04
-2.737385937500000000e+04
-2.737117187500000000e+04
-2.737495507812500000e+04
-2.737482031250000000e+04
-2.737132617187500000e+04
-2.737381054687500000e+04
-2.737430273437500000e+04
-2.737322656250000000e+04
-2.737412695312500000e+04
-2.737427734375000000e+04
-2.737459375000000000e+04
-2.737495898437500000e+04
-2.737245898437500000e+04
-2.737203125000000000e+04
-2.737353515625000000e+04
-2.737501171875000000e+04
-2.737475000000000000e+04
-2.737493359375000000e+04
-2.737379101562500000e+04
-2.737492773437500000e+04
-2.737317187500000000e+04
-2.737451562500000000e+04
-2.737498242187500000e+04
-2.737339453125000000e+04
-2.737500585937500000e+04
-2.737392968750000000e+04
-2.737431640625000000e+04
-2.737501562500000000e+04
-2.737502343750000000e+04
-2.737313671875000000e+04
-2.737338476562500000e+04
-2.737333984375000000e+04
-2.737500390625000000e+04
-2.737337304687500000e+04
-2.737398046875000000e+04
-2.737492382812500000e+04
-2.737495703125000000e+04
-2.737502539062500000e+04
-2.737496679687500000e+04
-2.737465625000000000e+04
-2.737082031250000000e+04
-2.737355468750000000e+04
-2.737488671875000000e+04
-2.737304882812500000e+04
-2.737500000000000000e+04
-2.737474218750000000e+04
-2.737430468750000000e+04
-2.737483984375000000e+04
-2.737497265625000000e+04
-2.737455859375000000e+04
-2.737069921875000000e+04
-2.737338281250000000e+04
-2.737407031250000000e+04
-2.737489843750000000e+04
-2.737369921875000000e+04
-2.737368359375000000e+04
-2.737437500000000000e+04
-2.737097656250000000e+04
-2.737232421875000000e+04
-2.737446093750000000e+04
-2.737093945312500000e+04
-2.737499609375000000e+04
-2.737470898437500000e+04
-2.737380273437500000e+04
-2.737464453125000000e+04
-2.737475195312500000e+04
-2.737050000000000000e+04
-2.737494921875000000e+04
-2.737502343750000000e+04
-2.737487890625000000e+04
-2.737414648437500000e+04
-2.737501953125000000e+04
-2.737313281250000000e+04
-2.737502734375000000e+04
-2.737492382812500000e+04
-2.737488085937500000e+04
-2.737490625000000000e+04
-2.737415039062500000e+04
-2.737297460937500000e+04
-2.737317968750000000e+04
-2.737323046875000000e+04
-2.737361718750000000e+04
-2.737168750000000000e+04
-2.737502734375000000e+04
-2.737437109375000000e+04
-2.737489843750000000e+04
-2.737471093750000000e+04
-2.737458007812500000e+04
-2.737410351562500000e+04
-2.737500000000000000e+04
-2.737478906250000000e+04
-2.737402343750000000e+04
-2.737489843750000000e+04
-2.737488476562500000e+04
-2.737253125000000000e+04
-2.737410742187500000e+04
-2.737449023437500000e+04
-2.737441796875000000e+04
-2.737486328125000000e+04
-2.737381640625000000e+04
-2.737489453125000000e+04
-2.737439453125000000e+04
-2.737424414062500000e+04
-2.737493750000000000e+04
-2.737502343750000000e+04
-2.737489843750000000e+04
-2.737320703125000000e+04
-2.737416015625000000e+04
-2.737489062500000000e+04
-2.737381250000000000e+04
-2.737501953125000000e+04
-2.737477929687500000e+04
-2.737502734375000000e+04
-2.737313085937500000e+04
-2.737423828125000000e+04
-2.737398046875000000e+04
-2.737479101562500000e+04
-2.737382812500000000e+04
-2.737489257812500000e+04
-2.737489062500000000e+04
-2.737466406250000000e+04
-2.737434570312500000e+04
-2.737436328125000000e+04
-2.737453125000000000e+04
-2.737353710937500000e+04
-2.737445312500000000e+04
-2.737336718750000000e+04
-2.737471093750000000e+04
-2.737312109375000000e+04
-2.737500781250000000e+04
-2.737269531250000000e+04
-2.737460937500000000e+04
-2.737461328125000000e+04
-2.737502734375000000e+04
-2.737433398437500000e+04
-2.737502734375000000e+04
-2.737390429687500000e+04
-2.737448828125000000e+04
-2.737222656250000000e+04
-2.737502343750000000e+04
-2.737056054687500000e+04
-2.737455859375000000e+04
-2.737171289062500000e+04
-2.737485937500000000e+04
-2.737455664062500000e+04
-2.737474609375000000e+04
-2.737500195312500000e+04
-2.737494140625000000e+04
-2.737317187500000000e+04
-2.737475390625000000e+04
-2.737502343750000000e+04
-2.737495703125000000e+04
-2.736870703125000000e+04
-2.737501953125000000e+04
-2.737502343750000000e+04
-2.737482031250000000e+04
-2.737186328125000000e+04
-2.737469726562500000e+04
-2.737499218750000000e+04
-2.737477734375000000e+04
-2.737496875000000000e+04
-2.737443750000000000e+04
-2.737488671875000000e+04
-2.736892968750000000e+04
-2.737356640625000000e+04
-2.737446679687500000e+04
-2.737484765625000000e+04
-2.737487109375000000e+04
-2.737496875000000000e+04
-2.737024609375000000e+04
-2.737430078125000000e+04
-2.737458203125000000e+04
-2.737418750000000000e+04
-2.737365039062500000e+04
-2.737350000000000000e+04
-2.737499218750000000e+04
-2.737470117187500000e+04
-2.737445117187500000e+04
-2.737502734375000000e+04
-2.737493945312500000e+04
-2.737455859375000000e+04
-2.737489062500000000e+04
-2.737377343750000000e+04
-2.737498046875000000e+04
-2.737487500000000000e+04
-2.737447460937500000e+04
-2.737492187500000000e+04
-2.737476953125000000e+04
-2.737436718750000000e+04
-2.737451171875000000e+04
-2.737334960937500000e+04
-2.737500781250000000e+04
-2.737473046875000000e+04
-2.737479101562500000e+04
-2.737485156250000000e+04
-2.737264453125000000e+04
-2.737498437500000000e+04
-2.737496484375000000e+04
-2.737427734375000000e+04
-2.737466796875000000e+04
-2.737490234375000000e+04
-2.737404687500000000e+04
-2.737256250000000000e+04
-2.737153125000000000e+04
-2.737337109375000000e+04
-2.737477734375000000e+04
-2.737173046875000000e+04
-2.737462109375000000e+04
-2.737502343750000000e+04
-2.737282421875000000e+04
-2.737499414062500000e+04
-2.737428515625000000e+04
-2.737502734375000000e+04
-2.737501562500000000e+04
-2.737432617187500000e+04
-2.737258398437500000e+04
-2.737478906250000000e+04
-2.737447656250000000e+04
-2.737471289062500000e+04
-2.737475390625000000e+04
-2.737503125000000000e+04
-2.737494531250000000e+04
-2.737438867187500000e+04
-2.736918945312500000e+04
-2.737457031250000000e+04
-2.737467773437500000e+04
-2.737440625000000000e+04
-2.737492187500000000e+04
-2.737326757812500000e+04
-2.737498046875000000e+04
-2.737502539062500000e+04
-2.737468359375000000e+04
-2.737383984375000000e+04
-2.737280273437500000e+04
-2.737407031250000000e+04
-2.737250000000000000e+04
-2.737500585937500000e+04
-2.737502343750000000e+04
-2.737496289062500000e+04
-2.737481640625000000e+04
-2.737343359375000000e+04
-2.737454687500000000e+04
-2.737501562500000000e+04
-2.737482812500000000e+04
-2.737493750000000000e+04
-2.737402343750000000e+04
-2.737389843750000000e+04
-2.737481640625000000e+04
-2.737500585937500000e+04
-2.737062890625000000e+04
-2.737400781250000000e+04
-2.737475390625000000e+04
-2.737488671875000000e+04
-2.737498828125000000e+04
-2.737502343750000000e+04
-2.737497070312500000e+04
-2.737460937500000000e+04
-2.737402148437500000e+04
-2.737433593750000000e+04
-2.737409375000000000e+04
-2.737500000000000000e+04
-2.737501953125000000e+04
-2.737501562500000000e+04
-2.737470703125000000e+04
-2.737068554687500000e+04
-2.737502734375000000e+04
-2.737493945312500000e+04
-2.737476953125000000e+04
-2.737485546875000000e+04
-2.737464843750000000e+04
-2.737226562500000000e+04
-2.737362500000000000e+04
-2.737394531250000000e+04
-2.737474218750000000e+04
-2.737492187500000000e+04
-2.737215625000000000e+04
-2.737480859375000000e+04
-2.737251953125000000e+04
-2.737307812500000000e+04
-2.737323632812500000e+04
-2.737225781250000000e+04
-2.737350585937500000e+04
-2.737475585937500000e+04
-2.737490234375000000e+04
-2.737496875000000000e+04
-2.737291796875000000e+04
-2.737462890625000000e+04
-2.737491210937500000e+04
-2.737395703125000000e+04
-2.737461132812500000e+04
-2.737495507812500000e+04
-2.737276562500000000e+04
-2.737502734375000000e+04
-2.737502343750000000e+04
-2.737464843750000000e+04
-2.737479296875000000e+04
-2.737376562500000000e+04
-2.737467968750000000e+04
-2.737426953125000000e+04
-2.737472656250000000e+04
-2.737406250000000000e+04
-2.737336523437500000e+04
-2.737137500000000000e+04
-2.737460742187500000e+04
-2.737496093750000000e+04
-2.737502343750000000e+04
-2.737490234375000000e+04
-2.737502734375000000e+04
-2.737468554687500000e+04
-2.737410156250000000e+04
-2.737500390625000000e+04
-2.737490625000000000e+04
-2.737486718750000000e+04
-2.737051171875000000e+04
-2.737475000000000000e+04
-2.737489843750000000e+04
-2.737304687500000000e+04
-2.737386523437500000e+04
-2.737452343750000000e+04
-2.737420703125000000e+04
-2.737475000000000000e+04
-2.737375781250000000e+04
-2.737486914062500000e+04
-2.737384765625000000e+04
-2.737502734375000000e+04
-2.737364453125000000e+04
-2.737285546875000000e+04
-2.737490625000000000e+04
-2.737295312500000000e+04
-2.737499023437500000e+04
-2.737489843750000000e+04
-2.737446093750000000e+04
-2.737501953125000000e+04
-2.737494531250000000e+04
-2.737501953125000000e+04
-2.737502734375000000e+04
-2.737456445312500000e+04
-2.737485937500000000e+04
-2.737341015625000000e+04
-2.737492382812500000e+04
-2.737471679687500000e+04
-2.737500390625000000e+04
-2.737344531250000000e+04
-2.737446289062500000e+04
-2.737500781250000000e+04
-2.737386718750000000e+04
-2.737461718750000000e+04
-2.737489648437500000e+04
-2.737488085937500000e+04
-2.737225976562500000e+04
-2.737481250000000000e+04
-2.737496875000000000e+04
-2.737500390625000000e+04
-2.737499218750000000e+04
-2.736767968750000000e+04
-2.737500781250000000e+04
-2.737503125000000000e+04
-2.737394335937500000e+04
-2.737502343750000000e+04
-2.737074218750000000e+04
-2.737294335937500000e+04
-2.737483593750000000e+04
-2.737445507812500000e+04
-2.737225000000000000e+04
-2.737448437500000000e+04
-2.737502343750000000e+04
-2.737452929687500000e+04
-2.737002734375000000e+04
-2.737494921875000000e+04
-2.737476171875000000e+04
-2.737282421875000000e+04
-2.737381054687500000e+04
-2.737423828125000000e+04
-2.737499218750000000e+04
-2.737491992187500000e+04
-2.737366406250000000e+04
-2.737404687500000000e+04
-2.737456250000000000e+04
-2.737488085937500000e+04
-2.737496875000000000e+04
-2.737501562500000000e+04
-2.737417773437500000e+04
-2.737490234375000000e+04
-2.737147656250000000e+04
-2.736725195312500000e+04
-2.737502343750000000e+04
-2.736629296875000000e+04
-2.737437500000000000e+04
-2.737488281250000000e+04
-2.737470507812500000e+04
-2.737503125000000000e+04
-2.736996679687500000e+04
-2.737500390625000000e+04
-2.737371093750000000e+04
-2.737501171875000000e+04
-2.737410546875000000e+04
-2.737068359375000000e+04
-2.737488281250000000e+04
-2.737438281250000000e+04
-2.737493945312500000e+04
-2.737500000000000000e+04
-2.737425390625000000e+04
-2.737445703125000000e+04
-2.737501562500000000e+04
-2.737498828125000000e+04
-2.737467578125000000e+04
-2.737418359375000000e+04
-2.737493554687500000e+04
-2.737473242187500000e+04
-2.737492578125000000e+04
-2.737477343750000000e+04
-2.737456835937500000e+04
-2.737284375000000000e+04
-2.737078515625000000e+04
-2.737495507812500000e+04
-2.737280664062500000e+04
-2.737498828125000000e+04
-2.737458007812500000e+04
-2.737454687500000000e+04
-2.737487109375000000e+04
-2.737478515625000000e+04
-2.737497460937500000e+04
-2.737443945312500000e+04
-2.737168164062500000e+04
-2.737501953125000000e+04
-2.737195703125000000e+04
-2.737489062500000000e+04
-2.737482031250000000e+04
-2.737477148437500000e+04
-2.737469921875000000e+04
-2.737321093750000000e+04
-2.737497656250000000e+04
-2.737464843750000000e+04
-2.737478515625000000e+04
-2.737476171875000000e+04
-2.737436132812500000e+04
-2.737502734375000000e+04
-2.737447460937500000e+04
-2.737431445312500000e+04
-2.737477539062500000e+04
-2.737305273437500000e+04
-2.737422656250000000e+04
-2.736970312500000000e+04
-2.737490625000000000e+04
-2.737126562500000000e+04
-2.737448046875000000e+04
-2.737194140625000000e+04
-2.737280859375000000e+04
-2.737433984375000000e+04
-2.737460156250000000e+04
-2.737301367187500000e+04
-2.737447460937500000e+04
-2.737349609375000000e+04
-2.737252343750000000e+04
-2.737421484375000000e+04
-2.737397070312500000e+04
-2.737479492187500000e+04
-2.737340039062500000e+04
-2.737469531250000000e+04
-2.737486718750000000e+04
-2.737502148437500000e+04
-2.737336328125000000e+04
-2.737361914062500000e+04
-2.737201562500000000e+04
-2.737312890625000000e+04
-2.737449609375000000e+04
-2.737494921875000000e+04
-2.736940625000000000e+04
-2.737368359375000000e+04
-2.737453125000000000e+04
-2.737319921875000000e+04
-2.737499609375000000e+04
-2.737502734375000000e+04
-2.737379296875000000e+04
-2.737502929687500000e+04
-2.737502539062500000e+04
-2.737370507812500000e+04
-2.737501171875000000e+04
-2.737470117187500000e+04
-2.737502929687500000e+04
-2.737503125000000000e+04
-2.737306640625000000e+04
-2.737491796875000000e+04
-2.737450585937500000e+04
-2.737462500000000000e+04
-2.737493750000000000e+04
-2.737283203125000000e+04
-2.737497070312500000e+04
-2.737457812500000000e+04
-2.737307031250000000e+04
-2.737430859375000000e+04
-2.737466015625000000e+04
-2.737496679687500000e+04
-2.737485742187500000e+04
-2.737451953125000000e+04
-2.737419921875000000e+04
-2.737177929687500000e+04
-2.737501171875000000e+04
-2.737387500000000000e+04
-2.737451171875000000e+04
-2.737485937500000000e+04
-2.737469531250000000e+04
-2.737494140625000000e+04
-2.737273632812500000e+04
-2.737499414062500000e+04
-2.737501757812500000e+04
-2.737502734375000000e+04
-2.737272265625000000e+04
-2.737490625000000000e+04
-2.737502343750000000e+04
-2.737501953125000000e+04
-2.737298242187500000e+04
-2.737491992187500000e+04
-2.737475781250000000e+04
-2.737423828125000000e+04
-2.737502343750000000e+04
-2.737471875000000000e+04
-2.737501953125000000e+04
-2.737243164062500000e+04
-2.737287695312500000e+04
-2.737487500000000000e+04
-2.737492968750000000e+04
-2.737498046875000000e+04
-2.737501171875000000e+04
-2.737374023437500000e+04
-2.737403906250000000e+04
-2.737270703125000000e+04
-2.737487890625000000e+04
-2.737139843750000000e+04
-2.737494335937500000e+04
-2.737472656250000000e+04
-2.737481640625000000e+04
-2.737341406250000000e+04
-2.737480468750000000e+04
-2.737502734375000000e+04
-2.737497656250000000e+04
-2.737348437500000000e+04
-2.737492578125000000e+04
-2.737457812500000000e+04
-2.737212109375000000e+04
-2.737476171875000000e+04
-2.736710546875000000e+04
-2.737402539062500000e+04
-2.736929687500000000e+04
-2.737494921875000000e+04
-2.737460937500000000e+04
-2.737449023437500000e+04
-2.737379687500000000e+04
-2.737473437500000000e+04
-2.737497070312500000e+04
-2.737469921875000000e+04
-2.736608984375000000e+04
-2.737491406250000000e+04
-2.737495312500000000e+04
-2.737415429687500000e+04
-2.737491406250000000e+04
-2.737488867187500000e+04
-2.737391796875000000e+04
-2.737212109375000000e+04
-2.737337695312500000e+04
-2.737502734375000000e+04
-2.737396093750000000e+04
-2.737475390625000000e+04
-2.737171679687500000e+04
-2.736864648437500000e+04
-2.737441210937500000e+04
-2.737393359375000000e+04
-2.737453125000000000e+04
-2.737357031250000000e+04
-2.737436523437500000e+04
-2.737391796875000000e+04
-2.737465234375000000e+04
-2.737411328125000000e+04
-2.737255468750000000e+04
-2.737266796875000000e+04
-2.737206445312500000e+04
-2.737388085937500000e+04
-2.737497070312500000e+04
-2.737093750000000000e+04
-2.737412890625000000e+04
-2.737423242187500000e+04
-2.737498242187500000e+04
-2.737452343750000000e+04
-2.736519921875000000e+04
-2.737395703125000000e+04
-2.737442187500000000e+04
-2.737376953125000000e+04
-2.737431835937500000e+04
-2.737400781250000000e+04
-2.737501953125000000e+04
-2.737498437500000000e+04
-2.737094531250000000e+04
-2.737494921875000000e+04
-2.737295312500000000e+04
-2.737498046875000000e+04
-2.737502539062500000e+04
-2.737263085937500000e+04
-2.737491406250000000e+04
-2.737495703125000000e+04
-2.737449218750000000e+04
-2.737484570312500000e+04
-2.737400585937500000e+04
-2.737342382812500000e+04
-2.737153710937500000e+04
-2.737448046875000000e+04
-2.737294531250000000e+04
-2.737310156250000000e+04
-2.737493750000000000e+04
-2.737420117187500000e+04
-2.737453710937500000e+04
-2.737341406250000000e+04
-2.737501171875000000e+04
-2.737368750000000000e+04
-2.737450781250000000e+04
-2.737482812500000000e+04
-2.737165039062500000e+04
-2.737485351562500000e+04
-2.737214843750000000e+04
-2.737472656250000000e+04
-2.737474609375000000e+04
-2.737446875000000000e+04
-2.737502929687500000e+04
-2.737502343750000000e+04
-2.737443359375000000e+04
-2.737502734375000000e+04
-2.737491015625000000e+04
-2.737502539062500000e+04
-2.737310742187500000e+04
-2.737500585937500000e+04
-2.737502343750000000e+04
-2.737478320312500000e+04
-2.737391796875000000e+04
-2.737393164062500000e+04
-2.737329296875000000e+04
-2.737491796875000000e+04
-2.737444140625000000e+04
-2.737501953125000000e+04
-2.737390234375000000e+04
-2.737502148437500000e+04
-2.737339453125000000e+04
-2.737408984375000000e+04
-2.737211523437500000e+04
-2.737493945312500000e+04
-2.737475195312500000e+04
-2.737497851562500000e+04
-2.737218750000000000e+04
-2.737501953125000000e+04
-2.737491406250000000e+04
-2.737350000000000000e+04
-2.737465039062500000e+04
-2.737495312500000000e+04
-2.737501757812500000e+04
-2.737493945312500000e+04
-2.737414648437500000e+04
-2.737500390625000000e+04
-2.737481835937500000e+04
-2.737402734375000000e+04
-2.737491406250000000e+04
-2.737502343750000000e+04
-2.737488281250000000e+04
-2.737084375000000000e+04
-2.737175390625000000e+04
-2.737452734375000000e+04
-2.737424609375000000e+04
-2.737381250000000000e+04
-2.737491601562500000e+04
-2.737458984375000000e+04
-2.737352734375000000e+04
-2.737187890625000000e+04
-2.737181640625000000e+04
-2.737466796875000000e+04
-2.737500195312500000e+04
-2.737498437500000000e+04
-2.737471093750000000e+04
-2.737453906250000000e+04
-2.737483203125000000e+04
-2.737276562500000000e+04
-2.737503125000000000e+04
-2.737495703125000000e+04
-2.737491796875000000e+04
-2.737287890625000000e+04
-2.737405078125000000e+04
-2.737437304687500000e+04
-2.737492578125000000e+04
-2.737498242187500000e+04
-2.737501171875000000e+04
-2.737493750000000000e+04
-2.737500195312500000e+04
-2.737501757812500000e+04
-2.737346679687500000e+04
-2.737497265625000000e+04
-2.737217187500000000e+04
-2.737202148437500000e+04
-2.737444531250000000e+04
-2.737464453125000000e+04
-2.737502343750000000e+04
-2.736649609375000000e+04
-2.737400000000000000e+04
-2.737489062500000000e+04
-2.737501757812500000e+04
-2.737239648437500000e+04
-2.737098437500000000e+04
-2.737480468750000000e+04
-2.737248046875000000e+04
-2.737491796875000000e+04
-2.737484570312500000e+04
-2.737498437500000000e+04
-2.737483203125000000e+04
-2.737482812500000000e+04
-2.737313281250000000e+04
-2.737347851562500000e+04
-2.737482226562500000e+04
-2.737438671875000000e+04
-2.737370703125000000e+04
-2.737329296875000000e+04
-2.736756835937500000e+04
-2.737445507812500000e+04
-2.737469531250000000e+04
-2.737487890625000000e+04
-2.737487695312500000e+04
-2.737407812500000000e+04
-2.737450781250000000e+04
-2.737500585937500000e+04
-2.737500781250000000e+04
-2.737481640625000000e+04
-2.737494531250000000e+04
-2.737499218750000000e+04
-2.737502148437500000e+04
-2.737492187500000000e+04
-2.737424414062500000e+04
-2.737356250000000000e+04
-2.737260546875000000e+04
-2.737501367187500000e+04
-2.737496484375000000e+04
-2.737500781250000000e+04
-2.737253906250000000e+04
-2.737454492187500000e+04
-2.737502539062500000e+04
-2.737259960937500000e+04
-2.736752929687500000e+04
-2.737460937500000000e+04
-2.737494726562500000e+04
-2.737349218750000000e+04
-2.737332812500000000e+04
-2.737346289062500000e+04
-2.737496289062500000e+04
-2.737494335937500000e+04
-2.737445312500000000e+04
-2.737466796875000000e+04
-2.737446093750000000e+04
-2.737378710937500000e+04
-2.736835351562500000e+04
-2.737273046875000000e+04
-2.737080468750000000e+04
-2.737480468750000000e+04
-2.737466796875000000e+04
-2.737306250000000000e+04
-2.737438085937500000e+04
-2.737500195312500000e+04
-2.737370703125000000e+04
-2.737359179687500000e+04
-2.737466015625000000e+04
-2.737327734375000000e+04
-2.737388671875000000e+04
-2.737475781250000000e+04
-2.737499414062500000e+04
-2.737473046875000000e+04
-2.737491796875000000e+04
-2.737455078125000000e+04
-2.737451953125000000e+04
-2.737468554687500000e+04
-2.737499609375000000e+04
-2.737470312500000000e+04
-2.737304296875000000e+04
-2.737429687500000000e+04
-2.736646484375000000e+04
-2.737473046875000000e+04
-2.737497656250000000e+04
-2.737488867187500000e+04
-2.737501953125000000e+04
-2.737206835937500000e+04
-2.737406835937500000e+04
-2.737415625000000000e+04
-2.737399023437500000e+04
-2.737497656250000000e+04
-2.737434765625000000e+04
-2.737499804687500000e+04
-2.737495312500000000e+04
-2.737463281250000000e+04
-2.737489062500000000e+04
-2.737436523437500000e+04
-2.737433984375000000e+04
-2.737463476562500000e+04
-2.737397070312500000e+04
-2.737432031250000000e+04
-2.737502734375000000e+04
-2.737500585937500000e+04
-2.737472265625000000e+04
-2.737460156250000000e+04
-2.737402343750000000e+04
-2.737498437500000000e+04
-2.737450390625000000e+04
-2.737283203125000000e+04
-2.737398828125000000e+04
-2.737476953125000000e+04
-2.737500781250000000e+04
-2.737115625000000000e+04
-2.737107812500000000e+04
-2.737498242187500000e+04
-2.737468359375000000e+04
-2.737493359375000000e+04
-2.737450000000000000e+04
-2.737495312500000000e+04
-2.737120312500000000e+04
-2.736945312500000000e+04
-2.737451757812500000e+04
-2.737499804687500000e+04
-2.737502929687500000e+04
-2.737498828125000000e+04
-2.737501171875000000e+04
-2.737266210937500000e+04
-2.737280273437500000e+04
-2.737488476562500000e+04
-2.737502539062500000e+04
-2.737491406250000000e+04
-2.737473242187500000e+04
-2.737479296875000000e+04
-2.737502734375000000e+04
-2.737199218750000000e+04
-2.737428906250000000e+04
-2.737499609375000000e+04
-2.737419726562500000e+04
-2.737346875000000000e+04
-2.737153710937500000e+04
-2.737420312500000000e+04
-2.737503125000000000e+04
-2.737492773437500000e+04
-2.737180859375000000e+04
-2.737121679687500000e+04
-2.737497460937500000e+04
-2.737471875000000000e+04
-2.737453125000000000e+04
-2.737479492187500000e+04
-2.737480468750000000e+04
-2.736724218750000000e+04
-2.737353906250000000e+04
-2.737490234375000000e+04
-2.737502148437500000e+04
-2.737446093750000000e+04
-2.737426757812500000e+04
-2.737477148437500000e+04
-2.737379101562500000e+04
-2.737444140625000000e+04
-2.737480273437500000e+04
-2.737456250000000000e+04
-2.737478515625000000e+04
-2.737488085937500000e+04
-2.737427148437500000e+04
-2.737367578125000000e+04
-2.737494921875000000e+04
-2.737455468750000000e+04
-2.737336718750000000e+04
-2.737456835937500000e+04
-2.737501367187500000e+04
-2.737333203125000000e+04
-2.737160937500000000e+04
-2.737502734375000000e+04
-2.737445312500000000e+04
-2.737332812500000000e+04
-2.737478515625000000e+04
-2.737489843750000000e+04
-2.737498632812500000e+04
-2.737501562500000000e+04
-2.737482226562500000e+04
-2.737502343750000000e+04
-2.737500976562500000e+04
-2.737499218750000000e+04
-2.737294921875000000e+04
-2.737469726562500000e+04
-2.737499218750000000e+04
-2.737501953125000000e+04
-2.737498046875000000e+04
-2.737414453125000000e+04
-2.737503125000000000e+04
-2.737463867187500000e+04
-2.737458398437500000e+04
-2.737371875000000000e+04
-2.737457812500000000e+04
-2.737356054687500000e+04
-2.737375976562500000e+04
-2.737392187500000000e+04
-2.737430859375000000e+04
-2.737378906250000000e+04
-2.737446875000000000e+04
-2.737498828125000000e+04
-2.737459765625000000e+04
-2.737266406250000000e+04
-2.736864453125000000e+04
-2.737245507812500000e+04
-2.737493359375000000e+04
-2.737308984375000000e+04
-2.737502734375000000e+04
-2.737477734375000000e+04
-2.737472656250000000e+04
-2.737480664062500000e+04
-2.737502539062500000e+04
-2.737461132812500000e+04
-2.737442382812500000e+04
-2.737426367187500000e+04
-2.737368750000000000e+04
-2.737322265625000000e+04
-2.737501562500000000e+04
-2.737461328125000000e+04
-2.737404882812500000e+04
-2.737336718750000000e+04
-2.737419140625000000e+04
-2.737360351562500000e+04
-2.737039062500000000e+04
-2.737409179687500000e+04
-2.737497851562500000e+04
-2.737502539062500000e+04
-2.737264453125000000e+04
-2.737392968750000000e+04
-2.737486328125000000e+04
-2.737488281250000000e+04
-2.737493750000000000e+04
-2.737496875000000000e+04
-2.737310742187500000e+04
-2.737501171875000000e+04
-2.737389062500000000e+04
-2.737501953125000000e+04
-2.737502734375000000e+04
-2.737139843750000000e+04
-2.737219726562500000e+04
-2.737482617187500000e+04
-2.737469921875000000e+04
-2.737499414062500000e+04
-2.737473828125000000e+04
-2.737296875000000000e+04
-2.737468164062500000e+04
-2.737111132812500000e+04
-2.737364648437500000e+04
-2.737441406250000000e+04
-2.737178320312500000e+04
-2.737399609375000000e+04
-2.737482421875000000e+04
-2.737474023437500000e+04
-2.737031640625000000e+04
-2.737456250000000000e+04
-2.737433593750000000e+04
-2.737457421875000000e+04
-2.737202539062500000e+04
-2.737345312500000000e+04
-2.737495117187500000e+04
-2.737188281250000000e+04
-2.737465234375000000e+04
-2.737500000000000000e+04
-2.737385937500000000e+04
-2.737502734375000000e+04
-2.737485937500000000e+04
-2.737501562500000000e+04
-2.737499609375000000e+04
-2.737056640625000000e+04
-2.737497656250000000e+04
-2.737483398437500000e+04
-2.737497070312500000e+04
-2.737451562500000000e+04
-2.737431640625000000e+04
-2.737440429687500000e+04
-2.737155273437500000e+04
-2.737471875000000000e+04
-2.737495703125000000e+04
-2.737482812500000000e+04
-2.737462890625000000e+04
-2.737282031250000000e+04
-2.736982812500000000e+04
-2.737275976562500000e+04
-2.737374218750000000e+04
-2.737472656250000000e+04
-2.737501953125000000e+04
-2.737320703125000000e+04
-2.737502734375000000e+04
-2.737500195312500000e+04
-2.737489453125000000e+04
-2.737502539062500000e+04
-2.737322851562500000e+04
-2.737065234375000000e+04
-2.737432812500000000e+04
-2.737299804687500000e+04
-2.737358984375000000e+04
-2.737490234375000000e+04
-2.737380859375000000e+04
-2.737500390625000000e+04
-2.737502148437500000e+04
-2.737501953125000000e+04
-2.737500195312500000e+04
-2.737502539062500000e+04
-2.737492968750000000e+04
-2.737452343750000000e+04
-2.737275000000000000e+04
-2.737458398437500000e+04
-2.737497070312500000e+04
-2.737439257812500000e+04
-2.737387500000000000e+04
-2.737475390625000000e+04
-2.737420507812500000e+04
-2.737153515625000000e+04
-2.737471679687500000e+04
-2.737426171875000000e+04
-2.737501367187500000e+04
-2.737280859375000000e+04
-2.737390234375000000e+04
-2.737489843750000000e+04
-2.737494921875000000e+04
-2.737420312500000000e+04
-2.737470312500000000e+04
-2.737202734375000000e+04
-2.736816796875000000e+04
-2.737418359375000000e+04
-2.737500390625000000e+04
-2.737498242187500000e+04
-2.737465234375000000e+04
-2.737445312500000000e+04
-2.737231640625000000e+04
-2.737447265625000000e+04
-2.736693164062500000e+04
-2.737220117187500000e+04
-2.737266406250000000e+04
-2.737502734375000000e+04
-2.737345507812500000e+04
-2.737401562500000000e+04
-2.737480468750000000e+04
-2.737034960937500000e+04
-2.737495898437500000e+04
-2.737485156250000000e+04
-2.737235742187500000e+04
-2.737489062500000000e+04
-2.737148046875000000e+04
-2.737497656250000000e+04
-2.737476171875000000e+04
-2.737483593750000000e+04
-2.737486328125000000e+04
-2.737146875000000000e+04
-2.737456445312500000e+04
-2.737495312500000000e+04
-2.737495703125000000e+04
-2.737430468750000000e+04
-2.737284765625000000e+04
-2.737447460937500000e+04
-2.737491406250000000e+04
-2.737483203125000000e+04
-2.737502343750000000e+04
-2.737465234375000000e+04
-2.737425585937500000e+04
-2.737451953125000000e+04
-2.737470117187500000e+04
-2.737499609375000000e+04
-2.737502734375000000e+04
-2.737479687500000000e+04
-2.737419140625000000e+04
-2.737072265625000000e+04
-2.737428125000000000e+04
-2.737485156250000000e+04
-2.736997656250000000e+04
-2.737502929687500000e+04
-2.737447460937500000e+04
-2.737242968750000000e+04
-2.737488085937500000e+04
-2.737277734375000000e+04
-2.737459960937500000e+04
-2.737463476562500000e+04
-2.737472656250000000e+04
-2.737417578125000000e+04
-2.737194531250000000e+04
-2.737491796875000000e+04
-2.737302343750000000e+04
-2.737477148437500000e+04
-2.737389062500000000e+04
-2.737483203125000000e+04
-2.737258984375000000e+04
-2.737439843750000000e+04
-2.737379882812500000e+04
-2.737439062500000000e+04
-2.737477734375000000e+04
-2.737088085937500000e+04
-2.737492187500000000e+04
-2.737294921875000000e+04
-2.737122265625000000e+04
-2.737156445312500000e+04
-2.737152734375000000e+04
-2.737208984375000000e+04
-2.737476562500000000e+04
-2.737501367187500000e+04
-2.737481640625000000e+04
-2.737481640625000000e+04
-2.737445117187500000e+04
-2.737482421875000000e+04
-2.737392382812500000e+04
-2.737499609375000000e+04
-2.737495117187500000e+04
-2.737376562500000000e+04
-2.737480273437500000e+04
-2.737461328125000000e+04
-2.737497851562500000e+04
-2.737426171875000000e+04
-2.737314843750000000e+04
-2.737446875000000000e+04
-2.737457812500000000e+04
-2.737400585937500000e+04
-2.737268750000000000e+04
-2.737397656250000000e+04
-2.737413476562500000e+04
-2.737502343750000000e+04
-2.737495312500000000e+04
-2.737036132812500000e+04
-2.737500195312500000e+04
-2.737305273437500000e+04
-2.737481640625000000e+04
-2.737501562500000000e+04
-2.737501562500000000e+04
-2.737498437500000000e+04
-2.737426562500000000e+04
-2.737337695312500000e+04
-2.737486914062500000e+04
-2.737501171875000000e+04
-2.737499218750000000e+04
-2.737500000000000000e+04
-2.737488281250000000e+04
-2.737501562500000000e+04
-2.737488867187500000e+04
-2.737249023437500000e+04
-2.737498046875000000e+04
-2.737215234375000000e+04
-2.737502539062500000e+04
-2.737474609375000000e+04
-2.737267578125000000e+04
-2.737500781250000000e+04
-2.737483007812500000e+04
-2.737454687500000000e+04
-2.737474609375000000e+04
-2.737353515625000000e+04
-2.737496679687500000e+04
-2.737380468750000000e+04
-2.737404492187500000e+04
-2.737482226562500000e+04
-2.737492968750000000e+04
-2.737406445312500000e+04
-2.737475000000000000e+04
-2.737369335937500000e+04
-2.737378906250000000e+04
-2.737448437500000000e+04
-2.737445312500000000e+04
-2.737392187500000000e+04
-2.737420507812500000e+04
-2.737290625000000000e+04
-2.737481640625000000e+04
-2.737295703125000000e+04
-2.737500390625000000e+04
-2.737419140625000000e+04
-2.737479492187500000e+04
-2.737458593750000000e+04
-2.737244531250000000e+04
-2.737415625000000000e+04
-2.737465234375000000e+04
-2.737444531250000000e+04
-2.737477148437500000e+04
-2.737496484375000000e+04
-2.737503125000000000e+04
-2.737500781250000000e+04
-2.737485156250000000e+04
-2.737459765625000000e+04
-2.737327734375000000e+04
-2.737449609375000000e+04
-2.737465039062500000e+04
-2.737262890625000000e+04
-2.737462500000000000e+04
-2.737060937500000000e+04
-2.737250781250000000e+04
-2.737482421875000000e+04
-2.737362109375000000e+04
-2.737425976562500000e+04
-2.737483593750000000e+04
-2.737498437500000000e+04
-2.737495703125000000e+04
-2.737451171875000000e+04
-2.737465625000000000e+04
-2.737466796875000000e+04
-2.737303906250000000e+04
-2.737364257812500000e+04
-2.737074218750000000e+04
-2.737387500000000000e+04
-2.737423828125000000e+04
-2.736875195312500000e+04
-2.737492382812500000e+04
-2.737417578125000000e+04
-2.737495312500000000e+04
-2.737382031250000000e+04
-2.737497265625000000e+04
-2.737482226562500000e+04
-2.737499218750000000e+04
-2.737323242187500000e+04
-2.737491796875000000e+04
-2.737501171875000000e+04
-2.737496484375000000e+04
-2.737483007812500000e+04
-2.737492578125000000e+04
-2.737357226562500000e+04
-2.737502929687500000e+04
-2.737496875000000000e+04
-2.737469726562500000e+04
-2.737417773437500000e+04
-2.737502343750000000e+04
-2.737419726562500000e+04
-2.737262890625000000e+04
-2.737494921875000000e+04
-2.737293164062500000e+04
-2.737263281250000000e+04
-2.737502734375000000e+04
-2.737284765625000000e+04
-2.737204101562500000e+04
-2.737470898437500000e+04
-2.737503320312500000e+04
-2.737502539062500000e+04
-2.737502148437500000e+04
-2.737380078125000000e+04
-2.737499414062500000e+04
-2.736769335937500000e+04
-2.737467382812500000e+04
-2.737368750000000000e+04
-2.737496093750000000e+04
-2.737460156250000000e+04
-2.737501562500000000e+04
-2.737298242187500000e+04
-2.737412304687500000e+04
-2.737502734375000000e+04
-2.736976171875000000e+04
-2.737491210937500000e+04
-2.737497656250000000e+04
-2.737501953125000000e+04
-2.737491210937500000e+04
-2.737450781250000000e+04
-2.737489453125000000e+04
-2.737484960937500000e+04
-2.737488671875000000e+04
-2.737397851562500000e+04
-2.737435156250000000e+04
-2.737343554687500000e+04
-2.737501562500000000e+04
-2.737374609375000000e+04
-2.737497656250000000e+04
-2.737476562500000000e+04
-2.737366406250000000e+04
-2.737347656250000000e+04
-2.737477734375000000e+04
-2.737186914062500000e+04
-2.737408593750000000e+04
-2.737502343750000000e+04
-2.737498046875000000e+04
-2.737337500000000000e+04
-2.737279296875000000e+04
-2.737456250000000000e+04
-2.737494531250000000e+04
-2.737501757812500000e+04
-2.737500781250000000e+04
-2.737501562500000000e+04
-2.737181250000000000e+04
-2.737500390625000000e+04
-2.737501562500000000e+04
-2.737309765625000000e+04
-2.737313281250000000e+04
-2.737418554687500000e+04
-2.737074218750000000e+04
-2.737200585937500000e+04
-2.737501171875000000e+04
-2.737385546875000000e+04
-2.737497851562500000e+04
-2.737492773437500000e+04
-2.737500000000000000e+04
-2.737498242187500000e+04
-2.737490820312500000e+04
-2.737502343750000000e+04
-2.737443750000000000e+04
-2.737502148437500000e+04
-2.737476562500000000e+04
-2.737350976562500000e+04
-2.737502734375000000e+04
-2.737091210937500000e+04
-2.737488281250000000e+04
-2.737359570312500000e+04
-2.737454492187500000e+04
-2.737355468750000000e+04
-2.737500000000000000e+04
-2.737418359375000000e+04
-2.737458984375000000e+04
-2.737491015625000000e+04
-2.737501171875000000e+04
-2.737492968750000000e+04
-2.737433398437500000e+04
-2.737071093750000000e+04
-2.737282812500000000e+04
-2.737480859375000000e+04
-2.737452734375000000e+04
-2.737473242187500000e+04
-2.737363281250000000e+04
-2.737441210937500000e+04
-2.737269531250000000e+04
-2.737308984375000000e+04
-2.737203710937500000e+04
-2.737502734375000000e+04
-2.737500195312500000e+04
-2.737421289062500000e+04
-2.737490625000000000e+04
-2.737409375000000000e+04
-2.737473632812500000e+04
-2.737489843750000000e+04
-2.737303320312500000e+04
-2.737477929687500000e+04
-2.737484375000000000e+04
-2.737500976562500000e+04
-2.737498828125000000e+04
-2.737487890625000000e+04
-2.737501953125000000e+04
-2.737493164062500000e+04
-2.737461328125000000e+04
-2.737461718750000000e+04
-2.737439453125000000e+04
-2.737439453125000000e+04
-2.737475585937500000e+04
-2.737443359375000000e+04
-2.737495703125000000e+04
-2.737362890625000000e+04
-2.737502343750000000e+04
-2.737501367187500000e+04
-2.737484375000000000e+04
-2.737461914062500000e+04
-2.737445898437500000e+04
-2.737457421875000000e+04
-2.737487109375000000e+04
-2.737491406250000000e+04
-2.737495117187500000e+04
-2.737362890625000000e+04
-2.737487109375000000e+04
-2.737480273437500000e+04
-2.737495507812500000e+04
-2.737502343750000000e+04
-2.737502929687500000e+04
-2.737483203125000000e+04
-2.737418750000000000e+04
-2.737470703125000000e+04
-2.737178320312500000e+04
-2.737466992187500000e+04
-2.737489453125000000e+04
-2.737500000000000000e+04
-2.737489843750000000e+04
-2.737498437500000000e+04
-2.737421875000000000e+04
-2.737496679687500000e+04
-2.737386328125000000e+04
-2.737332226562500000e+04
-2.737187500000000000e+04
-2.737502343750000000e+04
-2.737502343750000000e+04
-2.737501757812500000e+04
-2.737500781250000000e+04
-2.737488671875000000e+04
-2.737502734375000000e+04
-2.737481835937500000e+04
-2.737397851562500000e+04
-2.737491015625000000e+04
-2.737165820312500000e+04
-2.737412109375000000e+04
-2.737278515625000000e+04
-2.737402343750000000e+04
-2.737425781250000000e+04
-2.737500000000000000e+04
-2.737501953125000000e+04
-2.737484375000000000e+04
-2.737327734375000000e+04
-2.737497851562500000e+04
-2.737446093750000000e+04
-2.737429296875000000e+04
-2.737491796875000000e+04
-2.737353906250000000e+04
-2.737486914062500000e+04
-2.737331250000000000e+04
-2.737457421875000000e+04
-2.737406250000000000e+04
-2.737104687500000000e+04
-2.737483007812500000e+04
-2.737400390625000000e+04
-2.737419921875000000e+04
-2.737474414062500000e+04
-2.737277734375000000e+04
-2.737482421875000000e+04
-2.737178125000000000e+04
-2.737429101562500000e+04
-2.737306835937500000e+04
-2.737497851562500000e+04
-2.737366796875000000e+04
-2.736719726562500000e+04
-2.737464453125000000e+04
-2.737495703125000000e+04
-2.737183984375000000e+04
-2.737480273437500000e+04
-2.737479882812500000e+04
-2.737503125000000000e+04
-2.737489062500000000e+04
-2.737265429687500000e+04
-2.737264648437500000e+04
-2.737502929687500000e+04
-2.737495898437500000e+04
-2.737482031250000000e+04
-2.737399218750000000e+04
-2.737465039062500000e+04
-2.737252734375000000e+04
-2.737485937500000000e+04
-2.737494140625000000e+04
-2.737499023437500000e+04
-2.737343359375000000e+04
-2.737449218750000000e+04
-2.737150000000000000e+04
-2.737382421875000000e+04
-2.737491796875000000e+04
-2.736669531250000000e+04
-2.737478710937500000e+04
-2.737497656250000000e+04
-2.737475781250000000e+04
-2.737502343750000000e+04
-2.737482617187500000e+04
-2.737362109375000000e+04
-2.737411718750000000e+04
-2.737502539062500000e+04
-2.737496484375000000e+04
-2.737011914062500000e+04
-2.737354687500000000e+04
-2.737473828125000000e+04
-2.737384570312500000e+04
-2.737087109375000000e+04
-2.737502539062500000e+04
-2.737476562500000000e+04
-2.737449023437500000e+04
-2.737191992187500000e+04
-2.737485156250000000e+04
-2.737486718750000000e+04
-2.737499609375000000e+04
-2.737036914062500000e+04
-2.737401953125000000e+04
-2.737372265625000000e+04
-2.737490234375000000e+04
-2.737489062500000000e+04
-2.737486914062500000e+04
-2.737501953125000000e+04
-2.737418164062500000e+04
-2.737441406250000000e+04
-2.737432617187500000e+04
-2.737496484375000000e+04
-2.737388476562500000e+04
-2.737392187500000000e+04
-2.737471875000000000e+04
-2.737477734375000000e+04
-2.737446093750000000e+04
-2.737502734375000000e+04
-2.737498046875000000e+04
-2.737402343750000000e+04
-2.737387500000000000e+04
-2.737437500000000000e+04
-2.737089453125000000e+04
-2.737492382812500000e+04
-2.737488281250000000e+04
-2.737218554687500000e+04
-2.737486523437500000e+04
-2.737502929687500000e+04
-2.737500781250000000e+04
-2.737306054687500000e+04
-2.737462500000000000e+04
-2.737445898437500000e+04
-2.737051953125000000e+04
-2.737302734375000000e+04
-2.737498242187500000e+04
-2.737455859375000000e+04
-2.737467578125000000e+04
-2.736955273437500000e+04
-2.737486328125000000e+04
-2.737332421875000000e+04
-2.737499804687500000e+04
-2.737241796875000000e+04
-2.737452148437500000e+04
-2.737443750000000000e+04
-2.737030468750000000e+04
-2.737420703125000000e+04
-2.737375781250000000e+04
-2.737503125000000000e+04
-2.737502539062500000e+04
-2.737017578125000000e+04
-2.737502734375000000e+04
-2.737460937500000000e+04
-2.737502929687500000e+04
-2.737320312500000000e+04
-2.737498046875000000e+04
-2.737358984375000000e+04
-2.737502734375000000e+04
-2.737492578125000000e+04
-2.737497656250000000e+04
-2.737463281250000000e+04
-2.737395703125000000e+04
-2.737500390625000000e+04
-2.737502734375000000e+04
-2.737268359375000000e+04
-2.737169335937500000e+04
-2.737463867187500000e+04
-2.737460546875000000e+04
-2.737223828125000000e+04
-2.737493164062500000e+04
-2.737419335937500000e+04
-2.737119921875000000e+04
-2.736835546875000000e+04
-2.737447656250000000e+04
-2.737287109375000000e+04
-2.737478320312500000e+04
-2.737502734375000000e+04
-2.737185546875000000e+04
-2.737501562500000000e+04
-2.737427734375000000e+04
-2.737499804687500000e+04
-2.737450000000000000e+04
-2.737188671875000000e+04
-2.737354296875000000e+04
-2.737455468750000000e+04
-2.737488085937500000e+04
-2.737455078125000000e+04
-2.737498437500000000e+04
-2.737403515625000000e+04
-2.737213085937500000e+04
-2.737494140625000000e+04
-2.737299609375000000e+04
-2.737438476562500000e+04
-2.737471289062500000e+04
-2.737501953125000000e+04
-2.737500585937500000e+04
-2.737456640625000000e+04
-2.737501367187500000e+04
-2.737479492187500000e+04
-2.737483593750000000e+04
-2.737476171875000000e+04
-2.737406250000000000e+04
-2.737499804687500000e+04
-2.737467382812500000e+04
-2.737474609375000000e+04
-2.737479296875000000e+04
-2.737329296875000000e+04
-2.737502734375000000e+04
-2.737499804687500000e+04
-2.737418750000000000e+04
-2.737501757812500000e+04
-2.737376562500000000e+04
-2.737248046875000000e+04
-2.737495507812500000e+04
-2.737500390625000000e+04
-2.737461328125000000e+04
-2.737492773437500000e+04
-2.737500781250000000e+04
-2.737410546875000000e+04
-2.737371484375000000e+04
-2.737486718750000000e+04
-2.737114453125000000e+04
-2.737339843750000000e+04
-2.737467187500000000e+04
-2.737421875000000000e+04
-2.737190234375000000e+04
-2.737426562500000000e+04
-2.737452343750000000e+04
-2.737492578125000000e+04
-2.737500781250000000e+04
-2.737430468750000000e+04
-2.737270898437500000e+04
-2.737489453125000000e+04
-2.737386328125000000e+04
-2.737482421875000000e+04
-2.737428320312500000e+04
-2.737221093750000000e+04
-2.737502148437500000e+04
-2.737486914062500000e+04
-2.737150000000000000e+04
-2.737422851562500000e+04
-2.737268359375000000e+04
-2.737304687500000000e+04
-2.737497460937500000e+04
-2.737440625000000000e+04
-2.737456640625000000e+04
-2.737502539062500000e+04
-2.737304687500000000e+04
-2.737454296875000000e+04
-2.737490429687500000e+04
-2.737436914062500000e+04
-2.737484375000000000e+04
-2.737464453125000000e+04
-2.737501953125000000e+04
-2.737403906250000000e+04
-2.737493945312500000e+04
-2.737361328125000000e+04
-2.737501171875000000e+04
-2.737420507812500000e+04
-2.737141406250000000e+04
-2.737455078125000000e+04
-2.736897070312500000e+04
-2.737331054687500000e+04
-2.737435937500000000e+04
-2.737488671875000000e+04
-2.736872265625000000e+04
-2.737403710937500000e+04
-2.737495507812500000e+04
-2.737472265625000000e+04
-2.737498046875000000e+04
-2.737499609375000000e+04
-2.737482226562500000e+04
-2.737339257812500000e+04
-2.737220703125000000e+04
-2.737501953125000000e+04
-2.737501367187500000e+04
-2.737489648437500000e+04
-2.737483789062500000e+04
-2.737494726562500000e+04
-2.737436328125000000e+04
-2.737377148437500000e+04
-2.737503125000000000e+04
-2.737341796875000000e+04
-2.737391406250000000e+04
-2.737483593750000000e+04
-2.737407421875000000e+04
-2.737502148437500000e+04
-2.737166406250000000e+04
-2.737470312500000000e+04
-2.737499218750000000e+04
-2.737485546875000000e+04
-2.737400000000000000e+04
-2.737498437500000000e+04
-2.737452343750000000e+04
-2.737437890625000000e+04
-2.737447656250000000e+04
-2.737412890625000000e+04
-2.737442968750000000e+04
-2.737465625000000000e+04
-2.737355468750000000e+04
-2.737496875000000000e+04
-2.737057031250000000e+04
-2.737493750000000000e+04
-2.737500585937500000e+04
-2.737487500000000000e+04
-2.737458593750000000e+04
-2.737503125000000000e+04
-2.737464843750000000e+04
-2.737481250000000000e+04
-2.737485742187500000e+04
-2.737502539062500000e+04
-2.736986132812500000e+04
-2.737490820312500000e+04
-2.737482812500000000e+04
-2.736921484375000000e+04
-2.737399804687500000e+04
-2.737423828125000000e+04
-2.737176953125000000e+04
-2.737492187500000000e+04
-2.737489257812500000e+04
-2.737466992187500000e+04
-2.737497656250000000e+04
-2.737440039062500000e+04
-2.737491796875000000e+04
-2.737492968750000000e+04
-2.737469140625000000e+04
-2.737271875000000000e+04
-2.737483593750000000e+04
-2.737379882812500000e+04
-2.737448046875000000e+04
-2.737477343750000000e+04
-2.737460546875000000e+04
-2.737500195312500000e+04
-2.737460937500000000e+04
-2.737412109375000000e+04
-2.737497070312500000e+04
-2.736902343750000000e+04
-2.737419531250000000e+04
-2.737461718750000000e+04
-2.737501562500000000e+04
-2.737457031250000000e+04
-2.737325000000000000e+04
-2.737500781250000000e+04
-2.737475781250000000e+04
-2.737497656250000000e+04
-2.737475390625000000e+04
-2.737502539062500000e+04
-2.737381250000000000e+04
-2.737491796875000000e+04
-2.737500390625000000e+04
-2.737486914062500000e+04
-2.737412500000000000e+04
-2.737036328125000000e+04
-2.737450976562500000e+04
-2.737493750000000000e+04
-2.737502929687500000e+04
-2.737498828125000000e+04
-2.737292382812500000e+04
-2.737488281250000000e+04
-2.737497070312500000e+04
-2.737141406250000000e+04
-2.737450390625000000e+04
-2.737501171875000000e+04
-2.737483593750000000e+04
-2.737262500000000000e+04
-2.737493359375000000e+04
-2.737460546875000000e+04
-2.737500976562500000e+04
-2.737334765625000000e+04
-2.737474609375000000e+04
-2.737292187500000000e+04
-2.737500000000000000e+04
-2.737059375000000000e+04
-2.737376757812500000e+04
-2.737116015625000000e+04
-2.737402343750000000e+04
-2.737422460937500000e+04
-2.737450781250000000e+04
-2.737453515625000000e+04
-2.737152343750000000e+04
-2.737328906250000000e+04
-2.737474218750000000e+04
-2.737445507812500000e+04
-2.737475585937500000e+04
-2.737403125000000000e+04
-2.737473437500000000e+04
-2.737068359375000000e+04
-2.737497656250000000e+04
-2.737058984375000000e+04
-2.736527343750000000e+04
-2.737482421875000000e+04
-2.737339257812500000e+04
-2.737494531250000000e+04
-2.737477148437500000e+04
-2.737457421875000000e+04
-2.737498046875000000e+04
-2.737416796875000000e+04
-2.737499804687500000e+04
-2.737294531250000000e+04
-2.737500781250000000e+04
-2.737430468750000000e+04
-2.737483984375000000e+04
-2.737499804687500000e+04
-2.737357421875000000e+04
-2.737152148437500000e+04
-2.737495898437500000e+04
-2.737501953125000000e+04
-2.737228515625000000e+04
-2.736902343750000000e+04
-2.737370312500000000e+04
-2.737307617187500000e+04
-2.737230273437500000e+04
-2.737341210937500000e+04
-2.737474609375000000e+04
-2.737443750000000000e+04
-2.737502539062500000e+04
-2.737485156250000000e+04
-2.737465234375000000e+04
-2.737000390625000000e+04
-2.737497070312500000e+04
-2.737415625000000000e+04
-2.737386328125000000e+04
-2.737112890625000000e+04
-2.737449414062500000e+04
-2.737443750000000000e+04
-2.737103125000000000e+04
-2.737500976562500000e+04
-2.737485156250000000e+04
-2.737499414062500000e+04
-2.737501367187500000e+04
-2.737473437500000000e+04
-2.737500390625000000e+04
-2.737503125000000000e+04
-2.737462304687500000e+04
-2.737400781250000000e+04
-2.737482812500000000e+04
-2.737475781250000000e+04
-2.737502734375000000e+04
-2.737490625000000000e+04
-2.737467968750000000e+04
-2.737347265625000000e+04
-2.736790625000000000e+04
-2.737422656250000000e+04
-2.737329492187500000e+04
-2.737501757812500000e+04
-2.737481640625000000e+04
-2.737308203125000000e+04
-2.737486132812500000e+04
-2.737500585937500000e+04
-2.737451562500000000e+04
-2.737475976562500000e+04
-2.737423632812500000e+04
-2.737471484375000000e+04
-2.737432617187500000e+04
-2.737462500000000000e+04
-2.737494531250000000e+04
-2.737478125000000000e+04
-2.737360937500000000e+04
-2.737089062500000000e+04
-2.737484960937500000e+04
-2.737493554687500000e+04
-2.737367968750000000e+04
-2.737135937500000000e+04
-2.737321093750000000e+04
-2.737291210937500000e+04
-2.737490234375000000e+04
-2.737160351562500000e+04
-2.737468164062500000e+04
-2.737409375000000000e+04
-2.737494531250000000e+04
-2.737473632812500000e+04
-2.737374023437500000e+04
-2.737271093750000000e+04
-2.737495898437500000e+04
-2.737307812500000000e+04
-2.737365234375000000e+04
-2.737476171875000000e+04
-2.737452929687500000e+04
-2.737490234375000000e+04
-2.737335156250000000e+04
-2.736811914062500000e+04
-2.737386328125000000e+04
-2.737408203125000000e+04
-2.737263867187500000e+04
-2.737502734375000000e+04
-2.737502734375000000e+04
-2.737490625000000000e+04
-2.737310156250000000e+04
-2.737495703125000000e+04
-2.737487500000000000e+04
-2.737296484375000000e+04
-2.737484375000000000e+04
-2.737414648437500000e+04
-2.737372851562500000e+04
-2.737328710937500000e+04
-2.737386914062500000e+04
-2.737485937500000000e+04
-2.737217187500000000e+04
-2.737341796875000000e+04
-2.737399218750000000e+04
-2.737477929687500000e+04
-2.737502734375000000e+04
-2.737446093750000000e+04
-2.737382421875000000e+04
-2.737423046875000000e+04
-2.737166210937500000e+04
-2.737502734375000000e+04
-2.737494921875000000e+04
-2.737491210937500000e+04
-2.737465625000000000e+04
-2.737501953125000000e+04
-2.737191796875000000e+04
-2.737401171875000000e+04
-2.737491796875000000e+04
-2.737248632812500000e+04
-2.737497265625000000e+04
-2.737371484375000000e+04
-2.737452343750000000e+04
-2.737259765625000000e+04
-2.737500000000000000e+04
-2.737370703125000000e+04
-2.737448632812500000e+04
-2.737457421875000000e+04
-2.737378906250000000e+04
-2.736948046875000000e+04
-2.737246875000000000e+04
-2.737497460937500000e+04
-2.737357421875000000e+04
-2.737374218750000000e+04
-2.737403515625000000e+04
-2.737385937500000000e+04
-2.737414062500000000e+04
-2.737407421875000000e+04
-2.737203515625000000e+04
-2.737473828125000000e+04
-2.737484765625000000e+04
-2.737487500000000000e+04
-2.737483593750000000e+04
-2.737190820312500000e+04
-2.737371875000000000e+04
-2.737337500000000000e+04
-2.737496484375000000e+04
-2.737083984375000000e+04
-2.737501171875000000e+04
-2.737474414062500000e+04
-2.737489257812500000e+04
-2.737494531250000000e+04
-2.737479882812500000e+04
-2.737350000000000000e+04
-2.737501171875000000e+04
-2.737436914062500000e+04
-2.737332812500000000e+04
-2.737429492187500000e+04
-2.737168359375000000e+04
-2.737498632812500000e+04
-2.737481250000000000e+04
-2.737463281250000000e+04
-2.737386914062500000e+04
-2.736994335937500000e+04
-2.737275390625000000e+04
-2.737268750000000000e+04
-2.737460937500000000e+04
-2.737403710937500000e+04
-2.737472070312500000e+04
-2.737347265625000000e+04
-2.737361523437500000e+04
-2.737362695312500000e+04
-2.737481640625000000e+04
-2.737365625000000000e+04
-2.737405078125000000e+04
-2.737323242187500000e+04
-2.737443359375000000e+04
-2.737359960937500000e+04
-2.737502539062500000e+04
-2.737247070312500000e+04
-2.737408593750000000e+04
-2.737500195312500000e+04
-2.737501757812500000e+04
-2.737212109375000000e+04
-2.737480468750000000e+04
-2.737480664062500000e+04
-2.737500195312500000e+04
-2.737501953125000000e+04
-2.737455468750000000e+04
-2.737361328125000000e+04
-2.737482421875000000e+04
-2.737339453125000000e+04
-2.737497460937500000e+04
-2.737438085937500000e+04
-2.737395703125000000e+04
-2.737440625000000000e+04
-2.736619140625000000e+04
-2.737363281250000000e+04
-2.737460156250000000e+04
-2.737085546875000000e+04
-2.737150195312500000e+04
-2.737024023437500000e+04
-2.737345703125000000e+04
-2.737461718750000000e+04
-2.737376171875000000e+04
-2.737502734375000000e+04
-2.737497656250000000e+04
-2.737489648437500000e+04
-2.737423828125000000e+04
-2.737482617187500000e+04
-2.737469140625000000e+04
-2.737317578125000000e+04
-2.737226171875000000e+04
-2.736916015625000000e+04
-2.737495312500000000e+04
-2.737490625000000000e+04
-2.737496875000000000e+04
-2.737035546875000000e+04
-2.737500585937500000e+04
-2.737319531250000000e+04
-2.737502734375000000e+04
-2.737485742187500000e+04
-2.737494531250000000e+04
-2.737451953125000000e+04
-2.737461718750000000e+04
-2.737362500000000000e+04
-2.737479296875000000e+04
-2.737485742187500000e+04
-2.737412695312500000e+04
-2.737469531250000000e+04
-2.737164062500000000e+04
-2.737499609375000000e+04
-2.737486132812500000e+04
-2.737502734375000000e+04
-2.737355664062500000e+04
-2.737176171875000000e+04
-2.737471093750000000e+04
-2.737351562500000000e+04
-2.737371875000000000e+04
-2.737482031250000000e+04
-2.737492968750000000e+04
-2.737371484375000000e+04
-2.737482421875000000e+04
-2.737338671875000000e+04
-2.737386523437500000e+04
-2.737500781250000000e+04
-2.737331250000000000e+04
-2.737473632812500000e+04
-2.737321093750000000e+04
-2.737455078125000000e+04
-2.737502148437500000e+04
-2.737496289062500000e+04
-2.737486914062500000e+04
-2.737474804687500000e+04
-2.737342773437500000e+04
-2.737331445312500000e+04
-2.737265234375000000e+04
-2.737405078125000000e+04
-2.737471484375000000e+04
-2.737390234375000000e+04
-2.737496484375000000e+04
-2.737418164062500000e+04
-2.737432421875000000e+04
-2.737494531250000000e+04
-2.737483203125000000e+04
-2.737465429687500000e+04
-2.737494140625000000e+04
-2.737494921875000000e+04
-2.737502539062500000e+04
-2.737493750000000000e+04
-2.737499609375000000e+04
-2.737469531250000000e+04
-2.737444531250000000e+04
-2.737426171875000000e+04
-2.737475976562500000e+04
-2.737503125000000000e+04
-2.737328906250000000e+04
-2.737491992187500000e+04
-2.737458984375000000e+04
-2.737501562500000000e+04
-2.737345898437500000e+04
-2.736996679687500000e+04
-2.737340234375000000e+04
-2.737224609375000000e+04
-2.737456640625000000e+04
-2.737323828125000000e+04
-2.737078906250000000e+04
-2.737476953125000000e+04
-2.737447656250000000e+04
-2.737422265625000000e+04
-2.737369140625000000e+04
-2.737428710937500000e+04
-2.737431054687500000e+04
-2.737493554687500000e+04
-2.737429687500000000e+04
-2.737500781250000000e+04
-2.737465234375000000e+04
-2.737441406250000000e+04
-2.737441015625000000e+04
-2.737314843750000000e+04
-2.737497265625000000e+04
-2.736949218750000000e+04
-2.737091601562500000e+04
-2.737394140625000000e+04
-2.737498242187500000e+04
-2.737420507812500000e+04
-2.737460156250000000e+04
-2.737494140625000000e+04
-2.737502734375000000e+04
-2.737413867187500000e+04
-2.737502734375000000e+04
-2.737070507812500000e+04
-2.737322656250000000e+04
-2.737502929687500000e+04
-2.737294921875000000e+04
-2.737450781250000000e+04
-2.737484765625000000e+04
-2.737501171875000000e+04
-2.737460937500000000e+04
-2.737408593750000000e+04
-2.737496484375000000e+04
-2.737419140625000000e+04
-2.737357812500000000e+04
-2.737467187500000000e+04
-2.737380859375000000e+04
-2.737497460937500000e+04
-2.737389062500000000e+04
-2.737347656250000000e+04
-2.737481250000000000e+04
-2.737498437500000000e+04
-2.737476562500000000e+04
-2.737175195312500000e+04
-2.737427343750000000e+04
-2.737499414062500000e+04
-2.737499804687500000e+04
-2.737473437500000000e+04
-2.737329296875000000e+04
-2.737455859375000000e+04
-2.737496679687500000e+04
-2.737393945312500000e+04
-2.737434765625000000e+04
-2.737276953125000000e+04
-2.737467578125000000e+04
-2.737275781250000000e+04
-2.737459765625000000e+04
-2.737497656250000000e+04
-2.737399023437500000e+04
-2.737430859375000000e+04
-2.737399609375000000e+04
-2.737417968750000000e+04
-2.737283789062500000e+04
-2.737355664062500000e+04
-2.736481250000000000e+04
-2.737210156250000000e+04
-2.737500585937500000e+04
-2.737365234375000000e+04
-2.737483203125000000e+04
-2.737482617187500000e+04
-2.737503125000000000e+04
-2.737465625000000000e+04
-2.737486523437500000e+04
-2.737501171875000000e+04
-2.737461132812500000e+04
-2.737441406250000000e+04
-2.737445703125000000e+04
-2.737201953125000000e+04
-2.737174804687500000e+04
-2.737460546875000000e+04
-2.737486328125000000e+04
-2.737390234375000000e+04
-2.737469140625000000e+04
-2.737188867187500000e+04
-2.737502734375000000e+04
-2.737432812500000000e+04
-2.737450000000000000e+04
-2.737322070312500000e+04
-2.737465625000000000e+04
-2.737497265625000000e+04
-2.737296093750000000e+04
-2.737237109375000000e+04
-2.737441601562500000e+04
-2.737480859375000000e+04
-2.737470312500000000e+04
-2.737496875000000000e+04
-2.737479882812500000e+04
-2.737463867187500000e+04
-2.737494531250000000e+04
-2.737502343750000000e+04
-2.737423046875000000e+04
-2.737494531250000000e+04
-2.737326757812500000e+04
-2.737501953125000000e+04
-2.737376171875000000e+04
-2.737476367187500000e+04
-2.737457617187500000e+04
-2.737470703125000000e+04
-2.737309375000000000e+04
-2.737343554687500000e+04
-2.737500781250000000e+04
-2.737455273437500000e+04
-2.737502343750000000e+04
-2.737501953125000000e+04
-2.737142968750000000e+04
-2.737483203125000000e+04
-2.737501953125000000e+04
-2.737485937500000000e+04
-2.737502343750000000e+04
-2.737493164062500000e+04
-2.737496875000000000e+04
-2.737428515625000000e+04
-2.737306250000000000e+04
-2.737479687500000000e+04
-2.737225390625000000e+04
-2.737454687500000000e+04
-2.737297070312500000e+04
-2.737221875000000000e+04
-2.737467968750000000e+04
-2.737309765625000000e+04
-2.737396289062500000e+04
-2.737495507812500000e+04
-2.737290039062500000e+04
-2.737478515625000000e+04
-2.737411914062500000e+04
-2.737500976562500000e+04
-2.737468554687500000e+04
-2.737468359375000000e+04
-2.737431640625000000e+04
-2.737497656250000000e+04
-2.737288867187500000e+04
-2.737359765625000000e+04
-2.737482812500000000e+04
-2.737503125000000000e+04
-2.737501562500000000e+04
-2.737276562500000000e+04
-2.737409570312500000e+04
-2.737423242187500000e+04
-2.737485937500000000e+04
-2.737451171875000000e+04
-2.737289062500000000e+04
-2.737457812500000000e+04
-2.737373828125000000e+04
-2.737487500000000000e+04
-2.737062695312500000e+04
-2.737502343750000000e+04
-2.737422265625000000e+04
-2.737479296875000000e+04
-2.737431250000000000e+04
-2.737465625000000000e+04
-2.737501562500000000e+04
-2.737473828125000000e+04
-2.737491015625000000e+04
-2.737502343750000000e+04
-2.737313476562500000e+04
-2.737253710937500000e+04
-2.737466601562500000e+04
-2.737308984375000000e+04
-2.737500781250000000e+04
-2.737501562500000000e+04
-2.737434375000000000e+04
-2.737444531250000000e+04
-2.737496289062500000e+04
-2.737330078125000000e+04
-2.737255468750000000e+04
-2.736925195312500000e+04
-2.737471093750000000e+04
-2.737502929687500000e+04
-2.737378906250000000e+04
-2.737448437500000000e+04
-2.737468164062500000e+04
-2.737423046875000000e+04
-2.737449609375000000e+04
-2.737501953125000000e+04
-2.737078710937500000e+04
-2.737500000000000000e+04
-2.737264062500000000e+04
-2.737437109375000000e+04
-2.737502539062500000e+04
-2.737374218750000000e+04
-2.737484960937500000e+04
-2.737495507812500000e+04
-2.737502734375000000e+04
-2.737496484375000000e+04
-2.737473437500000000e+04
-2.737419921875000000e+04
-2.737380468750000000e+04
-2.737333984375000000e+04
-2.737498828125000000e+04
-2.737257617187500000e+04
-2.737469921875000000e+04
-2.737494140625000000e+04
-2.737492968750000000e+04
-2.737146484375000000e+04
-2.737396289062500000e+04
-2.737423828125000000e+04
-2.737282812500000000e+04
-2.737501757812500000e+04
-2.737490429687500000e+04
-2.737460156250000000e+04
-2.737492187500000000e+04
-2.737503125000000000e+04
-2.737396093750000000e+04
-2.737414257812500000e+04
-2.737499414062500000e+04
-2.737494921875000000e+04
-2.737349609375000000e+04
-2.737499414062500000e+04
-2.737502148437500000e+04
-2.737494140625000000e+04
-2.737437304687500000e+04
-2.737499414062500000e+04
-2.737225781250000000e+04
-2.737229882812500000e+04
-2.737498046875000000e+04
-2.737482617187500000e+04
-2.736943359375000000e+04
-2.737495703125000000e+04
-2.737485937500000000e+04
-2.737495312500000000e+04
-2.737502734375000000e+04
-2.737457421875000000e+04
-2.737444921875000000e+04
-2.736153906250000000e+04
-2.737497656250000000e+04
-2.737490625000000000e+04
-2.737469140625000000e+04
-2.737231835937500000e+04
-2.737501171875000000e+04
-2.737399023437500000e+04
-2.737308593750000000e+04
-2.737491601562500000e+04
-2.737502734375000000e+04
-2.737131054687500000e+04
-2.737363085937500000e+04
-2.737472656250000000e+04
-2.737499609375000000e+04
-2.737495507812500000e+04
-2.736799218750000000e+04
-2.737433984375000000e+04
-2.737497656250000000e+04
-2.737500000000000000e+04
-2.737435546875000000e+04
-2.737461718750000000e+04
-2.737371875000000000e+04
-2.737501953125000000e+04
-2.737439453125000000e+04
-2.737358593750000000e+04
-2.737501757812500000e+04
-2.737480859375000000e+04
-2.737439453125000000e+04
-2.737498828125000000e+04
-2.737386328125000000e+04
-2.737344335937500000e+04
-2.737451367187500000e+04
-2.737466992187500000e+04
-2.737486328125000000e+04
-2.737458984375000000e+04
-2.737373046875000000e+04
-2.737467773437500000e+04
-2.737489062500000000e+04
-2.737363671875000000e+04
-2.737501562500000000e+04
-2.737473632812500000e+04
-2.737398046875000000e+04
-2.737484765625000000e+04
-2.737500781250000000e+04
-2.737298046875000000e+04
-2.737375976562500000e+04
-2.737498046875000000e+04
-2.737451562500000000e+04
-2.737486718750000000e+04
-2.737255273437500000e+04
-2.737494335937500000e+04
-2.737501953125000000e+04
-2.737501953125000000e+04
-2.737492968750000000e+04
-2.737474218750000000e+04
-2.737492968750000000e+04
-2.737224218750000000e+04
-2.737440820312500000e+04
-2.737491015625000000e+04
-2.737427734375000000e+04
-2.737496875000000000e+04
-2.737501562500000000e+04
-2.737474023437500000e+04
-2.737495312500000000e+04
-2.737468554687500000e+04
-2.737391406250000000e+04
-2.737419726562500000e+04
-2.737455859375000000e+04
-2.737445703125000000e+04
-2.737502343750000000e+04
-2.737453515625000000e+04
-2.737496484375000000e+04
-2.737341210937500000e+04
-2.736869921875000000e+04
-2.737427148437500000e+04
-2.737491015625000000e+04
-2.737473828125000000e+04
-2.737496484375000000e+04
-2.737492578125000000e+04
-2.737414843750000000e+04
-2.737467187500000000e+04
-2.737476171875000000e+04
-2.737495898437500000e+04
-2.737376171875000000e+04
-2.737436718750000000e+04
-2.737249804687500000e+04
-2.737488281250000000e+04
-2.737367773437500000e+04
-2.737417773437500000e+04
-2.737414843750000000e+04
-2.737444921875000000e+04
-2.737499218750000000e+04
-2.737496093750000000e+04
-2.736848242187500000e+04
-2.737489453125000000e+04
-2.737257226562500000e+04
-2.737428515625000000e+04
-2.737443164062500000e+04
-2.737338281250000000e+04
-2.737378906250000000e+04
-2.737402148437500000e+04
-2.737376757812500000e+04
-2.737499023437500000e+04
-2.737497851562500000e+04
-2.737197851562500000e+04
-2.737440429687500000e+04
-2.737464453125000000e+04
-2.737491796875000000e+04
-2.737366992187500000e+04
-2.737478906250000000e+04
-2.737443554687500000e+04
-2.737500781250000000e+04
-2.737373828125000000e+04
-2.737444140625000000e+04
-2.737446093750000000e+04
-2.737480859375000000e+04
-2.737475000000000000e+04
-2.737254296875000000e+04
-2.737501757812500000e+04
-2.737467968750000000e+04
-2.737333398437500000e+04
-2.737444335937500000e+04
-2.737154882812500000e+04
-2.737500781250000000e+04
-2.737427148437500000e+04
-2.737354687500000000e+04
-2.737502148437500000e+04
-2.737500390625000000e+04
-2.737501562500000000e+04
-2.737495898437500000e+04
-2.737439843750000000e+04
-2.737479101562500000e+04
-2.737491992187500000e+04
-2.737434765625000000e+04
-2.737112109375000000e+04
-2.737280078125000000e+04
-2.737306445312500000e+04
-2.737389257812500000e+04
-2.737495703125000000e+04
-2.737480078125000000e+04
-2.737502343750000000e+04
-2.737500781250000000e+04
-2.737502734375000000e+04
-2.737376562500000000e+04
-2.737463867187500000e+04
-2.737375781250000000e+04
-2.737433203125000000e+04
-2.737395117187500000e+04
-2.737498632812500000e+04
-2.737502343750000000e+04
-2.737494921875000000e+04
-2.737471289062500000e+04
-2.737445898437500000e+04
-2.737500390625000000e+04
-2.737406640625000000e+04
-2.737387109375000000e+04
-2.737353906250000000e+04
-2.737495117187500000e+04
-2.737431445312500000e+04
-2.737241015625000000e+04
-2.737476171875000000e+04
-2.737462890625000000e+04
-2.737486132812500000e+04
-2.737488476562500000e+04
-2.737300000000000000e+04
-2.737494921875000000e+04
-2.736982031250000000e+04
-2.737314062500000000e+04
-2.737386328125000000e+04
-2.737490625000000000e+04
-2.737400781250000000e+04
-2.737467773437500000e+04
-2.737502148437500000e+04
-2.737234960937500000e+04
-2.737451367187500000e+04
-2.737405468750000000e+04
-2.737500390625000000e+04
-2.737446484375000000e+04
-2.737501562500000000e+04
-2.737364648437500000e+04
-2.737444140625000000e+04
-2.737493750000000000e+04
-2.737490625000000000e+04
-2.737018164062500000e+04
-2.737501367187500000e+04
-2.737499023437500000e+04
-2.737493164062500000e+04
-2.737483984375000000e+04
-2.737478125000000000e+04
-2.737458984375000000e+04
-2.737376171875000000e+04
-2.737406640625000000e+04
-2.737502539062500000e+04
-2.737499218750000000e+04
-2.737450000000000000e+04
-2.737372851562500000e+04
-2.737478906250000000e+04
-2.737502343750000000e+04
-2.737463476562500000e+04
-2.737480859375000000e+04
-2.737447460937500000e+04
-2.737393554687500000e+04
-2.737498242187500000e+04
-2.737493945312500000e+04
-2.737424609375000000e+04
-2.737448828125000000e+04
-2.737448046875000000e+04
-2.737482421875000000e+04
-2.737502929687500000e+04
-2.737480859375000000e+04
-2.737436914062500000e+04
-2.737365234375000000e+04
-2.737441796875000000e+04
-2.737451562500000000e+04
-2.737390625000000000e+04
-2.737381054687500000e+04
-2.737319921875000000e+04
-2.737457812500000000e+04
-2.737441210937500000e+04
-2.737424023437500000e+04
-2.737496093750000000e+04
-2.737500000000000000e+04
-2.737355078125000000e+04
-2.737478710937500000e+04
-2.737327734375000000e+04
-2.737405273437500000e+04
-2.737502539062500000e+04
-2.737478710937500000e+04
-2.737501171875000000e+04
-2.737219531250000000e+04
-2.737498046875000000e+04
-2.737485937500000000e+04
-2.737392968750000000e+04
-2.737482812500000000e+04
-2.737467773437500000e+04
-2.737368750000000000e+04
-2.737383203125000000e+04
-2.737501562500000000e+04
-2.737135937500000000e+04
-2.736846289062500000e+04
-2.737481835937500000e+04
-2.737386328125000000e+04
-2.737458984375000000e+04
-2.737443359375000000e+04
-2.737499609375000000e+04
-2.737459765625000000e+04
-2.737474218750000000e+04
-2.737388281250000000e+04
-2.737496875000000000e+04
-2.737230078125000000e+04
-2.736926757812500000e+04
-2.737487890625000000e+04
-2.737496289062500000e+04
-2.737487890625000000e+04
-2.737134765625000000e+04
-2.737115625000000000e+04
-2.737483984375000000e+04
-2.737433984375000000e+04
-2.737502343750000000e+04
-2.737482421875000000e+04
-2.737364257812500000e+04
-2.737465234375000000e+04
-2.737335156250000000e+04
-2.737473632812500000e+04
-2.737238476562500000e+04
-2.737331250000000000e+04
-2.737432421875000000e+04
-2.737502929687500000e+04
-2.737045312500000000e+04
-2.737485742187500000e+04
-2.737328125000000000e+04
-2.737391406250000000e+04
-2.737501367187500000e+04
-2.737499218750000000e+04
-2.737419531250000000e+04
-2.737495703125000000e+04
-2.737459375000000000e+04
-2.737469140625000000e+04
-2.737502148437500000e+04
-2.737446679687500000e+04
-2.737479492187500000e+04
-2.737480859375000000e+04
-2.737496875000000000e+04
-2.737318554687500000e+04
-2.737379296875000000e+04
-2.737459960937500000e+04
-2.737502343750000000e+04
-2.736656054687500000e+04
-2.737464843750000000e+04
-2.737486328125000000e+04
-2.737385546875000000e+04
-2.737284375000000000e+04
-2.737324023437500000e+04
-2.737277734375000000e+04
-2.737332421875000000e+04
-2.737303125000000000e+04
-2.737449609375000000e+04
-2.737428515625000000e+04
-2.737488281250000000e+04
-2.737491406250000000e+04
-2.737443554687500000e+04
-2.737438085937500000e+04
-2.737471875000000000e+04
-2.737373828125000000e+04
-2.737486914062500000e+04
-2.737492968750000000e+04
-2.737460937500000000e+04
-2.737472460937500000e+04
-2.737480859375000000e+04
-2.737440625000000000e+04
-2.737480078125000000e+04
-2.737235156250000000e+04
-2.736724218750000000e+04
-2.737026171875000000e+04
-2.737416015625000000e+04
-2.737500976562500000e+04
-2.737477343750000000e+04
-2.737392578125000000e+04
-2.737489843750000000e+04
-2.737436718750000000e+04
-2.737434375000000000e+04
-2.737501562500000000e+04
-2.737481835937500000e+04
-2.737433203125000000e+04
-2.737182812500000000e+04
-2.737502148437500000e+04
-2.737501562500000000e+04
-2.737472460937500000e+04
-2.737341406250000000e+04
-2.737362500000000000e+04
-2.737456054687500000e+04
-2.737471484375000000e+04
-2.736296484375000000e+04
-2.737481445312500000e+04
-2.737491210937500000e+04
-2.737502343750000000e+04
-2.737477734375000000e+04
-2.737440820312500000e+04
-2.737465429687500000e+04
-2.737432226562500000e+04
-2.737496093750000000e+04
-2.737501757812500000e+04
-2.737491601562500000e+04
-2.737496093750000000e+04
-2.737286523437500000e+04
-2.737454296875000000e+04
-2.736678515625000000e+04
-2.737496679687500000e+04
-2.737466406250000000e+04
-2.737478515625000000e+04
-2.737437109375000000e+04
-2.737330468750000000e+04
-2.737462109375000000e+04
-2.737502343750000000e+04
-2.737460351562500000e+04
-2.737389453125000000e+04
-2.737441015625000000e+04
-2.737478710937500000e+04
-2.737485351562500000e+04
-2.737502343750000000e+04
-2.737344531250000000e+04
-2.737465625000000000e+04
-2.737427343750000000e+04
-2.736898828125000000e+04
-2.737483593750000000e+04
-2.736132421875000000e+04
-2.737502343750000000e+04
-2.737496875000000000e+04
-2.737490625000000000e+04
-2.737318359375000000e+04
-2.737501367187500000e+04
-2.737358789062500000e+04
-2.737494140625000000e+04
-2.737338476562500000e+04
-2.737368945312500000e+04
-2.737470898437500000e+04
-2.737442578125000000e+04
-2.737477148437500000e+04
-2.737474218750000000e+04
-2.737500781250000000e+04
-2.737487695312500000e+04
-2.737453125000000000e+04
-2.737458398437500000e+04
-2.737501171875000000e+04
-2.737496289062500000e+04
-2.737500390625000000e+04
-2.737497265625000000e+04
-2.737199218750000000e+04
-2.737408203125000000e+04
-2.737466406250000000e+04
-2.737496093750000000e+04
-2.737472656250000000e+04
-2.737284960937500000e+04
-2.737458789062500000e+04
-2.737423437500000000e+04
-2.737499804687500000e+04
-2.737502734375000000e+04
-2.737463281250000000e+04
-2.737463085937500000e+04
-2.737085351562500000e+04
-2.737183203125000000e+04
-2.737493750000000000e+04
-2.737447070312500000e+04
-2.737467968750000000e+04
-2.737334570312500000e+04
-2.737458203125000000e+04
-2.737148437500000000e+04
-2.737477929687500000e+04
-2.737394921875000000e+04
-2.737497656250000000e+04
-2.737500781250000000e+04
-2.737478125000000000e+04
-2.737469726562500000e+04
-2.737501953125000000e+04
-2.737443750000000000e+04
-2.737373828125000000e+04
-2.737487304687500000e+04
-2.737045703125000000e+04
-2.737122070312500000e+04
-2.737453320312500000e+04
-2.737500195312500000e+04
-2.737502734375000000e+04
-2.737502929687500000e+04
-2.737496875000000000e+04
-2.737500195312500000e+04
-2.737413671875000000e+04
-2.737003515625000000e+04
-2.737501171875000000e+04
-2.737385156250000000e+04
-2.737461914062500000e+04
-2.737487500000000000e+04
-2.737292187500000000e+04
-2.737405078125000000e+04
-2.737467187500000000e+04
-2.737493359375000000e+04
-2.737485742187500000e+04
-2.737408984375000000e+04
-2.737496875000000000e+04
-2.737502343750000000e+04
-2.737466796875000000e+04
-2.737365625000000000e+04
-2.737350390625000000e+04
-2.736874218750000000e+04
-2.737501953125000000e+04
-2.737500390625000000e+04
-2.737386914062500000e+04
-2.737205468750000000e+04
-2.737445507812500000e+04
-2.737501171875000000e+04
-2.737466796875000000e+04
-2.737342187500000000e+04
-2.737289453125000000e+04
-2.737450195312500000e+04
-2.737464453125000000e+04
-2.737390429687500000e+04
-2.737499414062500000e+04
-2.737501562500000000e+04
-2.737495703125000000e+04
-2.737433203125000000e+04
-2.737331835937500000e+04
-2.737419921875000000e+04
-2.737410546875000000e+04
-2.737458593750000000e+04
-2.737336328125000000e+04
-2.737499218750000000e+04
-2.737400390625000000e+04
-2.737492187500000000e+04
-2.737496289062500000e+04
-2.737114648437500000e+04
-2.737500000000000000e+04
-2.737410742187500000e+04
-2.737502539062500000e+04
-2.737490429687500000e+04
-2.737250000000000000e+04
-2.737477343750000000e+04
-2.737491210937500000e+04
-2.737195117187500000e+04
-2.737450000000000000e+04
-2.737098046875000000e+04
-2.737451953125000000e+04
-2.737498632812500000e+04
-2.737206445312500000e+04
-2.737397851562500000e+04
-2.737498046875000000e+04
-2.737502734375000000e+04
-2.737412109375000000e+04
-2.737223828125000000e+04
-2.737322070312500000e+04
-2.737479492187500000e+04
-2.737311132812500000e+04
-2.737170703125000000e+04
-2.737468164062500000e+04
-2.737464453125000000e+04
-2.737139648437500000e+04
-2.737313671875000000e+04
-2.737490625000000000e+04
-2.737427539062500000e+04
-2.737501562500000000e+04
-2.737488476562500000e+04
-2.737501562500000000e+04
-2.737483593750000000e+04
-2.737501171875000000e+04
-2.737482617187500000e+04
-2.737499804687500000e+04
-2.737441406250000000e+04
-2.737419531250000000e+04
-2.737494335937500000e+04
-2.737485351562500000e+04
-2.737496875000000000e+04
-2.737211328125000000e+04
-2.737284375000000000e+04
-2.737487695312500000e+04
-2.737500390625000000e+04
-2.737468750000000000e+04
-2.737418945312500000e+04
-2.737211132812500000e+04
-2.737482421875000000e+04
-2.737349218750000000e+04
-2.737470312500000000e+04
-2.737502734375000000e+04
-2.737456250000000000e+04
-2.737476171875000000e+04
-2.737468750000000000e+04
-2.737229687500000000e+04
-2.737502734375000000e+04
-2.737440625000000000e+04
-2.737434765625000000e+04
-2.737502539062500000e+04
-2.737500781250000000e+04
-2.737449609375000000e+04
-2.736999218750000000e+04
-2.737441015625000000e+04
-2.737203710937500000e+04
-2.737149023437500000e+04
-2.737502343750000000e+04
-2.737367968750000000e+04
-2.737354296875000000e+04
-2.737434570312500000e+04
-2.737488281250000000e+04
-2.737411718750000000e+04
-2.737323632812500000e+04
-2.737414062500000000e+04
-2.737432226562500000e+04
-2.737501757812500000e+04
-2.737465429687500000e+04
-2.737484375000000000e+04
-2.737414062500000000e+04
-2.737484765625000000e+04
