# Variable: A
# Sample shape: (2500,)
# Date: 2018-11-20 14:26:59.666185
1.969260185766167126e+01
1.983389359316290168e+01
1.962717967696852028e+01
1.990709093191821566e+01
1.994127207894018383e+01
1.998672289624244769e+01
1.980160792503162881e+01
1.973996220577022243e+01
1.987971539681385025e+01
1.991956691722025141e+01
1.967718042642629683e+01
1.965888879095582098e+01
1.979307258342733888e+01
1.990534655813400988e+01
1.994145513234564859e+01
1.984662458905956228e+01
1.978068739442505120e+01
1.982386432058270387e+01
1.965738154079867783e+01
1.995763949641462531e+01
1.985453328530796213e+01
1.991319919531551363e+01
1.984980367021939784e+01
2.000623775396004689e+01
1.982107881506292557e+01
1.996914523451221868e+01
1.987283270375183264e+01
1.981764383990361722e+01
1.987988292379704802e+01
1.977771622923565786e+01
1.966183726857742187e+01
1.983391829734149425e+01
1.972382126060109186e+01
1.988782791910223580e+01
1.976619694488795531e+01
1.970290846474314961e+01
1.983037381083653017e+01
1.994915994732550857e+01
1.987127964912302147e+01
1.986275596869805327e+01
1.982886603117911051e+01
1.967930798011654048e+01
1.992664980335747416e+01
1.986588678773373928e+01
1.974001669264676195e+01
1.961447056724478344e+01
1.976006921147327944e+01
1.977511037666413429e+01
1.982658699486505682e+01
1.986610046284649300e+01
1.981782256551285926e+01
1.989797291720679695e+01
1.987824384898418373e+01
1.977476320793033793e+01
2.001138058233206962e+01
1.974917454272855366e+01
1.972242780340497958e+01
1.978220241872809027e+01
1.992259586795675119e+01
1.980665134765338919e+01
1.986771354827268610e+01
1.985505774001533297e+01
1.991242744898039163e+01
1.983192920835872997e+01
1.991503828747415383e+01
1.992653254720933731e+01
1.963685997144824213e+01
1.977324239026874508e+01
1.982079723419333916e+01
1.983298929643384412e+01
1.989133256735111388e+01
1.988188274478692819e+01
1.976535884436470525e+01
1.978614513057503288e+01
1.984995008056143462e+01
1.980000283720918475e+01
1.985291144115524631e+01
1.989561214949604917e+01
1.990695761059490820e+01
1.991326020999646573e+01
1.978970682016554505e+01
1.975123063940063517e+01
1.991837304399695441e+01
1.977473674548723892e+01
1.982903815954641047e+01
1.978809666607249440e+01
1.982092094973646113e+01
1.973465824864068807e+01
1.985077375983797410e+01
1.981679309497168973e+01
1.992657686868481193e+01
1.982686911259062157e+01
1.978864540035394626e+01
1.987752386648237390e+01
1.979247176468611613e+01
1.984717686105049594e+01
1.973395702535505691e+01
1.979281039669390552e+01
1.971356650043395575e+01
1.981072634856313286e+01
1.998695308082503885e+01
1.996804848285885114e+01
1.993685247782338266e+01
1.971206826855872762e+01
1.976216395536576442e+01
2.008372274579602390e+01
1.976660066932162252e+01
1.995335442113475111e+01
1.972858688341948152e+01
1.990980354833599364e+01
1.971367822476908671e+01
1.978255495351881521e+01
1.993331244039036321e+01
1.987214372065026069e+01
1.991656612802293225e+01
1.995249219559753939e+01
1.983992337414559159e+01
1.976237962326692710e+01
1.980484806449062063e+01
1.985165847605320621e+01
1.979524551982606440e+01
1.981702741795574951e+01
1.979308404744691785e+01
1.980656741982456381e+01
1.970069592055121177e+01
1.982175875061165371e+01
1.979908159479169427e+01
1.973227232052959579e+01
1.993581507034481248e+01
1.985547201538921414e+01
1.985029995151087334e+01
1.988120460458941352e+01
1.980439530098079715e+01
1.986371844135357279e+01
1.989695849549584494e+01
1.985124677018035655e+01
1.976755566742651027e+01
2.007314694908352948e+01
1.985229676625568374e+01
1.992252498716810649e+01
1.977467659783267706e+01
1.984417687491037086e+01
1.981382077953588094e+01
1.981387325727097348e+01
1.977157714510626363e+01
1.993616128193107784e+01
1.995151436288715630e+01
1.993155515181118531e+01
2.005031809731763204e+01
1.973779063514286491e+01
1.981902522510681663e+01
1.973806508918911362e+01
1.976631563057210172e+01
1.978845660420878616e+01
1.996261466549290375e+01
1.998029956137189345e+01
1.997006469493617686e+01
1.986004125497852968e+01
1.993786177331804055e+01
1.985668168342038697e+01
1.974965905895301788e+01
1.983143281038032768e+01
1.979628421288009577e+01
1.986622886397831067e+01
1.970816258050932390e+01
1.989846358564830098e+01
2.002812001216587845e+01
1.985231574620851447e+01
2.001060462351427205e+01
1.975533371542347894e+01
1.978604607059166653e+01
1.975903144396713884e+01
1.992063757937187063e+01
1.970846232061577297e+01
1.989351736661843972e+01
1.990509770598743700e+01
1.985887645958215941e+01
1.978969072043656041e+01
1.995973743873235051e+01
1.995716559128679535e+01
1.990356727501780654e+01
1.996938597106917257e+01
1.975101600792952183e+01
1.992268495680431428e+01
1.983206076816157903e+01
1.993742984232666160e+01
1.992697595532979804e+01
1.982980369290997658e+01
1.976040522166496416e+01
1.988577153025173061e+01
1.982814207816111818e+01
1.998896502378925888e+01
1.983879928241005430e+01
1.977181424490402151e+01
1.979386137561200343e+01
1.991140759280381189e+01
1.976512688853929944e+01
1.989892600405163137e+01
1.991131604856811421e+01
1.986342105980140360e+01
1.978475975336746018e+01
1.981231560769855449e+01
1.992453783502232767e+01
1.998218030097061160e+01
1.988094667912200464e+01
1.991245226345119690e+01
1.974323725862315015e+01
1.979055647357055037e+01
2.003803975419423722e+01
1.996710996153784023e+01
1.979736582810431500e+01
1.984773205572891897e+01
1.977225861445474209e+01
1.970205806566164597e+01
1.977144205857354464e+01
1.993647328319318746e+01
1.984446277533627168e+01
1.970386221219789036e+01
1.991509870397396398e+01
1.986010083422717543e+01
1.974633575350513226e+01
1.997668770009688899e+01
1.989902418101014447e+01
1.975970164757497827e+01
1.976845090428658835e+01
1.979925681232254675e+01
1.981465126138200716e+01
1.989782932930186377e+01
1.984985410650227422e+01
1.960560231688601363e+01
1.982612039378902580e+01
1.984988849603251637e+01
1.985571517873918879e+01
2.002082808529103986e+01
1.994735136433667577e+01
1.986447062498252691e+01
1.980265781196280983e+01
1.992949385635276727e+01
1.987425329540647922e+01
1.990937730951212004e+01
1.986493529614615738e+01
1.982916088717732706e+01
1.993174604519555615e+01
1.982068214945509155e+01
1.978281241739051310e+01
1.987807886010451597e+01
1.986445539005873329e+01
1.977904698943125439e+01
1.982155024840178470e+01
1.984838442040782880e+01
1.982225855345844678e+01
1.980453004702484776e+01
1.991770578468128505e+01
1.974752673026666372e+01
1.978321273669885016e+01
1.985167339071127302e+01
1.975703154493141511e+01
1.986721428158438130e+01
1.992785299633852247e+01
1.976313701698246206e+01
1.987503672534436205e+01
1.987042811205670390e+01
1.982932153514327211e+01
1.989015337081314172e+01
1.994624585243425940e+01
1.986195487081991473e+01
1.991791029455231055e+01
1.987979446665335459e+01
1.977501482676964173e+01
1.982096051451276963e+01
1.992900855160443996e+01
1.966476695915319794e+01
1.978353421875786466e+01
1.980875381076083741e+01
1.982497921629062532e+01
1.985898384288308094e+01
1.989146172224521791e+01
1.993920764465307727e+01
1.994543873101140363e+01
1.971674606717816758e+01
1.973597176801443709e+01
1.992544605058761320e+01
1.977826208684341580e+01
1.995914089388471524e+01
1.989658476602116011e+01
1.989293465478308676e+01
1.992275356020446253e+01
1.977821745545902488e+01
1.972042678021823647e+01
1.993367259123341384e+01
1.995460864563009906e+01
1.982720430041901238e+01
1.976521660993203966e+01
1.990065878185699688e+01
1.989655219733267444e+01
1.978042203944945854e+01
2.002191325971300273e+01
1.993773794504653551e+01
1.993342046129125933e+01
1.989000409003141456e+01
1.992639366214660868e+01
1.971196108337230513e+01
1.981507566552110333e+01
1.972985619391496925e+01
2.000493219404208745e+01
1.990929913712308874e+01
1.972780164539082293e+01
1.973579435894683698e+01
1.987754410474959244e+01
1.981020179676012205e+01
1.981632595955054299e+01
1.991619838421761912e+01
1.978162626505128685e+01
1.988939653359929238e+01
2.001962986661289534e+01
1.994609307907136042e+01
2.006714937672058241e+01
1.979026036146892409e+01
1.981056293857383821e+01
1.979032456670998030e+01
1.978385755973288340e+01
1.977290948683275218e+01
1.993715246630399207e+01
1.991733860763648778e+01
1.991121188879731463e+01
1.986316589114544939e+01
1.982812632751424431e+01
2.000666151799150683e+01
1.980545259382261136e+01
1.975857915952604316e+01
1.994151659203903648e+01
1.995479211518443563e+01
1.977635572921230178e+01
1.991894795662181039e+01
1.994394226052278540e+01
1.976859371618111538e+01
1.981609379696860174e+01
1.976700040402704062e+01
1.993955186453829498e+01
1.989057049605890981e+01
1.984359482427925414e+01
1.990495220657400210e+01
1.978774172770919293e+01
1.984396773272893455e+01
1.988239397093815342e+01
1.977118228792346954e+01
1.979117706478222161e+01
1.982026934502634674e+01
1.987195032614962997e+01
1.979265927749730736e+01
1.982468353263374183e+01
1.982015460620053560e+01
1.986642380530478746e+01
1.972671805408080203e+01
1.990364015233215511e+01
1.974445856067339378e+01
1.964529161797954160e+01
1.983568403759393561e+01
1.982359817726500140e+01
2.000580808266799693e+01
1.984811920436706245e+01
1.990702366812650581e+01
1.979076944305833408e+01
1.973974250095375638e+01
1.982744288123071996e+01
1.965561454278615372e+01
1.980696979228397581e+01
2.005573857915525338e+01
1.986232506065374892e+01
1.996452623017189865e+01
1.982162387701946216e+01
1.978942413136174494e+01
1.986269060274224429e+01
1.974366077204189196e+01
1.993659629759619634e+01
1.978818522850282235e+01
1.977118993623141918e+01
1.979228891626096498e+01
1.991722880000715534e+01
1.976499447377336693e+01
1.991783980224433037e+01
1.998420430266062908e+01
1.988986495067998916e+01
1.985333207606109340e+01
1.985912771770298946e+01
1.992783160243466867e+01
1.989823554274467199e+01
1.995276780959791196e+01
1.974421913052800548e+01
1.980407699980241887e+01
1.998590560663220828e+01
1.976790999406753713e+01
1.995295219616248161e+01
1.994240660164166812e+01
1.988943542634998352e+01
1.990291561267734366e+01
1.985520501880123945e+01
1.983703315345776019e+01
1.980777417093294090e+01
1.979554245567188175e+01
1.979572883166577668e+01
1.970276269378094369e+01
1.995245938458624835e+01
1.985567507544081778e+01
1.993084908658037335e+01
1.986681667494760717e+01
1.985830496079826091e+01
1.976234778462637109e+01
1.990618326566632490e+01
1.991147401009297369e+01
1.981962178750055159e+01
1.985611575303446585e+01
1.962292791726973462e+01
1.984950329500393451e+01
1.985218116271432365e+01
1.972532544584293746e+01
1.985230254830753793e+01
1.988276540844879747e+01
1.987741308175939281e+01
1.970220310166883948e+01
1.982767836719484222e+01
1.979223404288247323e+01
1.984095910489504178e+01
1.985701940863464543e+01
1.973913760865244882e+01
1.969769029150169004e+01
1.969955511416630500e+01
1.969242277027089116e+01
1.976311128450534937e+01
1.984135303921476989e+01
1.970727681573512058e+01
1.993615598260466726e+01
1.984969065772880725e+01
1.983572127859481071e+01
1.991851858195175851e+01
1.972306806148242586e+01
1.985048694052194662e+01
1.989802984639305805e+01
1.985972559293986350e+01
1.997649038598228444e+01
1.985146414359109102e+01
1.970779338665402136e+01
1.994682279637780908e+01
1.998010785899035113e+01
1.987474369605529034e+01
1.979978117474862032e+01
1.973829223086666929e+01
1.962116646182673207e+01
1.980164412895433657e+01
1.979354562800444128e+01
1.978568562930714592e+01
1.984760718694321469e+01
1.992957143954571819e+01
1.986155362839796013e+01
1.971913505165868585e+01
1.985209825833594977e+01
1.980684296288207236e+01
1.994698525925954513e+01
1.994007237890340889e+01
1.987489819270484759e+01
1.993409588324132642e+01
1.995531104265137401e+01
1.976247738520551067e+01
1.989552377018025808e+01
1.983328546846875895e+01
1.982996155588061171e+01
1.989749386252326246e+01
1.995056977519083219e+01
1.984403435746731503e+01
1.981392309218812997e+01
1.987798276918996976e+01
1.972068088910721073e+01
1.987210501677893859e+01
1.975874803752686404e+01
1.981906171371144865e+01
1.970270424304504076e+01
1.992765151018580738e+01
1.979897911158289503e+01
1.988842767244207366e+01
1.974070678967331105e+01
1.994441603751886305e+01
1.976188530250849951e+01
1.996073377170941399e+01
1.985686951593166327e+01
1.989884621070610393e+01
1.982788159181193066e+01
1.984830452525023858e+01
1.984645092936290922e+01
1.964405762387272247e+01
1.982959752361812988e+01
1.977115598165853072e+01
1.989886542312859063e+01
1.992448998523032344e+01
2.003378577782249081e+01
1.992864384107472375e+01
1.989407941171031169e+01
1.993658097567203313e+01
1.993162204565446771e+01
1.992757823405788642e+01
1.991595130418833648e+01
1.980496022742882190e+01
1.989218453407750431e+01
1.998264213008697965e+01
1.974735924322448355e+01
1.979391160541350203e+01
1.984439458798953382e+01
1.976302833739245557e+01
1.990723338405508969e+01
1.997900504849348025e+01
1.977573814316376755e+01
1.982796985964483483e+01
1.979879572116933772e+01
1.982197672308988956e+01
1.985767914857973437e+01
1.982056701861400683e+01
2.002732294114772316e+01
1.979480106969694830e+01
1.971240471006393236e+01
1.978464886849669568e+01
1.979151758596098531e+01
1.991894340823949605e+01
1.984370843815679564e+01
1.997514849984668572e+01
1.986844370935015291e+01
1.986389980208482342e+01
1.974188728260908121e+01
1.983228905306392420e+01
1.989722375830159962e+01
1.971205812660130618e+01
1.971930860859639978e+01
1.994694441432871201e+01
1.976657054121953294e+01
1.977574294595485682e+01
1.985357322080220754e+01
1.981912093247245110e+01
1.981453854047425978e+01
1.994431614583164958e+01
1.966647037225948580e+01
1.977929170283309190e+01
1.988682863718368310e+01
1.989367050270451287e+01
1.984627119689092112e+01
1.995546535970103719e+01
1.974637084018390354e+01
1.978878345832915286e+01
1.992388391287922644e+01
1.993670276753809745e+01
2.002935912515453865e+01
1.979780220150842496e+01
1.996881983439804387e+01
1.994961513864262059e+01
1.976779507943084724e+01
1.991848538257207224e+01
1.979205932029527304e+01
1.984051291157861030e+01
1.986709888899472176e+01
1.975669931810206847e+01
1.991600957682176798e+01
1.984282360710580662e+01
1.990865045925226795e+01
1.994730004032673421e+01
1.999449980576475028e+01
1.982042346231391861e+01
1.983089491882319066e+01
2.000069348336232977e+01
1.993309101462545740e+01
1.988228463144467639e+01
1.989191961637841644e+01
1.990458427495702054e+01
1.972043035197259186e+01
1.977564869489435750e+01
1.975709046487736131e+01
1.982214296630996486e+01
1.985540265964813145e+01
1.976444604429577012e+01
1.982353212360322914e+01
1.976055965787888624e+01
1.977185026532101020e+01
1.999038423958393196e+01
1.988918217396294708e+01
2.001359781105145075e+01
1.984403649208150000e+01
1.993190378980811772e+01
1.966660090524660376e+01
1.980938566677620827e+01
1.974053117562568715e+01
1.994938738504595221e+01
1.991656145868804728e+01
1.986247653236722499e+01
2.000714070490159457e+01
1.996641682996494538e+01
1.993092490629177149e+01
1.979154713603891480e+01
1.981243380066171866e+01
1.989311640361897560e+01
1.967221662952716699e+01
2.003646847152530341e+01
1.981942205160060411e+01
1.983751742554056818e+01
1.987830977077019412e+01
1.983175342314297751e+01
1.979598933377111791e+01
1.989402173460497281e+01
1.985597835418745305e+01
1.978918644046216357e+01
1.995098958392021871e+01
1.986233604019232502e+01
1.978705198682120425e+01
1.975786606972329906e+01
1.983773771670197661e+01
1.973723981641510150e+01
1.989375277458174907e+01
1.976832119805366972e+01
1.978302875207726430e+01
1.986749429510738452e+01
1.973889888347030208e+01
1.992126147723568153e+01
1.969263873741950732e+01
1.970471873867533930e+01
1.977873109499549642e+01
1.967209007449676861e+01
1.976198326216374923e+01
1.981613243418352610e+01
1.981949242216733253e+01
1.980457657699840013e+01
1.986357896181577587e+01
1.973858239811730897e+01
1.976396974623278524e+01
1.985111365159021801e+01
1.989297652881456813e+01
1.985754564407733014e+01
1.991339122984010146e+01
1.982797365834841585e+01
1.982392028565411124e+01
1.985662986247782769e+01
1.975391317764764310e+01
1.977604485309300486e+01
1.992972999625148489e+01
1.986969609405137760e+01
2.005262651083283032e+01
1.972089998387147247e+01
1.995365178268546558e+01
1.983717759480708409e+01
2.000974746562348017e+01
2.000556430657533724e+01
1.977886917307447945e+01
1.972795337648353353e+01
1.985160275670403607e+01
1.971792507287887020e+01
1.990480140788471530e+01
1.973218879122611469e+01
1.989621371519733017e+01
1.989375934703978643e+01
1.991091069642552469e+01
1.996383908810567931e+01
1.991406595237221211e+01
1.985228252948912697e+01
1.998470268524504334e+01
1.974584398555141718e+01
1.986830876906212140e+01
1.988404953640511508e+01
1.992051921066001441e+01
2.001394455484974699e+01
1.991738812254166646e+01
1.976395596979426728e+01
1.967093352107461968e+01
1.973841865965354714e+01
1.995190393892973191e+01
1.990313059136827789e+01
1.969012012385230292e+01
1.967799126404180754e+01
1.986873244873638811e+01
1.984841819836928067e+01
1.981853745103825659e+01
1.973955746177041348e+01
1.991651862848496535e+01
1.973519637823666173e+01
1.988789733503300639e+01
1.983487097614852601e+01
1.985217219739777406e+01
1.976050759162707138e+01
1.959405894730392106e+01
1.990861311214234064e+01
1.989619042709037444e+01
1.976466692407687731e+01
1.995124680184447641e+01
1.973827881602779044e+01
1.996200614810760499e+01
1.975426840576281506e+01
1.980312640474928898e+01
1.994997719838825034e+01
1.998788690763349507e+01
1.984451412632925837e+01
1.980989735201261581e+01
1.986805585804573582e+01
1.981770771762837313e+01
1.979617187985397564e+01
1.989487159049507881e+01
1.984115894209556075e+01
1.982197104557117129e+01
1.984261066000311047e+01
1.984816010190857583e+01
1.983000169400397183e+01
1.983020373128756120e+01
1.976516839230798084e+01
1.995131278319380286e+01
1.974359274527543917e+01
1.986694629942450163e+01
1.986678072991103505e+01
1.976657659024382951e+01
1.997145388220158324e+01
1.996482923881436022e+01
1.975338046997225305e+01
1.970571672064147251e+01
1.984286610841540011e+01
1.970737146820772523e+01
1.991852116239072501e+01
1.974533520342592752e+01
1.977668513699286379e+01
1.987819069674008077e+01
1.981348589357687828e+01
1.994709429125986233e+01
1.988758770185309999e+01
1.981153582794623702e+01
1.990636020688281960e+01
1.981663464460338631e+01
1.986162659935103036e+01
1.979694288996079266e+01
1.982068401911325140e+01
1.982685763499147313e+01
1.978804761584057914e+01
1.995627757874584063e+01
1.990858402030184493e+01
1.974109831709909457e+01
1.979776418957368733e+01
1.966631602941508916e+01
1.978318003636418609e+01
1.963616102709595523e+01
2.000042642015415950e+01
1.980558966665053333e+01
2.006773575820177058e+01
1.977957986521059652e+01
1.988583332171762308e+01
1.986086095610267677e+01
1.995570499322895586e+01
1.998680884344036457e+01
1.999142928912456796e+01
1.998106151450630819e+01
1.975523922064000715e+01
1.970329282629415246e+01
1.982522353355868461e+01
1.988718581354727633e+01
1.987794135055033706e+01
1.985418621032756548e+01
1.986343526606934162e+01
1.986881035619427038e+01
1.989908484187601445e+01
1.983248216142880693e+01
1.983498820801208495e+01
1.984512916570305308e+01
1.994760168958124069e+01
1.993572381152572603e+01
2.000479791341046010e+01
1.999380830300111356e+01
1.991193870455516546e+01
1.983464931818302190e+01
1.985653192614572760e+01
1.979873888554798000e+01
2.005333838931797530e+01
1.986914528654687473e+01
1.985626104611076670e+01
1.985356091199011885e+01
1.977693246323687148e+01
1.978591395686185095e+01
1.984527552582127541e+01
1.995736007906146625e+01
1.978760682167817819e+01
1.987252130021343888e+01
1.981125125386493124e+01
1.977505606660673365e+01
1.991504263818415410e+01
1.984392506785339805e+01
1.983698605230434708e+01
1.984300873440495039e+01
1.976876191542627481e+01
1.977826679172362745e+01
1.984011728852943079e+01
1.989407735427961299e+01
1.962025928142645981e+01
1.981141973642466780e+01
1.971421162114156189e+01
1.981718991584487100e+01
1.977218005109053323e+01
1.994780403208785202e+01
1.979297958588391992e+01
1.976540634531034613e+01
1.973603087240843479e+01
2.000208066454040789e+01
1.989155336571446142e+01
1.982539860888925176e+01
1.973267732771231309e+01
1.985977191433535438e+01
1.969785241484671090e+01
1.983223285490757348e+01
1.990821254468239232e+01
1.996758804480540306e+01
1.997678668900993770e+01
1.978626706964621462e+01
1.968952073239197986e+01
1.973656972593997239e+01
1.975921972051647302e+01
1.989887687743649280e+01
1.983195383251107913e+01
1.991261493022666684e+01
1.990330594644620277e+01
1.984849848176159526e+01
1.990334005428904618e+01
1.978285701651091699e+01
1.979619326187045658e+01
1.978545972911495454e+01
1.979507209153940650e+01
1.977047644806698301e+01
1.986771468306555732e+01
1.984719727053263227e+01
1.970262269539407640e+01
1.975860783005812138e+01
1.972748153935138760e+01
1.986957720521265003e+01
1.973202818800719882e+01
1.977756361605028701e+01
1.997651928550697775e+01
1.997170386575671230e+01
1.991425992118320565e+01
1.969916285636558939e+01
1.999908495412127962e+01
1.977638977490167704e+01
1.994113821838476852e+01
1.973172414912168193e+01
1.975635594337921574e+01
1.992887663108004048e+01
1.991538626914011800e+01
1.983334467392948852e+01
1.991390037286195636e+01
1.982696604749690650e+01
1.971525583205184873e+01
1.989072321950747479e+01
1.979975061487305865e+01
2.002571605937216503e+01
1.962119182790823757e+01
1.981300140943780264e+01
2.002955712731348470e+01
1.978988579036940720e+01
1.985167814393359720e+01
1.985459845853855754e+01
1.999771082765209229e+01
1.998172317361242278e+01
1.982309620649333226e+01
1.975290923366150864e+01
1.994070547513534564e+01
1.999684995581239377e+01
1.992429790065408923e+01
1.980156161894194611e+01
1.982238571019050610e+01
1.970789843172644851e+01
1.981592114359355961e+01
1.969069528785439971e+01
2.002535799324649801e+01
1.976003903598834910e+01
1.990628748326983910e+01
1.975121994295159311e+01
1.986845018100902394e+01
1.978691950562815549e+01
1.981105804621607192e+01
1.996998990331353241e+01
1.970953389553316626e+01
1.968634264128819567e+01
1.988375451463742394e+01
1.995124319940841673e+01
1.986140089298480760e+01
1.982399642522003447e+01
1.983435701923516703e+01
1.993563334579542001e+01
1.969723815611935791e+01
2.000066081380131067e+01
1.969967395379655883e+01
1.982129275305230820e+01
2.002482489943951194e+01
1.968053742982372256e+01
1.967136830045375717e+01
1.991028744829453956e+01
1.975762799759080224e+01
1.973940653953980373e+01
1.998102140600225241e+01
1.973903029841064694e+01
1.990863664426248647e+01
1.975639932162946266e+01
1.988203887109013479e+01
1.984536653819988317e+01
1.985256682191966249e+01
1.988468499356478603e+01
2.000156248717466667e+01
1.999682684629855345e+01
2.002681444773399377e+01
1.982414539667284714e+01
1.988398633337610377e+01
1.991021838731158766e+01
1.979390500420983301e+01
1.997377354533582050e+01
1.988954344661826568e+01
1.972985617553985094e+01
1.982099451819507507e+01
1.984298247619987166e+01
1.968114706339928688e+01
1.973716660262827816e+01
1.975198637564873394e+01
1.985310371475563684e+01
2.003568900203784509e+01
1.977226142846576096e+01
1.990621298231424774e+01
1.992697960818590630e+01
1.987022698226915196e+01
1.995628417766931761e+01
1.979587304083719346e+01
1.978501057896166060e+01
1.993931870416829710e+01
1.992967270371507738e+01
1.983673136951500737e+01
1.991083062079406574e+01
1.996670248663727421e+01
1.985828853008313999e+01
1.982514320628377291e+01
1.979799634675849518e+01
1.977810901481465322e+01
1.988561070441770795e+01
2.004221293172194862e+01
1.969038332274632097e+01
1.985821497992262152e+01
1.982638135645386157e+01
1.989101507341574049e+01
1.990625167088109038e+01
1.986997325293993910e+01
1.993201307960573843e+01
1.994344667094551227e+01
1.991587187725709640e+01
1.985159363949704669e+01
1.971560791548127867e+01
1.997468883087299929e+01
1.982733682902937744e+01
1.984984848284966219e+01
1.978672121869370670e+01
1.994318362135622280e+01
1.976279684462273067e+01
1.980133992785012964e+01
1.981910884308737408e+01
1.994252577666462400e+01
1.981670982476389398e+01
2.002902329687666594e+01
1.988620324033582065e+01
1.980257474408625029e+01
1.980916639464942364e+01
2.002338587174837770e+01
2.003181949930348438e+01
1.977086998714893085e+01
1.994048821660503634e+01
1.982422606260334419e+01
1.986048106536335212e+01
1.975860016843748213e+01
1.991780337509688081e+01
1.986073546081917840e+01
1.978398479356519601e+01
1.974238524017588503e+01
1.983098834392599841e+01
1.981868370749863928e+01
1.986519495999010942e+01
1.990443309925815640e+01
1.992483837095207733e+01
1.995166620630996590e+01
1.978895225441996431e+01
1.986666191341798182e+01
1.986173245241143093e+01
1.993691606472228273e+01
1.986937459840183351e+01
1.985852007108131545e+01
1.983301059274716494e+01
1.979659397640778451e+01
1.989819836754566751e+01
1.975838292357349957e+01
1.970447432986887648e+01
1.983783155358700512e+01
1.977678234413579261e+01
1.991842885024065879e+01
1.990730776149197823e+01
1.980924055573672149e+01
1.991880225814342964e+01
1.966418499416986521e+01
1.978460750519802858e+01
1.985504090035544777e+01
1.974728855991547860e+01
1.993127986460755707e+01
1.990035503550708640e+01
1.976497300945739255e+01
1.996497769693583280e+01
1.982799586848927120e+01
1.991587335855748009e+01
1.979569212365616693e+01
1.995253879587207635e+01
1.996547031089295388e+01
1.980620424913609057e+01
1.985640019977061499e+01
1.994260380547534695e+01
1.983265905318171463e+01
2.003086921522255182e+01
1.996157971818988131e+01
1.985605639481477169e+01
2.004263916247144550e+01
1.977608877062459669e+01
1.977597537217497248e+01
2.003334860264425643e+01
2.006996602874893298e+01
1.981099707714594160e+01
1.975766774482231725e+01
1.996453917730877592e+01
1.991012578895022855e+01
1.981065016977921545e+01
1.981323917040470661e+01
1.980723974575166935e+01
1.972761920684539660e+01
1.982726120423502181e+01
1.983108517100805912e+01
1.975705581905676667e+01
1.987973942566243579e+01
1.988963858520802219e+01
1.982946267359587367e+01
1.991456214733390340e+01
1.988214455092808208e+01
1.983188222599714479e+01
1.995022536123786594e+01
1.990317949489364580e+01
1.990810359684192932e+01
1.997890290408479785e+01
1.978417406910204335e+01
1.988512211356851012e+01
1.971254588523527929e+01
1.990724075568687113e+01
1.967917773322183095e+01
1.994327386219467968e+01
1.975469608401839139e+01
1.974875325656908842e+01
1.980861540662844789e+01
1.983184314852729457e+01
1.979997264947974145e+01
1.982135801039680345e+01
1.990974546881572493e+01
1.976127703779590306e+01
1.978573067156214549e+01
1.995686346675145373e+01
1.996710449734135295e+01
1.992200354283501440e+01
1.982340479906723019e+01
1.980351762816354722e+01
1.985602936771248039e+01
1.974040362299273355e+01
1.986962793393226789e+01
1.992459332355864277e+01
1.991079609080825819e+01
1.982193397072568786e+01
1.968670635858910245e+01
1.974691607602739296e+01
1.989719649800321477e+01
1.984995692030434356e+01
1.967516868424045384e+01
1.990652459528054763e+01
1.988416268970430778e+01
1.982416671244984485e+01
1.985860589759420947e+01
1.975702737170089662e+01
1.986251723594816099e+01
1.983996546252537740e+01
2.000325502430103697e+01
1.971183605823381768e+01
1.978884721136836689e+01
1.982937179051891263e+01
1.974780596675079991e+01
1.982599815209082550e+01
1.969527622496066144e+01
1.984719162133536585e+01
1.988645302809456439e+01
1.980521540098876798e+01
1.992533116824091621e+01
1.977900186901808866e+01
2.002217214855181382e+01
1.977811988999195947e+01
1.984484962392685858e+01
1.987809146397505344e+01
1.977075346747519546e+01
1.981418560067166723e+01
1.973298119811979134e+01
1.981887391180083924e+01
1.988169935204659566e+01
1.976416913714189860e+01
1.987800447249673041e+01
1.977076664569096565e+01
1.974117355418642106e+01
1.978349785868921273e+01
1.975187733441332227e+01
1.986292769644719414e+01
1.983967396162571006e+01
1.974983809692562886e+01
1.980239796532992713e+01
1.987518425894586827e+01
1.996671372322363425e+01
1.998586207794249248e+01
1.991483216519435118e+01
1.988280298224752940e+01
1.984535098741664072e+01
1.966715656749846630e+01
1.990148607105693657e+01
2.000715862554794811e+01
1.970009362057414037e+01
1.961154615945477886e+01
1.996636126844789771e+01
1.991579377767112646e+01
1.993808229604736226e+01
1.976076546316865290e+01
1.974061664878260203e+01
2.004194406705475018e+01
1.987166123987389454e+01
1.981074950954451808e+01
1.982751136996967389e+01
1.981515721127429686e+01
1.980303647494081432e+01
1.977168460792399429e+01
1.994443864656471277e+01
1.971038847435332286e+01
1.977676386616724002e+01
1.992511430782904824e+01
1.990770617813820920e+01
1.978092178125368150e+01
1.969549223991593578e+01
1.984917683523416443e+01
1.995746653699433892e+01
1.980376368781627505e+01
1.974968912271757659e+01
1.987277130238913259e+01
1.976505796425006878e+01
1.989918500276827729e+01
1.975895664365229010e+01
1.971969561064092247e+01
1.995234134214562971e+01
1.967968663398752227e+01
1.989621563938134230e+01
1.989913101204601986e+01
1.975394394960295941e+01
2.000415935235968945e+01
1.984386720288379635e+01
1.992399381140676695e+01
1.989979944734237804e+01
1.974123569689736968e+01
1.979558220145662162e+01
1.975854948089366303e+01
1.972039872941755334e+01
1.988502221929945435e+01
1.975931934589910810e+01
1.987533894540730728e+01
1.984346675907386981e+01
1.981271596192505058e+01
1.985434525453477050e+01
1.998232374609068884e+01
1.971327720550146267e+01
1.964686527401510219e+01
1.978616904567835633e+01
1.972108101200555907e+01
1.977168761482766257e+01
1.987718503863257524e+01
1.984730588819829578e+01
1.972404827900522761e+01
1.983024638089391090e+01
1.981526093161745550e+01
2.006444998803160118e+01
1.987206580887528418e+01
1.988013373823769570e+01
1.987874395689959073e+01
1.982249733852655282e+01
1.993901900522977400e+01
1.974958168959762617e+01
1.981970443535983506e+01
1.977628790854152285e+01
1.982233775190912795e+01
1.984801307483317601e+01
1.977186299750287546e+01
1.977990706872600413e+01
1.995835852770434826e+01
1.985747845414744361e+01
1.980074861479470627e+01
1.984960893124906889e+01
1.979887633661278556e+01
1.976512684413144783e+01
1.982859467197499370e+01
1.989989800990838376e+01
1.979513930312640468e+01
1.988747412879183685e+01
1.966403686009372009e+01
1.984478924710978731e+01
1.997356415232765769e+01
1.990469556982035826e+01
1.976564000337184979e+01
1.980654897881894527e+01
1.987047501766809887e+01
1.982144717162573144e+01
1.968954955714821509e+01
1.996729636192671009e+01
1.971926141233245033e+01
1.986533835999595965e+01
2.001024793576177885e+01
1.987108884771923556e+01
1.990148514358064347e+01
1.981929478316079596e+01
1.982009858549303516e+01
1.993347743073915979e+01
1.963613105914941315e+01
1.982381677743671844e+01
1.983714295635197900e+01
1.995280258673470897e+01
1.965175271353401598e+01
1.983659442785063831e+01
1.985329755468966084e+01
1.988695531424900409e+01
1.983759113978271316e+01
1.981645496042074939e+01
1.986157102421626064e+01
1.980813612591058259e+01
1.972522936082441447e+01
1.981371022969642581e+01
1.997015846619556356e+01
1.978872593111123024e+01
1.978341902549463427e+01
1.984263443423594353e+01
1.964939484709748996e+01
1.981647304850673663e+01
1.977051871190984045e+01
1.986729965822405219e+01
1.977140324712215147e+01
1.991415289800671218e+01
1.978128683588784398e+01
1.988182311076314690e+01
1.990626948928414564e+01
1.996107224551774095e+01
1.993337980489992844e+01
1.993854848670292768e+01
2.004877590188608139e+01
1.988350028240530065e+01
1.976068735309090485e+01
1.995176483870317341e+01
1.974109519319612716e+01
1.979024958259853406e+01
1.985922631298216601e+01
1.974007085114715920e+01
1.973238644196302971e+01
2.003129068962926951e+01
1.979795243339260580e+01
1.985313260301144567e+01
2.004559934879786098e+01
1.983975817955220933e+01
2.008295460219513018e+01
1.963579394765359609e+01
2.000789534732151154e+01
1.967869266985907473e+01
1.967287498265867640e+01
1.996602059040224120e+01
1.977612316369219414e+01
1.978737513083293109e+01
1.988494349847652742e+01
1.989402338785687263e+01
1.980562243395543121e+01
1.987604966716854804e+01
1.987763667094546705e+01
1.975983602377275972e+01
1.985623402250610425e+01
1.994480702738449196e+01
1.975558211038750045e+01
1.974602637982752640e+01
1.995181035774519174e+01
1.989506369403026653e+01
1.984240987034443648e+01
1.981903614353976195e+01
1.981018504481930265e+01
1.976431628088025150e+01
1.982437720626514022e+01
1.991093400775321953e+01
1.972802673516891403e+01
1.992172571615350662e+01
1.991120634641606557e+01
1.977787122204801662e+01
1.970749516994063200e+01
1.968699096756246547e+01
1.986125450243657298e+01
1.988469185307670628e+01
1.995291510870284313e+01
1.975346927716115175e+01
1.977975028302838822e+01
1.977531764486104393e+01
1.983085138190146068e+01
1.991400870920736210e+01
1.975290348305589205e+01
1.968320721089813574e+01
1.996471246174107961e+01
1.980491256376042486e+01
1.993647653760026373e+01
1.977388689626811669e+01
1.989909540489090034e+01
1.990762542525072121e+01
1.984882358649844392e+01
1.982313334813277450e+01
1.992092198948107296e+01
1.988716839119234336e+01
1.979825746406584130e+01
1.997235556424040936e+01
1.976500031254670375e+01
1.978458839595403873e+01
2.000513181239657001e+01
1.986142613395015388e+01
1.989880081646039045e+01
1.976151792713346467e+01
2.002740299161117932e+01
1.989279485568654238e+01
1.972370738281413693e+01
1.998667647212526433e+01
1.975317810672644825e+01
1.987790965620381201e+01
1.986205357623528656e+01
1.983783962619498098e+01
1.978462620968823416e+01
1.988510130868607817e+01
1.982087577497997088e+01
1.995107404402283180e+01
1.982534351733787048e+01
1.987981667145526643e+01
1.967362603420049183e+01
1.989879846670734054e+01
1.995665562535205950e+01
1.977160388086002740e+01
1.979516752373242738e+01
1.973352716648216543e+01
1.989607298613906039e+01
1.983318997289315888e+01
1.968879086900926367e+01
1.985362964021638632e+01
1.975343228250024907e+01
1.981185334172315393e+01
1.990274265987296687e+01
1.978734742882287634e+01
1.980280476485858543e+01
1.974706443463796290e+01
1.986931615370980353e+01
1.979635515111324651e+01
1.989900724671579368e+01
2.001852575869456885e+01
1.983656599879069304e+01
1.987044999473307172e+01
1.983552240832586833e+01
1.986043055809628299e+01
1.993091042326976137e+01
1.975817693553126375e+01
1.977948794315416237e+01
1.995177172928808673e+01
1.983276307110670089e+01
1.972232627396512683e+01
1.975825443178820251e+01
1.977213569987950947e+01
1.956914720806424057e+01
1.980616888920335583e+01
1.986359916538488690e+01
1.987193855387274510e+01
1.997042137984467303e+01
1.998339579506198405e+01
1.977992116584585247e+01
1.998860390744698634e+01
1.992663707971321330e+01
1.991295700958857040e+01
1.981856773740269517e+01
1.974313308974095094e+01
1.981734090817185745e+01
1.997658041709838628e+01
1.986769630792269936e+01
2.001017738402066826e+01
1.994952401846854428e+01
1.996209764466502889e+01
2.002431498078872352e+01
1.969011298181182212e+01
1.987611909387811693e+01
1.972332218653876268e+01
1.985629949940889460e+01
1.993901352216354894e+01
1.992704894101769852e+01
1.966133087103079902e+01
1.978041977685704467e+01
1.984924572077024862e+01
1.989720761390092463e+01
1.989522083381026007e+01
1.995778593206017959e+01
1.977313214549590370e+01
1.985837783307736615e+01
1.968231569065995146e+01
1.993133233027073103e+01
1.987417753694497691e+01
1.992820062508427625e+01
1.982157602460394585e+01
1.981452843687895893e+01
1.976471668475007704e+01
1.988125094257532055e+01
1.980406101655355044e+01
1.969287614157914845e+01
1.990504487911620046e+01
1.997718315214738993e+01
1.985602862830350190e+01
1.999130896977681715e+01
1.978248122029534883e+01
1.977664404975227086e+01
1.974649545166952080e+01
2.010988279658975131e+01
1.981085412633379406e+01
1.999123349348725753e+01
1.988116764161946293e+01
1.993341392273017831e+01
1.981025013895190767e+01
1.982061719950444001e+01
1.988382083929655053e+01
1.978419974295913519e+01
1.991615127678663910e+01
1.972971548550680865e+01
1.998300131314678296e+01
1.968910053519049796e+01
1.984620661719070966e+01
1.994675999139508704e+01
1.975951931344020807e+01
1.983598724310889594e+01
1.967461586198566437e+01
1.979846822261646722e+01
1.999580602813592023e+01
1.980319691361680157e+01
1.998367480895468162e+01
1.981662125680608710e+01
1.986105272181343295e+01
1.992147044033766079e+01
1.995808868137041969e+01
1.987614954016054369e+01
1.962682880439684041e+01
1.985951901090490779e+01
2.000062942193553184e+01
1.989953486501558189e+01
1.991219738870249500e+01
1.988810544121564305e+01
1.984734133836147763e+01
1.988566960790138438e+01
1.984476050779473155e+01
1.990109772289178736e+01
1.980671586061736278e+01
1.997190539420547140e+01
1.975737045240884271e+01
1.973711134796182876e+01
1.998168806676200404e+01
1.974919042239982758e+01
1.993296876093945258e+01
1.992606315639074310e+01
2.003826339699634218e+01
1.973896134516038714e+01
1.988356125251441497e+01
1.972446106525393361e+01
1.992489159842207158e+01
1.980854714463747257e+01
1.980139757972086656e+01
1.968929667806124328e+01
1.979004776609180993e+01
1.983911994854373262e+01
1.980702738645932115e+01
1.997255531374405635e+01
1.983798521175915752e+01
1.984634452734430710e+01
1.991545391572158863e+01
1.985190036105963074e+01
1.994325786843490889e+01
1.978266161228979669e+01
2.003067743903882558e+01
1.983856214508230309e+01
1.970400724599121389e+01
1.968936809265376553e+01
1.972024083351208290e+01
1.977947538195437716e+01
2.006933370641164416e+01
1.986610810743444588e+01
1.960770132555060385e+01
1.985989733456659323e+01
1.977192665367431346e+01
1.968392054524935375e+01
1.997084555196862965e+01
1.980378667899305611e+01
1.993342668889846792e+01
1.980463688700350389e+01
1.990270415598800469e+01
1.978420932066280002e+01
1.977336105064290095e+01
1.975906092903037603e+01
1.961113852887120501e+01
1.996877021307396305e+01
1.971060448941933174e+01
1.992695299252722307e+01
1.973847152954140682e+01
1.994775612331522296e+01
1.987761991002870232e+01
1.980368436001331389e+01
1.979907366760781073e+01
1.980342695859945579e+01
1.985258000656081734e+01
1.978767752426052695e+01
1.985502767654431011e+01
1.972978300090531789e+01
1.981257173819669504e+01
1.987436829226875545e+01
1.983104908090341922e+01
1.985030960065530437e+01
1.970920056289158495e+01
1.976750907048216988e+01
1.988290745885497657e+01
1.982241318332479807e+01
1.988235926133186382e+01
1.985638175627305912e+01
1.988927650635740463e+01
1.980366227927175871e+01
1.971481649544091752e+01
1.993891057541110712e+01
2.001150018561254029e+01
1.994116963877424809e+01
1.987971740829027212e+01
1.967795936563899772e+01
1.968662392974886188e+01
1.989464482831032655e+01
1.975809456681916032e+01
1.991074640583107680e+01
1.984659481243374657e+01
1.978379368546906392e+01
1.977271370193876265e+01
1.965622476878652947e+01
1.979098899652800014e+01
1.989632513217520327e+01
1.982493929532041221e+01
1.986813923761652845e+01
1.984436003117193792e+01
1.990293320742330607e+01
1.977680900075121073e+01
1.981950827444100227e+01
1.990618236285091314e+01
1.987042656589859746e+01
1.973566686807160053e+01
1.970380011889927374e+01
1.975681571310057194e+01
1.984824267744811976e+01
1.972641809628213849e+01
1.967713824121966582e+01
1.987234161279755185e+01
1.977508310021210036e+01
1.982558855463624425e+01
1.990998618740659509e+01
2.000152686724722528e+01
1.968082892207970858e+01
1.978266966884609346e+01
1.972715026593251508e+01
1.976608286009619775e+01
1.988758409610815647e+01
1.986538933116513306e+01
1.991306333997948030e+01
1.996621017385265873e+01
1.977277083554970005e+01
1.988248789053542609e+01
1.972273442096619434e+01
1.976555190846469401e+01
1.993544858466397329e+01
1.976256278470088290e+01
1.991931094029493821e+01
1.980096766564966160e+01
2.003130685698840097e+01
1.984347108572596952e+01
1.984631042163412928e+01
1.985021629904530371e+01
1.997639427308695304e+01
1.983369368087115703e+01
1.983020915613768764e+01
1.982158083368908308e+01
1.987503988871992888e+01
1.987489171497439600e+01
1.992850857284005528e+01
1.992032089193981648e+01
1.980102070606287157e+01
1.979396463953380803e+01
1.992346818384845264e+01
1.988149070188737966e+01
1.994807353463453836e+01
1.982187115982660686e+01
1.981890610964613941e+01
1.976500443806257579e+01
2.002862127072857490e+01
1.995260123010323028e+01
1.990432197197973707e+01
1.992477314281973477e+01
1.980168801840525461e+01
1.992825443966440346e+01
1.981769415381727129e+01
1.999604846584543694e+01
1.992177426205168445e+01
1.974047852000055414e+01
1.991137885751129488e+01
1.978312355953483248e+01
1.977625193488243127e+01
2.005674559265390400e+01
1.964973607229043751e+01
1.976423912977956476e+01
1.985779642034267312e+01
1.991908878365171987e+01
1.981780930452220701e+01
1.992149119225767961e+01
1.991797622799017731e+01
1.980847666518879180e+01
1.984052340998847441e+01
1.984609356241182354e+01
1.963037093568614466e+01
1.979642927430399624e+01
1.981032884547159512e+01
1.978334892209526430e+01
1.972823768815000989e+01
1.981550417986970203e+01
1.988338312294332511e+01
1.991223954961959208e+01
1.994404725624733743e+01
1.967257501251856411e+01
1.984493098110604947e+01
1.984454799497730804e+01
1.984171573106409525e+01
1.991445305871591742e+01
1.980021424821693188e+01
1.990067409191768988e+01
1.973437638446028686e+01
1.974329863519725237e+01
2.002785172362245092e+01
1.992167542393163160e+01
1.981411428589782631e+01
1.982428644956224062e+01
1.972868920864150510e+01
1.991701922324626750e+01
1.996028083950392684e+01
1.991350977044888992e+01
1.979017270148622032e+01
1.990096533237768028e+01
2.000174974157721763e+01
1.985371941154078357e+01
1.986169816252261455e+01
1.999734942420225181e+01
1.975995013205532658e+01
1.985273277592754226e+01
1.982137791915835834e+01
1.977315562922961689e+01
1.982607059864753296e+01
1.980376266715798650e+01
1.982798191534099885e+01
1.990736662386493450e+01
1.987914109646663618e+01
1.990756646500784299e+01
1.978660581998771661e+01
1.973017532416232100e+01
1.986894269567573801e+01
1.983929644618635990e+01
1.964032556190377932e+01
1.978720337188420331e+01
1.980198697998559965e+01
1.982654670465728231e+01
1.991745648296816640e+01
1.992282967212078404e+01
1.984828447287288711e+01
1.993476616835532056e+01
1.969616366445425015e+01
1.987212040468763163e+01
1.979789803939402759e+01
1.975458382953555514e+01
1.985188543200372280e+01
1.995950903244509789e+01
1.981627009782648940e+01
1.971170913777349654e+01
1.976028705598657709e+01
1.988858034474686320e+01
1.987220612390507668e+01
1.985231292392075630e+01
1.970444566532139774e+01
1.985479164095617577e+01
1.984709208859400675e+01
1.983152032411000221e+01
1.988506712517663644e+01
1.975049230085063101e+01
1.987826315721622095e+01
1.980049383060259416e+01
1.986047915282818366e+01
1.972957156839085258e+01
1.979789326414585560e+01
1.986660607203880247e+01
1.989567451456346703e+01
1.961599545850224757e+01
1.985095768281078321e+01
1.977372976974314511e+01
1.994066281400455765e+01
1.989764871586953632e+01
2.005556854247611298e+01
1.993585303856597335e+01
1.971180006115309169e+01
1.983702973824139804e+01
1.985312704949238238e+01
1.973925061767279132e+01
1.966312573086212012e+01
1.973590026499341121e+01
1.988650354801411879e+01
1.973659253815582204e+01
1.979713054767184488e+01
1.983852697175063895e+01
1.991662698767073891e+01
1.982801875191240981e+01
1.988558391324863805e+01
1.990625636252034880e+01
1.979815863711414536e+01
2.002235849418850222e+01
2.008669497448144625e+01
2.000747012201231456e+01
1.968124740601159672e+01
1.970857534615710094e+01
1.976938759120993794e+01
1.987919817448652893e+01
1.976114512781290600e+01
1.986001126994225885e+01
1.979579097962286482e+01
1.995506564836320251e+01
1.975661777119967866e+01
1.973711791913422076e+01
1.994708904067514155e+01
1.976602784419592140e+01
1.984094842016717308e+01
1.976459414848909191e+01
1.986612756464196394e+01
1.980607795904525759e+01
1.997988028533976745e+01
1.973243358670166359e+01
1.978212414527136076e+01
1.961119798861756536e+01
1.994317864126591999e+01
1.990637277791095983e+01
1.976181369508354990e+01
1.970313952113467337e+01
1.986285360348729156e+01
1.984143413967590064e+01
1.977142051323480487e+01
1.987965202958604749e+01
1.978105509078092439e+01
1.976392681702460763e+01
1.990037881153681099e+01
1.994558096583569551e+01
1.987038056871082858e+01
1.996097332677765124e+01
1.991865172631483105e+01
1.980451819909404776e+01
1.972623684069113281e+01
1.979975964254339260e+01
1.983122246331504002e+01
1.967582940310032313e+01
1.996322859218241419e+01
1.974629776066408127e+01
1.976729137331687980e+01
1.976693686398092353e+01
1.983354423794789057e+01
1.989953737120094956e+01
1.996253527674438288e+01
1.999514015678841261e+01
1.998961167282428164e+01
1.974588250544513457e+01
1.968885273769370059e+01
1.989378985373945241e+01
1.972059532916087932e+01
1.980034469788245488e+01
2.018025183437040937e+01
1.983815009850122024e+01
2.000239725110768774e+01
1.995101448873653638e+01
1.986938883656147325e+01
1.981087914417093288e+01
1.993453910971089726e+01
1.970297674528058707e+01
1.984829328255534975e+01
1.996979089243261996e+01
1.986358686417928610e+01
1.982003094499481577e+01
1.995457763518317762e+01
1.989837326868725853e+01
1.984169666726207026e+01
1.997271903556426764e+01
1.962089363814142828e+01
1.984503257990434122e+01
1.985040839666534751e+01
1.992186575988619879e+01
1.986244399707023334e+01
1.970595661102689888e+01
1.999263707755284258e+01
1.985267096685540267e+01
1.985155018395794713e+01
1.986478513520024336e+01
1.980435964054047560e+01
1.975077818295513055e+01
1.973397317153232677e+01
1.999212196573999378e+01
1.970093501796991120e+01
1.995959409078070834e+01
1.976555769008446006e+01
1.977543091878733605e+01
1.982098200467812887e+01
1.997206043894864536e+01
1.995099202761054968e+01
1.989669884580927217e+01
1.970712508151137143e+01
1.984152625232859890e+01
1.976285330935058582e+01
1.987101938581063365e+01
1.971117575857082826e+01
1.980369182534660766e+01
1.973710729506491290e+01
1.975451599713401762e+01
1.974511641875553991e+01
1.977280785357796233e+01
1.999737663373945296e+01
1.982722494199340346e+01
1.978076230337202546e+01
1.979769045783177717e+01
1.974234309637105866e+01
1.980695087428155077e+01
1.986626667712686611e+01
1.988950008285245019e+01
1.991527976067664696e+01
1.983810727880509006e+01
1.966936794301804881e+01
1.988014513936066407e+01
1.982926300785999274e+01
1.980464703124726356e+01
1.969240423882498447e+01
1.977025096835690121e+01
1.984185970988591308e+01
1.995038177155915449e+01
1.999477356650801241e+01
1.995995506617559556e+01
1.990714415796102088e+01
1.992631830222380529e+01
1.977076354246866075e+01
1.991804653067352859e+01
1.984218281723700983e+01
1.990783173877971990e+01
1.970774857543025149e+01
1.988520248865906126e+01
1.980331716031756528e+01
1.970008506758613365e+01
1.995628595075544709e+01
1.983084487367191429e+01
1.990573415679693881e+01
2.003762942668441482e+01
1.986213217059475866e+01
1.970978138393703816e+01
1.993343589815314942e+01
1.992842314066967901e+01
1.972414839417865906e+01
1.984308003072842652e+01
1.967813417176007817e+01
1.985276088751999524e+01
1.984224024178694634e+01
1.990758692797798446e+01
1.984489174467985251e+01
1.982725219851183240e+01
1.989447390851332997e+01
1.986431532114833942e+01
1.988798816866482255e+01
1.984213147146794043e+01
1.998192416538054061e+01
1.987258987974261615e+01
1.981762627878654115e+01
1.988633262917174349e+01
1.982418233222037074e+01
1.987049802675595700e+01
1.983755389270241665e+01
1.987432130508114980e+01
1.993259424280568481e+01
1.977179707510646978e+01
1.992688259637229464e+01
1.985967600800040955e+01
1.981363219618263471e+01
1.988486229641829084e+01
1.984179164724834976e+01
1.970934119472579482e+01
1.981330600821612364e+01
1.985994568794323456e+01
1.975577640732725726e+01
1.984201228193294142e+01
1.970982195811773963e+01
1.978525784497736240e+01
1.992213436872637899e+01
1.986145213057254111e+01
1.985447615499796470e+01
1.993222455721859632e+01
1.974370517554979898e+01
1.991585736517034988e+01
1.978255877679836772e+01
1.984767092471883743e+01
1.987639247053861524e+01
1.985121454840912492e+01
1.979509572817846674e+01
1.985502217138331460e+01
1.993031729952809172e+01
1.974693768023233531e+01
1.989040657944932278e+01
1.992814472385991564e+01
1.987305552976793521e+01
1.993723983878710371e+01
1.986490353333712378e+01
1.975128734805080200e+01
2.007748101212345659e+01
1.991481736416042025e+01
1.985797302640773765e+01
1.986088607957729479e+01
1.987358387973348073e+01
1.991119500756398253e+01
1.979051222912336172e+01
1.985419743640882118e+01
1.994177402935941501e+01
1.999650389879583301e+01
1.989487765224470905e+01
1.996267854261977703e+01
1.986014496296951748e+01
1.985296587426011428e+01
1.989384848799393879e+01
1.993492400347650673e+01
1.975930418960952650e+01
1.993158802826043186e+01
1.985132866544142516e+01
1.989913090135122431e+01
1.972765567046889501e+01
1.990597365571007060e+01
1.981576390312212155e+01
1.989635807528568279e+01
1.989153178400550104e+01
1.986237154711844255e+01
1.995796857697316895e+01
1.997871735400569904e+01
1.973119237312193874e+01
1.989118901663040262e+01
1.986634785780647405e+01
1.989747766884762825e+01
1.982823644063872948e+01
1.987104432544470356e+01
1.981945869679132954e+01
1.989051544195574905e+01
1.997255909017212261e+01
1.993149694668539951e+01
1.989176626348067245e+01
1.963501919472333768e+01
1.987622962514254965e+01
1.993660782069787984e+01
1.978202749162964835e+01
2.003276222284207364e+01
1.975074389069593650e+01
1.978502396855686385e+01
1.984975118792001325e+01
2.001947377324146871e+01
1.988482765340256009e+01
1.997042842108897176e+01
1.977593503893425364e+01
2.000334039926180552e+01
1.989937375638496420e+01
1.994244864245192517e+01
1.991664131979837649e+01
1.993859578673042421e+01
1.985569089809776244e+01
1.978821570343879088e+01
1.979459278876949568e+01
1.989402828837322090e+01
1.971004489926004055e+01
1.997193398332958125e+01
1.988125858015935066e+01
2.001703968935076716e+01
1.975685341614076052e+01
1.990412800300941143e+01
1.999607980288235609e+01
1.982490642341030451e+01
1.999916530161360839e+01
1.960309800386260193e+01
1.985022872120588389e+01
1.983152151109371530e+01
1.974943463836764224e+01
1.981859620207822559e+01
1.990271308865698430e+01
1.979796115176258553e+01
1.992471540176454781e+01
1.977635784614213321e+01
1.982031871377417787e+01
1.986900475302021363e+01
1.979337945882791061e+01
1.988053077341676556e+01
1.986434953045173302e+01
1.979641080524998742e+01
1.980704370537614523e+01
1.990599507145353897e+01
1.982167937646286759e+01
1.979904658262301709e+01
1.989706098432133530e+01
2.006408161371638954e+01
1.988634317390431150e+01
1.976926921260779579e+01
1.984328804192793783e+01
1.990938971344909092e+01
1.998260292642435587e+01
1.996257719574169442e+01
1.974474756667261488e+01
1.981600816804156651e+01
1.976112501410241507e+01
1.991210466861220496e+01
1.978276145522068319e+01
1.986969243139117580e+01
1.981985579094718375e+01
1.985898291828965867e+01
1.980252043782460802e+01
1.987284638357832378e+01
1.974688943702493660e+01
1.999282691566944692e+01
1.985098385912275987e+01
1.972246361132846815e+01
1.978233223184604128e+01
1.976986187359954528e+01
1.963134510480196582e+01
1.988887412091277440e+01
1.972075051323896133e+01
1.976762926411652899e+01
1.994648571409870286e+01
1.989572085074084029e+01
1.983887963938838794e+01
1.968207427397840803e+01
1.975426463887999162e+01
1.987810975932006841e+01
1.973226233438796484e+01
1.987289317938346045e+01
1.982020148741497323e+01
1.988449767774314836e+01
1.985629430867227185e+01
2.005420200166275535e+01
1.989675855288201589e+01
2.008630085556786327e+01
1.990438034380497001e+01
1.974775945426497614e+01
1.995965928880469065e+01
1.984928543474561380e+01
1.989871245790315513e+01
1.977642913024908466e+01
1.994509588174301129e+01
1.975249044227968298e+01
1.995537712024092158e+01
1.987871798865173645e+01
1.970205973714260494e+01
1.998124500106334978e+01
1.986092134090847594e+01
1.986852519230425784e+01
1.994660371911940189e+01
1.979051785346030812e+01
1.972943263324296836e+01
1.977093984685331307e+01
1.977114404382749058e+01
1.994997201304660450e+01
1.997264242484880015e+01
1.996668418674875056e+01
1.992524786651172874e+01
1.987647351438410936e+01
1.988668765434519159e+01
1.988856014768652969e+01
1.976463869434981646e+01
1.996547451995478539e+01
1.984506335706593916e+01
1.984262008187575077e+01
1.980494708723327335e+01
1.977705029939995995e+01
1.997944940346550169e+01
2.007989397169468049e+01
1.986646191843682274e+01
1.977194431220953064e+01
1.994767970500799237e+01
2.004664392450417054e+01
1.992044392828557164e+01
1.982208968257118187e+01
1.993615167063782323e+01
1.974242228270610511e+01
1.986217183555800503e+01
1.977084369227527461e+01
1.986073953939039072e+01
1.973047741517152787e+01
1.978202811081023782e+01
1.979873224256003184e+01
1.980572401720604958e+01
1.995043932165401657e+01
1.984774264197427485e+01
1.980775761883435138e+01
1.992898098496376846e+01
1.981257511497897994e+01
1.982086179097309042e+01
1.982180020563929546e+01
1.988727705525413114e+01
1.989318662187432807e+01
1.981884257690219542e+01
1.974108534189542041e+01
1.995925420546923590e+01
1.984852063030168168e+01
1.985630738298817377e+01
1.983816726239018635e+01
1.979067470795656902e+01
1.982642118709752310e+01
2.000733180439755543e+01
1.983019760320640756e+01
1.969506725048566054e+01
1.984847497801757754e+01
1.967148840948487987e+01
1.977455240437442541e+01
1.982429224984515059e+01
1.978277222258853740e+01
1.973126689483145668e+01
1.978876856939711715e+01
1.979188558527166819e+01
1.988743869108248674e+01
1.986712234863833615e+01
1.996895698353782578e+01
1.978406384643773919e+01
1.983875265516051201e+01
1.975971344706977106e+01
2.004719199741972702e+01
1.989672124340377124e+01
1.998995625831086898e+01
1.980725744859422122e+01
1.984261872674114358e+01
1.988563435274540581e+01
1.978725387946670011e+01
1.984572796387220706e+01
1.986630807187138359e+01
1.994256204307554725e+01
1.993590681209612825e+01
1.990177710789634702e+01
1.983351123513850922e+01
1.978328390563705241e+01
1.983697440761678621e+01
1.993132054310524737e+01
1.974729285556940894e+01
1.991431990205834524e+01
1.977251411199871001e+01
1.979616171068509800e+01
1.994182516676905692e+01
1.992261267312679607e+01
1.987266458686777781e+01
1.999051204999419795e+01
1.978708062931417899e+01
1.993256797352206888e+01
1.976819660988163108e+01
1.979235697536319094e+01
1.998561801884911304e+01
1.991850842144869560e+01
1.978168968120563420e+01
1.994969916063838156e+01
1.997483500395871303e+01
1.983123771717596284e+01
1.987133031592044574e+01
1.995365928196171623e+01
1.984391645314482133e+01
1.996563584680279391e+01
1.970020134234059128e+01
1.985876392413430480e+01
1.989448547032899128e+01
1.987621552657483193e+01
1.988815873776761478e+01
1.989854732710699636e+01
1.986908476365425713e+01
1.981371626896324045e+01
1.973594348943514021e+01
1.961644874482795942e+01
1.974019026647004793e+01
1.984263204074250808e+01
1.986730926470325898e+01
1.991117743424186415e+01
1.988046359233681670e+01
1.982322818310701962e+01
1.982071626603113756e+01
1.976421067884881211e+01
1.963311692102478290e+01
1.979226607160303075e+01
1.989240505047275320e+01
1.992231730519175770e+01
1.975452897950672337e+01
1.979829239645464511e+01
1.992577089540791491e+01
1.993514275751168796e+01
1.986326490655038413e+01
2.000662703856994895e+01
1.979831089498249241e+01
1.987815500274130898e+01
1.994443999519999977e+01
1.977798099170237833e+01
1.984056408581967546e+01
1.995758403714363993e+01
1.979384565204386703e+01
1.980975907629144928e+01
1.985487700139296408e+01
1.968846027505919238e+01
1.977095049422919359e+01
2.001595202749605207e+01
1.989666904170416473e+01
1.974102235717333897e+01
1.985934836572975115e+01
1.982026391493945638e+01
1.975116739061309801e+01
1.988973353021276580e+01
1.992902037835877493e+01
1.991082676250569250e+01
1.980721257501364008e+01
1.970945310501364034e+01
1.965499249193781850e+01
1.966812056429014177e+01
1.989606777548788230e+01
1.971490690362350406e+01
1.985478343541981516e+01
1.985040966380990568e+01
1.988253559621980671e+01
1.981345653858815936e+01
1.988252486504291738e+01
1.992480687163293851e+01
1.984006770451732393e+01
1.982796383647969662e+01
1.973303343394067255e+01
1.987925214946428198e+01
1.994824707174557332e+01
1.985735023467716331e+01
1.995376383607487725e+01
1.978997061127763146e+01
2.000879291003316851e+01
1.970742345526635830e+01
1.990370605415440153e+01
1.973974845788495713e+01
1.978497235277604460e+01
1.977724384045027506e+01
1.988317886409123147e+01
1.978770196654028268e+01
1.977617398201352827e+01
1.988713349401571762e+01
2.001958834556142719e+01
1.984740555631341152e+01
1.987087207403174105e+01
1.977914525887759822e+01
1.971476729259606486e+01
1.992069226834532003e+01
1.987065026353108621e+01
1.962234624948416339e+01
1.982347440735344790e+01
1.998632916508964641e+01
1.996179370735387337e+01
1.988243301635343485e+01
1.979001974388046747e+01
1.988641710796751738e+01
1.982842937734100985e+01
1.969673797189805242e+01
1.979672840911585041e+01
1.984263611556822937e+01
1.985653665945896762e+01
2.000498522860166162e+01
1.992000210478674660e+01
1.986561635155767647e+01
1.999503347217160609e+01
1.991827558648945029e+01
1.983442948096108438e+01
1.968714323312016390e+01
1.970619332297471971e+01
1.986188296760899163e+01
1.977312342116681521e+01
1.969693950386181314e+01
1.994871373724577523e+01
1.980122557049217491e+01
1.988290861443154256e+01
1.980522217496986315e+01
1.985724564312646123e+01
1.994092144691287416e+01
1.970475372931587899e+01
1.997244839629220792e+01
1.985217117178710211e+01
1.985952403140122158e+01
1.963377909614511196e+01
1.983683372513033305e+01
1.981380680036686570e+01
1.990981481877983228e+01
1.991726713579959807e+01
1.992132781075054027e+01
1.980630710502621739e+01
1.976759789351392982e+01
1.980088009726333809e+01
1.979142978041844714e+01
2.000986043637140810e+01
1.997260532783644038e+01
1.997789338188493957e+01
1.974316569447516301e+01
1.989015808951072373e+01
1.994898604292552946e+01
1.974461775520770601e+01
1.990645237671719059e+01
1.978799826905918380e+01
1.980481934405376521e+01
1.992914822311833234e+01
1.975334713243988460e+01
1.974002697509098780e+01
1.990853839523425606e+01
1.994849212048443476e+01
1.970725388424338931e+01
1.985628211361478535e+01
1.976873972168430171e+01
1.974489125975919990e+01
1.989702536346793238e+01
1.988185022503907717e+01
1.994788171339468974e+01
1.981605243923916504e+01
2.003310016997835419e+01
1.964287558272345180e+01
1.977988115931482227e+01
1.976433861607725362e+01
1.994383437158971617e+01
1.999160823305258461e+01
1.985084850419123015e+01
1.991937035550963131e+01
1.981022860407150432e+01
1.992393463828754108e+01
1.968082838127690337e+01
1.987903441078801947e+01
1.979028648434318782e+01
1.991719615277604660e+01
1.998207160266671778e+01
1.983935553326393730e+01
1.975374641070878923e+01
1.998060881357737628e+01
1.987002687746706542e+01
1.983540240285796230e+01
1.975100143937449104e+01
1.975185491326200804e+01
1.974810331118587214e+01
1.977909930352889489e+01
1.980367904617195762e+01
1.978928800369510910e+01
1.965044270676583338e+01
1.981243066415608212e+01
1.985035906486786672e+01
1.989044190152523583e+01
1.976458354507460768e+01
1.972730493767375393e+01
1.976828349547005459e+01
1.977813472460304212e+01
1.994588962818723488e+01
1.984882440833550632e+01
1.987090182568159946e+01
1.978545807184210048e+01
1.996372526449699691e+01
1.983158173490586051e+01
1.977446083964171208e+01
1.981930434271484387e+01
1.995437598579418648e+01
1.983996081740051665e+01
1.995781577665137974e+01
1.954522824985768636e+01
1.997901929446254599e+01
1.987363525073221737e+01
1.983845128903043786e+01
1.976644106496632602e+01
1.993212462559702303e+01
1.982602364221975222e+01
1.970327779660601308e+01
1.994084603190562888e+01
1.973606124758036984e+01
1.979624517225181179e+01
1.991585249613703468e+01
1.983779630309382824e+01
1.995342271606343942e+01
1.984878026688732788e+01
1.988000678976644409e+01
1.962677801870024297e+01
1.991930819439361144e+01
1.994486373662257250e+01
1.981817008327118046e+01
1.970967710579776266e+01
1.982368599305583245e+01
1.978785601291459884e+01
1.980649627062432572e+01
1.986437987974958830e+01
1.985404035513411358e+01
1.976327703709707251e+01
1.988607221268441805e+01
1.981477540107538360e+01
1.998425101923202618e+01
1.996612535406520550e+01
1.982421490830269661e+01
1.995966755890301769e+01
1.979297768863850493e+01
1.999938276734917153e+01
1.981468348540671442e+01
1.979008775343171678e+01
1.987996942273129264e+01
1.989962249478430678e+01
1.981063189874121022e+01
1.976900534620946459e+01
1.973973814211481681e+01
1.983377225850535908e+01
1.964882745431041045e+01
1.995446464014762711e+01
1.987003307021937104e+01
1.979391040002892410e+01
1.986257763990124658e+01
1.984683760148884701e+01
1.996620956098383459e+01
1.979464885330594726e+01
1.979721566737998373e+01
1.974118478064562154e+01
1.988315006824304021e+01
1.987154283331199167e+01
1.994221714292588388e+01
1.973909252711065676e+01
1.991511949023318806e+01
1.972502443812114237e+01
1.985326986974643404e+01
1.976309459700089732e+01
1.991110989400571185e+01
1.972645477285222881e+01
1.980813953858909926e+01
1.975270302426076086e+01
1.977338480952776223e+01
1.981075834963156979e+01
1.972009923688850463e+01
1.976010385262307523e+01
1.970960817047144431e+01
1.997401444008814053e+01
1.995253276457085789e+01
1.983152991975648050e+01
1.989076849552650117e+01
1.979790020826465025e+01
1.976414671078437379e+01
1.976988113596669550e+01
1.988016251421906944e+01
1.996208834460065518e+01
1.987582609773856746e+01
1.992993049106045689e+01
1.974267883845442384e+01
1.978892647817153971e+01
1.988407734254461090e+01
1.976587084009067397e+01
1.999409181019942139e+01
1.991203426925802944e+01
1.983720061723689909e+01
1.994485212079224468e+01
1.986028843544529465e+01
1.988984497584812416e+01
1.982122999890635739e+01
1.987225382923670480e+01
1.985804051884820254e+01
1.999078990854317084e+01
1.969508792069148129e+01
1.982347168865100784e+01
1.968108601724703632e+01
1.994394197360115228e+01
1.995991344671884704e+01
1.990244250169722307e+01
1.986826214171173532e+01
1.972643257514592818e+01
1.988815663610399298e+01
1.977514349863662702e+01
1.983523596725062532e+01
1.962247627930018368e+01
1.974023343398951980e+01
1.972707331859121993e+01
1.999222940771620571e+01
1.976476129486911404e+01
1.974078337565539698e+01
1.983947516955409540e+01
1.991444758798744630e+01
1.993548043809256143e+01
1.968771281795338979e+01
1.979067899303788991e+01
1.981189697597080723e+01
1.984171349062995660e+01
1.985946146635863130e+01
1.986185087050580833e+01
1.975827650028078963e+01
1.986353887893058712e+01
1.985938353774790244e+01
1.990256204799676709e+01
1.981714968853979286e+01
1.998781658516559290e+01
1.996955880522988735e+01
1.994683230671355290e+01
1.988949990150666025e+01
1.989443827538354981e+01
2.000635189762130750e+01
