# Variable: B
# Sample shape: (2500,)
# Date: 2018-11-20 14:26:59.675200
7.907603752713185941e-01
7.654652498829491725e-01
7.569792737245805148e-01
7.775716370162636393e-01
7.780631791292683674e-01
7.600365390720147385e-01
7.647714734155690586e-01
7.722269814196099924e-01
7.686052070726246965e-01
7.653014265626364443e-01
7.638713604061702078e-01
7.700851323287460914e-01
7.782720016117413708e-01
7.669184847065138033e-01
7.814794732152194889e-01
7.761195280116360840e-01
7.829529824545743422e-01
7.752736442642387260e-01
7.757319320321596212e-01
7.713069542847043047e-01
7.904448532995269616e-01
7.586036173115126013e-01
7.744941886014777843e-01
7.601966396563647477e-01
7.827526835693868756e-01
7.705799385379825672e-01
7.709564362216047018e-01
7.688281535202576844e-01
7.834518084598295351e-01
7.737665297030442701e-01
7.741603892345865212e-01
7.833278960135032776e-01
7.889285791677351778e-01
7.598534004972776756e-01
7.667761600705311764e-01
7.804017893106928172e-01
7.485615412013622016e-01
7.710621144694342899e-01
7.720173903305284080e-01
7.622310229924029734e-01
7.766524000568054698e-01
7.748327379641638535e-01
7.803367064030196643e-01
7.727950992215323334e-01
7.617250054822243266e-01
7.736796287072774669e-01
7.825819995500471471e-01
7.804024248223431215e-01
7.747634942560019944e-01
7.651979451873925919e-01
7.855195709769603463e-01
7.790236573051337876e-01
7.811431079166181179e-01
7.750912411957399106e-01
7.868448139576503797e-01
7.631899956870504820e-01
7.817397441744357023e-01
7.632781246355725413e-01
7.796089304216725635e-01
7.735827832347831334e-01
7.735693406761765534e-01
7.911931121073759732e-01
7.761708441885067922e-01
7.494360343621667697e-01
7.866414166498469918e-01
7.716196599882352292e-01
7.717168020900310177e-01
7.711933097255632141e-01
7.767479346913015448e-01
7.670049297837865376e-01
7.713488126416621071e-01
7.807127177359683978e-01
7.673617044625787864e-01
7.818276497796382563e-01
7.530530249911038254e-01
7.885289153938177531e-01
7.761049961402742836e-01
7.776450960451255501e-01
7.667408965369084672e-01
7.677728439646813730e-01
7.664912123415089651e-01
7.787279317004585089e-01
7.651369362099196270e-01
7.609937925420232618e-01
7.716060835316215227e-01
7.764861979536563652e-01
7.743311392325494813e-01
7.694594697886403267e-01
7.750487498430790323e-01
7.807853237269570812e-01
7.773602502148323490e-01
7.652674810534102479e-01
7.490681002791439447e-01
7.807688099946011873e-01
7.683274340022290261e-01
7.655975639560128609e-01
7.631738947693635922e-01
7.703689733025244069e-01
7.663179258450277809e-01
7.907690287223027026e-01
7.796755464292360882e-01
7.671655877173256810e-01
7.692897481852778441e-01
7.709180269405057073e-01
7.596669614704529838e-01
7.652094762045532628e-01
7.692040738295644609e-01
7.801628649209234601e-01
7.662647538592026741e-01
7.735801758241334092e-01
7.701822387179051432e-01
7.793168224035674774e-01
7.568251269927789293e-01
7.591229014310788559e-01
7.781654659427006404e-01
7.732124306294646532e-01
7.757841680322615785e-01
7.698127074310827656e-01
7.700776012905961032e-01
7.920954066329195520e-01
7.693548970093827544e-01
7.761921729429214212e-01
7.711779158024480996e-01
7.789445025561481106e-01
7.686879643907964521e-01
7.710327242560420791e-01
7.874313252459534951e-01
7.790453831637120796e-01
7.673409600228818794e-01
7.782498757646251208e-01
7.766018401087945167e-01
7.753058624315950498e-01
7.721423327319387742e-01
7.731528250935492119e-01
7.739241815062484209e-01
7.846396985383734535e-01
7.718829950123720085e-01
7.607855323721173235e-01
7.791597362048409137e-01
7.749462977596347502e-01
7.801580590337916510e-01
7.800301116028772741e-01
7.744413054179427602e-01
7.710723946129155459e-01
7.829502697444091774e-01
7.814500945112566876e-01
7.927020091305936322e-01
7.710214891158435613e-01
7.782197901005050156e-01
7.752678246041229126e-01
7.669999071663093915e-01
7.827046859987848437e-01
7.758662509384464112e-01
7.605261532049191198e-01
7.702382225898362078e-01
7.759552503816737890e-01
7.825047568943349630e-01
7.623414824021270686e-01
7.665903600587395950e-01
7.896876950521170002e-01
7.732294133560050353e-01
7.766357682632246684e-01
7.605460411893192330e-01
7.637611898366047924e-01
7.600417964745621591e-01
7.760997174527625164e-01
7.912094634439927887e-01
7.902981068782614082e-01
7.863582642823672142e-01
7.564624980959951950e-01
7.763416163248160196e-01
7.687901631070817032e-01
7.662653444626668087e-01
7.711381935970302859e-01
7.702238712856129821e-01
7.650288832857918830e-01
7.852167913901618723e-01
7.868193206469740186e-01
7.908292168900519226e-01
7.766677728993531815e-01
7.710933708217764249e-01
7.783969894749953600e-01
7.625407363671191652e-01
7.716207328361147644e-01
7.742363760260690952e-01
7.674060883683955225e-01
7.632007864594496649e-01
7.711922560152333350e-01
7.485702982959805407e-01
7.725659212960430677e-01
7.667911130859389468e-01
7.687210620063630317e-01
7.783486765033691412e-01
7.705023337245285875e-01
7.643453810795601822e-01
7.708879806953183866e-01
7.815973867385292984e-01
7.691237059659834507e-01
7.690536387039248467e-01
7.727567197402475108e-01
7.722661659098479792e-01
7.718340299176916774e-01
7.754353166169904998e-01
7.768677592401160847e-01
7.721100497381426786e-01
7.691320351077562956e-01
7.577343883462310803e-01
7.671410086896879310e-01
7.744954450379996080e-01
7.865125833022219570e-01
7.688844268426876516e-01
7.818228881135917963e-01
7.583142439520403899e-01
7.698105384482497593e-01
7.735053187960100329e-01
7.768564132608057893e-01
7.764629790417134636e-01
7.635563634834563462e-01
7.588400124864247420e-01
7.672673835516693464e-01
7.748818288035353996e-01
7.816086984354878586e-01
7.721066950282663433e-01
7.755490640669676639e-01
7.793695765475517900e-01
7.666119816195694492e-01
7.947895817296400933e-01
7.627047517873520865e-01
7.748050436672933028e-01
7.594938269277307086e-01
7.828861116257183062e-01
7.522255264063602009e-01
7.870571803532995236e-01
7.676167846326840127e-01
7.847091204896158301e-01
7.800303723515390475e-01
7.787625524393028131e-01
7.759100304587849273e-01
7.815768083382732545e-01
7.817442681934730908e-01
7.815104661904129779e-01
7.805067152893216953e-01
7.813765849295634114e-01
7.696533612134001112e-01
7.827540732215438890e-01
7.724163375216401839e-01
7.797884464165877327e-01
7.794094182651846170e-01
7.678264833621384344e-01
7.643978821206511842e-01
7.756555015509016826e-01
7.654642725869211795e-01
7.690958710614022031e-01
7.657153731391139750e-01
7.597463355174568500e-01
7.700289431137546936e-01
7.676739230711108197e-01
7.645811496530947604e-01
7.807083809301077482e-01
7.770271313688676962e-01
7.676221935168655586e-01
7.714250106363236270e-01
7.854549909486562287e-01
7.715310027900617040e-01
7.784942437879741606e-01
7.857337081113870969e-01
7.599754876688169514e-01
7.783190942541283741e-01
7.673132855629323235e-01
7.639702696772034951e-01
7.654493768331239734e-01
7.792212989469671225e-01
7.732235880934141825e-01
7.920935192341482800e-01
7.784199925465935532e-01
7.808594337380295736e-01
7.846195785604413997e-01
7.808413790347684680e-01
7.719044351816336524e-01
7.665788509394579897e-01
7.698081216207453004e-01
7.765429432117934017e-01
7.787239236779291973e-01
7.701940976630902158e-01
7.759989844140181559e-01
7.804688515784231617e-01
7.694510622899358721e-01
7.768772641675323332e-01
7.730675709634854398e-01
7.633523337497818417e-01
7.694807303305195578e-01
7.800994157978844434e-01
7.714167319923010968e-01
7.600104514637762154e-01
7.591918914823669873e-01
7.743774464752096742e-01
7.610046371812111410e-01
7.749963807796814708e-01
7.678528670358718555e-01
7.743775355624668011e-01
7.761850274898682844e-01
7.751937246462541342e-01
7.838408034586042961e-01
7.669685304006166326e-01
7.634506038589480292e-01
7.860586265053611799e-01
7.580213336492540588e-01
7.749112543275559206e-01
7.800570271308960857e-01
7.810387692197025000e-01
7.753895543129398771e-01
7.715710934804398402e-01
7.542216165353173851e-01
7.621981386663654323e-01
7.635374696739375411e-01
7.734384211844695933e-01
7.693547210264715108e-01
7.725599540584722202e-01
7.817327419401660649e-01
7.532554645393356729e-01
7.591327919368288102e-01
7.690938437542549355e-01
7.783444357059706720e-01
7.738476475223776685e-01
7.872146032289304429e-01
7.632187437512877315e-01
7.667103935679514537e-01
7.773459756127014675e-01
7.625636156047729264e-01
7.864804281859454349e-01
7.609564015481472543e-01
7.861799379298000101e-01
7.877012064963926363e-01
7.587373917034797577e-01
7.825495004785218978e-01
7.668754962789978702e-01
7.669921687413555622e-01
7.766045866912940632e-01
7.801305430441233257e-01
7.816400338327604835e-01
7.688322532605285087e-01
7.856960253258911120e-01
7.806626143506424365e-01
7.615126860247912743e-01
7.665714183115107661e-01
7.580958325043496426e-01
7.688417491733146036e-01
7.661304647039435256e-01
7.717913051010364400e-01
7.717568451739450497e-01
7.671491247764853361e-01
7.798255434972578559e-01
7.890516153229980567e-01
7.636485109871026244e-01
7.786261572932620112e-01
7.782374432267394893e-01
7.799917655527658367e-01
7.668916424956785383e-01
7.646138740386597688e-01
7.659135284213010042e-01
7.874705047120328372e-01
7.829431124341973414e-01
7.820972869066143973e-01
7.784927882038228386e-01
7.744596255759016445e-01
7.728599707782669581e-01
7.721834586186977489e-01
7.794594958947719254e-01
7.685940572727708586e-01
7.530285163689119932e-01
7.674580755812965283e-01
7.806590014429816149e-01
7.638045211903375931e-01
7.850663954700687341e-01
7.680998780336366627e-01
8.031831524670666189e-01
7.607978701877453620e-01
7.667645591026110985e-01
7.879349635654570028e-01
7.770042023377302653e-01
7.599555020022596974e-01
7.717663939923800065e-01
7.766710613347551639e-01
7.772891856208616890e-01
7.850101462131756636e-01
7.771758892173692423e-01
7.831943912600776159e-01
7.574868590499144183e-01
7.771632967570352157e-01
7.764273597209567779e-01
7.769854223493819489e-01
7.756894473056149542e-01
7.751881236528571639e-01
7.623297519278952050e-01
7.714236102569635989e-01
7.681078555987108647e-01
7.715055995738148154e-01
7.664300220046087464e-01
7.615041490460279228e-01
7.583108661336206424e-01
7.844924367505375917e-01
7.617262140048305374e-01
7.669908187912428676e-01
7.829385298886593070e-01
7.741299625385050787e-01
7.794632896040764036e-01
7.562627469983737027e-01
7.673892061607595627e-01
7.718991872252237707e-01
7.612085249081644855e-01
7.841560332471959605e-01
7.713093571512762425e-01
7.734899854459128532e-01
7.682711929800859485e-01
7.637875225141924629e-01
7.663359318967973843e-01
7.712264549223349919e-01
7.720195870134044513e-01
7.776622890461978299e-01
7.619643159893972895e-01
7.851389151628290763e-01
7.761914361185342504e-01
7.635588318216450787e-01
7.779534270269107266e-01
7.677152455280746857e-01
7.665301757917146741e-01
7.651088665596160743e-01
7.837792985240554788e-01
7.639329101242693376e-01
7.807664841880315176e-01
7.629823959998046634e-01
7.706124042866544510e-01
7.598705363503379662e-01
7.806419430873516863e-01
7.809448192688173140e-01
7.657690646624200070e-01
7.697108610616431035e-01
7.885821330980440358e-01
7.643638103401068085e-01
7.653895723124540806e-01
7.578466621324070340e-01
7.732123183615619011e-01
7.663403528147930688e-01
7.640588854882682801e-01
7.637216973815457166e-01
7.748322518171230078e-01
7.773334609497635217e-01
7.613442533964206449e-01
7.682070398116194188e-01
7.568136438185256720e-01
7.764772886522571804e-01
7.655235797080179871e-01
7.698189069807314100e-01
7.633883176359963496e-01
7.808198846220159028e-01
7.779289572391200336e-01
7.663483448777761442e-01
7.757034002688655283e-01
7.809887716907677468e-01
7.734323337345819782e-01
7.647333244608676139e-01
7.650756918148408081e-01
7.613325727591686576e-01
7.755404017620610713e-01
7.748548147519708218e-01
7.670918311192607142e-01
7.908452700409766001e-01
7.728354486109878518e-01
7.816579726833144948e-01
7.797707413379613151e-01
7.779716517180447211e-01
7.650012604570456398e-01
7.757818108196856688e-01
7.697131795951233091e-01
7.755316357737958022e-01
7.785562792519968855e-01
7.810909931963812003e-01
7.742280964250355391e-01
7.713847214887772363e-01
7.716262608230177733e-01
7.946271047989962311e-01
7.775714669063205076e-01
7.806395580522318411e-01
7.655970152717807009e-01
7.661710518170560258e-01
7.694389585838932177e-01
7.694699727236725684e-01
7.735604830436461077e-01
7.648589200324086290e-01
7.608421054369131076e-01
7.748672583155601368e-01
7.589653981581943043e-01
7.754309320380506909e-01
7.654061714400459682e-01
7.671375393827215561e-01
7.799986677661898682e-01
7.828981695435618393e-01
7.802425380873633243e-01
7.819128366056815604e-01
7.795289586842006901e-01
7.701422998047317003e-01
7.695155849074992727e-01
7.697756735302285769e-01
7.714115747318162075e-01
7.683273229173414043e-01
7.838612738025294568e-01
7.651475884921811188e-01
7.756868264632270638e-01
7.841612117740119903e-01
7.703050368510380164e-01
7.632060610158231118e-01
7.658684250644874902e-01
7.600144857042144819e-01
7.656662804936628097e-01
7.751873869582960319e-01
7.652241884938905114e-01
7.693144328809116139e-01
7.688324513807752725e-01
7.808778126553582721e-01
7.636002881283110444e-01
7.822307175782902133e-01
7.617522038425028619e-01
7.764782636634687263e-01
7.763815981719538462e-01
7.646742017376315648e-01
7.671072884775037570e-01
7.886235233673760670e-01
7.677509959843511478e-01
7.646804526858377304e-01
7.708516852309980072e-01
7.777040366526628556e-01
8.033549459723181574e-01
7.653724447344616433e-01
7.757946723358430940e-01
7.762187095797625780e-01
7.735280119352763162e-01
7.626581649246982897e-01
7.607336202477890108e-01
7.721432755591013386e-01
7.880888786271279534e-01
7.790806746685148276e-01
7.652194095094368986e-01
7.876480537718840713e-01
7.761212586904975286e-01
7.935905224355910281e-01
7.747920357349455944e-01
7.623131981084089182e-01
7.772503263839520837e-01
7.682731199505888897e-01
7.716182337226943355e-01
7.884501186711377896e-01
7.828345063476207510e-01
7.819315723064903523e-01
7.640342008904044135e-01
7.709532545910511292e-01
7.851854038418947246e-01
7.677743257106934838e-01
7.671497189967527719e-01
7.577643564575536894e-01
7.666084739441865192e-01
7.750884933418700218e-01
7.630553517801628161e-01
7.661106373423643978e-01
7.606609362651978179e-01
7.731443321558982840e-01
7.590382317368983278e-01
7.560753902156112094e-01
7.719407775791874426e-01
7.680932750141131748e-01
7.796794569239898776e-01
7.841840523246446093e-01
7.803420071109101741e-01
7.642626374124567024e-01
7.687144407884295427e-01
7.562599631066049266e-01
7.600642269876897172e-01
7.632186622976597778e-01
7.850747576210833634e-01
7.440836128906302971e-01
7.747307362254689522e-01
7.687065066675654590e-01
7.888038814860267589e-01
7.683477612889232367e-01
7.659063826101839556e-01
7.672059082028442889e-01
7.801251250194786158e-01
7.780338876870888098e-01
7.717552129217810641e-01
7.747021635475834778e-01
7.779887601654504881e-01
7.768359217610275591e-01
7.717439817538929159e-01
7.582781111720570122e-01
7.869879711584123472e-01
7.833810167459662743e-01
7.658537057713226126e-01
7.797871057135878914e-01
7.707170497312415547e-01
7.769167147208583257e-01
7.806967536632121174e-01
7.927174862735741900e-01
7.868710811223057489e-01
7.846428557097990808e-01
7.829406508337379833e-01
7.586761137178003045e-01
7.653252095874759631e-01
7.725537929108248214e-01
7.616257094332762323e-01
7.706492954152539543e-01
7.729036261532314933e-01
7.747469910846900287e-01
7.724277587162933223e-01
7.636023624974794810e-01
7.744538429543338376e-01
7.745863334487619323e-01
7.668428461995023815e-01
7.747378673875185973e-01
7.594127528904428548e-01
7.647449361732935325e-01
7.604714691229368384e-01
7.656205139077630895e-01
7.581459782876736053e-01
7.763444953271581017e-01
7.832901061926269559e-01
7.662122204611925280e-01
7.685605888336285441e-01
7.743662057436041524e-01
7.688427129470664090e-01
7.696058103850601517e-01
7.659605304707973739e-01
7.652105217273459381e-01
7.793522284150160573e-01
7.554387491219021200e-01
7.743821192526380015e-01
7.833682984935289584e-01
7.709609713562399769e-01
7.635258603068738603e-01
7.634491650897732296e-01
7.665663558543642786e-01
7.786305719573444195e-01
7.743228599512373966e-01
7.591406921355404736e-01
7.835040572707844264e-01
7.706920904097260827e-01
7.680616299152193127e-01
7.645837690114022367e-01
7.554991511454055564e-01
7.680863174900330881e-01
7.662284778550859654e-01
7.818858178790685232e-01
7.679050607162540842e-01
7.647687956235528217e-01
7.733011579653704670e-01
7.728845406329042378e-01
7.886384499464295095e-01
7.594416512105419681e-01
7.845175888327888813e-01
7.775969424322918266e-01
7.743583426130909997e-01
7.664797711360642474e-01
7.622700503519191928e-01
7.657789024244081588e-01
7.812878533280663840e-01
7.854243683428067113e-01
7.725320898840332129e-01
7.767535239485574561e-01
7.664049455237311737e-01
7.754662076290631534e-01
7.774648103645735997e-01
7.752658746778812171e-01
7.833286047299458099e-01
7.696595797942743511e-01
7.672404658044420511e-01
7.826153851444347387e-01
7.715378267551171731e-01
7.636516110459140583e-01
7.718092966448603098e-01
7.641580459493420019e-01
7.574307040376813127e-01
7.612831303441820463e-01
7.703688791604994535e-01
7.508886103843471771e-01
7.751027077771820428e-01
7.688718396194422766e-01
7.882940187747614624e-01
7.742640941528309284e-01
7.774849205920388862e-01
7.822983440357562657e-01
7.788126220062012717e-01
7.701458207474896067e-01
7.761939568187786742e-01
7.745855014291975760e-01
7.873905904286554458e-01
7.724078022656934994e-01
7.751316945705132300e-01
7.724199460848872878e-01
7.700657632616192405e-01
7.607378137084186420e-01
7.660722481384591998e-01
7.675479681565103851e-01
7.701583811343221120e-01
7.711489541272087411e-01
7.772780810507944338e-01
7.711898263462103609e-01
7.553710730902145620e-01
7.801104495008681639e-01
7.788818541450299726e-01
7.902000181531028122e-01
7.779456318785060720e-01
7.677886402516377329e-01
7.734531233847655729e-01
7.626766007448505524e-01
7.696565148301371950e-01
7.708897838895166776e-01
7.729517013626953092e-01
7.724733934752661124e-01
7.776291589248891523e-01
7.644689964576638630e-01
7.691289357101774860e-01
7.644950427275359894e-01
7.688939155918227408e-01
7.786482508921115375e-01
7.676450718032581388e-01
7.778486956893485571e-01
7.663133108431953167e-01
7.656943601893264617e-01
7.810138282384526676e-01
7.773441698478408268e-01
7.709732771349366853e-01
7.801789099580798137e-01
7.723226095768691568e-01
7.704879729639382280e-01
7.780117963068545750e-01
7.763842550220468874e-01
7.785402210254099842e-01
7.553921900535621736e-01
7.795471067261459108e-01
7.706108657615230451e-01
7.781126596606754431e-01
7.626203397155058017e-01
7.676400399893938964e-01
7.586514092954833588e-01
7.601953034118204000e-01
7.818692806467045786e-01
7.638457336183940294e-01
7.725218687154595809e-01
7.785934236443577960e-01
7.854128009555566559e-01
7.875318969653281043e-01
7.649787611539504706e-01
7.829087151464489969e-01
7.900379139918788374e-01
7.700643490726116758e-01
7.736358387828700112e-01
7.790077350315509630e-01
7.723533520731148405e-01
7.761107870322514479e-01
7.747041739143428751e-01
7.452940408074764100e-01
7.659870507176391730e-01
7.779780995785147146e-01
7.781641349685912701e-01
7.902454659173753226e-01
7.680234099962978123e-01
7.563296533742610572e-01
7.544745964239252256e-01
7.704007219077697588e-01
7.677938211471875274e-01
7.786511766811033963e-01
7.741812866274035976e-01
7.786995030471784984e-01
7.670872474121817053e-01
7.856555282010536656e-01
7.613411949788503330e-01
7.883318829418056728e-01
7.686045240094685482e-01
7.796160727703411730e-01
7.672774069364923788e-01
7.695156373677866091e-01
7.631878117972747955e-01
7.762970762846965744e-01
7.766397353115922497e-01
7.642890549268228639e-01
7.925282541032739880e-01
7.722503736574453104e-01
7.809352631400515721e-01
7.738220249079795776e-01
7.676287500082823456e-01
7.675301954247388814e-01
7.695745288827425812e-01
7.634159943041324281e-01
7.777502684955226453e-01
7.686123921574192774e-01
7.809982458730073684e-01
7.742043843447338203e-01
7.737595460226273092e-01
7.685492485742668745e-01
7.767950570187349690e-01
7.836618275365694331e-01
7.790856865077286919e-01
7.530398768716581870e-01
7.659057018946624495e-01
7.809003857172135410e-01
7.851036809301800146e-01
7.832338221946636425e-01
7.749000440195994432e-01
7.952914872705283411e-01
7.769016869876294029e-01
7.679259444135010382e-01
7.892226901507346515e-01
7.641618353304761024e-01
7.744660553297235683e-01
7.647470230750669229e-01
7.815140986190580730e-01
7.558262751767107490e-01
7.675996043219119880e-01
7.596158020395328281e-01
7.724513137236790339e-01
7.678953907274259638e-01
7.710008180962880653e-01
7.604108428280678122e-01
7.606531014966345650e-01
7.621517342129362493e-01
7.650455228124400930e-01
7.703391032666129234e-01
7.577555737631764821e-01
7.754654792466256774e-01
7.734493521593784893e-01
7.805247433885226238e-01
7.816399517280859799e-01
7.672752411302080633e-01
7.709452819299966730e-01
7.707946412558172034e-01
7.834976448342173549e-01
7.838091620834172213e-01
7.737678390762303682e-01
7.743473736139959707e-01
7.667386417792366737e-01
7.742303859475040406e-01
7.838034232889894426e-01
7.789166005911595247e-01
7.846337451068036151e-01
7.706670733871530121e-01
7.889380526651942338e-01
7.734012792262360270e-01
7.694305827847873758e-01
7.664671386508959960e-01
7.703104939844201970e-01
7.788536524623195234e-01
7.712484438270045262e-01
7.735613414582133140e-01
7.659732351924389837e-01
7.931329595982125058e-01
7.521505508228384373e-01
7.665685550983555308e-01
7.660074292204004376e-01
7.810602594733542237e-01
7.653665654899914905e-01
7.857821506681802459e-01
7.644353539332120473e-01
7.879928950013666000e-01
7.757738411596176720e-01
7.920410162672806287e-01
7.627743783421038204e-01
7.538242820449291282e-01
7.711016829305620268e-01
7.751182310049357094e-01
7.672192605075777161e-01
7.719070626902907462e-01
7.767471697719937618e-01
7.560358097421271406e-01
7.613846671304002056e-01
7.779855668916920708e-01
7.668823979786764111e-01
7.585846358561001423e-01
7.752730776606336915e-01
7.755415716015040539e-01
7.589214983901368949e-01
7.622162580953352196e-01
7.798403387077640359e-01
7.728393561985130722e-01
7.656742251500153751e-01
7.658757909589501978e-01
7.790977710396860267e-01
7.793381990477924459e-01
7.771888277787540877e-01
7.852729939744195198e-01
7.825647582134253044e-01
7.672331062399928570e-01
7.661440315012538749e-01
7.682732922052605273e-01
7.606522619324477263e-01
7.764413894729286225e-01
7.768287651500302982e-01
7.733563619871469674e-01
7.771950183395296419e-01
7.743017967778274002e-01
7.769047662360674122e-01
7.648271931216716890e-01
7.655131331505172776e-01
7.828124674736760547e-01
7.790425565111458450e-01
7.623640002043842179e-01
7.589970191571656644e-01
7.754742783893168179e-01
7.833061416748413608e-01
7.613917467652511206e-01
7.595683446604712952e-01
7.730043657978937777e-01
7.785208745651069906e-01
7.714751056592764611e-01
7.728624099136024439e-01
7.759795041162227403e-01
7.603214367412675090e-01
7.800278461698684218e-01
7.809807998018885034e-01
7.819070462596630078e-01
7.577754520295474361e-01
7.726301640097190671e-01
7.734836331187631142e-01
7.708580754030017745e-01
7.581255464647780329e-01
7.768864513040799613e-01
7.720668951551029613e-01
7.603759080142870053e-01
7.857427993044128200e-01
7.663343596248132217e-01
7.588125765890511021e-01
7.670192312313801608e-01
7.815563153765348048e-01
7.654341568159754861e-01
7.685688107927129975e-01
7.855117936954375546e-01
7.745489997815809824e-01
7.766285222620132878e-01
7.629436091338147596e-01
7.619077116079846501e-01
7.696934619466890837e-01
7.569837929503409057e-01
7.523328510891844623e-01
7.730568206052450542e-01
7.724088760756401273e-01
7.720798896834606406e-01
7.669907456886163599e-01
7.752471312039342921e-01
7.712422739403821392e-01
7.682530182300051358e-01
7.631392452849374841e-01
7.629039887219899452e-01
7.706401645914144893e-01
7.745404808781721773e-01
7.784433992970519745e-01
7.659086772815418831e-01
7.675456160221272306e-01
7.623122233619342714e-01
7.827900584684995833e-01
7.745112108542845375e-01
7.738038776694192711e-01
7.696322770986924189e-01
7.810547864347056057e-01
7.624815136314925246e-01
7.756625183727314798e-01
7.661796292652485185e-01
7.762015923191387667e-01
7.636701202928972698e-01
7.586041674856156547e-01
7.521902573289327432e-01
7.950242896622512490e-01
8.043730471733887555e-01
7.411515004902596848e-01
7.626552582005078351e-01
7.850150069682335641e-01
7.873085250799802814e-01
7.894153263020645683e-01
7.556139694729926415e-01
7.768152284450868805e-01
7.772292956172748291e-01
7.649542021520653323e-01
7.617758860016614619e-01
7.698244908633036232e-01
7.853380289222343658e-01
7.660483025238686849e-01
7.569049265041557506e-01
7.697888869742681717e-01
7.774695351481551997e-01
7.774347275302648796e-01
7.686666233020685857e-01
7.679657161527665421e-01
7.619230971959451981e-01
7.704307718947380756e-01
7.518596224926048510e-01
7.762185050699553779e-01
7.696370786496002925e-01
7.958011095353141329e-01
7.663818441694376649e-01
7.677866786068581195e-01
7.666492771426995922e-01
7.639064051863427851e-01
7.946849144001577603e-01
7.667730666500789383e-01
7.643581322408767864e-01
7.643640500823092321e-01
7.765215117053586580e-01
7.820944536736796904e-01
7.766200848373812082e-01
7.678292714574246336e-01
7.769486405527062933e-01
7.648896308405487288e-01
7.840394869481179807e-01
7.833946720956520560e-01
7.590968099349554299e-01
7.661122038321060979e-01
7.629128014307976491e-01
7.955192432440894024e-01
7.701541426117296529e-01
7.743377968258837729e-01
7.633514583287898114e-01
7.646075052405282291e-01
7.805580138944523405e-01
7.610252151176520874e-01
7.810547409354327009e-01
7.589028989669840408e-01
7.735521070626403262e-01
7.812375712436517849e-01
7.625809377685436319e-01
7.898125520358901808e-01
7.710558967400596986e-01
7.804436311766322909e-01
7.623179173789366159e-01
7.678919947924085498e-01
7.690600277228736292e-01
7.750816111904393901e-01
7.502647046859596269e-01
7.784308013276521887e-01
7.646979544565316589e-01
7.693641901657682913e-01
7.761655456203733205e-01
7.735436905049215550e-01
7.578767140584907747e-01
7.725963514893300355e-01
7.663148027453621225e-01
7.750707596840651359e-01
7.807588526370711213e-01
7.658580829086810704e-01
7.610487192186674577e-01
7.723225939492381897e-01
7.685182829632435375e-01
7.730370795968041220e-01
7.696690807133108603e-01
7.716093980714615608e-01
7.672653118694151564e-01
7.785013635066391213e-01
7.856561552390031178e-01
7.756075823525792057e-01
7.842928998993524692e-01
7.866213177793964784e-01
7.450742358989970171e-01
7.719165428005136942e-01
7.691358416581760560e-01
7.737473318675495149e-01
7.798730068481952715e-01
7.779017367160890872e-01
7.835798203825704578e-01
7.731719008380835145e-01
7.800143069816568575e-01
7.698165894226015604e-01
7.660756884210491169e-01
7.729004531962287983e-01
7.769761772883824191e-01
7.685900508781908780e-01
7.724021837747552244e-01
7.830581480414928741e-01
7.715832521394908605e-01
7.732560231841413279e-01
7.868296243046352112e-01
7.633499246819370754e-01
7.767443932842755805e-01
7.677439524074723964e-01
7.783604743893909328e-01
7.821260512117776953e-01
7.709075644241911718e-01
7.614652781631535694e-01
7.748356890080636550e-01
7.715252541105550588e-01
7.800216771313591702e-01
7.843933650808928570e-01
7.640031869869549075e-01
7.711723919910062897e-01
7.706604485059240783e-01
7.630231055731957479e-01
7.791939362276887326e-01
7.570683403896032448e-01
7.872699028003918853e-01
7.644246568757586680e-01
7.790883551654900208e-01
7.759268151186787810e-01
7.711337129153109649e-01
7.769930038998313915e-01
7.874794579497650382e-01
7.687474380666108331e-01
7.766652539961287349e-01
7.702899781904106735e-01
7.869393617938783558e-01
7.726304884099339798e-01
7.679186444398522493e-01
7.887095345368791977e-01
7.798646261005929281e-01
7.645520422734287669e-01
7.918944176870896801e-01
7.736096325844872279e-01
7.606811112535374342e-01
7.699523584651619679e-01
7.691214498939308308e-01
7.772838414248289807e-01
7.827157076699937654e-01
7.809052294022834628e-01
7.699336159928940049e-01
7.824378118715110686e-01
7.798741378348891251e-01
7.711767557794322325e-01
7.568162054732620048e-01
7.610586363737832372e-01
7.766343855355940518e-01
7.837547589556839167e-01
7.746891132133397750e-01
7.746095394629649578e-01
7.679657666146318951e-01
7.827008275592726161e-01
7.618780805489914210e-01
7.635684542144685061e-01
7.678072067526479083e-01
7.780612192137053018e-01
7.895566754954242983e-01
7.636456433537276434e-01
7.718724404731899247e-01
7.620224811328624170e-01
7.730213407518884416e-01
7.751472416870870408e-01
7.645979846428709870e-01
7.711186827274948419e-01
7.815571239608242182e-01
7.729089344981100451e-01
7.703412017007968959e-01
7.532752483451944370e-01
7.539301054991974782e-01
7.687879411782176931e-01
7.893291100481246714e-01
7.769292898748140219e-01
7.761156285303665303e-01
7.699152673576709072e-01
7.683877353607451166e-01
7.687106743975931078e-01
7.699443149829786615e-01
7.759360804462499539e-01
7.555826373040293031e-01
7.678584948393337717e-01
7.795653569420946116e-01
7.785201504917806936e-01
7.847134301538984946e-01
7.623853214712994486e-01
7.857352853486198052e-01
7.695627990105025074e-01
7.787339638426178379e-01
7.728607080788398864e-01
7.749873492305827671e-01
7.775848208676668927e-01
7.927154315392700434e-01
7.791555820587021675e-01
7.725889131602553528e-01
7.687069267246484650e-01
7.667397859880683564e-01
7.662152077162310837e-01
7.542899681214820795e-01
7.688952265409656484e-01
7.648434590866102223e-01
7.802227458999472232e-01
7.614025884053639004e-01
7.612437889955432357e-01
7.734631781340163270e-01
7.599216334883255319e-01
7.621243763481876377e-01
7.562995957132953029e-01
7.780095690094160910e-01
7.605555738925129372e-01
7.769899571921072834e-01
7.744678712709960333e-01
7.710020105234461907e-01
7.671027909388477006e-01
7.879002588804330243e-01
7.810354722036410013e-01
7.806318299528731686e-01
7.816873134035705606e-01
7.512266877709964374e-01
7.829940932485001115e-01
7.735851128563574486e-01
7.587607150074557882e-01
7.717636036547360634e-01
7.544689605176406744e-01
7.707406124574223139e-01
7.755640681162009331e-01
7.736257955145714460e-01
7.618425823478371939e-01
7.639783408732688796e-01
7.759464254001890993e-01
7.788128613360476571e-01
7.642502177462723312e-01
7.830920396187993626e-01
7.899552305266986929e-01
7.740606991412080085e-01
7.831813582819590058e-01
7.511107017889947501e-01
7.742447676566903692e-01
7.933255453255476652e-01
7.660450657504259686e-01
7.771048658163535183e-01
7.854673256003675830e-01
7.679711332472326513e-01
7.725133019360161946e-01
7.726904944946199061e-01
7.681064537627012578e-01
7.675473712828971840e-01
7.831498491086194003e-01
7.783558028261026163e-01
7.822255713471043537e-01
7.664133377150467163e-01
7.846441341691539062e-01
7.752531893190501844e-01
7.744683053238526904e-01
7.707891102803701155e-01
7.783833845376401106e-01
7.728855537528840358e-01
7.705553168126242358e-01
7.614971433474656548e-01
7.646746826617648596e-01
7.803883929872691416e-01
7.755863982858302030e-01
7.763637215836740602e-01
7.815007023366586925e-01
7.726164322776023496e-01
7.875893248211767173e-01
7.693276742694420411e-01
7.682303541433052052e-01
7.796986267473411392e-01
7.777207242864925263e-01
7.639210295941193385e-01
7.726860353813799209e-01
7.849589141074878595e-01
7.814165322278575632e-01
7.619239960813249946e-01
7.809267075007666481e-01
7.501117170409915547e-01
7.587511495244931847e-01
7.634701293036861847e-01
7.820546495714052471e-01
7.727524416875319879e-01
7.736232444671021780e-01
7.710055838725478061e-01
7.720223037586647630e-01
7.865919494298743153e-01
7.751328783911515252e-01
7.555538472454946808e-01
7.742580211524977551e-01
7.882815175507184025e-01
7.790272234468038626e-01
7.794598678248307877e-01
7.659766572838274667e-01
7.856271321043980516e-01
7.682754222013941092e-01
7.786500145278917318e-01
7.730476114333573179e-01
7.822575581871207273e-01
7.527133127569933801e-01
7.815487294237518645e-01
7.841166617111816617e-01
7.698587402839524030e-01
7.808558353758100479e-01
7.730586276640946108e-01
7.807862906313256524e-01
7.729519564873545967e-01
7.544838665256132781e-01
7.681198325037127406e-01
7.651636455944520465e-01
7.708611469861679222e-01
7.743038194671273411e-01
7.670674858181449896e-01
7.770812372309674476e-01
7.736140359670653499e-01
7.742275764321963072e-01
7.774068018519314505e-01
7.654273153772103155e-01
7.632923819514706443e-01
7.706438724489449443e-01
7.822101633922123876e-01
7.591308680846332591e-01
7.594877599226018683e-01
7.874370541708628490e-01
7.666533387182297155e-01
7.826809383814600229e-01
7.978743661552875066e-01
7.619105168729779498e-01
7.611696377683870862e-01
7.766061587667174582e-01
7.655527474715246861e-01
7.655589534484827929e-01
7.553276236511330399e-01
7.680187621913925344e-01
7.679385139479132372e-01
7.709912256907481831e-01
7.704525509086860291e-01
7.655935332771703905e-01
7.585079660065674467e-01
7.739876491669730463e-01
7.700804368833761293e-01
7.692957064139060996e-01
7.909524663638008990e-01
7.673675718603027995e-01
7.718084073486316532e-01
7.662793778211601792e-01
7.767435174786545549e-01
7.844099780935032129e-01
7.684045975081902347e-01
7.652625761537541482e-01
7.682792335302763842e-01
7.787888571060770371e-01
7.661969592225928993e-01
7.764968554291126202e-01
7.731064383470834800e-01
7.757425418511229021e-01
7.889139556557365207e-01
7.807926797787726469e-01
7.661481959647978845e-01
7.704697301978943313e-01
7.755578689752944399e-01
7.714896012567191708e-01
7.674246955415707783e-01
7.590457475572489621e-01
7.822596904516662120e-01
7.839480534651899202e-01
7.694417754164095680e-01
7.752205232272993962e-01
7.606450716767013676e-01
7.737175616738617423e-01
7.633073382696762277e-01
7.717197184807864652e-01
7.633427755034752904e-01
7.814690745317043330e-01
7.751473032505157290e-01
7.742969606716180175e-01
7.776092846065053577e-01
7.824079792073446171e-01
7.816715974039402104e-01
7.728771553066181577e-01
7.723402283785376632e-01
7.653443695852171214e-01
7.820194996909451968e-01
7.626752015509028482e-01
7.822253085274196716e-01
7.702020347655662569e-01
7.654716455567006639e-01
7.793194586411943403e-01
7.629005598736835481e-01
7.991032819822356803e-01
7.598933131512404238e-01
7.572751359591640696e-01
7.769219124358894835e-01
7.686255053815093108e-01
7.790057835384492924e-01
7.755811925718556488e-01
7.694315054393676689e-01
7.950059294301773383e-01
7.749753744133456301e-01
7.753512467416475706e-01
7.575335037393196025e-01
7.769412712222992790e-01
7.767962713108924611e-01
7.677301121828029595e-01
7.724941541857668348e-01
7.751196404819362673e-01
7.780921357659240645e-01
7.701107832469747949e-01
7.826249476404666394e-01
7.638824554180437820e-01
7.749080492442835810e-01
7.638437684043455356e-01
7.697475494631990101e-01
7.820808106702671347e-01
7.712624783823914809e-01
7.652805711662215016e-01
7.796242216492192956e-01
7.778010683319973584e-01
7.763171668300162809e-01
7.776243717439638159e-01
7.723102697592446608e-01
7.561638396855254740e-01
7.829222025706077392e-01
7.885679861987167083e-01
7.763692451249869508e-01
7.674641008186473545e-01
7.825285107606633206e-01
7.933173644420159487e-01
7.901123421950440040e-01
7.820709655118583958e-01
7.896268356330793381e-01
7.601694197289629029e-01
7.668717679332551773e-01
7.604585973629253148e-01
7.741784281943593360e-01
7.639659233140408956e-01
7.744009247319999512e-01
7.804989530883353899e-01
7.675637119925510232e-01
7.705840997431303574e-01
7.617257579290173108e-01
7.700337058557569225e-01
7.697432256430014608e-01
7.724010596348810376e-01
7.725562446887368484e-01
7.641373373572513117e-01
7.636481818295215440e-01
7.758615614743081812e-01
7.674782676630450551e-01
7.558354780463293343e-01
7.775351291234686713e-01
7.849119541617023410e-01
7.574543383556484599e-01
7.668792795137774343e-01
7.662373357303359223e-01
7.682560932717733548e-01
7.591893011331354302e-01
7.766606185870066348e-01
7.662703778582971026e-01
7.670686585692572113e-01
7.745372919681122736e-01
7.696010986410616317e-01
7.795856163282363083e-01
7.766971698143719793e-01
7.763282072889358121e-01
7.774959749471059833e-01
7.787523816126870058e-01
7.798163909351684131e-01
7.609531920091366919e-01
7.576383790436261867e-01
7.810437333722858311e-01
7.943768981682941543e-01
7.768819225377371351e-01
7.740562872624093815e-01
7.571409185784686580e-01
7.644558826938194773e-01
7.815411481808433036e-01
7.649459626586115890e-01
7.773604603799517676e-01
7.636667422326638421e-01
7.806071843251873865e-01
7.759133465188512435e-01
7.614617119184552418e-01
7.495856277399223222e-01
7.705778304850077198e-01
7.901229147964002886e-01
7.730819487464183348e-01
7.731245666734712918e-01
7.602588888886924190e-01
7.561664046456100241e-01
7.628688115272512782e-01
7.823349355435184060e-01
7.843193052539513266e-01
7.751398580005612882e-01
7.744246738065809765e-01
7.809420603051899779e-01
7.813621007431785781e-01
7.729232675709839517e-01
7.763636350414580001e-01
7.669834774169161928e-01
7.766041151642500973e-01
7.796613367957134777e-01
7.570770180867884003e-01
7.699473676651112930e-01
7.951887229877208085e-01
7.783158934913594340e-01
7.826054335320459243e-01
7.675614139001176728e-01
7.628943162738537342e-01
7.676056707266633028e-01
7.737910139813820587e-01
7.697173711794670359e-01
7.682309223222170136e-01
7.750025338292020338e-01
7.603693092528195363e-01
7.615888154773304830e-01
7.854074673495873293e-01
7.730213629895207328e-01
7.640764402426335478e-01
7.811741932506759412e-01
7.753734921008638148e-01
7.651575697076440363e-01
7.594999891325460162e-01
7.751643103317161776e-01
7.788887482331722234e-01
7.687284575241948303e-01
7.757667771523758526e-01
7.851664507481586064e-01
7.613301922442418102e-01
7.570801819146832923e-01
7.761051576088395798e-01
7.469767658432566737e-01
7.567845573484255350e-01
7.495733089429000851e-01
7.732032779533132283e-01
7.704085099457481656e-01
7.590719056498382855e-01
7.579670147474905084e-01
7.609531163729843506e-01
7.683624476173270823e-01
7.778618114534734396e-01
7.665517366833357604e-01
7.847334978516775639e-01
7.714607249177580783e-01
7.728611277821698655e-01
7.761303121451718079e-01
7.582853635756855448e-01
7.534037088736905696e-01
7.768112845846328884e-01
7.795743879740826277e-01
7.719324745990232550e-01
7.531620380422781036e-01
7.718645048581731505e-01
7.806601195268255688e-01
7.734439203387926121e-01
7.746992333726123725e-01
7.660445779486075857e-01
7.637919949667888453e-01
7.792496280342483539e-01
7.789868294610193811e-01
7.649924993837484699e-01
7.695313477265348645e-01
7.795112271719433217e-01
7.741339196646169762e-01
7.508861402432437382e-01
7.668862209297904187e-01
7.737766948356828989e-01
7.767950219889020458e-01
7.507945735914448582e-01
7.683903773612841270e-01
7.525878981847180516e-01
7.657846444850895384e-01
7.807922513712071133e-01
7.611420520787387511e-01
7.699105322975835497e-01
7.729110639684337869e-01
7.681252487855312339e-01
7.793451344413118154e-01
7.751940452473531362e-01
7.900867363210024585e-01
7.692211978423280083e-01
7.698224750511091230e-01
7.673549079356570823e-01
7.684538710091158853e-01
7.537685568235508171e-01
7.598189279283026343e-01
7.721485254681254018e-01
7.637586134485579992e-01
7.638324808853607095e-01
7.781330532240079423e-01
7.788173806741764960e-01
7.900771388744198820e-01
7.557169511352441749e-01
7.775369498055553219e-01
7.610950537882434919e-01
7.810912871211997954e-01
7.785504710892254820e-01
7.613609579143597594e-01
7.698076187081208666e-01
7.717050928470797766e-01
7.582970151435328710e-01
7.681482834740832599e-01
7.724335871186245317e-01
7.668255025418163617e-01
7.960381022453828503e-01
7.926321623954662998e-01
7.762562883587256213e-01
7.695491588165879193e-01
7.791615113126849623e-01
7.642869043520084116e-01
7.710693805550647983e-01
7.641952182856968090e-01
7.606839224576960046e-01
7.720928336577072004e-01
7.738587514973078729e-01
7.846388916793254342e-01
7.617025359121337713e-01
7.615084800461361381e-01
7.615492351668355919e-01
7.781140852801153862e-01
7.781599307148283629e-01
7.787910619605743490e-01
7.507377053722564808e-01
7.736100914494967729e-01
7.717185910467794230e-01
7.779501390799117289e-01
7.783770779549276098e-01
7.738957609574065311e-01
7.698819164191672559e-01
7.674521356641046399e-01
7.749652520265082334e-01
7.747972471709417830e-01
7.630725886255212975e-01
7.724045744316162532e-01
7.810832378312712043e-01
7.626063364055918337e-01
7.600223722313809160e-01
7.651123122316635383e-01
7.845239533396558551e-01
7.695180716247590480e-01
7.791096333031152232e-01
7.839174042415925081e-01
7.771768640896884461e-01
7.765801142148550662e-01
7.693859879696163251e-01
7.766773528352183265e-01
7.645931361381088642e-01
7.707291629666511712e-01
7.786799949437669399e-01
7.716946207344134168e-01
7.702172162773555097e-01
7.856010971521226738e-01
7.637721457781962986e-01
7.736873594593970394e-01
7.758779480676796236e-01
7.678182253373521116e-01
7.811589568849193199e-01
7.629909988601708548e-01
7.729520266430643938e-01
7.611940890174816454e-01
7.619030841549643274e-01
7.802723044632492444e-01
7.618064020874036890e-01
7.689521606301256140e-01
7.651264439937851547e-01
7.683139633214587372e-01
7.829239341442285616e-01
7.611384506209176726e-01
7.638364796936876200e-01
7.907178114588130358e-01
7.695227517045906129e-01
7.658069639806822648e-01
7.847971534857504095e-01
7.628642412261967820e-01
7.845291452025093815e-01
7.777175009317809362e-01
7.515684679856757811e-01
7.775042032741231735e-01
7.773380429082347165e-01
7.792585425580329517e-01
7.661233547712458236e-01
7.782185796421037249e-01
7.685628863039805081e-01
7.849459747282216959e-01
7.697454907048527639e-01
7.788298483493945046e-01
7.686204691841452830e-01
7.507410885104892628e-01
7.852242966898516086e-01
7.818925096022718568e-01
7.622830226444702317e-01
7.689665521146890059e-01
7.796793102828550870e-01
7.664560980973103010e-01
7.812255287597987818e-01
7.718525249611717376e-01
7.816195668880799863e-01
7.660909115985777840e-01
7.886929131933833048e-01
7.807507335036095730e-01
7.514838622315097583e-01
7.701037599601017192e-01
7.776943471377703032e-01
7.645190457375606874e-01
7.677520388979891530e-01
7.808345290657938698e-01
7.838635990013924637e-01
7.790818697555216277e-01
7.641830574252295172e-01
7.880778391631428903e-01
7.742597433152955677e-01
7.700001740062037969e-01
7.624822484846132120e-01
7.686342027633031870e-01
7.781425216608905959e-01
7.595381825844196300e-01
7.839079858356510222e-01
7.631062556902441507e-01
7.640190161977086225e-01
7.766900692514056015e-01
7.837343438061866729e-01
7.769901481797485410e-01
7.822977378631071899e-01
7.738412182517030447e-01
7.786847223350553682e-01
7.489372424429902031e-01
7.624557554047014518e-01
7.737396400052537482e-01
7.651486794379640521e-01
7.751059141901539551e-01
7.777404299704279156e-01
7.641193280986792180e-01
7.756482684401535543e-01
7.781037512564591418e-01
7.756374805419563589e-01
7.782194166879743413e-01
7.751141692145336881e-01
7.678632428470166804e-01
7.622952907262741107e-01
7.616852783056815568e-01
7.652690869137347418e-01
7.710168023085646194e-01
7.653539183768235388e-01
7.665432409660531965e-01
7.706732156333702122e-01
7.753074545705888054e-01
7.639535952208983405e-01
7.709981459471709764e-01
7.603291814467489917e-01
7.701783900148414519e-01
7.656222379241856002e-01
7.597318352330814095e-01
7.663127248809127323e-01
7.847988566139800781e-01
7.784541521231715944e-01
7.835749553729360883e-01
7.755041613075758233e-01
7.726736574787319567e-01
7.736772375195999363e-01
7.754936271625715305e-01
7.743567746174340183e-01
7.680191250443384465e-01
7.721233051245617318e-01
7.703150799441378371e-01
7.656717758627336057e-01
7.730758828586740128e-01
7.677822604896854530e-01
7.796386194286994975e-01
7.857834271426472617e-01
7.903900579761944378e-01
7.813515084447165693e-01
7.647739654645466789e-01
7.852760762279459295e-01
7.866799674290581024e-01
7.781164747481761346e-01
7.668766537926753335e-01
7.539997603633897816e-01
7.845289752144909423e-01
7.633882908053133409e-01
7.749264556231891810e-01
7.789184319362759679e-01
7.690354533921512914e-01
7.671227272191125657e-01
7.702328743743536155e-01
7.697306248079777147e-01
7.742003046968455315e-01
7.833602970236637209e-01
7.779531942407993395e-01
7.846743711143097100e-01
7.732650134438763256e-01
7.736652696760176751e-01
7.841079823030486784e-01
7.606178950676210082e-01
7.667939032827026935e-01
7.685849351483294845e-01
7.593288829448650024e-01
7.801511983545024176e-01
7.612070569905733386e-01
7.802350498078514107e-01
7.769275135631997786e-01
7.710133251338868732e-01
7.725282099913346467e-01
7.771894392563024612e-01
7.805127302408222389e-01
7.757268449522300990e-01
7.792447983976383830e-01
7.626212610305413975e-01
7.679598933699267604e-01
7.683349572481701362e-01
7.689126715277815327e-01
7.848795028312733901e-01
7.679429301856521839e-01
7.922450670376475212e-01
7.623202082735561769e-01
7.608932342542685801e-01
7.609902687319886061e-01
7.738620154128361683e-01
7.630172526262186672e-01
7.633629188226961348e-01
7.646505045457013816e-01
7.774341897203193019e-01
7.681878423656521848e-01
7.683549276602323896e-01
7.490666667833303372e-01
7.792095650634056625e-01
7.779062418701293558e-01
7.921492563370786666e-01
7.733890248920979316e-01
7.490655229141285343e-01
7.812424323797192427e-01
7.670919784609632197e-01
7.773962982081288331e-01
7.801932857622244644e-01
7.695797245573698930e-01
7.599402584115920734e-01
7.872133582948358521e-01
7.695801145370917418e-01
7.686834610001584966e-01
7.845241187948825967e-01
7.558831653972322151e-01
7.826135446550084307e-01
7.756412403351879981e-01
7.811313454692675462e-01
7.699530014757417495e-01
7.660492650890275979e-01
7.667243660199843935e-01
7.608507395807948548e-01
7.687791178093973388e-01
7.655056801587476478e-01
7.710630028695273364e-01
7.696734459366288972e-01
7.714899389235250204e-01
7.806565672452584481e-01
7.764682380555788521e-01
7.654636397199853226e-01
7.772745193531572783e-01
7.784562776454881927e-01
7.807710876576303693e-01
7.800476113717980109e-01
7.770104652996568939e-01
7.733329355308564690e-01
7.740362766770824132e-01
7.843140799761717519e-01
7.727580804798379610e-01
7.686415278868066192e-01
7.877500069143883454e-01
7.832353183427593901e-01
7.698119039679752751e-01
7.654798244135115892e-01
7.666609411474176738e-01
7.658384283144852311e-01
7.782289575448114727e-01
7.645594631536025698e-01
7.718901038225906008e-01
7.749339397512754468e-01
7.841557685252010801e-01
7.878919469156706601e-01
7.587793948767708185e-01
7.640278041968161515e-01
7.517855570808603671e-01
7.756108601855086215e-01
7.859185368158122520e-01
7.725267729589457844e-01
7.840297389215707957e-01
7.733093305255985817e-01
7.606590346782530210e-01
7.734128609914778796e-01
7.697510720680597052e-01
7.737857849410508804e-01
7.822692686995283973e-01
7.766216896188968821e-01
7.771102918018277794e-01
7.737708732122672295e-01
7.611833111316568257e-01
7.767006474016852069e-01
7.896291987972665627e-01
7.738270519777080692e-01
7.577166452355736936e-01
7.735941875484886321e-01
7.600400352417345795e-01
7.685306966635070403e-01
7.677042695547372508e-01
7.577139256156656399e-01
7.725355351057275888e-01
7.803030761131550808e-01
7.626515563812897858e-01
7.570810835829757668e-01
7.763956474206967773e-01
7.817250794894764487e-01
7.755091220852881051e-01
7.711074851572062849e-01
7.742185010143788348e-01
7.756511879948789767e-01
7.761238858535737251e-01
7.838358297507452832e-01
7.747538583306811111e-01
7.682459273935584587e-01
7.553850104138593036e-01
7.826048282153112989e-01
7.644783676261082128e-01
7.692259648427345331e-01
7.783520633272554834e-01
7.579834798770980209e-01
7.855560877306081435e-01
7.631893143148184011e-01
7.754911788294975850e-01
7.844780419004071526e-01
7.794416766945062580e-01
7.681021946584293270e-01
7.800970456063502922e-01
7.903938107147735481e-01
7.921289471791852499e-01
7.904745503926535743e-01
7.789774014767643084e-01
7.792774103717774459e-01
7.665670141670298809e-01
7.754274097255094977e-01
7.795650436603681621e-01
7.777012599239178092e-01
7.748146835166088708e-01
7.895952657163980426e-01
7.584080397625120318e-01
7.738868954764848151e-01
7.733946378659151133e-01
7.958839668011781221e-01
7.805136242366120802e-01
7.684353888843300506e-01
7.728135257173909256e-01
7.687448253926281172e-01
7.835784007783470617e-01
7.736852672166918410e-01
7.626364705933819099e-01
7.871348039567612753e-01
7.832591430676016930e-01
7.622208795667424486e-01
7.640746194754822751e-01
7.702089921835231223e-01
7.835303661240176076e-01
7.640480941799003833e-01
7.763898159820150635e-01
7.689402306744763660e-01
7.693261812758036555e-01
7.677924896585057724e-01
7.566236980162505121e-01
7.759243678848105619e-01
7.749635094788847045e-01
7.655119734543920362e-01
7.699194587459647909e-01
7.617054846211934738e-01
7.775889205703339080e-01
7.842451309191875719e-01
7.740937921227520890e-01
7.677979787351584262e-01
7.759589861888905871e-01
7.814853930572304153e-01
7.802520331678541865e-01
7.662391311903182789e-01
7.724532884807209232e-01
7.699548366497849239e-01
7.699269223288858210e-01
7.677223353240953951e-01
7.735081603391776861e-01
7.756122604382005292e-01
7.691689959160572521e-01
7.788726721551723076e-01
7.825550213732331839e-01
7.727888529724977751e-01
7.763993413986201020e-01
7.590166749826475767e-01
7.662568216357493744e-01
7.908753215223713884e-01
7.789240439208622302e-01
7.662219067103910319e-01
7.808433851452243335e-01
7.643055423459428344e-01
7.791184549241193524e-01
7.766955075840773493e-01
7.766184496953053573e-01
7.823488479709768129e-01
7.755774622050004563e-01
7.556131529583530737e-01
7.816040518722480179e-01
7.693213520667189220e-01
7.648995542168102180e-01
7.676699062213986346e-01
7.901053561106741174e-01
7.745514485670788041e-01
7.774267218684726144e-01
7.614698512684110465e-01
7.736649027288370339e-01
7.653778297201481173e-01
7.739844505300482735e-01
7.605630849824251971e-01
7.799595372170566865e-01
7.787701962893742724e-01
7.756552132900688123e-01
7.709624352509134582e-01
7.821528147553397092e-01
7.828049363053563026e-01
7.777116501411094340e-01
7.678646638811710279e-01
7.688547791564700473e-01
7.921120279188927915e-01
7.703260094031678662e-01
7.902282774086164530e-01
7.794435550925998824e-01
7.795783873691369825e-01
7.637865671224713937e-01
7.930679814018668505e-01
7.777157371000720243e-01
7.723778487041980112e-01
7.677274373876571412e-01
7.836970926868449538e-01
7.729749910638377131e-01
7.687528456588594850e-01
7.797904487309712529e-01
7.758849307024990871e-01
7.934310681435832180e-01
7.704607452988162519e-01
7.927294146331793634e-01
7.825478992455775495e-01
7.785977954273223256e-01
7.728735676519620235e-01
7.729337873629786859e-01
7.585917150122759578e-01
7.812912147017671005e-01
7.624959525091743462e-01
7.634642255680696987e-01
7.635745615084876814e-01
7.722980061876778546e-01
7.626042127721367470e-01
7.664190615651202965e-01
7.895964816736557035e-01
7.736497112211166982e-01
7.914611282129540015e-01
7.507495115364017924e-01
7.659574422659559678e-01
7.770479863544400567e-01
7.659691082538934159e-01
7.733867865914012540e-01
7.708304364236411299e-01
7.665914744796932245e-01
7.768611828361882132e-01
7.870513996112988853e-01
7.696202864326527893e-01
7.514796535127105104e-01
7.856502738948710762e-01
7.592775865649901146e-01
7.725381966460935779e-01
7.800226079524920086e-01
7.678441005403537911e-01
7.643451590984712274e-01
7.807411323097707134e-01
7.730944821112614163e-01
7.728034356187430953e-01
7.782193139469459897e-01
7.734526447196309329e-01
7.779042349706235537e-01
7.695568207302427854e-01
7.734090078768963705e-01
7.667422135623214174e-01
7.957308928787198976e-01
7.703201670119402822e-01
7.704508996630845541e-01
7.698222065449317197e-01
7.652594072365991318e-01
7.736807963807554867e-01
7.625767455165126663e-01
7.641962709191155723e-01
7.671986442816747243e-01
7.652953748734839801e-01
7.768403431924855163e-01
7.704145581471680826e-01
7.614298974263487008e-01
7.703198495835337223e-01
7.791323743089670906e-01
7.759704937579929851e-01
7.525763992268866831e-01
7.649120853234764317e-01
7.861742513979717017e-01
7.577435741275619918e-01
7.811361519510642282e-01
7.751494872742484832e-01
7.656197122989157888e-01
7.809198889241515396e-01
7.806358557305304036e-01
7.877879626288768478e-01
7.775395358154880698e-01
7.731351872922525015e-01
7.678054124608585385e-01
7.595427285891791502e-01
7.698821752824890341e-01
7.670746793043407008e-01
7.813238201710805964e-01
7.795215900614088644e-01
7.659858508767876106e-01
7.686554545671292482e-01
7.720283737898380183e-01
7.668376289271313651e-01
7.841247199382271882e-01
7.642400194292948701e-01
7.596659908274445705e-01
7.608751601593239933e-01
7.558314058197714846e-01
7.565527096314618172e-01
7.767439494247997400e-01
7.672362089317882328e-01
7.609111905045027324e-01
7.727266428651347052e-01
7.685368276410544652e-01
7.677778909890112802e-01
7.833174952816830405e-01
7.788295042029195203e-01
7.755802674533599506e-01
7.744477042213258056e-01
7.843544900064381986e-01
7.870406663676101644e-01
7.778473994825821913e-01
7.699557179367747528e-01
7.616732353426111102e-01
7.575309426712391048e-01
7.625212217410609616e-01
7.960257637084837690e-01
7.796887171036336328e-01
7.680120068536102629e-01
7.665116459678871230e-01
7.710074502262881380e-01
7.754643425392709899e-01
7.777428506761024929e-01
7.661974304646296252e-01
7.726522008447179735e-01
7.786775639415213224e-01
7.716495300820064296e-01
7.874475329476996466e-01
7.774467724179817685e-01
7.579771724813818556e-01
7.506897891163655245e-01
7.592508913374720336e-01
7.742212199532205741e-01
7.806194957668872725e-01
7.624024701000563509e-01
7.722064586813125464e-01
7.671205803620266828e-01
7.658204788925148110e-01
7.762056889825103001e-01
7.651268951576526423e-01
7.807262222529948170e-01
7.875841680388797617e-01
7.624623684935860624e-01
7.682305044356505519e-01
7.749866555249502742e-01
7.741746683419066244e-01
7.693346223413276563e-01
7.695464121083832598e-01
7.641175259212056314e-01
7.464838926866974589e-01
7.710158199446935923e-01
7.911687780663717584e-01
7.815877940994789830e-01
7.876103668218231713e-01
7.767869764669470545e-01
7.816802420519088912e-01
7.794430103228751072e-01
7.544078953530548581e-01
7.698483281747170448e-01
7.574361094683126350e-01
7.849961795501495532e-01
7.831964177366793622e-01
7.738801637046940352e-01
7.700799242122436938e-01
7.594675462245100706e-01
7.670240185204970640e-01
7.693960692152801428e-01
7.557431532428162679e-01
7.868126250893593410e-01
7.824684501353416088e-01
7.743291552472810757e-01
7.844133083657338634e-01
7.672041717563672369e-01
7.763277208115916261e-01
7.681856526116169759e-01
7.706568024733775335e-01
7.801796481986463805e-01
7.633589357686868526e-01
7.812939679502343138e-01
7.720616288333549404e-01
7.829008379187125666e-01
7.732059032873969118e-01
7.632550037409083776e-01
7.898281707374606997e-01
7.563348910005512904e-01
7.689924836174010236e-01
7.592266918574630541e-01
7.771525380259206583e-01
7.737974015776689640e-01
7.735654274986651924e-01
7.501379332681145096e-01
7.839275722570668847e-01
7.749044072233308711e-01
7.850698005620789788e-01
7.791450030817743677e-01
7.776252838014807711e-01
7.659855208380471625e-01
7.842222017243086762e-01
7.636851263577326687e-01
7.736851640091354509e-01
7.842760545156485241e-01
7.816486184943983728e-01
7.688769854281045646e-01
7.792063577370578198e-01
7.754622516521658682e-01
7.703883990707047769e-01
7.665545271079390321e-01
7.760324711477606385e-01
7.634360652092984090e-01
7.705015725469364085e-01
7.835944520408968383e-01
7.805618698499756647e-01
7.731464520807952434e-01
7.744114635495212839e-01
7.735612721207313358e-01
7.550898204015144000e-01
7.769366250155905762e-01
7.822404006300650581e-01
7.776943059565514238e-01
7.737633501242584533e-01
7.634759840303307898e-01
7.809553952994846560e-01
7.673001748903129915e-01
7.607930716548414463e-01
7.814271881985186408e-01
7.683044233942493140e-01
7.621474114971057423e-01
7.605174583067730865e-01
7.778130313359522541e-01
7.723902415364596319e-01
7.755258829465422332e-01
7.812726391790805192e-01
7.748209937287736659e-01
7.698148536110219764e-01
7.665270893406037622e-01
7.750619108706759963e-01
7.846939665762958649e-01
7.730505909007788778e-01
7.648218283654282246e-01
7.761142519401079687e-01
7.880970021368322032e-01
7.713061459631908034e-01
7.899380842207286424e-01
7.602031427044296796e-01
7.629307402959326634e-01
7.798560928719906471e-01
7.675982500943594466e-01
7.741387474323319084e-01
7.657405406952371152e-01
7.681084695357716097e-01
7.955260942698354487e-01
7.629892639583900626e-01
7.757494860957580007e-01
7.801876416378760171e-01
7.699900872874667623e-01
7.603932810162936651e-01
7.814062998697081097e-01
7.681079603381975041e-01
7.777635924251055100e-01
7.590040501090765668e-01
7.936456196893821868e-01
7.757469662644735919e-01
7.695255224596467825e-01
7.583382966924216984e-01
7.623193930648554106e-01
7.715509811430841802e-01
7.807775124584368509e-01
7.594097735415674677e-01
7.696081037133951641e-01
7.533188302016115001e-01
7.802948830059270868e-01
7.820607542672413093e-01
7.771556982992482432e-01
7.743509699637529664e-01
7.681265222426016948e-01
7.764465855769929759e-01
7.808108462821928830e-01
7.858364540947528898e-01
7.934109445166818153e-01
7.732210001959199941e-01
7.846495100798660527e-01
7.628816282769435020e-01
7.610315698040732713e-01
7.621226960587658139e-01
7.497130899116504210e-01
7.680218168269711265e-01
7.747760120640238002e-01
7.813147578471110188e-01
7.696559072530974044e-01
7.645182039932121310e-01
7.751401000623808768e-01
7.708757834179245094e-01
7.859780822293390701e-01
7.733215772712954683e-01
7.535769642958199954e-01
7.678769634293411972e-01
7.769607193290446467e-01
7.855886799173438240e-01
7.632404882909155086e-01
7.652114681381978478e-01
7.888337447842056482e-01
7.726875254924876479e-01
7.765948396209005899e-01
7.616058734510406936e-01
7.514451417765608543e-01
7.726121634750365841e-01
7.763412042149874237e-01
7.622649228545785860e-01
7.638097458939778761e-01
7.730735432701467680e-01
7.759943052085374049e-01
7.889667532205386635e-01
7.619773390666848556e-01
7.647718259288157627e-01
7.896605590598100299e-01
7.740071562905744829e-01
7.769364526707682739e-01
7.674540455599002664e-01
7.757973454758680942e-01
7.807530156457590520e-01
7.691383576814423417e-01
7.722370975094627887e-01
7.677913652100121222e-01
7.704801236292250222e-01
7.713565726904209052e-01
7.617358167498701205e-01
7.568261025158268263e-01
7.698900498177950746e-01
7.710999461418555079e-01
7.640007013270431191e-01
7.896232878486585394e-01
7.704414341510062991e-01
7.691072092175670338e-01
7.842689372253878188e-01
7.826172386207860265e-01
7.889747018629091890e-01
7.812874059505471314e-01
7.789434836503081883e-01
7.741275263764646475e-01
7.763390979337948528e-01
7.666645235426261529e-01
7.649214724101645047e-01
7.467701489094781264e-01
7.825621300239765654e-01
7.670120906418795848e-01
7.710568897415882583e-01
7.755339362474200637e-01
7.773594888799513214e-01
7.502509773344199218e-01
7.666020132098879669e-01
7.810153600920499706e-01
7.732881416077854730e-01
7.497581699792073007e-01
7.826430328839805162e-01
7.674397641826196104e-01
7.701432881605964065e-01
7.710671983213694958e-01
7.684375806017416100e-01
7.667240604050167274e-01
7.904577268865929929e-01
7.875875770097832129e-01
7.561684027705816158e-01
7.904668224253792452e-01
7.752148793100310797e-01
7.780384949736300904e-01
7.783958604862714070e-01
7.630851028394762814e-01
7.616023682900091574e-01
7.739003202778317325e-01
7.759011765579195696e-01
7.808861760423351228e-01
7.486763869235418811e-01
7.796492368532570438e-01
7.667624612281628282e-01
7.829182572416747421e-01
7.900403355303891040e-01
7.764651742903472265e-01
7.779727825049604917e-01
7.721170906991181582e-01
7.761225706744047104e-01
7.779766555507607872e-01
7.685804931301705167e-01
7.824124971852399746e-01
7.760901812614782180e-01
7.769730976853681526e-01
7.693802570879727520e-01
7.625967065984476934e-01
7.681300756817188713e-01
7.842775345295063261e-01
7.813965472425884462e-01
7.779116827718425276e-01
7.594315137914632308e-01
7.654986321621484180e-01
7.750840741929381217e-01
7.626860137110555993e-01
7.757625230909304115e-01
7.714406585738932121e-01
7.695062795460119176e-01
7.736436732969027563e-01
7.691014279985857183e-01
7.732740946075500332e-01
7.664450685564273558e-01
7.654610514355305595e-01
7.776899349491983582e-01
7.699596436563406199e-01
7.741921916722389607e-01
7.572032890343121103e-01
7.771394026034189606e-01
7.786628523467465923e-01
7.665770603399533201e-01
7.799899064463393650e-01
7.537442347698715128e-01
7.612694059536673219e-01
7.731800164986857293e-01
7.686443722462366068e-01
7.865732763561206209e-01
7.678942053183454020e-01
7.793738419423636987e-01
7.913817422595288420e-01
7.665040818457053984e-01
7.778837476019367925e-01
7.769396060731988962e-01
7.688407067329237066e-01
7.571035358327965481e-01
7.730275892276411431e-01
7.751650352519253717e-01
7.698498491595189286e-01
7.660149285196787838e-01
7.648832564854644023e-01
7.762706839177028195e-01
7.896241319791732494e-01
7.782065041392984828e-01
7.708124558067244170e-01
7.754727773003622371e-01
7.816218612859302528e-01
7.653857659307913286e-01
7.683776594639804003e-01
7.670412266632211651e-01
7.868707266011041312e-01
7.805378410648154963e-01
7.814280820558139329e-01
7.742222503809557121e-01
7.779177096241813860e-01
7.715794830554157935e-01
7.576123075369403104e-01
7.837625902131698519e-01
7.729741262544160829e-01
7.630136898110352339e-01
7.688743072096996256e-01
7.863329616756422613e-01
7.744183361217268358e-01
7.819363316673976216e-01
7.650517532016403166e-01
7.742952745495192968e-01
7.774513030450709294e-01
7.943345401821844121e-01
7.639107608737396582e-01
7.783085173901428400e-01
7.731166646935071496e-01
7.551661975305284935e-01
7.634883475948085474e-01
7.765878191112381979e-01
7.698863574064719328e-01
7.583191337059339565e-01
7.868792520244326516e-01
7.721726188538432512e-01
7.556838000796443078e-01
7.563667507047128202e-01
7.644431781508121970e-01
7.680300457608499887e-01
7.532866784954779238e-01
7.792254382194866436e-01
7.695980587408229878e-01
7.683352491983093113e-01
7.732626203984410695e-01
7.657875561535484321e-01
7.838386931023736404e-01
7.720059523401087143e-01
7.753270877210061141e-01
7.761667132457792384e-01
7.793401994902333652e-01
7.793651683373972183e-01
7.746042124857420719e-01
7.614903296612262062e-01
7.805188785426624420e-01
7.940935418478867192e-01
7.626254394938893899e-01
7.777060643712317978e-01
7.682441882863010330e-01
7.792459242129011754e-01
7.724361464150556467e-01
7.598243267248393495e-01
7.784045223641924416e-01
7.719837552251705981e-01
7.818795235767495022e-01
7.694486958328523585e-01
7.697626291402165366e-01
7.623404748016658905e-01
7.633434756983966674e-01
7.687626358417236627e-01
7.779403916505299721e-01
7.764080899788523560e-01
