# Variable: A
# Sample shape: (3000,)
# Date: 2018-05-02 15:04:51.515643
1.588880610720569919e+01
1.525218261046257062e+01
1.483469210200880717e+01
1.534335406959997350e+01
1.521323032860279056e+01
1.551277635863316284e+01
1.548491214772353608e+01
1.566378174191906325e+01
1.556508359575886580e+01
1.584114564866673192e+01
1.557051379485686660e+01
1.551496069483060403e+01
1.498555708067294923e+01
1.532774826081379693e+01
1.528519662497249598e+01
1.539411993989819649e+01
1.569692310904538068e+01
1.538481051432050606e+01
1.524831035933134693e+01
1.542537385639007752e+01
1.521272737792089025e+01
1.562605261185132655e+01
1.468124541564124641e+01
1.535786232488447389e+01
1.521086339283860056e+01
1.492274583502610952e+01
1.498985517941006762e+01
1.557134740504330850e+01
1.550848009651599924e+01
1.574349829553645996e+01
1.550896538158522731e+01
1.549996383456427296e+01
1.576466146817301706e+01
1.528635926258483657e+01
1.496110583732008514e+01
1.537373463443779187e+01
1.546318206287736174e+01
1.524943031090156076e+01
1.533453298402498000e+01
1.564762208683817235e+01
1.516827462087489309e+01
1.509051063461937581e+01
1.533543177151117476e+01
1.531012704382945699e+01
1.539938260650579238e+01
1.573807480129381453e+01
1.527559503407588970e+01
1.549890789324222773e+01
1.502705458642796899e+01
1.552617311351843021e+01
1.550456493632618127e+01
1.461292610363962119e+01
1.554110463782045670e+01
1.568950216719719926e+01
1.547378689901892024e+01
1.537902170788498069e+01
1.543441512480955602e+01
1.554472437970351528e+01
1.527319914659994993e+01
1.505445214899156881e+01
1.537978915836530014e+01
1.523408452252542666e+01
1.519274305673220127e+01
1.486782742288334092e+01
1.506669942374907301e+01
1.512156915084687725e+01
1.507296070295240931e+01
1.561982265109256041e+01
1.513464027528591416e+01
1.561478541248927598e+01
1.540468164155559982e+01
1.512466075285721345e+01
1.554400491740608992e+01
1.526155622058305106e+01
1.523268989023325304e+01
1.549846064968219217e+01
1.547048715002066288e+01
1.527738786556467865e+01
1.537413269622249246e+01
1.477965507986040095e+01
1.515299609114354773e+01
1.546529478216755571e+01
1.524672236343852916e+01
1.551059265809513654e+01
1.510628832348112738e+01
1.539721494665774593e+01
1.544842745875104129e+01
1.540685358153063156e+01
1.524138983434812111e+01
1.502234275339393754e+01
1.565533834717147244e+01
1.504230944509277279e+01
1.540555940155762116e+01
1.533604885388819916e+01
1.529728996401431473e+01
1.544813998641516406e+01
1.501766594416950973e+01
1.524786910433373954e+01
1.520418387801792903e+01
1.544164921087431175e+01
1.509333865877523273e+01
1.478072097973806187e+01
1.529767932784475626e+01
1.602965277700817026e+01
1.508743004783110564e+01
1.525302315404260334e+01
1.542718784208217997e+01
1.589780129405519382e+01
1.510691455579164710e+01
1.535770674103742905e+01
1.532202240532832427e+01
1.561643846259430468e+01
1.573425965326599396e+01
1.486055345826098417e+01
1.517505433598034870e+01
1.528084625526268070e+01
1.593862606735104670e+01
1.542561520649240769e+01
1.497827411077521020e+01
1.498275428102689233e+01
1.579616670488553787e+01
1.572070289905560081e+01
1.564585397556408886e+01
1.513308251494357926e+01
1.500824042446512330e+01
1.543152362025036162e+01
1.526860778321382028e+01
1.502279708440544681e+01
1.603986933529374426e+01
1.590876680463072823e+01
1.555136759930500467e+01
1.552129054836730759e+01
1.508361108651652671e+01
1.520100014807903754e+01
1.510760563876705831e+01
1.515075736778478799e+01
1.547073737935697402e+01
1.535412697035495100e+01
1.518944768534779755e+01
1.511575023515521110e+01
1.557360695121042049e+01
1.560573576624620351e+01
1.474395282533881080e+01
1.554654432304225331e+01
1.556257222662587303e+01
1.563535987806502270e+01
1.535808469798594800e+01
1.541974080357264398e+01
1.534618257935074226e+01
1.523965655460456148e+01
1.523820392517356481e+01
1.518277255917566748e+01
1.477834394774004423e+01
1.578735260356111958e+01
1.533010763110501173e+01
1.527327335920590734e+01
1.556885417363438506e+01
1.559399299680121587e+01
1.505463525650570844e+01
1.521950217893071589e+01
1.542441231604078489e+01
1.571410246729856652e+01
1.513433981064114597e+01
1.572815433555065034e+01
1.529153033824419872e+01
1.541501402293425471e+01
1.512901277925691979e+01
1.483663572170372547e+01
1.538511221357036618e+01
1.512815296249791430e+01
1.540024935688356678e+01
1.553304593340478057e+01
1.525278153340137699e+01
1.617553804822691532e+01
1.521041410254640347e+01
1.514788614452335302e+01
1.507572103571020961e+01
1.519988512222537480e+01
1.540233627777420189e+01
1.477858797483049713e+01
1.549954411136005383e+01
1.572692396185935060e+01
1.597098738765148873e+01
1.552716930215286872e+01
1.514299646031762769e+01
1.493963341164512215e+01
1.571050621377703393e+01
1.510827866744270764e+01
1.542453254380393979e+01
1.567784766403188534e+01
1.525677790200228756e+01
1.542912994685619310e+01
1.510588801831087480e+01
1.535048222996906020e+01
1.544848299577690298e+01
1.551964560904948698e+01
1.594953044004987674e+01
1.527095233068876645e+01
1.536122605895642934e+01
1.544532547741446571e+01
1.554903070964773981e+01
1.522130476113996167e+01
1.524897918149419773e+01
1.535492428555375710e+01
1.526225166683499346e+01
1.536965612408103610e+01
1.545221228125058843e+01
1.549401390784634103e+01
1.551502010143092569e+01
1.478385908944595961e+01
1.533044481640319034e+01
1.521471831721779289e+01
1.531274668507711922e+01
1.566588169607456749e+01
1.488610976988995915e+01
1.531511427187136931e+01
1.544652745802450333e+01
1.537100772371488411e+01
1.499286165684441841e+01
1.533180869483781983e+01
1.531722164247987727e+01
1.524715385013130131e+01
1.499980309942375101e+01
1.505072429992242533e+01
1.469187689948699038e+01
1.557732351030105278e+01
1.520817561891025349e+01
1.564733805480535445e+01
1.567399134719895493e+01
1.527607199978629637e+01
1.575061135454760120e+01
1.517967912983881007e+01
1.574567990950719931e+01
1.530064837862375526e+01
1.523576150472313806e+01
1.539686021226075496e+01
1.465360701575797542e+01
1.564241239157794183e+01
1.542491830069572778e+01
1.482214328367826894e+01
1.514678376339843879e+01
1.551772241693252674e+01
1.518986134966301904e+01
1.580592372715160820e+01
1.541810911155320696e+01
1.508204671594438828e+01
1.513558377219368722e+01
1.493102291129219061e+01
1.563131188186192588e+01
1.542205109731224333e+01
1.571294467092283220e+01
1.521374753588334983e+01
1.508531312685278181e+01
1.587576226824564962e+01
1.500158252031297046e+01
1.574549334397427280e+01
1.543180891233016716e+01
1.533736810796170502e+01
1.539517002541597002e+01
1.500291654476601977e+01
1.546705695979187034e+01
1.477090392990286638e+01
1.498399933141596563e+01
1.524516150713496998e+01
1.483435982891168692e+01
1.524609053449355400e+01
1.544301662136120079e+01
1.518984747030420657e+01
1.499147287384399974e+01
1.553742961707589032e+01
1.515901831869187610e+01
1.495290092336368915e+01
1.513635692612407269e+01
1.541360560846684002e+01
1.502643739918777044e+01
1.500438537178642484e+01
1.546156047147137436e+01
1.565104979822234377e+01
1.490958810728671224e+01
1.528645327548365707e+01
1.517938990419528800e+01
1.506847629311300629e+01
1.515406725372452890e+01
1.518411615906905077e+01
1.513407521797436139e+01
1.537689074858112193e+01
1.575331675357450045e+01
1.575809704429866009e+01
1.565387644288996505e+01
1.560914169265183205e+01
1.502811273679118287e+01
1.578264583667158227e+01
1.561074712750423643e+01
1.528010549908691296e+01
1.597228652106881519e+01
1.577127139365809327e+01
1.579255200471181197e+01
1.490763351707020945e+01
1.495414797671827323e+01
1.538767251262985525e+01
1.517515900972303200e+01
1.529064528593384686e+01
1.538238325425877839e+01
1.503967060521598675e+01
1.549222536348510282e+01
1.504694711367028681e+01
1.502712967948704303e+01
1.516621930685410291e+01
1.546815533564240752e+01
1.552200668926071891e+01
1.550058203656352696e+01
1.529478308849882850e+01
1.540501867771300404e+01
1.552472167657373703e+01
1.543356971275699152e+01
1.528518248920913614e+01
1.525257517448473976e+01
1.511261848236854988e+01
1.526881884226535213e+01
1.533912383285364989e+01
1.560604855188593909e+01
1.521286837846280093e+01
1.520051109666191991e+01
1.534665426659366716e+01
1.511088600272713833e+01
1.535979713334375063e+01
1.526034768791265961e+01
1.514413770839456674e+01
1.554631694824233712e+01
1.518987897534901244e+01
1.501207704943103671e+01
1.550857022638821725e+01
1.493525214642996524e+01
1.491031032594241346e+01
1.543919195502945385e+01
1.519956347523427986e+01
1.549848658664785717e+01
1.559328254761913612e+01
1.562480988087392753e+01
1.564146892951639778e+01
1.536298905837024442e+01
1.560575755161297806e+01
1.558141766982403809e+01
1.561551187571993893e+01
1.576366160190111287e+01
1.482471165422406756e+01
1.505755320725826607e+01
1.479546816903841489e+01
1.586822314723944238e+01
1.502284386396605775e+01
1.582519487070278608e+01
1.556054981495780964e+01
1.554780207354839305e+01
1.537741374089104340e+01
1.493303968223675326e+01
1.493139392593650783e+01
1.568636077224502223e+01
1.532947068525736078e+01
1.553850572859032475e+01
1.520236900151763670e+01
1.565898103255600660e+01
1.435961212025301670e+01
1.520308863954790901e+01
1.561800546637782183e+01
1.545496163948769741e+01
1.531581572526812351e+01
1.508118433961944937e+01
1.541604782510232852e+01
1.463425523160046104e+01
1.545576828466510833e+01
1.551034668229927682e+01
1.515488206590346110e+01
1.561556013227039763e+01
1.530059404737859730e+01
1.524364563612953383e+01
1.501667126218609205e+01
1.555182903188230981e+01
1.480338413079606141e+01
1.507997407874196760e+01
1.542523752562286887e+01
1.524399490516863942e+01
1.587175614780586130e+01
1.531053240644659041e+01
1.531854926035360975e+01
1.567543302960594431e+01
1.506868422709002608e+01
1.581603027905297409e+01
1.500123151613647288e+01
1.540611076261957280e+01
1.556549527338189876e+01
1.532642574596984453e+01
1.439933817089760559e+01
1.557375392352206767e+01
1.572999493120491010e+01
1.523791733272611104e+01
1.533278777172515639e+01
1.508915849025439293e+01
1.541868449516706363e+01
1.516428048152913632e+01
1.542041388929275847e+01
1.531200892979724593e+01
1.514128544285457778e+01
1.491747524384664025e+01
1.498165662999613623e+01
1.490770964724168302e+01
1.533112451474929472e+01
1.534674455457707865e+01
1.529736951011500778e+01
1.550709993286208999e+01
1.517843687236530492e+01
1.539549715961895870e+01
1.498076493580845003e+01
1.520069830953293533e+01
1.552822866288674142e+01
1.538474308887590070e+01
1.566096539759922557e+01
1.481522881133538583e+01
1.556201425704624874e+01
1.518740942281156237e+01
1.549787895158128137e+01
1.473074105410560186e+01
1.553738509189246741e+01
1.503814626462374271e+01
1.567190689649660307e+01
1.518149745622717006e+01
1.549514190036703631e+01
1.476754072445258004e+01
1.573790691530898833e+01
1.525399548400456773e+01
1.537076377978681130e+01
1.616097385992372892e+01
1.558671159808331730e+01
1.485928783389441854e+01
1.513659414805630199e+01
1.549871169606543120e+01
1.560906568082548773e+01
1.537790515871603070e+01
1.497394402098355393e+01
1.531601543906449514e+01
1.527857707299954626e+01
1.541035031654385534e+01
1.560154261117499708e+01
1.494054052515098086e+01
1.521034325236406382e+01
1.509675874293537312e+01
1.514553051664894845e+01
1.512205678866734715e+01
1.466659954791681386e+01
1.549593114736147648e+01
1.505457530131737620e+01
1.593472523410042108e+01
1.505792104158389932e+01
1.493274964706731112e+01
1.515793547482116210e+01
1.558253153557241255e+01
1.516483372237541616e+01
1.573376586956915091e+01
1.545215962710184598e+01
1.532591729544443737e+01
1.504008956024815191e+01
1.442751991826482794e+01
1.555524481616105881e+01
1.564378268033554598e+01
1.549226258299120396e+01
1.583587498678098093e+01
1.505197743766631469e+01
1.547786681472573456e+01
1.601622673169655897e+01
1.490880630518947569e+01
1.573106475430532214e+01
1.505462379633017100e+01
1.486130595800976906e+01
1.526522897461589245e+01
1.586948832699608047e+01
1.561060845589579493e+01
1.556810060956244079e+01
1.547909796130556970e+01
1.534528302719454906e+01
1.558506187576955959e+01
1.479467189954039696e+01
1.552400263491898613e+01
1.550111378028419296e+01
1.519862741769803627e+01
1.554733268758985076e+01
1.531813693290537337e+01
1.558119818049772398e+01
1.499392288440932219e+01
1.528397521544033211e+01
1.496723486476458120e+01
1.574364674860640712e+01
1.525551096441022381e+01
1.593011514912369542e+01
1.530462963124971942e+01
1.505851062386938288e+01
1.543040909459344157e+01
1.555542181491811782e+01
1.539515265974513269e+01
1.543872078366326939e+01
1.542154347048525942e+01
1.515641830817806657e+01
1.574769487804598178e+01
1.520145985279074274e+01
1.553300663935085524e+01
1.532057877829333847e+01
1.568027535796445626e+01
1.558922636295238640e+01
1.551991578367421631e+01
1.512033893913592308e+01
1.565443863993876938e+01
1.533107433799303010e+01
1.485944052722019748e+01
1.490859606497475021e+01
1.532263330726942563e+01
1.461178575497269883e+01
1.550305683514026533e+01
1.523935185744457677e+01
1.515338540341610418e+01
1.500916963690225892e+01
1.550990347868775565e+01
1.575004767607742728e+01
1.552782158826537717e+01
1.498127877153665644e+01
1.559783922350916896e+01
1.565424902610275026e+01
1.533407095420620436e+01
1.516841075032938946e+01
1.552647845183338227e+01
1.494534832359132892e+01
1.544490168885195125e+01
1.587954956472546009e+01
1.568079455457292148e+01
1.558370021190268595e+01
1.476268395777912090e+01
1.547952474795229527e+01
1.561943804610063502e+01
1.582342053191463727e+01
1.515608163695420174e+01
1.529673071797261841e+01
1.498750056813387310e+01
1.542070168505586203e+01
1.570069091489709834e+01
1.585136179612584151e+01
1.490970136308031790e+01
1.541507184070560754e+01
1.561569087500164343e+01
1.563666888254960874e+01
1.568545093416176250e+01
1.513287360135607607e+01
1.563691211702444406e+01
1.554981265648168431e+01
1.527284611572462936e+01
1.557187589257102900e+01
1.502947106354744378e+01
1.549638651169894565e+01
1.529139383651321360e+01
1.517890257417921340e+01
1.485013533939384089e+01
1.542089640702670117e+01
1.569121356712429893e+01
1.511404811285518512e+01
1.497797335573632260e+01
1.529234293991163973e+01
1.518986415993675365e+01
1.546819319175586038e+01
1.585827030714925634e+01
1.512800920573657137e+01
1.517512665279712181e+01
1.532290656196242296e+01
1.495442534061434436e+01
1.519824832332144915e+01
1.512696590692717358e+01
1.505761143640147814e+01
1.547809077858105020e+01
1.545958190675326271e+01
1.487430602234071841e+01
1.536576092407503324e+01
1.552829906839876095e+01
1.530271017709910808e+01
1.534076442359730841e+01
1.532931733776114314e+01
1.541889623670195242e+01
1.536468235387784809e+01
1.507995971735463669e+01
1.504674675088213220e+01
1.494712715658999258e+01
1.469689978327310342e+01
1.527418270737920558e+01
1.504087925546913418e+01
1.503005444934344759e+01
1.518958867389410905e+01
1.511948828583480164e+01
1.548505946914244014e+01
1.496441235303869632e+01
1.608177372362789725e+01
1.557669946534612571e+01
1.571681317997751925e+01
1.558235522336270407e+01
1.543658612813933217e+01
1.553772188451419289e+01
1.519367444410329426e+01
1.554794850274486606e+01
1.547222144046781800e+01
1.528180438480976910e+01
1.585183769843570012e+01
1.520916036360716106e+01
1.519938315334798062e+01
1.545441746305768760e+01
1.573420583207244761e+01
1.509806352931855500e+01
1.577922194931384681e+01
1.533340785945678419e+01
1.562584157633991389e+01
1.540701719851267981e+01
1.521003071115037741e+01
1.544555406283588717e+01
1.517084620225912772e+01
1.582089760789579103e+01
1.551895333676878685e+01
1.518076968352220391e+01
1.583747361045148772e+01
1.544412489071916816e+01
1.576947570871728388e+01
1.536704855588813601e+01
1.578748209817963932e+01
1.446711031547167003e+01
1.512166833679397193e+01
1.548071059261769555e+01
1.591983247908822285e+01
1.537475117647076495e+01
1.501753945459929973e+01
1.515458977433139154e+01
1.496642755692910853e+01
1.574036313379348151e+01
1.489336937335212063e+01
1.560964856810025125e+01
1.550956382772979225e+01
1.540049111067127008e+01
1.534739930402862029e+01
1.501920269110168249e+01
1.480167904406140700e+01
1.527616203519900928e+01
1.517061001579751611e+01
1.512171131597511575e+01
1.539307789073350996e+01
1.551242976602036450e+01
1.518075844845988698e+01
1.521936121941632791e+01
1.559377236913491771e+01
1.538944713377403239e+01
1.556523661218667876e+01
1.560131021345631730e+01
1.558810024060425192e+01
1.555652479416798251e+01
1.546605712309187197e+01
1.486171299574197846e+01
1.538402644756459736e+01
1.515263587821612568e+01
1.501371334364297816e+01
1.511951262052346756e+01
1.534031023905812852e+01
1.516991570644986709e+01
1.541445795738622948e+01
1.571451734351052387e+01
1.524238833335176757e+01
1.523618583573806085e+01
1.532058092827405460e+01
1.542450868367073014e+01
1.514139646162823816e+01
1.530145142629914723e+01
1.547776163044856013e+01
1.529715464921483736e+01
1.569781744759996833e+01
1.532403348173558300e+01
1.467399189889462896e+01
1.586934403839213559e+01
1.514955740472448653e+01
1.550405733666720920e+01
1.544254848001114411e+01
1.519203799232563945e+01
1.529365394849576809e+01
1.569099373546304044e+01
1.568672584642722612e+01
1.566705385922836768e+01
1.532895017951919314e+01
1.559129267384226125e+01
1.543466983039634499e+01
1.546360644524322936e+01
1.531638075981799041e+01
1.542248339313045946e+01
1.508388517421522579e+01
1.494981477373178258e+01
1.544401600241899075e+01
1.571256428837438790e+01
1.510408136038845406e+01
1.551275133721954091e+01
1.502287758050517752e+01
1.555408955759420664e+01
1.553040921211409753e+01
1.516422179313564378e+01
1.562305504064104511e+01
1.500785705622533328e+01
1.532170167152633766e+01
1.546412585860546152e+01
1.560240426053100293e+01
1.552370446220111333e+01
1.577861576771193697e+01
1.485408614069634936e+01
1.533381413112891423e+01
1.460101811976872987e+01
1.527398808296189081e+01
1.576667338946778330e+01
1.497896507405877564e+01
1.511124607176344981e+01
1.556615025207777414e+01
1.563615969284140661e+01
1.515448610193397450e+01
1.610026628374927427e+01
1.537770659239706283e+01
1.559698464726173484e+01
1.566876402040582761e+01
1.574854753261208451e+01
1.509450436993982336e+01
1.511859552456358280e+01
1.525836967724983850e+01
1.502622651535791221e+01
1.482100448672319892e+01
1.511393940189073781e+01
1.542395392608412052e+01
1.552746594329180851e+01
1.553722547228258044e+01
1.499132088676921981e+01
1.527621718305075937e+01
1.501129445400438023e+01
1.548261264448448848e+01
1.599819873590671016e+01
1.500972861121871027e+01
1.574394959769987068e+01
1.519176154920178590e+01
1.502902616677789993e+01
1.545237479975450512e+01
1.522049664113925260e+01
1.542883881792254108e+01
1.541234494283957623e+01
1.503343764420516138e+01
1.560046986395241042e+01
1.556107366718905105e+01
1.540709403378400388e+01
1.559472241422979977e+01
1.509131233640841430e+01
1.509818129957976929e+01
1.549273076523798132e+01
1.505037744207864847e+01
1.535254495671071240e+01
1.541131506515889882e+01
1.580186249005405053e+01
1.536547152173674746e+01
1.520766278975944985e+01
1.580839948726444533e+01
1.583605289883417022e+01
1.524323922781937313e+01
1.540116543442728592e+01
1.543333880052366602e+01
1.518431925910661384e+01
1.590454975656403747e+01
1.541099408853403041e+01
1.538692302969610815e+01
1.474223845752760198e+01
1.512969094845623097e+01
1.575674655583735806e+01
1.531058767092806683e+01
1.563762637183483051e+01
1.554540990289332925e+01
1.553917791393008940e+01
1.606419987967498386e+01
1.533573666550682191e+01
1.569434028983522644e+01
1.511763177812468051e+01
1.558514979518651877e+01
1.577145013898309323e+01
1.528053611243190879e+01
1.508716733379652908e+01
1.581518892337327387e+01
1.561852112366596401e+01
1.535075244142421624e+01
1.566245445299065864e+01
1.509582418506390944e+01
1.554297357344819908e+01
1.521649175190898262e+01
1.509636166546891722e+01
1.566368359192010651e+01
1.571777881316389092e+01
1.526387468057011176e+01
1.539086347616485462e+01
1.523374162736229742e+01
1.581715419206262574e+01
1.544739498901656738e+01
1.547599377268309873e+01
1.522701308225722983e+01
1.529746341762189665e+01
1.529749738462681918e+01
1.516101647260089536e+01
1.500064160991027329e+01
1.509733976483999562e+01
1.573695384021985788e+01
1.572170143369114825e+01
1.498490492874051583e+01
1.485711381054209035e+01
1.537115274966777534e+01
1.469141585726315391e+01
1.541581129236637437e+01
1.506340703637414613e+01
1.524707840925047897e+01
1.508539285788497253e+01
1.504178085476445226e+01
1.494887212275620847e+01
1.516610047829544783e+01
1.557598839183115658e+01
1.590003198261281803e+01
1.474896950002585427e+01
1.541982201960168908e+01
1.492596158367477166e+01
1.531796470901642415e+01
1.468888443134228972e+01
1.545581445806120158e+01
1.514526931514278907e+01
1.524682180333973136e+01
1.512262002759517365e+01
1.580223126616618501e+01
1.500434383024446205e+01
1.527773002813284187e+01
1.529981697915255445e+01
1.508681696813939510e+01
1.514483816083381562e+01
1.581104165067561773e+01
1.537430081123728876e+01
1.499001571938693367e+01
1.495118297501562665e+01
1.525153544548281559e+01
1.501162252435032762e+01
1.553631828086062150e+01
1.556711359798665129e+01
1.575912787657447467e+01
1.507039597205110226e+01
1.523266803792686908e+01
1.563967799559510752e+01
1.520805204973609825e+01
1.510679593813050658e+01
1.517238564916754662e+01
1.565598181279333190e+01
1.613017591308528864e+01
1.549925978437090457e+01
1.555176726107762342e+01
1.541509561997134803e+01
1.548273654687919354e+01
1.539865319770320617e+01
1.494411906050999583e+01
1.572487573983563180e+01
1.564640243605786907e+01
1.481758610074665405e+01
1.520416527843916832e+01
1.509267908619531262e+01
1.496279053608679455e+01
1.525447110261734807e+01
1.544851463431961136e+01
1.529154295150571841e+01
1.530740584581992181e+01
1.504104583745932899e+01
1.573042343203957927e+01
1.532154851059861222e+01
1.584661840259282428e+01
1.536779388951426384e+01
1.550668418522194614e+01
1.512308573453540284e+01
1.539050731729520294e+01
1.553399994482201585e+01
1.565801757836299402e+01
1.563580877844267469e+01
1.551071874957824548e+01
1.582363127936114466e+01
1.528161150496006648e+01
1.570126792583766040e+01
1.570266011497814773e+01
1.524858164129335591e+01
1.546024962966306227e+01
1.521639970875231285e+01
1.541032806379258702e+01
1.501363586733915945e+01
1.508901676555525384e+01
1.492668625379264746e+01
1.567058266134692524e+01
1.505389467454577357e+01
1.432916940065869937e+01
1.564346733711398407e+01
1.549014605847194304e+01
1.559887599408761893e+01
1.540375303424407072e+01
1.493546328830534620e+01
1.530280374884318206e+01
1.551552345889977325e+01
1.520626364769563743e+01
1.545134089336811556e+01
1.567570014300809866e+01
1.559456005855308725e+01
1.528061188115407276e+01
1.547838072602118764e+01
1.522563600843726661e+01
1.519971313949257308e+01
1.506110539680956784e+01
1.497999602675992037e+01
1.549008410381581946e+01
1.542819672820221477e+01
1.511581122393080712e+01
1.507789857122429389e+01
1.572049048746610111e+01
1.528996313462443801e+01
1.595584656262109391e+01
1.539016529201014016e+01
1.582885479860240707e+01
1.501867298607090184e+01
1.497098257255285780e+01
1.499302457182065496e+01
1.499603756367304008e+01
1.512170179256656688e+01
1.477731621709955867e+01
1.561760076105598394e+01
1.531069652632413103e+01
1.515407815258102886e+01
1.548115402570272892e+01
1.492813929014097596e+01
1.499236551344780644e+01
1.515792267453968911e+01
1.515684816404586854e+01
1.464919264257800080e+01
1.552755652315862278e+01
1.487425657300270387e+01
1.585596815787347325e+01
1.489557242070114107e+01
1.545158481151389473e+01
1.510524050463202350e+01
1.567562979306769755e+01
1.513115700858415202e+01
1.576564556359948277e+01
1.559678036758056585e+01
1.589292751839361451e+01
1.527913530576852885e+01
1.589777723155926914e+01
1.560763786708611889e+01
1.525560269318237872e+01
1.517069042610606644e+01
1.466688487183417067e+01
1.521826591298380471e+01
1.551846995697468046e+01
1.560114045740348665e+01
1.515197917801149075e+01
1.530632976937340928e+01
1.513628687077462232e+01
1.574550333017839066e+01
1.538665449211009495e+01
1.532346604941541202e+01
1.561287589216034277e+01
1.554794930864996871e+01
1.565211803874113450e+01
1.545382615488773759e+01
1.544638104168316950e+01
1.521973924970814096e+01
1.539475284601069305e+01
1.562258121715742654e+01
1.556626321029478177e+01
1.524528552655482372e+01
1.560721483353395733e+01
1.538564151965660365e+01
1.489460282541400460e+01
1.525060502348966729e+01
1.562255663046299858e+01
1.586692587392456133e+01
1.545404494654888339e+01
1.506232570101846413e+01
1.543532417555929825e+01
1.553182361800318034e+01
1.547005386924091752e+01
1.570380969251214331e+01
1.507633541526563015e+01
1.532859783520988906e+01
1.526160982086514828e+01
1.529012018399453510e+01
1.490401957581390313e+01
1.542956800708718745e+01
1.592134906761334889e+01
1.553348017647763868e+01
1.560105015680020379e+01
1.523366904758618645e+01
1.550111609498304510e+01
1.490404499159430252e+01
1.543350480806431158e+01
1.513980414459549273e+01
1.501228577765132322e+01
1.517342063505617666e+01
1.530742310716966159e+01
1.494255103917233818e+01
1.517762121192442137e+01
1.530740075468559702e+01
1.499075228853191710e+01
1.531580165793850412e+01
1.523140653018976209e+01
1.486533408815049917e+01
1.525125875200260595e+01
1.478376870201832460e+01
1.535823049087676573e+01
1.536651222921757665e+01
1.506861088856989461e+01
1.501073155594030162e+01
1.512503720798256346e+01
1.525674949044957884e+01
1.576906173930412258e+01
1.518247084199493635e+01
1.518954110199508811e+01
1.539254585884229876e+01
1.516335704735116963e+01
1.527715521989070169e+01
1.486981023315953720e+01
1.506209777364377977e+01
1.515182720826717677e+01
1.479328898583980845e+01
1.559424260427821984e+01
1.494649406815443271e+01
1.548973003652356439e+01
1.547921427358905788e+01
1.541299267168599840e+01
1.550549821355948232e+01
1.502439706526562979e+01
1.494217970950096941e+01
1.540564169297000596e+01
1.552592799824632230e+01
1.487745075165701181e+01
1.501729763610501500e+01
1.575070326847890989e+01
1.544330823093637406e+01
1.501261127467373235e+01
1.560754536849017882e+01
1.552382827170034219e+01
1.555698162197767331e+01
1.489168402535519142e+01
1.499998519401680497e+01
1.549802831641406620e+01
1.521872740784903222e+01
1.530223351215510341e+01
1.577177034316801141e+01
1.561829116982663912e+01
1.508580034304869066e+01
1.557082731579039603e+01
1.533848125535712725e+01
1.490471465815785734e+01
1.546695720031548404e+01
1.512919507887065151e+01
1.527294392660368061e+01
1.545278157745518399e+01
1.544203471899081315e+01
1.558498191140866496e+01
1.563471449060820540e+01
1.506380699109835852e+01
1.561549191752061638e+01
1.566110472506366769e+01
1.531369944097169800e+01
1.566604310015348567e+01
1.477716118333306383e+01
1.528022057573310200e+01
1.489697127725932368e+01
1.535952521308276175e+01
1.574493916796713755e+01
1.525484214442051822e+01
1.552730558978385744e+01
1.540380516282544399e+01
1.557550495535842927e+01
1.574325325615513904e+01
1.533526410384615168e+01
1.535632967312641206e+01
1.536336514227530259e+01
1.532034480295356182e+01
1.540420007505044708e+01
1.544218745092902445e+01
1.488639694185689244e+01
1.486302856268111405e+01
1.538310758492039731e+01
1.493974451107900769e+01
1.573808512430478501e+01
1.558867173241723769e+01
1.522490824652781605e+01
1.524239461805887252e+01
1.517264131114833070e+01
1.587219172590689986e+01
1.568454966536797457e+01
1.504503587716119739e+01
1.512505805537709591e+01
1.544934665579765998e+01
1.536552906228633830e+01
1.568464477991622452e+01
1.544551074133871005e+01
1.518052551926439442e+01
1.524537143533106054e+01
1.478922297389083518e+01
1.541754024186346683e+01
1.584185265008444077e+01
1.552594616921196291e+01
1.553711204453477102e+01
1.608956550465346780e+01
1.573948196892230911e+01
1.523741633887283164e+01
1.557363321210839402e+01
1.550287891285906916e+01
1.562430762027901565e+01
1.551466822706140114e+01
1.526690215880787882e+01
1.584911210721087649e+01
1.496254368311798721e+01
1.558792463993160204e+01
1.519463851943766208e+01
1.495982360966545421e+01
1.577449941983526571e+01
1.504212531680549247e+01
1.533161835645685578e+01
1.509036113321069905e+01
1.537313993567934922e+01
1.521442346989436345e+01
1.523659059010855543e+01
1.567066499879606845e+01
1.503391933358460086e+01
1.572358063313792620e+01
1.512883933701453287e+01
1.544663047652583465e+01
1.582008798257397686e+01
1.563837263879858064e+01
1.560427630044836889e+01
1.559095659163913439e+01
1.604684765959730797e+01
1.499251193414680294e+01
1.520380719244852408e+01
1.566764514404898456e+01
1.528526176293860495e+01
1.539225593874094322e+01
1.517880422632424775e+01
1.519880954516248472e+01
1.519692807393249367e+01
1.513625038355129782e+01
1.533156242791753598e+01
1.559883390951134174e+01
1.500556207534648401e+01
1.537504704411786705e+01
1.556411329996336690e+01
1.577009335276620128e+01
1.582415596880586506e+01
1.546736528552269441e+01
1.520541042321284841e+01
1.570365400096785713e+01
1.508591906823322404e+01
1.515688859181663162e+01
1.538095969858043688e+01
1.502546474111590946e+01
1.537503999913547403e+01
1.500156113466465158e+01
1.538367397908474210e+01
1.552743033213704926e+01
1.524614237610244949e+01
1.497464959483391667e+01
1.541097660191328700e+01
1.581754731504318023e+01
1.529335138904975011e+01
1.585774672468752122e+01
1.534591642196579464e+01
1.545818031299668860e+01
1.539745346933818837e+01
1.560251845292194872e+01
1.524690779546862807e+01
1.520184051551760085e+01
1.554557699039141738e+01
1.529220833347466524e+01
1.498242169584617045e+01
1.572223460014442509e+01
1.520001102090875200e+01
1.501749956299237532e+01
1.545010159351013179e+01
1.524366714331261363e+01
1.538491338313970935e+01
1.538984087305431281e+01
1.561929274550231739e+01
1.568209885176099405e+01
1.531238492972159726e+01
1.537449793698523592e+01
1.547334518420746363e+01
1.515865068540569816e+01
1.524752277791854560e+01
1.471289176268894927e+01
1.540296317225466716e+01
1.534798156062853991e+01
1.555129864000167572e+01
1.572422054621038789e+01
1.521491616353058163e+01
1.559188986767715157e+01
1.505779413886966367e+01
1.528778631524241938e+01
1.540798011937652312e+01
1.561709908308169403e+01
1.568296093538130975e+01
1.575903512217685432e+01
1.518232613731690250e+01
1.507280963360109993e+01
1.570696386599886196e+01
1.524445969971599268e+01
1.492240050422079278e+01
1.557884298711177884e+01
1.532536184682076907e+01
1.585746957108824517e+01
1.567974420462872587e+01
1.515842370115541904e+01
1.519983023714223691e+01
1.531225864476758147e+01
1.476499914640420386e+01
1.496593197040497714e+01
1.544278502996264635e+01
1.566704690003270350e+01
1.534245227159108538e+01
1.549687409510030633e+01
1.551887102493109971e+01
1.563251457612249773e+01
1.549560287338002951e+01
1.490912071929384020e+01
1.499666385274761105e+01
1.499679584858162507e+01
1.489295098147782426e+01
1.502410004707648206e+01
1.473526365567109409e+01
1.494541420536610943e+01
1.560800643839736246e+01
1.514598195543284476e+01
1.539609075815380201e+01
1.540070902763275029e+01
1.568512178840079230e+01
1.569866539284186047e+01
1.540440781997914499e+01
1.539722069038132979e+01
1.527003737586666610e+01
1.546424832237251223e+01
1.492792488504160886e+01
1.534647724937989288e+01
1.559355897784626777e+01
1.513223720342988088e+01
1.522574608435544441e+01
1.521265261447890538e+01
1.578002726038865688e+01
1.534072809126216796e+01
1.554189772331598718e+01
1.520266438747790438e+01
1.501058104850004149e+01
1.544997744870336120e+01
1.541297076013485956e+01
1.560946153928579605e+01
1.564864878298165785e+01
1.580487445314709305e+01
1.557072425206762745e+01
1.497579093440178433e+01
1.506022351236125800e+01
1.501385941496184806e+01
1.569395383676232747e+01
1.509329143122478634e+01
1.492247722043870439e+01
1.547367680550605229e+01
1.564697459627265808e+01
1.550016227626434251e+01
1.529274485917321691e+01
1.526783948127898149e+01
1.485139739710467310e+01
1.534803114066153817e+01
1.628703131465643494e+01
1.531352538921167117e+01
1.544135761113608218e+01
1.533689101883900996e+01
1.552269303106031018e+01
1.495614401775775804e+01
1.619160306354600820e+01
1.531169254736170338e+01
1.577738869606218941e+01
1.515748381185015425e+01
1.559931020428876813e+01
1.528490098344360248e+01
1.540577931395942457e+01
1.527917948764686251e+01
1.504367056571048700e+01
1.508364029761377267e+01
1.551596851333821370e+01
1.518024941894472590e+01
1.541420954403375276e+01
1.496847331413530746e+01
1.504965153808736744e+01
1.494824485169693951e+01
1.553317103456245896e+01
1.513891390443687435e+01
1.495849792181264171e+01
1.506022321724915791e+01
1.504039137309578678e+01
1.526535064200444047e+01
1.544611953900477808e+01
1.552128134849905550e+01
1.553676706505201821e+01
1.535226821652197238e+01
1.486014182107017945e+01
1.529348255056521744e+01
1.510761024802300412e+01
1.513705750568110098e+01
1.537068979419389336e+01
1.530397012247819610e+01
1.536522406925176298e+01
1.529573034277024490e+01
1.564111362793764748e+01
1.475027591992336617e+01
1.526157916327437647e+01
1.506912197102357887e+01
1.537684711302904006e+01
1.541683807312159260e+01
1.563708675753148292e+01
1.565838035065315381e+01
1.544030114052356417e+01
1.520891370545506760e+01
1.533190307293157950e+01
1.552721530348737389e+01
1.510484743846074096e+01
1.554959297272007213e+01
1.537527269082528569e+01
1.525850601985801980e+01
1.554941784616871203e+01
1.497794200086974925e+01
1.471571535885277981e+01
1.530013821086558856e+01
1.509496995975926836e+01
1.549053018177013108e+01
1.524061274034264279e+01
1.510127193462950679e+01
1.560864698128970218e+01
1.550842876516679425e+01
1.524977294083289792e+01
1.548628851993688471e+01
1.525417102940518177e+01
1.526427294869414375e+01
1.518377166768999587e+01
1.518340731206305350e+01
1.493727296700456897e+01
1.511242073604665670e+01
1.570861409153960686e+01
1.556194398297315651e+01
1.534916078174655496e+01
1.580945465147898155e+01
1.531977196708693789e+01
1.537845195085856531e+01
1.505220002618447950e+01
1.546581064851669218e+01
1.523242147393726853e+01
1.527973655787208429e+01
1.526569133123778599e+01
1.554200802768452405e+01
1.577473919565335514e+01
1.525946755121325893e+01
1.526328382604841849e+01
1.528806913977959603e+01
1.563832843177153720e+01
1.591863359331109073e+01
1.566905270162659569e+01
1.492493416609598711e+01
1.528228366098409907e+01
1.514578156585497482e+01
1.523999704532305444e+01
1.584719707903519215e+01
1.538047467504960331e+01
1.485757233958483603e+01
1.536676683542837551e+01
1.525878172420739354e+01
1.552074113608549588e+01
1.574586849606583527e+01
1.553091632330944805e+01
1.551157557482140348e+01
1.600864168394648246e+01
1.448139445043470275e+01
1.571558952743211535e+01
1.538438793956179218e+01
1.543273415968651108e+01
1.482710309597468878e+01
1.516647968578435801e+01
1.514920399868402789e+01
1.512055330264495190e+01
1.546769311344314701e+01
1.499766259318039552e+01
1.564585364887241958e+01
1.583238750646193260e+01
1.522857554164522398e+01
1.533058729098734752e+01
1.487694791625826163e+01
1.551006567205569198e+01
1.543417878800891962e+01
1.507980106635713469e+01
1.555851221239474036e+01
1.532732866168723618e+01
1.487067794906945117e+01
1.556562287442225490e+01
1.545459616071044451e+01
1.528965217808702448e+01
1.531679743179979347e+01
1.536387190918571299e+01
1.535404115095911770e+01
1.581654590123284265e+01
1.561591595660816623e+01
1.526335475335556424e+01
1.500483436818731420e+01
1.559756427035850734e+01
1.504936467029683556e+01
1.584977032855380763e+01
1.532841378353559669e+01
1.523307030568092379e+01
1.525183163973857248e+01
1.506244263259513083e+01
1.530188332493440306e+01
1.535520776064742954e+01
1.505728448970988609e+01
1.548549874798902692e+01
1.494802286813197689e+01
1.534098584690647904e+01
1.481709930347076387e+01
1.547892412419918529e+01
1.558137496462264693e+01
1.549542318215791248e+01
1.497018282372912878e+01
1.574414254164447868e+01
1.528003147867723222e+01
1.562367611765914965e+01
1.531475709141089681e+01
1.519999709321292514e+01
1.517124196375922018e+01
1.575142837621010194e+01
1.508628998802182331e+01
1.537739165227594818e+01
1.517391687557955038e+01
1.547266097457887390e+01
1.518339768008195989e+01
1.540079062971135926e+01
1.541593647150730284e+01
1.516002785944769649e+01
1.502765902462203051e+01
1.556614383142443891e+01
1.569322080987483048e+01
1.536374240736700258e+01
1.519623694643195932e+01
1.507792211876365585e+01
1.523153926597243135e+01
1.537086136846259876e+01
1.567856586376450423e+01
1.568302653948242131e+01
1.522513197904905624e+01
1.570730853184920406e+01
1.508749885893718101e+01
1.529215742106227971e+01
1.574071144966540992e+01
1.549946205093863227e+01
1.550874225397200235e+01
1.510233628217900304e+01
1.508654618652194479e+01
1.543444772426228440e+01
1.528519949402158318e+01
1.505967865233129999e+01
1.540354557824163706e+01
1.514281722835707455e+01
1.508357958517757424e+01
1.566385368195611605e+01
1.508889377227110629e+01
1.488033357389346101e+01
1.560899775365344766e+01
1.535792432894911208e+01
1.536054099470454126e+01
1.555507457783676273e+01
1.571344698773243032e+01
1.497815744585246200e+01
1.500900195279914406e+01
1.526811182363577579e+01
1.545831742007878873e+01
1.501674536479461608e+01
1.543161056788452612e+01
1.542418139369514485e+01
1.500595929162112263e+01
1.494623245453950311e+01
1.544329313308205087e+01
1.511657050756422471e+01
1.517499790501504364e+01
1.493701186211173138e+01
1.491537027476703514e+01
1.576479062898147632e+01
1.576065183652133861e+01
1.535446787688457881e+01
1.574502287289423563e+01
1.540666871363594659e+01
1.488318417862779874e+01
1.544647818046366083e+01
1.612531317518070040e+01
1.538904463866207983e+01
1.459436642378831195e+01
1.528679853081856344e+01
1.534210260289331096e+01
1.564164204174287676e+01
1.500034682047667722e+01
1.519519684205635990e+01
1.539506184011131396e+01
1.516119441280775604e+01
1.523737708285139547e+01
1.531551649458633158e+01
1.587913287660720307e+01
1.518197138231908916e+01
1.510516901137857992e+01
1.493215755031775238e+01
1.509917223731427605e+01
1.569502952505937365e+01
1.549908440174215585e+01
1.539062142780319498e+01
1.569806941112361720e+01
1.518116924499491383e+01
1.529518352671614601e+01
1.515740518411917925e+01
1.564846669428611392e+01
1.573331653872894620e+01
1.584672050664657128e+01
1.492918487254859450e+01
1.507692622603864052e+01
1.564926273338299545e+01
1.538853519853872776e+01
1.520127285228159764e+01
1.559417080698325897e+01
1.545279944182873955e+01
1.510492416001641125e+01
1.538857550482544490e+01
1.580019830686106452e+01
1.557483871029736378e+01
1.422827970178875745e+01
1.589394703022687771e+01
1.561305160295937711e+01
1.471421920645005876e+01
1.542388038315551491e+01
1.530148692784139719e+01
1.515689215476916019e+01
1.543245793188185644e+01
1.547637830539553150e+01
1.472057966304259402e+01
1.550921752687168897e+01
1.548639106420443134e+01
1.568904098339841546e+01
1.529013425415334382e+01
1.553538067759427577e+01
1.532455136007595620e+01
1.572997907127973427e+01
1.515397707508343750e+01
1.547302248193904539e+01
1.527302743829810794e+01
1.531772797243849915e+01
1.580856099809631488e+01
1.560062665588169573e+01
1.527690499830559645e+01
1.564278740234348497e+01
1.474122912959829002e+01
1.559748264723936906e+01
1.502066271110090234e+01
1.538005093397686274e+01
1.547085738025103829e+01
1.543074896146636021e+01
1.555816939356481932e+01
1.507609387348666097e+01
1.536659055335779200e+01
1.522707699375997592e+01
1.565216226538938216e+01
1.533790770569861017e+01
1.523520850648690939e+01
1.517270571292846881e+01
1.533744840311077517e+01
1.560975650967335504e+01
1.557065677592051856e+01
1.572384529284746613e+01
1.547816322100818454e+01
1.563893708719317921e+01
1.539284496207344510e+01
1.539883549632830650e+01
1.585399965553040680e+01
1.504962255818412054e+01
1.580092004398354888e+01
1.566999877287500276e+01
1.589817559268134595e+01
1.514007285411864778e+01
1.571368825546801062e+01
1.473041868937006882e+01
1.488494099572260509e+01
1.554530407419438554e+01
1.561120142922151999e+01
1.557795535830104683e+01
1.515701055390480079e+01
1.545660284514997684e+01
1.546807663106029196e+01
1.557114923286804853e+01
1.484549789093575534e+01
1.533225367833067665e+01
1.491141006941502134e+01
1.489628204957702273e+01
1.550894230369249094e+01
1.506736523431455588e+01
1.494168871998076753e+01
1.532845071685877159e+01
1.507677043401284322e+01
1.534649564224685925e+01
1.585213221384261040e+01
1.554895374790697815e+01
1.555186166937247094e+01
1.547168552933398367e+01
1.563448853175622766e+01
1.504333760061008363e+01
1.541964758383162071e+01
1.546927591334893037e+01
1.574027811589028047e+01
1.565468336496774171e+01
1.520384390483604875e+01
1.563337250548195279e+01
1.567384347155431890e+01
1.515924638634780131e+01
1.529094313234975289e+01
1.542044230594271426e+01
1.515060074023933723e+01
1.504579150412758715e+01
1.532788535189075674e+01
1.553551611931944620e+01
1.567741712598613191e+01
1.512548918261607511e+01
1.560470990044336048e+01
1.522674505383709409e+01
1.578887036966035140e+01
1.537190151336781341e+01
1.524330400786745798e+01
1.497269785007449983e+01
1.514396161225602988e+01
1.531068208214687942e+01
1.553228874272440763e+01
1.539974835395155139e+01
1.521281316561688257e+01
1.577375250320175049e+01
1.557521907311685005e+01
1.561772633757145989e+01
1.505294100644096567e+01
1.577418500403535440e+01
1.496102048776006477e+01
1.523845347569432285e+01
1.524613300739821575e+01
1.549762673884172237e+01
1.505099781620830868e+01
1.600727581657881515e+01
1.546327067372811293e+01
1.477417300805576161e+01
1.557976674889939872e+01
1.541366577597538701e+01
1.543933811814207147e+01
1.503544081939491939e+01
1.507617654599847334e+01
1.515375706074766882e+01
1.532738534455698698e+01
1.500304607606327423e+01
1.548826637878159573e+01
1.576916189422951931e+01
1.545951082336512350e+01
1.536689114138021317e+01
1.520425199871620947e+01
1.476702267177356021e+01
1.548150088487253839e+01
1.489839383357808522e+01
1.507150164999772990e+01
1.533914112776586336e+01
1.512320081353021628e+01
1.525894408522551693e+01
1.529270045442354053e+01
1.542207082534136120e+01
1.517284657537544668e+01
1.508099367859590423e+01
1.491805306492985039e+01
1.545641218858195387e+01
1.545013675269529863e+01
1.530743345674557609e+01
1.586699271764365982e+01
1.576514793910616063e+01
1.514952862126795985e+01
1.555630505493203408e+01
1.500750655908701781e+01
1.536313403441956815e+01
1.573260146125293524e+01
1.576868953875033519e+01
1.524752433693293163e+01
1.495861311383192138e+01
1.526596309252758310e+01
1.569450944492816014e+01
1.539226216846393491e+01
1.514755759990639206e+01
1.526571727640043719e+01
1.535196209067783535e+01
1.596118365882732171e+01
1.569275988581001080e+01
1.534509591020729857e+01
1.564919503699699987e+01
1.481425911578829613e+01
1.558122203555877761e+01
1.531030995852905363e+01
1.483888790280967207e+01
1.514618109793321388e+01
1.534848797110407048e+01
1.559055553493914914e+01
1.534320378525950623e+01
1.557932520710235025e+01
1.588162068828200191e+01
1.459641131377603784e+01
1.527046159446121720e+01
1.554907396571534051e+01
1.522387131811591132e+01
1.566474797786718653e+01
1.494071843089420604e+01
1.505953402370363214e+01
1.559719157038890458e+01
1.518083239843541321e+01
1.535603356540081244e+01
1.564913244508285395e+01
1.487179934389019564e+01
1.542018791451757131e+01
1.517574314636459576e+01
1.584308114681008917e+01
1.544022162565419265e+01
1.523017059758760006e+01
1.540962459918982219e+01
1.517606677204425480e+01
1.567150038901410802e+01
1.509928960198899972e+01
1.517290884303356613e+01
1.538667091618808236e+01
1.511837238689552088e+01
1.513099589546058610e+01
1.579392738792718376e+01
1.521106997170130448e+01
1.514744385733493459e+01
1.534509588510644384e+01
1.513577644030389102e+01
1.500872452107095256e+01
1.557268872084043032e+01
1.549966825406421123e+01
1.533280713254729655e+01
1.535928406667079926e+01
1.522943130665465183e+01
1.536728979615595669e+01
1.523092849250872760e+01
1.474388910679282638e+01
1.525975455775182965e+01
1.514240448569054109e+01
1.562524944215871869e+01
1.577729292178714537e+01
1.521411528829555948e+01
1.532477353418287436e+01
1.571054161287616679e+01
1.579507061654244993e+01
1.532738559924570687e+01
1.531936753315016375e+01
1.519990988607913707e+01
1.568235539663016986e+01
1.473938040364860846e+01
1.532504991565431496e+01
1.551353984389864316e+01
1.502978600609447390e+01
1.513547184515610233e+01
1.546534444324312751e+01
1.559471081160749861e+01
1.602071456059274013e+01
1.545313648705357501e+01
1.578766331566821890e+01
1.556362811370886945e+01
1.635859100058269888e+01
1.509818109372054806e+01
1.514156119831510949e+01
1.537737074941984794e+01
1.510380894959101106e+01
1.501421609409052493e+01
1.578952565291604593e+01
1.554181679161538376e+01
1.565521479546599970e+01
1.445659589486263741e+01
1.518972206481488740e+01
1.500658197890950341e+01
1.507887094976053710e+01
1.519125056326235956e+01
1.518511363698604200e+01
1.534260058476137267e+01
1.581018522517683245e+01
1.572488813867530766e+01
1.493762904367233979e+01
1.534379172856974094e+01
1.511669218363933531e+01
1.563118316540638020e+01
1.539896899524976703e+01
1.586532309532500307e+01
1.564737836234885471e+01
1.509846519572740675e+01
1.527378459061736216e+01
1.531011438264217617e+01
1.523737145417699423e+01
1.456761507318756976e+01
1.507769109373393412e+01
1.483294942170010700e+01
1.573965787642165814e+01
1.517878946793534389e+01
1.509570206087935595e+01
1.473780720492597673e+01
1.556678331229456802e+01
1.543599660407268992e+01
1.580073484972454878e+01
1.545996139179131390e+01
1.476646180380628870e+01
1.595440158145829557e+01
1.542935856135470729e+01
1.572494924749574707e+01
1.508575040774775999e+01
1.514943438770782613e+01
1.552897512873815700e+01
1.523481386479841326e+01
1.443758887423697246e+01
1.526400279480181510e+01
1.537969668734922379e+01
1.538582296415520645e+01
1.502547662169731346e+01
1.569734607152042472e+01
1.558356138046099026e+01
1.552147087377158563e+01
1.519992397372732107e+01
1.562960965500563582e+01
1.505217054892702322e+01
1.444796993504693994e+01
1.539770672446466904e+01
1.548561012792771407e+01
1.517084913590165307e+01
1.543265215786022360e+01
1.490079281494193708e+01
1.559955865622809768e+01
1.483159918218947837e+01
1.525671461711690924e+01
1.529904327184809709e+01
1.512045157223634995e+01
1.525872937984503608e+01
1.507264642794285514e+01
1.543801303098169697e+01
1.617683898234408701e+01
1.526234487409636920e+01
1.541799905363057555e+01
1.528907486076622035e+01
1.505562008230324089e+01
1.518046301699688883e+01
1.497316286144785913e+01
1.525754503046796451e+01
1.500284126593754408e+01
1.530802498772186659e+01
1.587090148704789883e+01
1.571220036761440575e+01
1.508726561032575120e+01
1.538139312973292405e+01
1.534713995982948731e+01
1.555568475321491917e+01
1.526891763397687640e+01
1.533486069064873902e+01
1.517228962569326001e+01
1.564195210552980875e+01
1.559903414545508404e+01
1.499778249885242154e+01
1.557562367834564299e+01
1.559505648124995858e+01
1.516659263640277722e+01
1.550345898980389059e+01
1.539048124273421259e+01
1.533011076875325607e+01
1.546370132689718879e+01
1.511687584006404883e+01
1.585331037866913206e+01
1.527932542734951937e+01
1.526701084343115156e+01
1.567853524035226975e+01
1.518597249083367196e+01
1.539883004945075484e+01
1.515554603288409830e+01
1.573721495006667936e+01
1.555031434937279933e+01
1.540932776255595194e+01
1.585034926637888653e+01
1.511583526614759165e+01
1.452428591087658205e+01
1.528805569357813710e+01
1.528110364709630176e+01
1.524557131632039209e+01
1.530638951814242787e+01
1.604931541296499020e+01
1.561635611165184123e+01
1.495207458144530399e+01
1.502747416528720947e+01
1.517330162940591975e+01
1.524351434569964958e+01
1.565230303226738329e+01
1.521011155060573294e+01
1.543392862233485907e+01
1.546664042360079883e+01
1.543773597198672221e+01
1.493707387276860565e+01
1.576082257081459836e+01
1.521527989782518198e+01
1.527808468173841661e+01
1.515399426646751202e+01
1.568896346738908498e+01
1.498741286484330892e+01
1.500717319566411412e+01
1.519410584213865256e+01
1.500664552895439208e+01
1.530027696319560704e+01
1.560803660407595395e+01
1.528530961886922412e+01
1.566971918262228591e+01
1.540348841953421477e+01
1.543712398845542566e+01
1.565239745132820737e+01
1.574986482177344094e+01
1.527357003565727211e+01
1.543721493307180559e+01
1.520354420726467204e+01
1.542603135392340263e+01
1.555347201339363394e+01
1.492955797086114345e+01
1.575898986622254760e+01
1.509035604495164584e+01
1.557699836889221778e+01
1.556035655172953724e+01
1.546627380988901734e+01
1.485423111686026765e+01
1.505845342517987362e+01
1.513399513919793549e+01
1.546967899020367732e+01
1.537782566383238425e+01
1.513298181493906114e+01
1.477013291494259484e+01
1.556165614626290150e+01
1.534197688136191573e+01
1.543071089635855309e+01
1.557949176142748016e+01
1.500986110505885840e+01
1.527271099566450019e+01
1.481984169216018365e+01
1.545283733104012924e+01
1.529271393374012966e+01
1.475042661032020064e+01
1.518113276661987321e+01
1.488217881304064072e+01
1.538942969402731187e+01
1.561318740670948024e+01
1.540484153021976610e+01
1.491843398144803245e+01
1.506666297108722752e+01
1.517711916287093210e+01
1.535240577671402562e+01
1.542159306050693068e+01
1.514102598849544812e+01
1.536390109464599085e+01
1.510943987028812074e+01
1.523122801348357491e+01
1.556879635908195780e+01
1.546487105941054807e+01
1.532046744167931074e+01
1.526879284758004474e+01
1.564040703897923024e+01
1.560644901826763231e+01
1.580623886841620873e+01
1.557031478903025246e+01
1.485869198310392569e+01
1.510198217317232050e+01
1.547833202264285468e+01
1.618505196004584690e+01
1.520636459153018194e+01
1.498215575315322212e+01
1.554303173816142802e+01
1.544351270481348060e+01
1.553848643493287973e+01
1.530301633036045317e+01
1.501131460396435635e+01
1.566385070780349587e+01
1.499704689366665811e+01
1.514191504994410842e+01
1.561573788876593660e+01
1.566095412779163532e+01
1.522359087335942363e+01
1.541090711582882022e+01
1.506446157144378262e+01
1.553760462478794402e+01
1.484423873145191664e+01
1.571017646138161439e+01
1.525037522887901531e+01
1.524774287168498965e+01
1.540842279827080752e+01
1.519525130642480981e+01
1.504730581125939182e+01
1.520197629637510417e+01
1.497492053297132131e+01
1.534668004173662759e+01
1.578066073608933806e+01
1.519787575941189672e+01
1.541986722154409151e+01
1.538198568641924169e+01
1.578921398447779545e+01
1.573147427239218210e+01
1.483471616442905372e+01
1.585917591032225182e+01
1.540691890019795629e+01
1.493934793435187025e+01
1.597492809240379508e+01
1.509591401150731294e+01
1.546516017609211069e+01
1.526702861361804153e+01
1.509703057511772428e+01
1.509548476087803692e+01
1.553603492801776476e+01
1.525224740876543628e+01
1.550986661289253021e+01
1.557422446464070376e+01
1.557521854837631459e+01
1.519821577889140940e+01
1.506762442878961039e+01
1.557119097501580995e+01
1.526409448233736654e+01
1.544349971363076435e+01
1.550120074521737656e+01
1.551072202439689640e+01
1.517394220278607975e+01
1.489921827850476888e+01
1.536312400776641951e+01
1.489161765990540864e+01
1.568227554759703857e+01
1.518902083438230655e+01
1.527221498943901601e+01
1.568426548093586881e+01
1.500234277673276218e+01
1.564399135926145057e+01
1.568193331737780483e+01
1.521147055502914824e+01
1.531804436959391502e+01
1.584415530110770653e+01
1.515229398814650352e+01
1.569645497733531414e+01
1.564518759603679143e+01
1.489939247893369334e+01
1.510024237405900394e+01
1.565138506051029843e+01
1.521504198817365427e+01
1.562676391413143584e+01
1.538808648711839133e+01
1.562876533420889125e+01
1.542544327758315781e+01
1.548373035941694020e+01
1.585836745688136951e+01
1.570863817409644270e+01
1.574027575997375905e+01
1.537171043398612547e+01
1.496505624439715199e+01
1.551042174709335875e+01
1.525372678612103705e+01
1.546228354802803651e+01
1.532123806036744718e+01
1.511918477330656430e+01
1.524972236068889409e+01
1.597419863918242910e+01
1.539815712131187730e+01
1.564976700684223587e+01
1.529127758795832293e+01
1.526845777958615002e+01
1.556065348948611593e+01
1.499806208771131466e+01
1.524555341133678787e+01
1.483338134986256485e+01
1.533298955726575485e+01
1.524742442916922869e+01
1.489514794698268574e+01
1.558345752780537730e+01
1.524028109627304239e+01
1.557974696445078067e+01
1.537400833133563616e+01
1.531761768333353047e+01
1.574147959999686996e+01
1.553267926582837966e+01
1.537324881222880713e+01
1.491609888235480064e+01
1.538098277710911610e+01
1.551835882118073329e+01
1.576556671523327147e+01
1.527529282182779369e+01
1.512894364982053830e+01
1.531946048726092435e+01
1.523514631123759600e+01
1.517890889920448672e+01
1.529425072883233838e+01
1.506470296239219486e+01
1.512451711177816982e+01
1.460751046853300572e+01
1.540169437607190517e+01
1.535706902868442114e+01
1.514220598286768649e+01
1.547164075623162560e+01
1.608921867426937879e+01
1.543058335848119889e+01
1.525416723480951120e+01
1.547043671064800563e+01
1.490080984034048761e+01
1.583813857401542258e+01
1.548858993604350154e+01
1.577979708298981443e+01
1.519946223925304452e+01
1.582306265134183398e+01
1.506796047060798571e+01
1.525021946917222948e+01
1.512368361704418618e+01
1.518740226025089335e+01
1.580362997123102886e+01
1.521741736088283403e+01
1.524540902974553269e+01
1.515328246810899948e+01
1.628776286027044762e+01
1.534994947284799061e+01
1.527931120416769950e+01
1.486251870595153690e+01
1.574108140942886003e+01
1.567670713924620607e+01
1.468312745302588596e+01
1.518432293434018909e+01
1.530230465998900158e+01
1.517803621808237047e+01
1.532309528810224286e+01
1.546653503091317994e+01
1.536027030253257131e+01
1.543843953655585821e+01
1.497532876966622339e+01
1.505375184304664771e+01
1.546533924951289052e+01
1.591959163009737566e+01
1.533062395025158331e+01
1.588310327997106697e+01
1.503228406854747234e+01
1.525488726594940481e+01
1.508441408113945315e+01
1.556243003579923823e+01
1.544928191557028363e+01
1.508072219063641484e+01
1.490574885068227395e+01
1.608317080175729075e+01
1.614869172286229571e+01
1.473506882805035723e+01
1.561117915857970928e+01
1.560839775389638717e+01
1.542506115790847154e+01
1.528140816281596770e+01
1.514034608752117173e+01
1.523566835616788140e+01
1.512176971819339677e+01
1.533122981944410057e+01
1.570113917681326576e+01
1.559112799116652859e+01
1.565251710689349274e+01
1.509861228563450908e+01
1.557581836603192116e+01
1.519995306081883868e+01
1.506082548145784372e+01
1.456313207621282046e+01
1.571894946435177687e+01
1.574126611300484235e+01
1.532466256269338167e+01
1.532714206485307251e+01
1.561092680909004748e+01
1.569247375728747862e+01
1.521467569870576320e+01
1.605279407271546788e+01
1.521146742190307144e+01
1.572134125251393399e+01
1.504883954499461041e+01
1.514966030172463363e+01
1.478130435167744317e+01
1.542991937265576574e+01
1.515801478236338440e+01
1.552874028229715542e+01
1.516921389574963719e+01
1.575272887132516431e+01
1.551613234781641459e+01
1.519202932108999526e+01
1.535769316968214859e+01
1.504043228209178373e+01
1.568596729539138224e+01
1.498909072544872956e+01
1.485179417961166948e+01
1.574540972449360865e+01
1.538907669190710337e+01
1.516586480001098103e+01
1.550114776537138539e+01
1.513564487732865160e+01
1.540591643968372004e+01
1.570483209445721151e+01
1.491682297660320522e+01
1.533038526806331880e+01
1.569977024504696139e+01
1.567291971296308972e+01
1.517516684995456799e+01
1.526979260613759948e+01
1.533922966151614098e+01
1.533698596945891524e+01
1.587035533325591530e+01
1.465910782155540915e+01
1.493126642408927474e+01
1.539780323989391242e+01
1.551342982580690588e+01
1.533795221775937456e+01
1.498792149996841694e+01
1.575575608410424699e+01
1.505270191039609884e+01
1.508521372124598159e+01
1.529228694131657562e+01
1.538212937251797108e+01
1.514602502986087984e+01
1.504441629026487348e+01
1.520842095779054581e+01
1.506556312238214446e+01
1.540541755666706969e+01
1.559288637440243797e+01
1.524120857363651460e+01
1.543107976031202533e+01
1.552816628494700346e+01
1.499989762327664700e+01
1.529390559679574757e+01
1.546796625470757114e+01
1.488983364201480342e+01
1.540096807896998854e+01
1.484255991665206942e+01
1.509099517576543548e+01
1.538759422612080741e+01
1.565591718668639132e+01
1.505079283087670206e+01
1.596345420174239393e+01
1.512071915298205127e+01
1.534482196618863270e+01
1.519268962094380448e+01
1.583434353955622420e+01
1.473801070912101530e+01
1.568031299827403480e+01
1.514085829044734233e+01
1.567430246573010955e+01
1.563973364038410807e+01
1.529070027080706495e+01
1.496190262934946524e+01
1.502391184038349081e+01
1.518414804884404568e+01
1.419155699456161557e+01
1.480050067596327779e+01
1.480603782802225687e+01
1.480440230962816095e+01
1.533329832741597443e+01
1.491476812590424927e+01
1.533625818286780174e+01
1.498631766188701420e+01
1.507419270210452389e+01
1.530058839898892842e+01
1.590098805357099465e+01
1.499298619651512254e+01
1.543846763467422001e+01
1.527068120656016603e+01
1.526885127420461608e+01
1.517477996414326746e+01
1.547590795938018893e+01
1.568676159978652684e+01
1.587303883914559499e+01
1.572779159128040760e+01
1.528785968085144731e+01
1.595969395168959437e+01
1.524849680828745413e+01
1.499151888237894248e+01
1.565757976982115984e+01
1.506157809553057447e+01
1.560236422558837965e+01
1.559263188834359681e+01
1.558511355625066663e+01
1.558089691056484050e+01
1.554356401386220909e+01
1.514838391825404962e+01
1.586198379283349524e+01
1.561858076387608740e+01
1.544691682259002263e+01
1.530950039256556572e+01
1.529261304254197817e+01
1.547182521352569751e+01
1.468554416352821512e+01
1.564580294558717277e+01
1.573092882312488427e+01
1.555346227673185133e+01
1.509688582893879172e+01
1.487291062926443885e+01
1.544501472345952386e+01
1.529596554428854205e+01
1.528120283228897058e+01
1.533373199449036939e+01
1.503061036293948050e+01
1.523494203533039482e+01
1.566401189558131790e+01
1.499315404062662793e+01
1.537663775369127173e+01
1.528356568274683092e+01
1.535111922803240425e+01
1.487465258947106150e+01
1.530907110027545848e+01
1.557976529363274842e+01
1.537570096023991795e+01
1.540135636968825139e+01
1.522766607299011810e+01
1.522438839955177414e+01
1.589526275402648459e+01
1.548651128291502665e+01
1.591265872520479618e+01
1.557233139746531947e+01
1.530306364631203309e+01
1.492281260860989178e+01
1.529214559333555634e+01
1.591989867635824041e+01
1.444956645285815533e+01
1.502510215335265187e+01
1.490628291420839169e+01
1.485490562758270627e+01
1.572311452168586499e+01
1.555692096166985294e+01
1.507913173164399545e+01
1.529520352768972735e+01
1.481668836289322932e+01
1.553618020015368906e+01
1.605360191850556362e+01
1.551267733700034590e+01
1.521707524505780995e+01
1.605359180763178983e+01
1.501058795745026764e+01
1.537973463852867617e+01
1.503980588531556428e+01
1.517765196130971894e+01
1.531995732471287397e+01
1.513551732922800497e+01
1.510367539443912577e+01
1.546443806426806944e+01
1.515287828787376156e+01
1.518728921988487102e+01
1.563543105361043928e+01
1.525925950758158045e+01
1.497585662543344398e+01
1.526124624022468268e+01
1.568023620613366376e+01
1.544512919659023176e+01
1.545062146263499159e+01
1.532478722324403897e+01
1.510580896694915154e+01
1.521776617624976780e+01
1.564094387918220974e+01
1.542323334950513569e+01
1.551067125536901692e+01
1.483917468072040435e+01
1.515259849883404542e+01
1.563984908273726226e+01
1.477828360044704148e+01
1.453484590603570759e+01
1.497570526796313217e+01
1.527127966489884692e+01
1.534441465627682177e+01
1.520794821627270643e+01
1.541581870333605409e+01
1.540468029375438874e+01
1.511007381536791883e+01
1.575942970692396372e+01
1.514363894809203970e+01
1.579614401733480378e+01
1.539024115556633454e+01
1.554028591268911441e+01
1.574865563003392666e+01
1.511089067830610055e+01
1.516776310948331918e+01
1.508020293597850348e+01
1.479249412771310368e+01
1.561617011657714649e+01
1.514147107845439422e+01
1.539154037365372929e+01
1.526145272185093837e+01
1.519352697001144215e+01
1.546775850461061985e+01
1.497992050415152754e+01
1.540130441637338699e+01
1.516628272508327946e+01
1.496175019247677085e+01
1.511420017288607731e+01
1.492563388401379321e+01
1.478221237016483158e+01
1.473793177898459383e+01
1.522049473494122651e+01
1.522728088254134704e+01
1.547335327197020582e+01
1.562329921017947676e+01
1.563834185452953918e+01
1.530986037616101036e+01
1.519276023674862586e+01
1.576318426676786544e+01
1.492437055147322056e+01
1.562148460085971280e+01
1.507704901729515612e+01
1.547723877683308302e+01
1.507048589123840188e+01
1.509434728002138293e+01
1.516221295907262601e+01
1.544583590959586594e+01
1.510689854877402638e+01
1.557587311668828711e+01
1.551222999408012093e+01
1.513534957164370454e+01
1.561546462557446269e+01
1.587275156283191535e+01
1.523304658822321223e+01
1.528636935874701663e+01
1.519788591928259436e+01
1.530847562330706957e+01
1.532001282382733898e+01
1.545610648780842666e+01
1.418278097454742515e+01
1.522387052378834404e+01
1.539676640508627514e+01
1.570709991027378472e+01
1.548158857097550900e+01
1.554095093144225004e+01
1.524233515506829839e+01
1.538772982091763275e+01
1.535434493482752671e+01
1.518064978153995170e+01
1.546649308909347376e+01
1.496112963903005877e+01
1.469384435554580826e+01
1.565047944411708869e+01
1.546858255054127440e+01
1.528072586497243357e+01
1.517672379280563533e+01
1.572577227816450041e+01
1.552390065912121386e+01
1.500767013216017176e+01
1.509883770563129346e+01
1.547725883086069665e+01
1.548871796099963660e+01
1.513131708410936405e+01
1.540502230223203561e+01
1.502837873723927764e+01
1.527819016785873529e+01
1.565088004587715709e+01
1.487021105992293180e+01
1.513014675301437606e+01
1.550606051126684903e+01
1.526033241523511208e+01
1.522945890289021342e+01
1.580144192220806154e+01
1.519288474818015544e+01
1.525266375719198919e+01
1.537278932115359353e+01
1.528994344986642062e+01
1.550936417438441950e+01
1.542184411064756411e+01
1.577530820888636676e+01
1.576284930875101686e+01
1.536223336027953934e+01
1.504074803377201519e+01
1.488868522483341827e+01
1.542184751092289297e+01
1.571596588920045967e+01
1.572536681843037343e+01
1.530321843659515935e+01
1.507954476629858043e+01
1.537869109573840021e+01
1.563842384173869604e+01
1.489188652883725794e+01
1.508379912324518557e+01
1.488890404863278860e+01
1.462225451616208716e+01
1.535197357643812310e+01
1.537489583523725223e+01
1.528717404635351862e+01
1.486172985008082215e+01
1.519031358003701015e+01
1.542102573667528986e+01
1.570110627477632192e+01
1.572988482024314827e+01
1.493908273737650916e+01
1.509224105317177944e+01
1.553540310149967318e+01
1.552737795165990065e+01
1.575108167377461221e+01
1.530802847784535636e+01
1.510505799529950544e+01
1.475366931855164587e+01
1.490145510366530957e+01
1.492594252943681354e+01
1.462251951611581724e+01
1.532932620087604292e+01
1.559128880846305520e+01
1.581831532173603172e+01
1.613310226958577687e+01
1.517139165910507792e+01
1.531915291537487001e+01
1.506801460588655317e+01
1.498248274172232364e+01
1.544354858896056726e+01
1.534829218860549460e+01
1.518735879455340942e+01
1.560545243208975386e+01
1.528012526463225917e+01
1.535191370755932994e+01
1.514569638991596001e+01
1.549401966313260637e+01
1.544360906642344844e+01
1.521613297862981362e+01
1.473400785067108032e+01
1.513976024386960262e+01
1.502896488469765046e+01
1.550979126893356508e+01
1.514850107557697001e+01
1.469295339991998617e+01
1.504809887152740089e+01
1.554301227047336376e+01
1.533567720573564230e+01
1.512323168374413385e+01
1.514355772045872150e+01
1.527608741934376013e+01
1.512168012063497358e+01
1.523454736235343354e+01
1.457075690595261541e+01
1.513695826665293254e+01
1.519555237464012087e+01
1.527917809320652864e+01
1.518974060048170216e+01
1.484134146388968567e+01
1.572421347976614925e+01
1.507603238378790600e+01
1.521139996332070865e+01
1.527280438134210527e+01
1.553026093429822652e+01
1.549789885913518184e+01
1.517541109499265595e+01
1.524515873849309955e+01
1.490848134996383578e+01
1.626906556157271666e+01
1.549621528754293642e+01
1.505330185603023452e+01
1.571023672907766766e+01
1.508962676669857927e+01
1.543522311119595969e+01
1.594954779712785786e+01
1.569632321793876706e+01
1.511320237290666313e+01
1.508789862920879976e+01
1.564052575036157933e+01
1.461146541596497350e+01
1.506177682521969352e+01
1.507294686967955144e+01
1.535845470422202119e+01
1.537823320795911464e+01
1.523053139409537948e+01
1.536263777515501339e+01
1.535821813311902062e+01
1.491747850780561180e+01
1.494207686616043418e+01
1.576680719157679533e+01
1.521414844993039139e+01
1.499031850007879108e+01
1.485734927965317098e+01
1.512923430429110638e+01
1.568461333252343159e+01
1.473406618708566818e+01
1.499708567547867943e+01
1.536236607106808449e+01
1.552325640008253949e+01
1.605131993109996458e+01
1.554880698046197729e+01
1.525854067974535866e+01
1.543534042445770460e+01
1.512890310972712626e+01
1.521313223970572182e+01
1.542698627611584428e+01
1.510517558128081639e+01
1.531129956869838615e+01
1.497127294549260945e+01
1.508286813323600839e+01
1.561285292651805889e+01
1.565403974410766708e+01
1.566881072821353094e+01
1.555133752520618096e+01
1.507598533948188901e+01
1.515685699383197971e+01
1.526295571720532784e+01
1.511353219562070826e+01
1.468911669010066845e+01
1.585378649534016304e+01
1.530083617724279499e+01
1.511176473707735468e+01
1.554759465889972248e+01
1.521361866246726180e+01
1.554778222580284641e+01
1.471683687559082543e+01
1.612239280742043235e+01
1.544992281601578554e+01
1.532500546135707076e+01
1.544309024045100465e+01
1.555408126562517168e+01
1.535374648067414149e+01
1.507934180360503262e+01
1.582906375832479107e+01
1.503590266879194104e+01
1.513123092112690671e+01
1.555750307525442366e+01
1.570880580765540913e+01
1.550567156274689751e+01
1.524852547815667592e+01
1.521811099610089890e+01
1.512022739701555629e+01
1.542545324891088399e+01
1.514148054386181030e+01
1.490174172281727571e+01
1.556329088883653000e+01
1.550723234280172846e+01
1.557127903541459979e+01
1.548170924373545354e+01
1.564660736610484904e+01
1.535914492986331759e+01
1.505186913784668157e+01
1.499393690511371879e+01
1.522098655656621524e+01
1.544127035743140119e+01
1.524787418488352841e+01
1.529913454151894570e+01
1.577960903278543903e+01
1.543267889953044403e+01
1.516640672465436701e+01
1.545041255327189056e+01
1.544256254913969428e+01
1.557522061999045526e+01
1.505836489089033137e+01
1.533005105097375775e+01
1.515205642524959551e+01
1.519124705411645415e+01
1.533830089179906153e+01
1.555585997672130638e+01
1.508500063878685893e+01
1.524987342173091065e+01
1.505728682571354682e+01
1.539392487523684672e+01
1.583811376551115480e+01
1.583078064089066217e+01
1.558567127756991333e+01
1.557617732689297974e+01
1.524037688684421887e+01
1.514020631588848786e+01
1.538312661083317856e+01
1.572235022469257260e+01
1.508852857334536957e+01
1.537820437415381924e+01
1.517212723055422252e+01
1.509789005492943836e+01
1.549820550552301235e+01
1.497914842161104865e+01
1.560315352952678225e+01
1.546046317990788310e+01
1.542983657792081686e+01
1.573705419726386801e+01
1.564457163613418444e+01
1.537083843595827837e+01
1.584201231633391593e+01
1.551769367974776337e+01
1.506309930220933069e+01
1.495285592944229691e+01
1.575711228710803802e+01
1.560570927356533844e+01
1.535013480335363489e+01
1.546085703799747435e+01
1.534466540385278499e+01
1.536544793196082637e+01
1.541848424548832952e+01
1.555570079700215835e+01
1.589277774993763259e+01
1.528426774628237617e+01
1.537557158317273753e+01
1.518045852540861418e+01
1.551438241829447939e+01
1.554865369584950230e+01
1.505983116393487897e+01
1.505420068064214512e+01
1.552702607419562320e+01
1.571658332873021813e+01
1.532052952936402512e+01
1.599210370760624755e+01
1.540789652393099729e+01
1.544805481177565909e+01
1.531126317041649365e+01
1.519717615005126454e+01
1.525488967932674278e+01
1.523974424661092719e+01
1.592778792208360628e+01
1.521229602730798725e+01
1.524370539661140356e+01
1.526868889669012752e+01
1.552178309651378285e+01
1.529114837681117578e+01
1.552301837357686232e+01
1.564522122545500515e+01
1.548167156260277899e+01
1.569432141788375645e+01
1.518378463494438613e+01
1.514107532156820035e+01
1.565374806647649031e+01
1.532925793635286915e+01
1.552649705751957399e+01
1.520112192325699496e+01
1.498304919676068891e+01
1.521220249037250660e+01
1.554101245378204688e+01
1.538824153168135034e+01
1.554394607196695155e+01
1.527378214018858671e+01
1.552670312517721918e+01
1.543536846285977582e+01
1.566987653902129551e+01
1.522545972446079077e+01
1.554308393275427669e+01
1.519458499987681144e+01
1.512706910321090525e+01
1.630929174224630529e+01
1.496571669509542168e+01
1.541307612857842280e+01
1.544750197487804932e+01
1.551475309479967102e+01
1.537483868579254143e+01
1.561991739744987662e+01
1.541476157182809992e+01
1.511018321414665166e+01
1.505660092282120388e+01
1.597831160496964031e+01
1.539083520533832328e+01
1.576898821081947055e+01
1.557170177102349484e+01
1.569860744776971018e+01
1.509612747802002808e+01
1.546981482796627638e+01
1.498414717966250898e+01
1.534973089032468785e+01
1.517129844404808736e+01
1.544516624107671277e+01
1.474106111795340368e+01
1.564152766657201532e+01
1.493790970997896927e+01
1.587012526612670094e+01
1.515260185009235272e+01
1.505625514618602878e+01
1.560537670572550084e+01
1.481061610658288430e+01
1.520771553412770061e+01
1.505181868472271134e+01
1.541905499472215624e+01
1.502381991271265882e+01
1.538368373737687200e+01
1.544613128285810788e+01
1.481598227377065058e+01
1.563810453887556484e+01
1.509865989296403654e+01
1.563862431130758068e+01
1.508086510058119600e+01
1.515834428101724107e+01
1.487150444953281792e+01
1.537863426959751756e+01
1.557512152567657004e+01
1.535983350572630357e+01
1.543669401144282460e+01
1.517787150453936640e+01
1.520695867038478077e+01
1.550686717747834464e+01
1.533660287184532933e+01
1.526859767200179796e+01
1.584967443509992080e+01
1.532750724499316419e+01
1.571148135452312111e+01
1.515436570237799430e+01
1.541303608996361696e+01
1.548166748245076363e+01
1.542098097543274093e+01
1.526462054709455352e+01
1.523513455397102767e+01
1.492505655435178191e+01
1.550756902421859706e+01
1.509925330308726998e+01
1.495586875081123424e+01
1.493775699211815500e+01
1.530005791951349892e+01
1.523748192780285393e+01
1.512217937379932664e+01
1.513387682577844018e+01
1.549576708829946980e+01
1.512110364955917952e+01
1.524287029596189669e+01
1.595852040432470709e+01
1.576712166795226366e+01
1.520509141402083131e+01
1.599343551326711577e+01
1.503704510481961165e+01
1.523265567264420817e+01
1.541618285597271409e+01
1.521159996528701619e+01
1.516840317653581316e+01
1.545292236341114389e+01
1.522825769411407393e+01
1.535746311547734244e+01
1.511103923475624455e+01
1.545174039205025274e+01
1.548379126121540494e+01
1.519991166895970025e+01
1.539923566334698002e+01
1.483560286056855304e+01
1.593636624429090354e+01
1.564948539046693554e+01
1.578995551094575056e+01
1.524572715973817871e+01
1.557129928970555532e+01
1.494254402864698861e+01
1.509767213733566749e+01
1.504486947597995261e+01
1.565334120439316301e+01
1.545797970304286473e+01
1.568320446045917116e+01
1.569891309624452091e+01
1.491732778170801588e+01
1.561670266372884086e+01
1.505113186403413295e+01
1.504001115929453114e+01
1.552700441416096488e+01
1.515215561177790704e+01
1.538153523795477540e+01
1.519583071248062112e+01
1.488073052124011397e+01
1.530970131329955031e+01
1.536916821099904240e+01
1.508709210979124826e+01
1.548290967521922390e+01
1.540665813702526066e+01
1.532149016434967415e+01
1.505643480560196501e+01
1.505043901225971403e+01
1.550086444657850215e+01
1.538354669593488211e+01
1.518851345131579755e+01
1.529161402522699298e+01
1.571571306757983599e+01
1.528008933460044005e+01
1.531567866165695335e+01
1.545219172195326429e+01
1.526036101648613652e+01
1.526042926649112275e+01
1.586229412586593490e+01
1.512500121372682571e+01
1.510622868499129900e+01
1.563371560615742339e+01
1.521377476463170453e+01
1.516211165143350925e+01
1.538824967026564039e+01
1.564267173407286649e+01
1.520823854181827350e+01
1.516926781508188604e+01
1.575432208680774337e+01
1.550288316683384338e+01
1.499565456155874621e+01
1.506941002559040577e+01
1.502772520916211541e+01
1.563914219980267539e+01
1.494776502128232387e+01
1.512098042529773245e+01
1.476259547293796004e+01
1.528002317452342851e+01
1.524096374051803515e+01
1.510416643075278387e+01
1.485640603708832153e+01
1.559245712247662219e+01
1.522268878774960221e+01
1.537405030616621637e+01
1.538492150729906527e+01
1.527505564710925334e+01
1.543212447955505695e+01
1.495793115560554476e+01
1.517332886006902548e+01
1.532553420648543252e+01
1.528292196187098284e+01
1.501719785536355900e+01
1.468049770818586985e+01
1.558274253945423204e+01
1.549180985746215811e+01
1.527977634600542345e+01
1.570449843576416882e+01
1.476173863501631978e+01
1.513647920318760320e+01
1.462520804601417090e+01
1.533592659482581588e+01
1.624225630555129740e+01
1.504583549161555922e+01
1.540777601012972831e+01
1.593356360846535225e+01
1.519057408282449018e+01
1.548648293733607417e+01
1.519546160170238558e+01
1.560168488020686084e+01
1.537476505317956388e+01
1.551207748900102423e+01
1.535243894813081589e+01
1.521405630006015741e+01
1.513926021978089231e+01
1.558357760451356988e+01
1.600399844456995169e+01
1.520517675556937220e+01
1.531121951958645866e+01
1.550019241188470431e+01
1.562266224986162122e+01
1.576773409172087170e+01
1.528989325971981827e+01
1.520418622259810526e+01
1.503844676589566376e+01
1.508252902747660684e+01
1.536959227976878317e+01
1.538968334602833465e+01
1.508834830591248100e+01
1.525994474493792907e+01
1.510518771768618329e+01
1.556864547205139893e+01
1.580467507219891843e+01
1.565339523522609078e+01
1.528758509062716264e+01
1.512316569448001502e+01
1.524515865309478713e+01
1.534611581927345547e+01
1.544921688527201553e+01
1.538033073131563100e+01
1.616844623396186265e+01
1.539157160002632274e+01
1.561523716620894042e+01
1.513075043421206090e+01
1.540090078032399035e+01
1.533508346960771185e+01
1.598591174506280055e+01
1.582287337122916604e+01
1.537422162401024472e+01
1.537592593746768976e+01
1.508551049451786774e+01
1.544929883977425966e+01
1.523845247617711962e+01
1.533226442483536367e+01
1.530091471112384127e+01
1.505515009526150649e+01
1.545089673659610341e+01
1.524934013531332688e+01
1.527052605887185877e+01
1.520585216713838328e+01
1.532659130303136941e+01
1.498736563276413314e+01
1.547400032794693203e+01
1.531724414383357136e+01
1.538867439953371452e+01
1.550812930208006257e+01
1.588283989766810222e+01
1.516456077290320614e+01
1.536521420390808856e+01
1.547197971032112385e+01
1.512161824365522556e+01
1.544234866957889629e+01
1.526431463219760687e+01
1.514216407630899752e+01
1.516569532799670306e+01
1.544652737957736122e+01
1.537694093239212378e+01
1.582640424642859678e+01
1.541542167122236151e+01
1.534351538063228482e+01
1.570552849670522377e+01
1.511959822413519916e+01
1.455016504919577436e+01
1.524067148439023001e+01
1.506753227264307249e+01
1.546275661544815883e+01
1.521395942920380406e+01
1.493268479320692599e+01
1.559350024961499415e+01
1.518783374806469233e+01
1.529521425767593357e+01
1.545018762989840155e+01
1.527438784149075346e+01
1.552636570552813744e+01
1.568768889780806397e+01
1.520736765631219534e+01
1.529845227603959223e+01
1.547274110672969272e+01
1.485702387544503722e+01
1.519035336623356436e+01
