# Variable: A
# Sample shape: (3000,)
# Date: 2018-05-02 16:47:14.070808
1.684989830755436913e+01
1.682535597029891861e+01
1.695835402133403491e+01
1.683515615320925818e+01
1.711761170235545393e+01
1.707777929422412555e+01
1.711332925854281939e+01
1.708761645300865339e+01
1.695531528467700610e+01
1.702014784319587193e+01
1.695482782578303826e+01
1.698682276922018630e+01
1.703878547326260318e+01
1.703072680985701481e+01
1.684374831222481816e+01
1.716429626946758447e+01
1.685679955227725557e+01
1.712054082588332449e+01
1.692884529893153456e+01
1.697568725537200507e+01
1.665809872930191915e+01
1.707386147294019096e+01
1.699489391988235809e+01
1.695260965652631313e+01
1.683563105283389305e+01
1.692130313414716269e+01
1.689310416831649775e+01
1.700307808762161699e+01
1.704944805158457655e+01
1.693190364791572833e+01
1.677101638902086123e+01
1.689005825640845870e+01
1.685700648477530450e+01
1.671710900085026097e+01
1.718184071729179507e+01
1.691709224609226681e+01
1.691999016666984446e+01
1.697077314456480224e+01
1.690487676587629906e+01
1.679548570242862482e+01
1.688096903734184906e+01
1.679496689935378129e+01
1.701285802226314203e+01
1.686951724843595812e+01
1.680618250062168784e+01
1.704653491545764510e+01
1.681223894494791793e+01
1.674064630140738785e+01
1.712432276559086830e+01
1.684141681077294450e+01
1.691453315178855732e+01
1.704167121467181900e+01
1.716678012805446940e+01
1.714890381653173534e+01
1.662852231021789606e+01
1.670978652554136445e+01
1.698296991647018928e+01
1.694311091072645681e+01
1.694849881122737045e+01
1.695857028144373757e+01
1.687301062480329250e+01
1.706432495958996753e+01
1.704574305049582605e+01
1.681523030789669448e+01
1.687810988721391681e+01
1.680888515596612010e+01
1.700764185193109057e+01
1.689916563969178398e+01
1.679956817635099853e+01
1.686978914286709141e+01
1.706912144428209288e+01
1.713446685880644793e+01
1.691801448195799296e+01
1.684254333528264880e+01
1.707576697953161471e+01
1.683355278050120063e+01
1.686724087291817398e+01
1.692046078620587934e+01
1.702485928521965164e+01
1.688163701521351356e+01
1.718083027110323258e+01
1.674090685240367549e+01
1.706042166115139835e+01
1.689736131255207141e+01
1.703025443509504555e+01
1.691472133240920073e+01
1.719376795321038998e+01
1.680165327474103876e+01
1.688246553585527820e+01
1.685407111726613394e+01
1.711658121804640942e+01
1.696889463932539144e+01
1.694728223294998415e+01
1.685932548798126973e+01
1.712807615476696910e+01
1.694911267267342581e+01
1.701246736851707198e+01
1.676901340815643593e+01
1.669353620257104609e+01
1.698299124161165707e+01
1.673106708988368752e+01
1.695645422645251799e+01
1.668101261050881590e+01
1.702396981380978858e+01
1.698669278374389080e+01
1.700697251731725501e+01
1.688040566691217137e+01
1.709058984715057861e+01
1.703710829544475658e+01
1.698193172953598662e+01
1.694798823235675655e+01
1.703756246176096667e+01
1.697634769793413057e+01
1.689579599654186737e+01
1.707128409185168039e+01
1.691592609272386483e+01
1.684250108484426534e+01
1.698878164671176805e+01
1.694451261773508932e+01
1.673707019735843815e+01
1.677849486559126646e+01
1.690622187165237733e+01
1.687993587935394402e+01
1.705681220110639273e+01
1.698597069487928124e+01
1.710966861710508979e+01
1.678797454328200445e+01
1.681087290914419441e+01
1.678426404737121302e+01
1.683458963003707964e+01
1.667713843332274593e+01
1.705829404794934945e+01
1.678077439925516856e+01
1.675399327270861605e+01
1.702205633242627414e+01
1.694413174965197655e+01
1.700020287896342808e+01
1.686287353680693712e+01
1.693993113394046901e+01
1.685282930342810914e+01
1.714786720562947053e+01
1.691683805187998146e+01
1.697000274070262549e+01
1.682065574234947292e+01
1.699853071090027612e+01
1.682716072164616605e+01
1.680393638657784550e+01
1.687400033826408574e+01
1.692650233446013530e+01
1.681866511998588720e+01
1.683983769214660597e+01
1.722035521131314439e+01
1.692825221178394912e+01
1.697550021657951191e+01
1.691735325440241766e+01
1.714780991099753038e+01
1.711452775993449649e+01
1.682207089985535120e+01
1.687568385081434741e+01
1.677372379446918060e+01
1.679602058121266239e+01
1.686612960957634400e+01
1.706927751814034266e+01
1.730045204702278738e+01
1.689315918238301606e+01
1.698228489977269007e+01
1.718731778028198320e+01
1.706062991415481278e+01
1.711469471972262468e+01
1.716981681038872054e+01
1.678546157988846943e+01
1.669576484450317722e+01
1.697801667029562367e+01
1.702071028064380442e+01
1.704487578812772597e+01
1.697803925994421448e+01
1.689155152744837807e+01
1.702959141716884872e+01
1.695636711828008103e+01
1.726246970998487029e+01
1.687266196965260434e+01
1.692586796953634831e+01
1.714855876636541865e+01
1.691879793875779470e+01
1.687658046707376158e+01
1.697558523009941212e+01
1.671659840207750136e+01
1.681027662446366477e+01
1.699855644019370970e+01
1.692462268643291523e+01
1.698751479093154160e+01
1.685022809973729707e+01
1.693831621405529120e+01
1.699177041747027062e+01
1.693149488279134829e+01
1.700003738735338032e+01
1.700192303237741598e+01
1.686210338057541591e+01
1.696110622469219820e+01
1.684402014203909914e+01
1.704838866618653626e+01
1.689873818204370082e+01
1.695891812141572785e+01
1.691891284099020965e+01
1.696246885397209070e+01
1.684837581055089117e+01
1.708967490158221025e+01
1.681415335956708290e+01
1.679543081328882437e+01
1.701557098777164612e+01
1.720025953703756372e+01
1.686053952623650076e+01
1.690898191195175926e+01
1.688791095723064473e+01
1.709216487605956658e+01
1.674212870923176055e+01
1.692342091370490920e+01
1.685577263754981914e+01
1.697245160701393729e+01
1.713721390857776683e+01
1.683837642439630145e+01
1.697794345694080320e+01
1.690896729596391168e+01
1.684241900099467415e+01
1.686544069455897699e+01
1.705736526141226150e+01
1.686801819923065793e+01
1.697962815116235191e+01
1.694816710250814040e+01
1.697795942399050517e+01
1.703881472865203861e+01
1.697898803452372363e+01
1.694455083611269686e+01
1.698760767080874245e+01
1.719014822613473470e+01
1.706669075342797370e+01
1.691194381368640620e+01
1.702135250275519240e+01
1.677685353507357036e+01
1.712081036119718647e+01
1.693090438287453736e+01
1.677877293454232444e+01
1.687128300140478032e+01
1.687475220825445277e+01
1.679661211790277164e+01
1.689797168850661890e+01
1.695421789911827659e+01
1.694047010778994533e+01
1.697202705055302019e+01
1.676995546510979196e+01
1.679009554893421452e+01
1.691808127930970329e+01
1.701630634373332995e+01
1.691425901260141273e+01
1.693964893447896358e+01
1.687015811150298106e+01
1.675050555043901213e+01
1.685299592376390621e+01
1.678962703632862485e+01
1.701404327286552487e+01
1.718769387075214183e+01
1.692195750692458134e+01
1.682958401866737574e+01
1.680456665568284791e+01
1.691406697359367328e+01
1.694895859060435939e+01
1.711569866730059886e+01
1.710809441498107475e+01
1.675466208033182980e+01
1.692394281414546242e+01
1.687161484447075566e+01
1.682942985357939847e+01
1.689491566433687098e+01
1.696744523018420026e+01
1.692491899139037059e+01
1.699433504862030375e+01
1.715155886634205729e+01
1.691388384353535912e+01
1.683602502718323635e+01
1.694887736861513261e+01
1.692772198705661779e+01
1.699228457790364644e+01
1.716695943879864217e+01
1.691568317533105770e+01
1.683744688552767954e+01
1.671689143208284278e+01
1.700514004301038185e+01
1.711207033567250591e+01
1.696346127372121160e+01
1.702247062125519150e+01
1.678322752680326957e+01
1.698771411498824691e+01
1.692567515924988442e+01
1.688932526667793610e+01
1.689047039819179830e+01
1.688426123251204558e+01
1.711588431039907476e+01
1.702536521111699486e+01
1.682647647030890781e+01
1.684791465095408114e+01
1.707101220991141233e+01
1.684502028506645743e+01
1.691374501672605035e+01
1.709664266078533856e+01
1.720291997014981078e+01
1.708258148262987675e+01
1.684023183988605510e+01
1.692114235925490462e+01
1.698755348205004978e+01
1.691677463059710007e+01
1.686584866432231067e+01
1.690718554483813563e+01
1.675704370974779778e+01
1.707372868531050258e+01
1.714135687375759076e+01
1.683953491022474935e+01
1.692264721487039125e+01
1.701926029251506733e+01
1.680151599023918862e+01
1.702951883238561948e+01
1.697619191804445649e+01
1.708307241171452517e+01
1.715022596226461360e+01
1.700175706239121709e+01
1.697449253710921724e+01
1.707467417265788612e+01
1.712338564514882222e+01
1.711520998040359487e+01
1.703633484793190433e+01
1.701835108221241200e+01
1.693767289160652467e+01
1.696182571876495260e+01
1.696050167207710047e+01
1.696032649244475365e+01
1.691576019224554983e+01
1.677128429432580603e+01
1.689621670097413997e+01
1.707403263322039777e+01
1.712772024734866605e+01
1.686994598836253090e+01
1.681714146128846465e+01
1.698997303815060533e+01
1.690420045401671345e+01
1.673274515856405387e+01
1.698542328044910832e+01
1.701274339651363476e+01
1.694023772620825952e+01
1.733247087077167592e+01
1.697084888169624861e+01
1.682093710744831228e+01
1.696124523719442223e+01
1.688994455758034618e+01
1.683736777076298097e+01
1.702735294344412864e+01
1.720731757886246527e+01
1.699885909535472095e+01
1.701896401202189324e+01
1.695891121364673992e+01
1.705051815370791246e+01
1.693475272435631496e+01
1.685090365713677940e+01
1.673288141989104716e+01
1.673749416917257449e+01
1.689560586818045707e+01
1.672862362508951506e+01
1.699236793919035549e+01
1.706238687885285898e+01
1.700880485074835846e+01
1.710639099823065834e+01
1.704267076351840871e+01
1.697451546301078551e+01
1.709337525476220421e+01
1.693440611141991070e+01
1.679756039686475688e+01
1.707553175321008965e+01
1.694960332509306156e+01
1.689524485711795165e+01
1.693183096272118604e+01
1.678167516810730575e+01
1.686590889729013298e+01
1.691728200340807931e+01
1.678556677790627205e+01
1.697600921437872046e+01
1.689203057563389621e+01
1.707939109719724868e+01
1.680106351246780250e+01
1.680055197447585513e+01
1.692106194552464515e+01
1.693975196483442858e+01
1.701070551748458826e+01
1.702427659202925625e+01
1.720906364677882650e+01
1.686783975426417825e+01
1.692080450422740512e+01
1.703402380868621435e+01
1.706005264942940514e+01
1.701560384384104196e+01
1.708074740493247035e+01
1.698630511178422253e+01
1.699891572871668544e+01
1.679656806461194662e+01
1.718354352783252281e+01
1.704325819726539848e+01
1.686883635272287663e+01
1.713124161240924792e+01
1.676241254533649894e+01
1.691549143995205640e+01
1.689929895111472291e+01
1.693000348772951469e+01
1.687074129206119721e+01
1.708440036398927475e+01
1.665298724136686914e+01
1.686727849487963127e+01
1.696105192796716565e+01
1.680195265841023300e+01
1.716308058114686830e+01
1.710706412891307338e+01
1.681389718163570279e+01
1.690375745072728364e+01
1.669564046473134766e+01
1.683045736748593413e+01
1.696676726240076150e+01
1.708952208598604017e+01
1.695391993344014736e+01
1.676022140414375272e+01
1.678122606200107469e+01
1.705281410565602940e+01
1.694100708883873807e+01
1.695720065024649159e+01
1.696625292053922607e+01
1.670272912412879052e+01
1.695375041538187233e+01
1.700727354977646399e+01
1.694578654067903400e+01
1.702453598371053189e+01
1.692371081733148941e+01
1.702902979474540501e+01
1.711009636605150774e+01
1.678070583771887314e+01
1.662846346123925301e+01
1.686449818964750946e+01
1.680968087298319347e+01
1.697686292553867560e+01
1.710331432825213938e+01
1.685171011202055524e+01
1.692547940551135000e+01
1.685149399513913693e+01
1.692579729779441067e+01
1.709297290440548878e+01
1.693737314881374445e+01
1.673088721105766652e+01
1.684293125869341523e+01
1.673168351587432667e+01
1.702555175702770640e+01
1.689253073422774776e+01
1.696651005120258304e+01
1.702534753880219043e+01
1.711790444548282508e+01
1.687751132220971684e+01
1.700772759835006553e+01
1.681066891802501218e+01
1.693007702602471909e+01
1.692288905671210486e+01
1.704544366220864404e+01
1.707483771435736841e+01
1.696018224515569628e+01
1.690867108761553084e+01
1.700764451672267441e+01
1.708993703751406912e+01
1.697292597855422969e+01
1.698050803065533998e+01
1.695519971269539639e+01
1.701813139267074249e+01
1.717277088480016189e+01
1.695420186063514834e+01
1.646482574341662897e+01
1.695613022746567822e+01
1.658563347892375717e+01
1.690110747470595953e+01
1.682963169308343510e+01
1.689933157783987028e+01
1.677438392871111716e+01
1.687407176419301180e+01
1.708966416179071857e+01
1.693981381011177234e+01
1.678831606651180763e+01
1.707714294302574842e+01
1.693751694289902687e+01
1.680577708173548501e+01
1.689284994417033303e+01
1.691141433603764810e+01
1.731313981179233608e+01
1.689517376631389212e+01
1.696888198619305754e+01
1.677201602006612191e+01
1.701573231168133660e+01
1.696350756147530703e+01
1.710458163918065466e+01
1.688695179976136984e+01
1.691130769543856971e+01
1.698774016486187577e+01
1.690612490682914526e+01
1.697436391967833202e+01
1.700028770126592548e+01
1.697353052597824430e+01
1.700238270851317424e+01
1.670572289012861589e+01
1.686563324985642964e+01
1.680492030340927556e+01
1.697364845569268965e+01
1.689370968900461989e+01
1.702426744449202189e+01
1.709526049721314322e+01
1.704358844120439898e+01
1.681716471397427526e+01
1.693868316219820969e+01
1.678077340461964084e+01
1.698400986617575725e+01
1.687010208089604291e+01
1.692804098488695885e+01
1.683380445239440348e+01
1.705983516614816864e+01
1.714737703597016960e+01
1.694409441342847344e+01
1.706641575578673908e+01
1.677764004070884241e+01
1.708190790226532485e+01
1.699048492593889392e+01
1.669516093897425080e+01
1.683224246101219990e+01
1.709027170900108672e+01
1.721332730187773663e+01
1.677156580569289446e+01
1.676636403616994286e+01
1.686351433934108002e+01
1.672605158256943270e+01
1.684882640488908478e+01
1.683431608429707893e+01
1.692893116040467305e+01
1.674454778921988662e+01
1.700694457142126126e+01
1.679815018139336757e+01
1.695847083769496422e+01
1.705784099413194355e+01
1.689888485627648151e+01
1.686398420167500589e+01
1.698700116843758323e+01
1.679217706263570520e+01
1.710692663805524560e+01
1.705484774762057754e+01
1.688951532939012168e+01
1.688488218438806499e+01
1.686137269895565183e+01
1.715747729606230010e+01
1.696349270615262128e+01
1.692166624067320413e+01
1.678171212003800861e+01
1.675938313148068559e+01
1.693632089770512295e+01
1.691300434618585058e+01
1.703366968907385015e+01
1.692237720939318635e+01
1.675360459756635834e+01
1.700513648044521275e+01
1.693664686305011813e+01
1.704117950674623216e+01
1.712139616106626150e+01
1.688687139723865371e+01
1.678777853260135799e+01
1.697860785606918199e+01
1.705133532261048757e+01
1.698651757434038956e+01
1.683722661824808497e+01
1.720596176702165891e+01
1.682335712268288219e+01
1.685963094555379982e+01
1.678848315585358009e+01
1.692349487224780802e+01
1.692747369289743276e+01
1.712335285654406292e+01
1.691775500865663773e+01
1.695235209153929645e+01
1.693873048057817599e+01
1.720151366734204146e+01
1.696466431347750614e+01
1.706383102883384595e+01
1.694523548082025144e+01
1.667930218581655311e+01
1.674246516992275957e+01
1.699412920969734486e+01
1.688826810136875523e+01
1.707529913531098131e+01
1.685741306964072095e+01
1.694252259081795842e+01
1.681299191537321036e+01
1.697250052857305747e+01
1.701423875753066639e+01
1.721046360254464602e+01
1.713602898588908729e+01
1.681849344717582895e+01
1.693972910255537911e+01
1.685098669640127866e+01
1.683723756699880170e+01
1.704633180122739233e+01
1.709568102650226606e+01
1.707587146333991157e+01
1.723434018404844181e+01
1.701297467184989642e+01
1.704743597805559929e+01
1.711225031740174174e+01
1.717327646944456276e+01
1.710672942808088948e+01
1.690455924125502207e+01
1.690131938473130191e+01
1.678713443413617412e+01
1.696242476724346560e+01
1.679699699592846684e+01
1.680269371780763876e+01
1.681713837043970372e+01
1.710972770344751837e+01
1.709221861616263283e+01
1.706134705167897536e+01
1.689612480254108462e+01
1.697117101485383373e+01
1.704452004201304405e+01
1.665226932180152275e+01
1.711158441620352377e+01
1.684678619525105958e+01
1.698957280873966624e+01
1.678509464202405610e+01
1.700726972960573846e+01
1.692853157595456537e+01
1.696124287326819413e+01
1.694242446517106515e+01
1.696256759686747273e+01
1.703928670517429822e+01
1.704539456853911972e+01
1.676887290293733557e+01
1.686894915047423993e+01
1.693395048879312981e+01
1.706399579488759954e+01
1.704923447303112738e+01
1.689527843973327492e+01
1.683918211881905336e+01
1.693849414132583320e+01
1.688126766040005933e+01
1.702960243643433103e+01
1.718125079907475339e+01
1.680225347369205124e+01
1.705982684733149668e+01
1.709594713609899230e+01
1.698413738628697089e+01
1.707658611312562513e+01
1.681399827045341056e+01
1.695848608766616650e+01
1.691158077019419537e+01
1.691945652734289141e+01
1.689531437934605407e+01
1.680537026576546111e+01
1.678938172927719208e+01
1.679157088905139261e+01
1.711660658535118529e+01
1.679839982451025904e+01
1.707598518599800386e+01
1.706034535632256421e+01
1.700864347925376663e+01
1.692887185822583973e+01
1.681586994248558042e+01
1.694226467821393456e+01
1.703644778147224415e+01
1.696948317168276787e+01
1.686826531290648035e+01
1.705459013291651615e+01
1.704462904172519444e+01
1.697787870296088286e+01
1.712591692625440487e+01
1.693627973733627812e+01
1.664869608574900539e+01
1.696503196648228240e+01
1.683531269482587334e+01
1.677576933084267097e+01
1.705185543811134963e+01
1.694320108736252095e+01
1.713614571293854283e+01
1.688707450365704332e+01
1.708053592588266056e+01
1.674558664165558497e+01
1.702691460022567327e+01
1.681708057656723909e+01
1.674639665772369312e+01
1.696987030716978140e+01
1.699797207658969000e+01
1.710064027561687539e+01
1.697389005709958809e+01
1.709885147374187753e+01
1.690315506540608226e+01
1.712551504260861535e+01
1.689762658292439568e+01
1.710230830348958619e+01
1.687010648294086224e+01
1.677157904861998006e+01
1.696627042547753561e+01
1.693180797761419853e+01
1.702049983774216457e+01
1.673779926199445711e+01
1.714610385296090556e+01
1.704991473128939106e+01
1.713289335963863635e+01
1.695808100738954138e+01
1.691519860948352871e+01
1.690687144364720496e+01
1.673640519838051333e+01
1.690387484370053173e+01
1.682421649432775368e+01
1.713537428173261645e+01
1.697846210589597504e+01
1.671354055410356665e+01
1.686466909430260230e+01
1.708689478941893469e+01
1.692752616106594488e+01
1.690255716811323339e+01
1.703799316887523929e+01
1.709250232120812285e+01
1.684556645683714038e+01
1.705367789808458667e+01
1.684612332600772433e+01
1.704219245266700966e+01
1.707176927431688895e+01
1.668270436154212533e+01
1.712026469678374241e+01
1.718370163001324258e+01
1.693798093598603671e+01
1.673971972113616147e+01
1.689045405093344954e+01
1.683573852599628751e+01
1.710025980651821698e+01
1.685741127608321932e+01
1.694502708961354642e+01
1.690934827829742204e+01
1.701355865146011226e+01
1.689269090744771873e+01
1.704290717435841529e+01
1.680694963199979242e+01
1.729941710654074782e+01
1.689048059381183720e+01
1.713073001968651354e+01
1.697156541076032710e+01
1.683324693633224811e+01
1.693901334952084881e+01
1.691401310469014518e+01
1.708835731000575819e+01
1.703145690420584302e+01
1.679091917317611404e+01
1.685948056453749544e+01
1.688902897956766580e+01
1.692360172200909929e+01
1.693093628032461240e+01
1.671015407532497576e+01
1.686283209984847176e+01
1.681803546004770311e+01
1.713482312050398093e+01
1.681259437648283139e+01
1.685124658193515756e+01
1.688171961563747203e+01
1.699801081508562461e+01
1.681200615108163987e+01
1.701489579160289267e+01
1.712896659911087127e+01
1.679647612759407949e+01
1.719464391830291206e+01
1.694629063809811953e+01
1.702333377500349698e+01
1.703509254761829084e+01
1.704118431903280850e+01
1.696096664565175161e+01
1.697915459311483133e+01
1.676919946777460524e+01
1.694275229440869168e+01
1.698146830695179688e+01
1.698100473825412138e+01
1.695565670629792265e+01
1.694204739847684138e+01
1.677539531975590492e+01
1.707159856674347154e+01
1.700271039579485688e+01
1.689793545029693433e+01
1.691580837461464526e+01
1.689138029886220949e+01
1.686662650091045279e+01
1.698963371890590324e+01
1.696040743857850330e+01
1.691471971806017649e+01
1.704884266805640181e+01
1.694458316354391059e+01
1.700278226545898264e+01
1.685286892816539606e+01
1.686923365003659470e+01
1.706832451261091066e+01
1.671203705494760783e+01
1.701625538238666024e+01
1.708872314567104667e+01
1.703416791399050467e+01
1.711863303285793947e+01
1.706228908165628155e+01
1.699712543825241795e+01
1.678196519926263974e+01
1.706640868616424100e+01
1.699073460189773499e+01
1.693914857927590845e+01
1.690886726578144561e+01
1.698964915582307711e+01
1.678881652440222183e+01
1.709217278723110311e+01
1.694452183142599822e+01
1.706771036395039332e+01
1.709462478255264983e+01
1.688003315192626630e+01
1.714392842275262296e+01
1.665379690685911740e+01
1.696508230180869248e+01
1.716311832521963510e+01
1.682329408331698417e+01
1.686242165397107229e+01
1.702283820086129396e+01
1.692633010822269668e+01
1.681647726756879990e+01
1.691481167279702902e+01
1.675083570629443486e+01
1.664439345948859383e+01
1.674298084738632397e+01
1.688809040379434734e+01
1.690367545579474040e+01
1.691599957500498519e+01
1.674578963192555037e+01
1.697567613944513809e+01
1.677053809536470297e+01
1.683406067032093389e+01
1.708685167758434531e+01
1.702434742087060826e+01
1.721931689241226238e+01
1.699375400413437731e+01
1.708345250959226647e+01
1.688083747102464471e+01
1.697735613553880540e+01
1.677784998262605853e+01
1.690809773030327889e+01
1.688913102778758457e+01
1.689111194456080511e+01
1.700315806958994358e+01
1.681664838347570878e+01
1.710527659680393242e+01
1.711302358582456051e+01
1.709396797257521783e+01
1.682768057830506692e+01
1.669290848341862343e+01
1.689987446241338276e+01
1.698159134802027026e+01
1.692113225926364706e+01
1.694073348427087566e+01
1.690626480455859593e+01
1.700490859053428849e+01
1.706850366070165492e+01
1.702731516477906482e+01
1.688703353655310480e+01
1.705782237717048488e+01
1.697838551693431697e+01
1.709051360013577536e+01
1.678500312611211953e+01
1.695930890091539212e+01
1.676752096516658952e+01
1.690209407018861043e+01
1.727050008525390012e+01
1.698997100156503137e+01
1.687901968395429009e+01
1.689012691936764554e+01
1.691435186227912979e+01
1.699617933577998130e+01
1.686226460383836567e+01
1.702802978897419450e+01
1.699154101427476604e+01
1.685932246686257230e+01
1.703707408475762719e+01
1.715081967834113641e+01
1.680980986700381763e+01
1.700714746993426374e+01
1.703259813596995542e+01
1.683569404006189174e+01
1.697111737380640761e+01
1.682069191739354608e+01
1.701149273279885676e+01
1.704362608408078117e+01
1.692897327269533747e+01
1.695336490486011982e+01
1.691182994312303478e+01
1.724559782511012784e+01
1.701013195628000219e+01
1.682475869051391726e+01
1.699182246925826334e+01
1.696708122854717615e+01
1.700246082652466129e+01
1.721966858299047587e+01
1.681550973702013962e+01
1.696241792283355210e+01
1.685072833229802214e+01
1.682488813467659483e+01
1.698574230373619542e+01
1.684801983467156816e+01
1.682436762280200071e+01
1.678516713958595830e+01
1.698325922542121091e+01
1.686176856299419669e+01
1.673993733274552298e+01
1.692737577815181993e+01
1.686734265892275886e+01
1.709496278506627931e+01
1.686946373092353468e+01
1.715975474102421572e+01
1.702506712959343105e+01
1.701060203281533489e+01
1.687416798889552894e+01
1.689683753302421820e+01
1.689831006383332479e+01
1.690713465790750902e+01
1.695048101826579767e+01
1.692005791963876860e+01
1.679698856261093454e+01
1.704518973579435226e+01
1.700622870951847787e+01
1.669163052339740005e+01
1.681054666274467735e+01
1.695546812090640998e+01
1.679702003550308831e+01
1.705289523289358655e+01
1.676111567014106996e+01
1.698488164695653069e+01
1.691590490958153481e+01
1.699036727678876346e+01
1.679505553268012719e+01
1.677001822283237331e+01
1.653250637782021215e+01
1.695761086788267136e+01
1.682194286848223541e+01
1.720492233375968993e+01
1.671568512156336084e+01
1.692334907409533784e+01
1.704185273718226412e+01
1.685482410827700051e+01
1.697821812889270632e+01
1.666809533705883695e+01
1.700288055029653833e+01
1.687356517394291444e+01
1.690635096437673113e+01
1.693639909511479402e+01
1.691187705750479608e+01
1.703174122125627932e+01
1.666051994759504140e+01
1.708231032808023286e+01
1.672278238467792022e+01
1.706177947046692367e+01
1.681675751083330184e+01
1.698354639984238545e+01
1.674988380045648739e+01
1.705054427714048515e+01
1.677829764757191455e+01
1.716165271497677125e+01
1.694804870496882998e+01
1.678825516504486615e+01
1.701143594813935422e+01
1.710444684417238292e+01
1.660252413585788744e+01
1.679503696271586932e+01
1.698455962282871923e+01
1.684003414993225078e+01
1.707026944871143925e+01
1.697300566322950743e+01
1.710552733514242263e+01
1.708131584005371906e+01
1.671073798422990819e+01
1.704584573437262662e+01
1.692566899268893366e+01
1.682623828040363279e+01
1.682443006351402914e+01
1.689308313865553401e+01
1.695865784281786404e+01
1.700719401219459925e+01
1.698324300134131803e+01
1.691823324813255525e+01
1.681098823615586113e+01
1.690165499514614211e+01
1.694665587107995464e+01
1.684741349884659911e+01
1.729043526274154985e+01
1.704285680201638797e+01
1.696824221020012402e+01
1.720146314565536017e+01
1.694580949648993595e+01
1.690981452627501014e+01
1.699905296728696769e+01
1.693204984837957028e+01
1.707036689827864606e+01
1.698082630713107832e+01
1.691139443765057848e+01
1.698299859789231547e+01
1.692010444901753274e+01
1.661380117691285463e+01
1.693600159583449738e+01
1.674344354222568754e+01
1.678025398870579821e+01
1.699834072186780176e+01
1.684727967433571294e+01
1.719093036939948860e+01
1.689991250372306908e+01
1.677132636103648977e+01
1.705839656546232774e+01
1.710986799130717273e+01
1.680260456126527657e+01
1.691408519213699080e+01
1.698758980015280073e+01
1.680386922447555875e+01
1.696981174907644174e+01
1.685842430601554653e+01
1.693227718375582214e+01
1.701495614741621765e+01
1.687812298911850206e+01
1.705463343397772746e+01
1.665830141509509943e+01
1.712746056230718139e+01
1.696736745565193161e+01
1.686655675418233358e+01
1.713994001951950352e+01
1.689745274600371516e+01
1.693456291764420030e+01
1.677217080641831970e+01
1.693708879753815211e+01
1.708852147562957668e+01
1.689467659801970711e+01
1.691570161492536428e+01
1.698326271261869636e+01
1.696448989678692598e+01
1.717728942780970414e+01
1.701108132858485789e+01
1.684762895574709063e+01
1.717007669077303689e+01
1.697057023177183055e+01
1.724866756461645068e+01
1.688127373815880716e+01
1.688533023712460235e+01
1.700532824938409604e+01
1.706526616437303190e+01
1.711017200753495260e+01
1.710808191033439130e+01
1.682831518965780049e+01
1.686614669229908614e+01
1.706995543985942021e+01
1.668931093981010250e+01
1.699010333476691770e+01
1.676879961557671450e+01
1.710043146530008329e+01
1.695757849090037084e+01
1.718538642354635471e+01
1.687263765490525813e+01
1.694634857557331031e+01
1.706021858388675483e+01
1.697331191611892010e+01
1.698563928028784531e+01
1.674670733147127777e+01
1.689636415301460914e+01
1.696724282391962291e+01
1.702175989159831460e+01
1.707608880909002380e+01
1.708802107731040465e+01
1.698400776934023781e+01
1.711423400369274006e+01
1.706152873149915550e+01
1.687712705468846508e+01
1.709897203767865648e+01
1.667591597373336043e+01
1.707490298435054754e+01
1.709256322252222304e+01
1.710355764970075043e+01
1.694742290378048821e+01
1.691955859462210654e+01
1.691009442403809260e+01
1.696151641645117181e+01
1.696051915657331222e+01
1.705467441145970398e+01
1.686152820429057897e+01
1.702998914513290529e+01
1.702625697560570828e+01
1.695840737792344655e+01
1.696112901995845945e+01
1.682510412704218083e+01
1.703818114377032700e+01
1.686783560028273854e+01
1.717473116107487741e+01
1.680983968612310875e+01
1.692110293653907149e+01
1.677667154603356892e+01
1.698451456458543163e+01
1.680247910047580007e+01
1.707034818414144794e+01
1.711969147963317539e+01
1.683193901683747740e+01
1.680538658894167980e+01
1.696153699500790069e+01
1.722600572972750399e+01
1.686204062289324312e+01
1.711121339580875045e+01
1.667059617346253120e+01
1.685834175997850082e+01
1.677449601379873201e+01
1.691903458966428175e+01
1.720651253887431409e+01
1.693082196115438620e+01
1.690165512951382709e+01
1.703001888167262479e+01
1.729545558175769315e+01
1.712721035857271445e+01
1.696526498916529135e+01
1.684563695499012326e+01
1.682025976754045260e+01
1.686664583707903731e+01
1.704459211774035055e+01
1.703555506958510080e+01
1.691387756797874786e+01
1.706689767211259579e+01
1.697950130815091185e+01
1.703281892859265767e+01
1.711775737604637726e+01
1.689155031624619241e+01
1.691756447439904676e+01
1.699435268745641636e+01
1.693384701532338354e+01
1.685361192788691653e+01
1.690436962995979187e+01
1.690493591640986182e+01
1.695283509822166224e+01
1.697472941467975716e+01
1.709263758893721885e+01
1.691852697583432530e+01
1.681441837809107298e+01
1.675679782840497722e+01
1.698691461246019685e+01
1.669638111913579692e+01
1.659718335325800709e+01
1.696206795036285087e+01
1.694676719899549155e+01
1.695730067977538624e+01
1.704505377386445986e+01
1.695548620838811615e+01
1.687400428128592722e+01
1.698165206782763192e+01
1.694337672999525779e+01
1.689729936864720727e+01
1.715291064278784816e+01
1.695960361838255892e+01
1.687498493857291493e+01
1.699616491283671493e+01
1.690729242679569211e+01
1.703413871348036324e+01
1.681128775928439367e+01
1.699561403995922504e+01
1.707689824652288024e+01
1.680409905010609251e+01
1.706685173658332033e+01
1.691446608494924320e+01
1.693931682158538976e+01
1.677643898355438523e+01
1.705316910626236648e+01
1.708666839076082056e+01
1.693577475861634341e+01
1.684624843249002524e+01
1.706719054757232001e+01
1.699398498812142577e+01
1.714222190084043973e+01
1.697989723296453590e+01
1.700273385494541856e+01
1.681466205996715857e+01
1.701049814423468121e+01
1.683702097358964522e+01
1.691842039969120393e+01
1.693731818715530579e+01
1.673395839564600607e+01
1.683625488966938732e+01
1.682072751519362441e+01
1.687454135269541666e+01
1.683946647609152691e+01
1.696234747691667621e+01
1.692667674015373080e+01
1.714489611360621169e+01
1.692073693964571035e+01
1.689187154397549406e+01
1.673833755982735028e+01
1.707600992605110690e+01
1.677160249125207869e+01
1.725584450863670938e+01
1.671441485647614655e+01
1.691113323657942757e+01
1.678235260102606219e+01
1.702510304848048506e+01
1.684429059497641390e+01
1.672499963863158712e+01
1.681507365222567785e+01
1.684539661793408527e+01
1.672961435477558112e+01
1.701537828202108216e+01
1.699448496151186561e+01
1.675425221906550988e+01
1.722852159974714326e+01
1.698204204929946926e+01
1.706473026571784857e+01
1.689174180986553964e+01
1.685716662201826566e+01
1.699981557640654373e+01
1.692965062392201503e+01
1.697598905077769160e+01
1.703882615725110128e+01
1.695196225252695754e+01
1.677254505028838949e+01
1.695517858506749675e+01
1.673939168547668999e+01
1.708417728894774967e+01
1.705654876449774804e+01
1.694173607445900842e+01
1.712094675826265799e+01
1.693442875456488039e+01
1.675489896963781788e+01
1.676838950495989522e+01
1.702543832361207521e+01
1.697631355926005270e+01
1.681597251851586705e+01
1.716176889570027697e+01
1.688670099527465496e+01
1.700025812569150574e+01
1.677941292753940061e+01
1.706248734930521849e+01
1.712219875704333205e+01
1.661839198373991167e+01
1.701750321838630953e+01
1.682688216938364789e+01
1.674268134554100484e+01
1.697454262829555205e+01
1.707952359224570671e+01
1.700377128215927058e+01
1.693393935920025228e+01
1.703028388882966127e+01
1.684748677009299556e+01
1.699864378896276662e+01
1.680600842288395214e+01
1.694768957234064288e+01
1.701590758060260100e+01
1.691493876697145637e+01
1.666906862660354349e+01
1.667770958712574725e+01
1.687882291317651706e+01
1.702164872901336423e+01
1.689363894156969081e+01
1.698124086971808921e+01
1.702866846402990220e+01
1.692690360989139364e+01
1.682662990762757715e+01
1.699435830524352298e+01
1.698379355239908151e+01
1.670313886209534715e+01
1.710555826988132821e+01
1.690244289998818061e+01
1.683248892903135996e+01
1.699997061155049138e+01
1.693545197644383293e+01
1.668733461573495802e+01
1.693644553970917954e+01
1.691782455586879408e+01
1.689870736383409522e+01
1.684182257736865296e+01
1.682596023238528105e+01
1.671366342370820846e+01
1.672765480412985539e+01
1.685962287812747462e+01
1.700800926283240955e+01
1.706239948172513365e+01
1.709992357150039766e+01
1.699229946134854785e+01
1.695173966939484700e+01
1.685051340638063522e+01
1.717114954327396958e+01
1.692260602421207238e+01
1.690634388579242753e+01
1.712467289073629217e+01
1.707106544738025988e+01
1.700512785054319309e+01
1.699352548622378478e+01
1.691533233063229247e+01
1.692771981886781418e+01
1.712111154865209883e+01
1.697075151775534962e+01
1.701313653059556330e+01
1.698370345492421407e+01
1.698850793428431416e+01
1.698722070137090157e+01
1.685601155078945723e+01
1.676834262762622174e+01
1.709160300951557687e+01
1.703940961506370044e+01
1.707778362456762977e+01
1.685210443009112069e+01
1.694249063211243822e+01
1.686803651994310371e+01
1.691218607552367814e+01
1.707187120102090105e+01
1.703666036143413010e+01
1.686103425804579459e+01
1.676760951697632862e+01
1.708299035865674753e+01
1.696185898525359903e+01
1.698906981863895993e+01
1.713592392918326013e+01
1.662048472960975687e+01
1.711920167870205844e+01
1.677863081205548923e+01
1.696537047315919366e+01
1.689971555915239421e+01
1.689570573434851042e+01
1.684945574010905389e+01
1.700361795269082776e+01
1.683368200435360862e+01
1.688621444809329475e+01
1.678233141931020711e+01
1.683385111518056121e+01
1.673333524438892184e+01
1.693269605685248536e+01
1.686074016353763838e+01
1.681600003881272087e+01
1.678297366748378039e+01
1.697265931212944423e+01
1.693153790862362129e+01
1.700829835966063897e+01
1.687720295047087404e+01
1.685899358760073596e+01
1.703296082615433349e+01
1.703750920259055590e+01
1.697511888730733176e+01
1.691770538377696909e+01
1.705011904879344442e+01
1.679738045891770781e+01
1.692353641950157694e+01
1.686974821472548669e+01
1.680955057256397822e+01
1.695092645037920676e+01
1.712008972832354914e+01
1.713324489735181899e+01
1.678115929208962243e+01
1.685237279564231017e+01
1.695514548971092239e+01
1.685684577304825282e+01
1.712164126035279210e+01
1.676990310038903687e+01
1.699693353332299495e+01
1.703277482651869690e+01
1.690423967134987393e+01
1.701609313382334321e+01
1.686591794301902780e+01
1.687227205112546358e+01
1.696807756495370256e+01
1.714911399908111278e+01
1.685880703291669036e+01
1.701222114462974488e+01
1.712884620933719049e+01
1.690377670201923621e+01
1.675564436197262452e+01
1.678716443389734536e+01
1.684553019838568133e+01
1.691391165952971676e+01
1.693926488133845609e+01
1.690730919293886814e+01
1.707201596512544128e+01
1.693696244752421265e+01
1.701032670185787410e+01
1.701087969267090116e+01
1.686595833749271733e+01
1.703170411747955271e+01
1.698454985417579266e+01
1.700264051705608281e+01
1.669243377204740852e+01
1.682389529211076962e+01
1.688815219423252145e+01
1.676338442770022041e+01
1.710688310673981860e+01
1.682629733499524605e+01
1.687840637465183846e+01
1.701537913405147506e+01
1.679897025148891387e+01
1.682182403718461572e+01
1.697472360018798554e+01
1.697217907988445162e+01
1.684467338362027533e+01
1.717775784247486115e+01
1.668116901395455898e+01
1.678848065968405123e+01
1.708740977678310458e+01
1.685833338946309823e+01
1.681963360665333340e+01
1.686164458782953801e+01
1.714117091038544771e+01
1.684563123945339314e+01
1.678210434506229376e+01
1.703683520846919919e+01
1.684606064648649237e+01
1.694912967143702787e+01
1.657460334612370545e+01
1.681822921419088246e+01
1.703225086804129873e+01
1.692931502801025090e+01
1.676936500689513920e+01
1.695113374477639923e+01
1.696205511721417025e+01
1.713142791084734640e+01
1.695662483258628939e+01
1.700523792971483417e+01
1.679500113979149489e+01
1.698888194026724463e+01
1.667794638316255984e+01
1.695666258788111946e+01
1.672339868219910386e+01
1.678068095866096243e+01
1.701979794330392082e+01
1.678829842012612872e+01
1.708302906796459908e+01
1.682578963293663676e+01
1.686089945391694300e+01
1.668192140977403781e+01
1.710113404264560089e+01
1.721869580339342320e+01
1.680125841894529515e+01
1.701279995578811111e+01
1.696007123961127760e+01
1.700250286496643781e+01
1.695436562281742710e+01
1.700578289009433064e+01
1.705002413572863063e+01
1.683518890684151614e+01
1.694983942730403470e+01
1.679683781848114776e+01
1.705732803715143220e+01
1.683401680299767023e+01
1.700136185392894816e+01
1.683490953149423319e+01
1.688376323944273949e+01
1.682882067978255236e+01
1.701051206125343285e+01
1.706977147991744559e+01
1.688128814912845854e+01
1.694652523864969496e+01
1.695403826099898481e+01
1.692427098436904132e+01
1.665350754312606796e+01
1.692839047802464236e+01
1.704271599401428006e+01
1.678852708754049061e+01
1.724510598668130257e+01
1.698789568782109072e+01
1.688108530465137846e+01
1.688276452453863996e+01
1.720413211787999685e+01
1.679115281736100584e+01
1.707295669364037138e+01
1.698839531078548859e+01
1.719516964221534394e+01
1.696770842974054005e+01
1.693232570455080577e+01
1.673369149322616778e+01
1.718162729896459595e+01
1.704508709222333351e+01
1.712274632710848721e+01
1.678808851355854870e+01
1.705375552043555842e+01
1.671984128359554589e+01
1.692475245890198821e+01
1.695755473584407014e+01
1.694803911886488024e+01
1.693906637500752765e+01
1.676387535466402312e+01
1.709981385649231811e+01
1.691412975641184602e+01
1.707209719850730778e+01
1.697768111507514988e+01
1.694245177853635198e+01
1.706360178856607490e+01
1.679205683742221922e+01
1.691372327106559581e+01
1.685890140125144043e+01
1.683182817208836823e+01
1.692150418974706128e+01
1.685035339709078173e+01
1.708418177980028219e+01
1.672895063361051626e+01
1.713813291388046878e+01
1.705757928175562199e+01
1.702177848904780433e+01
1.688462118749761842e+01
1.702569834975233221e+01
1.674866977288303360e+01
1.679130028302684607e+01
1.683133797015234734e+01
1.686900560798049398e+01
1.684154542853907799e+01
1.713720359269176896e+01
1.691105416481473256e+01
1.695608977730364586e+01
1.715956850121228072e+01
1.704497877993077282e+01
1.710073098517534973e+01
1.687886522450825666e+01
1.685096006182649120e+01
1.732646928468104974e+01
1.700463961346254393e+01
1.684197442745287887e+01
1.699264141571931219e+01
1.702696247350497671e+01
1.679291447860477149e+01
1.700624100671206662e+01
1.702760224121109900e+01
1.694604529122833014e+01
1.699762265368614678e+01
1.691120937071453056e+01
1.705671919934956193e+01
1.684394719965844445e+01
1.683795320566467879e+01
1.709545197467740607e+01
1.718230555384587532e+01
1.723120165310227492e+01
1.678710305201346031e+01
1.692466314810491923e+01
1.690502520449782864e+01
1.682787763870484454e+01
1.677004059922839829e+01
1.686453012248694705e+01
1.700278148724046545e+01
1.696782353049423264e+01
1.685554809170795210e+01
1.694723311993867298e+01
1.693836447652815380e+01
1.680719956784691504e+01
1.698125546804918429e+01
1.715938640544133520e+01
1.679668347253213057e+01
1.679897589117077672e+01
1.694516174406722797e+01
1.672271041659709567e+01
1.709917049761094887e+01
1.704465120041590964e+01
1.725270622890847250e+01
1.695293563850677643e+01
1.703246310567547184e+01
1.717103568185501672e+01
1.686818308115448062e+01
1.706648283853276737e+01
1.692864161028551706e+01
1.714942953908080625e+01
1.700723549547985414e+01
1.701287186190250367e+01
1.656312780055022671e+01
1.703474040003888135e+01
1.709311673527737696e+01
1.693992236157665587e+01
1.681563127544463399e+01
1.677413367688444623e+01
1.662651933986057173e+01
1.696326215941445525e+01
1.691540181676984744e+01
1.690253040276250474e+01
1.702241013290445082e+01
1.671933229241581387e+01
1.701386318224216154e+01
1.704094543912798798e+01
1.695407705144305766e+01
1.686571143710649778e+01
1.682330777417635659e+01
1.702040021078982690e+01
1.703367498050324969e+01
1.715785711410286396e+01
1.726469017352618351e+01
1.676193430042137678e+01
1.688980651312455095e+01
1.706797072191978870e+01
1.690025902677253455e+01
1.685074928083612988e+01
1.684887698776367415e+01
1.674411853189757338e+01
1.708264814880308435e+01
1.718606637147906824e+01
1.691009295482817620e+01
1.686858671421232359e+01
1.675910126212468398e+01
1.696842219445722932e+01
1.693769139049816985e+01
1.688587289853061790e+01
1.722333352975314824e+01
1.715749451575712925e+01
1.707286260094495489e+01
1.689688195176302088e+01
1.711249766085425961e+01
1.709621772468338818e+01
1.693082767462294669e+01
1.701584243642836114e+01
1.693374704841789224e+01
1.681018956328870573e+01
1.711503973686797764e+01
1.682015499025775185e+01
1.709567789213362232e+01
1.690634040198180799e+01
1.693831654307064483e+01
1.700813166160528667e+01
1.677311236608286649e+01
1.720131512342095093e+01
1.697934838049496165e+01
1.684427265988828637e+01
1.703664217105645662e+01
1.678387088754715606e+01
1.684905798442050084e+01
1.689299195090141481e+01
1.683290518077875930e+01
1.700796604424532177e+01
1.699032582842067640e+01
1.711236483459278546e+01
1.718695912073411591e+01
1.708417583998329548e+01
1.687648441652710574e+01
1.689494128173656051e+01
1.687873302227400529e+01
1.725373833897080544e+01
1.689930913612243657e+01
1.687171402767908646e+01
1.692520063675618402e+01
1.682837547724470895e+01
1.681887014228966848e+01
1.692720957030752871e+01
1.694586487439160294e+01
1.698972823876312077e+01
1.689836697350764894e+01
1.696873958251721604e+01
1.701143358526602256e+01
1.697637777728660069e+01
1.707143239856847217e+01
1.719381516283781153e+01
1.691058908611191924e+01
1.680576099258217226e+01
1.713704318983048935e+01
1.681223455928108024e+01
1.686600992361832496e+01
1.685658662716341638e+01
1.714714860647598016e+01
1.690924201723582954e+01
1.688673732596890176e+01
1.697527341669580636e+01
1.704232927382457063e+01
1.712979313877401566e+01
1.695216779734600721e+01
1.672974811422139751e+01
1.687605599632014020e+01
1.689011187167099237e+01
1.714273194003000711e+01
1.715425898748167910e+01
1.699332831710149350e+01
1.689839758374627721e+01
1.720865434674037786e+01
1.691277571389340650e+01
1.681175505376958412e+01
1.713445207681767712e+01
1.693109679561398195e+01
1.691782565295301666e+01
1.672971419327489428e+01
1.703422739664044627e+01
1.681390056588879034e+01
1.701541331812532576e+01
1.698136136270109020e+01
1.687916852657354738e+01
1.680275162430068292e+01
1.721572241025145900e+01
1.693946887337270368e+01
1.732655331847817237e+01
1.688549880721983243e+01
1.678171306947970010e+01
1.713448710559806898e+01
1.695747325009219253e+01
1.664238947008963265e+01
1.695909465075692069e+01
1.731026918245606439e+01
1.678791204065849030e+01
1.719768898510329436e+01
1.700231968994130938e+01
1.694723805253825333e+01
1.680411541368695438e+01
1.682815485266598188e+01
1.702559818754541254e+01
1.688919832543369992e+01
1.682674768704722013e+01
1.712138913423428477e+01
1.694280801912218948e+01
1.692937200713289059e+01
1.680363272243450012e+01
1.680896122529640380e+01
1.662718488243496040e+01
1.680715806887964447e+01
1.696882604322109600e+01
1.694161221428229069e+01
1.689925756854492178e+01
1.710689912554368419e+01
1.701530048897265601e+01
1.692532461421811973e+01
1.679219142480875249e+01
1.706086634956562875e+01
1.699637615247344158e+01
1.708902947890945256e+01
1.707450187183545864e+01
1.715401985465188517e+01
1.673245175719501532e+01
1.691100185729594685e+01
1.709471102649106911e+01
1.724777481384642641e+01
1.707795094483240206e+01
1.690243823469427653e+01
1.696863856726361774e+01
1.688434797246522834e+01
1.688883597227525968e+01
1.689538542302787150e+01
1.683932575871418891e+01
1.679927653364202556e+01
1.670391840012455731e+01
1.704368882655806772e+01
1.701299965150190374e+01
1.676679712350779639e+01
1.676865684731801664e+01
1.678055306843976879e+01
1.735741087180504039e+01
1.671047076119436881e+01
1.699463317786909755e+01
1.692236521318983478e+01
1.706968206033534230e+01
1.692122883402319289e+01
1.690667947739709476e+01
1.679730040008907821e+01
1.717586096408869523e+01
1.710153683056764606e+01
1.689563143390984834e+01
1.678029014921935413e+01
1.684886303899676463e+01
1.683137771437498031e+01
1.689777318392468430e+01
1.697227340322959677e+01
1.676867509886254126e+01
1.686299433210527354e+01
1.716917139442218243e+01
1.699838081484895014e+01
1.680325694257670577e+01
1.698999096493411542e+01
1.692760557893256035e+01
1.703185580367961194e+01
1.685711572154791327e+01
1.684796463238222586e+01
1.684250477297488757e+01
1.693935660398146936e+01
1.681020451439234265e+01
1.712133283298200936e+01
1.690425593275535121e+01
1.699148378702642503e+01
1.686646851969382865e+01
1.680741472822211691e+01
1.692208055548244161e+01
1.689110161429663748e+01
1.676036595407183327e+01
1.690436227308628858e+01
1.675907368726984714e+01
1.681178753943381210e+01
1.698019843686959263e+01
1.709464510050498021e+01
1.706183931713938051e+01
1.701320034421668836e+01
1.706227369279859829e+01
1.677685225630334287e+01
1.709353924726269369e+01
1.691027301743284994e+01
1.693097897511816896e+01
1.705004609128653215e+01
1.698215102913934516e+01
1.696116206956247652e+01
1.693266443749816830e+01
1.680291280107829621e+01
1.688858633414586308e+01
1.696194312696326989e+01
1.708238488061849836e+01
1.685114578199806701e+01
1.710104047402897010e+01
1.686567678948011917e+01
1.692694074683188887e+01
1.691173041708505664e+01
1.691136703997104362e+01
1.677180992963681305e+01
1.697938397512075426e+01
1.687296113550623033e+01
1.691905298424764936e+01
1.700358426445117743e+01
1.704224104774911197e+01
1.689189630206130843e+01
1.701262170250982209e+01
1.703513839693130194e+01
1.681149984028879985e+01
1.712098273371511326e+01
1.708973609202759647e+01
1.696083931136055512e+01
1.701130462797804910e+01
1.691369168454654570e+01
1.706172262099007142e+01
1.685558906996203277e+01
1.695802912293884290e+01
1.684248581279189239e+01
1.679777888134164243e+01
1.680402037833734141e+01
1.709115942229386320e+01
1.707446078829260472e+01
1.691477016739139216e+01
1.688356708010559615e+01
1.695195834900836118e+01
1.684539336965457323e+01
1.684138550125502931e+01
1.678497984237904106e+01
1.682799540197060395e+01
1.686676355097069191e+01
1.700481513071812145e+01
1.697844331895565162e+01
1.686039335425489938e+01
1.713305628717928641e+01
1.686309289103551734e+01
1.708206972731439421e+01
1.686803453521461194e+01
1.700286423733831498e+01
1.698495319537191506e+01
1.681759779993149451e+01
1.701093503220855752e+01
1.698884770623693896e+01
1.714248329213315003e+01
1.693179839696121647e+01
1.702889894521400294e+01
1.677721639055758018e+01
1.696877472296279166e+01
1.693653003512807587e+01
1.692385562285243594e+01
1.703380707475355749e+01
1.724316476970707868e+01
1.680369475049341332e+01
1.678988256108535992e+01
1.680458545679916327e+01
1.685612454061550736e+01
1.686304224577427036e+01
1.721238858605026678e+01
1.683270122571770955e+01
1.699876997840366144e+01
1.692977065817017390e+01
1.703949933887587775e+01
1.705958678178884114e+01
1.667649321113890792e+01
1.681873904115526130e+01
1.691354672906170364e+01
1.679228560419174343e+01
1.691222595639858639e+01
1.703081530083386852e+01
1.668933453515047560e+01
1.678110195195136001e+01
1.701970070203593011e+01
1.698478998422778830e+01
1.671418610319298637e+01
1.691961464386848490e+01
1.685094495826943017e+01
1.694359999086658064e+01
1.700773776784042823e+01
1.700302214020890545e+01
1.677052053659616249e+01
1.693999574749815551e+01
1.678125156467755019e+01
1.687320975416382396e+01
1.685813791452097377e+01
1.687140601459856626e+01
1.693462361820514417e+01
1.695832544065408598e+01
1.698092242314384137e+01
1.697818988092465631e+01
1.701385723516935755e+01
1.663985306048273927e+01
1.673121811732884368e+01
1.689897534367909060e+01
1.712463099602299721e+01
1.699985856575707999e+01
1.692424314543484343e+01
1.693784810618868519e+01
1.685526905487567717e+01
1.696412811766463591e+01
1.695012960454378970e+01
1.716046543408789660e+01
1.694465059796026551e+01
1.702412455061844199e+01
1.705401398462608498e+01
1.676551913853374387e+01
1.660599751506114075e+01
1.694296114682632393e+01
1.701819224122178653e+01
1.691629550193009734e+01
1.703543368520469414e+01
1.698366704641778924e+01
1.684851710339761510e+01
1.692786441472928516e+01
1.695994761293351161e+01
1.707935903397115496e+01
1.677530895369534392e+01
1.717080728819301783e+01
1.687761531071445020e+01
1.672574472629256448e+01
1.696359458850692548e+01
1.725878354584017771e+01
1.700861370421702645e+01
1.694481827239139804e+01
1.679757630817000091e+01
1.714738297767424413e+01
1.722936120462831511e+01
1.702399358933851659e+01
1.684186538713417391e+01
1.716723036102445477e+01
1.698290151125106817e+01
1.698448656071633778e+01
1.698835332166993339e+01
1.688272434125704535e+01
1.694625888855275875e+01
1.699358380882116393e+01
1.690922082499020362e+01
1.710549069318411952e+01
1.708815081681695958e+01
1.692727005556843167e+01
1.694606201841432025e+01
1.699822543093167937e+01
1.708895117707969646e+01
1.679985691365708078e+01
1.685243916966068056e+01
1.697641326525317851e+01
1.692262764048330581e+01
1.688355403684867895e+01
1.696250045440075027e+01
1.701998120332665820e+01
1.692154676431696814e+01
1.697750862828924312e+01
1.721695889722474249e+01
1.687824319118302085e+01
1.699657081511822199e+01
1.694221568514323550e+01
1.702250069484836104e+01
1.683643449014520499e+01
1.678460249968615514e+01
1.697996608302140942e+01
1.694906783055214206e+01
1.711646030989674117e+01
1.692140474407392858e+01
1.694999619752340791e+01
1.702536580955836953e+01
1.710342007664907626e+01
1.687266875981179126e+01
1.699421839344759633e+01
1.687433215371632400e+01
1.689944236909932229e+01
1.687094141711752115e+01
1.712056230900780207e+01
1.703295198175456093e+01
1.690983921633837284e+01
1.689170839078564512e+01
1.685851796828787386e+01
1.701614206483408154e+01
1.703509228101528095e+01
1.702167311582035580e+01
1.705837782403066782e+01
1.679970059421551198e+01
1.689847273426474317e+01
1.701747706552985662e+01
1.701783611556498599e+01
1.685243044957202940e+01
1.705494337007691641e+01
1.721195335678719118e+01
1.686900573022618133e+01
1.680127555898423353e+01
1.678522882458346288e+01
1.691654400845503048e+01
1.714154284524471450e+01
1.674620886760955329e+01
1.715286380385575171e+01
1.703285260550548941e+01
1.691942604628022195e+01
1.680031850649467984e+01
1.674752306786779243e+01
1.700573964276012617e+01
1.670676203686154437e+01
1.670690053316845081e+01
1.698198808855819664e+01
1.680451314230599635e+01
1.697211928012399085e+01
1.718811518027732177e+01
1.701365048812952097e+01
1.679676836307660182e+01
1.675631540152579291e+01
1.699827005621212095e+01
1.678397783709835167e+01
1.690061798564579476e+01
1.697917127613379407e+01
1.692876613253480045e+01
1.688424879648405863e+01
1.693139000721045662e+01
1.710142018749385784e+01
1.709620341822998313e+01
1.684635820747055490e+01
1.683021106103059594e+01
1.701031733826507164e+01
1.673794710351346993e+01
1.674671582183464835e+01
1.696245792992079870e+01
1.702964472086503633e+01
1.669237428351286212e+01
1.685909771264229207e+01
1.694135118384662420e+01
1.698821238850905502e+01
1.693125657038374854e+01
1.721415822351242753e+01
1.691355016975510495e+01
1.713351780717337647e+01
1.678675463746303365e+01
1.709549872596126008e+01
1.704803248642852154e+01
1.681701357201616887e+01
1.685879802888113588e+01
1.692267698076098270e+01
1.692710357671954569e+01
1.699923739920629018e+01
1.705052623198115924e+01
1.690524092051350280e+01
1.704813998865437696e+01
1.691885471607491453e+01
1.707256645090273395e+01
1.691826991339558717e+01
1.678308004221711514e+01
1.686759516448293894e+01
1.698715144730383386e+01
1.698509539073842589e+01
1.697029983763720296e+01
1.719039990738254886e+01
1.670186574292878134e+01
1.698526628766097346e+01
1.681495449669570164e+01
1.688436209047001668e+01
1.684607629152482033e+01
1.691018597410896263e+01
1.700058342617725415e+01
1.699005760988239899e+01
1.690356574496913211e+01
1.688437149638165025e+01
1.709625530374743718e+01
1.694339645030023078e+01
1.677019968883021406e+01
1.686969739213435204e+01
1.690532686646123750e+01
1.674140438839844336e+01
1.691598058520247250e+01
1.669879724272434629e+01
1.697117039944345862e+01
1.708532278620518952e+01
1.712158630351569144e+01
1.705948107597621544e+01
1.688448063052006631e+01
1.701881047282071080e+01
1.689446601929040526e+01
1.697345742744210995e+01
1.654922272900040170e+01
1.688676836190251151e+01
1.691636910901237556e+01
1.667626145677332516e+01
1.705852223001815204e+01
1.688036190045572482e+01
1.702229173430792741e+01
1.676872465540469648e+01
1.710976867721260319e+01
1.687080565992013703e+01
1.706997224168473437e+01
1.688489236563550477e+01
1.688728046045612885e+01
1.697167822139782700e+01
1.680045654174374192e+01
1.693267167687651309e+01
1.699008934666843729e+01
1.683955313071808035e+01
1.717185292912416728e+01
1.712550925109236033e+01
1.707504578269530526e+01
1.703726595928537435e+01
1.698290006286823939e+01
1.697663905724296640e+01
1.675579318916399174e+01
1.680001774197002007e+01
1.685898472037543883e+01
1.724889145897959963e+01
1.690478563611427987e+01
1.675439980922028127e+01
1.686855119905705891e+01
1.691999736335381144e+01
1.671747135639975212e+01
1.687603971947227777e+01
1.704095611122730958e+01
1.681630609971513124e+01
1.707927936426504090e+01
1.700157890098790148e+01
1.709883499950905872e+01
1.715183473565646821e+01
1.692425551753199287e+01
1.698193329781719285e+01
1.698929968043744054e+01
1.702030227158142850e+01
1.695559969191167227e+01
1.700209280323369754e+01
1.688646630933078896e+01
1.699626293960018231e+01
1.711128067382186302e+01
1.695913930276391923e+01
1.687310064156991984e+01
1.687641722612850259e+01
1.679612787198630741e+01
1.704263246415032995e+01
1.709208476761035200e+01
1.691709498008164658e+01
1.682451768396908776e+01
1.681284357982931255e+01
1.702919957319739197e+01
1.687155901732118934e+01
1.681627595346412107e+01
1.705889800238561804e+01
1.716324286796168863e+01
1.710838997391636696e+01
1.679849099707826454e+01
1.685539823166533324e+01
1.692559904267389470e+01
1.650760473380478999e+01
1.700107774797672278e+01
1.698225193375186137e+01
1.711764858729624450e+01
1.676096453797281782e+01
1.701064401181569608e+01
1.683840777286173207e+01
1.700653882528155236e+01
1.704937412288991894e+01
1.701118586285058853e+01
1.696683346443658635e+01
1.696044220078659492e+01
1.687476615281870096e+01
1.705403545459806125e+01
1.690171739143676177e+01
1.699982922754592707e+01
1.709262428997348948e+01
1.685748498225719771e+01
1.686805881150855058e+01
1.705396908637372277e+01
1.708547129416184873e+01
1.676914675358262841e+01
1.692243553700855330e+01
1.710082027029023521e+01
1.695065994770880025e+01
1.707266143996210062e+01
1.679286332247312785e+01
1.667716571486256427e+01
1.713916272841115784e+01
1.696061415187915600e+01
1.694073157036278587e+01
1.676069948319622682e+01
1.697733294759838785e+01
1.696113899373136746e+01
1.720486832843878133e+01
1.694631831745010331e+01
1.704152072662894568e+01
1.695446353170364517e+01
1.683846252591870751e+01
1.679194259352117413e+01
1.703326235262460031e+01
1.686679960242419796e+01
1.718363889553214108e+01
1.696195476845391070e+01
1.704141210833017084e+01
1.699058718558687531e+01
1.704875350171817772e+01
1.663305456807292870e+01
1.697079634739477427e+01
1.705164702706205659e+01
1.697301127614749916e+01
1.699020748256569391e+01
1.697686526020426001e+01
1.682236161620555137e+01
1.724358248633095769e+01
1.690683663396782066e+01
1.686222351437341516e+01
1.681085150489570879e+01
1.715324335709619064e+01
1.685273916513461501e+01
1.712874017533754056e+01
1.711586503840414153e+01
1.700477010203215400e+01
1.687140575125803110e+01
1.696106790045964274e+01
1.684018925586386217e+01
1.700990599320453001e+01
1.704261915742127087e+01
1.689540975684187529e+01
1.709969209234744625e+01
1.700085186651426383e+01
1.673856256166529732e+01
1.727001658782728910e+01
1.701148520383065232e+01
1.699798280978168918e+01
1.697817214171084643e+01
1.707285463824660710e+01
1.691122003709454802e+01
1.713199199798157224e+01
1.700138154990438011e+01
1.711539568360870334e+01
1.694321002628705841e+01
1.701194719134953814e+01
1.690757815755287652e+01
1.697904896233487548e+01
1.714937955573682871e+01
1.677079304334059628e+01
1.700753933536719487e+01
1.726120526508628927e+01
1.681123823215226665e+01
1.715667209556331940e+01
1.712921996011546000e+01
1.708179350525791307e+01
1.671733950864919294e+01
1.692477487113756496e+01
1.709511266026216347e+01
1.707112497504124704e+01
1.716081507093424108e+01
1.674252405468630300e+01
1.691917967131792722e+01
1.694750226540102389e+01
1.671846177027570235e+01
1.704691364251842245e+01
1.700191138349312681e+01
1.694119878843158844e+01
1.718351425828259949e+01
1.694635873740535104e+01
1.681702551113722777e+01
1.698100170177051282e+01
1.670669575797759521e+01
1.706863451432622014e+01
1.688013788665934101e+01
1.701513841182446640e+01
1.712445687244409953e+01
1.689264010717912257e+01
1.687983880536966552e+01
1.711855974675751924e+01
1.720525119726666574e+01
1.708580127994311937e+01
1.681218987848905755e+01
1.704328629148921692e+01
1.693476522407974727e+01
1.685928528507330881e+01
1.711746043856814836e+01
1.711371252977785318e+01
1.700469801606018549e+01
1.684831344073531767e+01
1.677007504828240414e+01
1.701356907562564302e+01
1.688650085042922910e+01
1.709484900807094832e+01
1.691380044687154083e+01
1.679005555600080157e+01
1.702851662737689509e+01
1.708076643239041559e+01
1.697995099979737788e+01
1.686957648452101921e+01
1.700481681692655656e+01
1.688095416073058885e+01
1.691901915470844386e+01
1.688905217158016825e+01
1.692623058758892540e+01
1.677013425684308601e+01
1.696295219684105859e+01
1.701152404771512039e+01
1.694219998013400996e+01
1.693523471130279390e+01
1.692740975246282176e+01
1.696343834263524286e+01
1.699822655298656926e+01
1.704760297134235003e+01
1.683739843267241199e+01
1.684633572587210892e+01
1.699532615696860560e+01
1.709203427733268299e+01
1.669117249891209553e+01
1.697478863554018602e+01
1.691724996249513779e+01
1.672452597386892492e+01
1.702688837801689203e+01
1.666224846303090956e+01
1.684574154843585703e+01
1.697629980423453588e+01
1.679293407514613534e+01
1.704071981591498641e+01
1.671655639886163769e+01
1.684956463941439253e+01
1.682430753660402445e+01
1.695272393583901049e+01
1.717294163976008292e+01
1.698454955518990062e+01
1.690196678331743740e+01
1.702325754720588336e+01
1.698059105201145158e+01
1.723366634643777928e+01
1.692663589585306383e+01
1.697021301680936389e+01
1.697060882511711455e+01
1.713580204242667548e+01
1.701970529626066408e+01
1.696913158624732887e+01
1.704253708604607453e+01
1.691161231903573992e+01
1.689242321856628593e+01
1.655738323839179316e+01
1.710391620061215079e+01
1.681512602305925341e+01
1.696570985414716048e+01
1.698598221196595759e+01
1.705511999671739787e+01
1.706927112778076960e+01
1.683247074482395789e+01
1.685032729541633145e+01
1.670979652290044370e+01
1.714863837625106058e+01
1.700657934429864682e+01
1.693309414371950083e+01
1.702483119617853902e+01
1.698365998400829469e+01
1.710006812627297279e+01
1.696488974977140174e+01
1.692619097947488171e+01
1.677262105786518021e+01
1.684566532983138742e+01
1.717359301316641051e+01
1.678579118359866129e+01
1.686117470766581405e+01
1.707535239463158305e+01
1.706678792599170791e+01
1.663923157394112806e+01
1.693982569606782107e+01
1.702613675904395762e+01
1.693231738321279067e+01
1.686289253826281254e+01
1.709602386165071053e+01
1.713507768578421064e+01
1.706619734075248473e+01
1.688719085297492484e+01
1.691337742703480274e+01
1.707279821038585865e+01
1.701055582352914541e+01
1.684352470399533175e+01
1.701513558799214465e+01
1.696752656335466014e+01
1.664798954650931861e+01
1.686289020173462205e+01
1.681601022517580191e+01
1.690355338872290858e+01
1.712251913097871281e+01
1.695107973158103931e+01
1.685375635011447670e+01
1.700716769287656760e+01
1.688753266625695204e+01
1.691793476697512588e+01
1.683583768717342011e+01
1.703151352247556360e+01
1.696933323484094558e+01
1.719781906804676197e+01
1.710192470117006280e+01
1.687361177157981373e+01
1.707520847661288954e+01
1.688407540837454945e+01
1.681148651997630949e+01
1.682752335506175712e+01
1.681785951967690451e+01
1.708003877993027331e+01
1.708442247387758428e+01
1.677679261584988524e+01
1.683583661749384319e+01
1.674316725413022056e+01
1.688412308843374632e+01
1.688113918096046007e+01
1.702358051896925772e+01
1.682561162387595388e+01
1.683856978235423441e+01
1.703142045616704436e+01
1.711299378035499785e+01
1.686624280708957713e+01
1.699133519474231946e+01
1.679342829829793260e+01
1.675880685086590560e+01
1.691058065130805232e+01
1.683750419311914115e+01
1.698923945217810427e+01
1.701031320672170466e+01
1.684410631435513395e+01
1.688257437985346243e+01
1.678780787921617801e+01
1.705007271880723962e+01
1.676586870895898329e+01
1.729036637920297892e+01
1.693221239577887260e+01
1.700021043421530464e+01
1.695274336067653564e+01
1.725961335471907532e+01
1.707287854983871256e+01
1.677586503203053780e+01
1.703074632075017192e+01
1.706256856065085614e+01
1.700020705368327611e+01
1.698413108457859977e+01
1.706119267133467687e+01
1.709010582047220339e+01
1.678076948262372881e+01
1.712161752821398863e+01
1.713445468939119820e+01
1.701653542076592984e+01
1.706115921330136587e+01
1.710117017896422098e+01
1.689998131044167806e+01
1.691609858748575590e+01
1.698315940640439692e+01
1.689252940755538646e+01
1.690059817882832505e+01
1.710222067690529357e+01
1.687109589741727689e+01
1.705554083295384871e+01
1.670170952859561453e+01
1.696520701570381817e+01
1.678903066682632783e+01
1.695618814007919894e+01
1.719226739680208382e+01
1.694814545780528547e+01
1.685919641808151681e+01
1.696217100935865219e+01
1.708397422752031503e+01
1.676532105579711995e+01
1.695096160913791294e+01
1.687351525686401743e+01
1.693180957059937342e+01
1.687319971268787810e+01
1.696063478183915763e+01
1.696958093964878955e+01
1.713836247572753635e+01
1.710728495871277843e+01
1.698696495747468305e+01
1.704683991509164187e+01
1.692151100301282085e+01
1.694078041374847032e+01
1.694386910125232504e+01
1.710672683494543023e+01
1.671311493695751693e+01
1.703684945067583811e+01
1.690060720260432348e+01
1.696386494155810709e+01
1.715031378660253480e+01
1.692314032242082789e+01
1.700051229140550291e+01
1.674568877225226515e+01
1.692038514535662941e+01
1.697756342910858152e+01
1.698908910104476888e+01
1.689422067239570069e+01
1.695316749002130763e+01
1.694834661061297965e+01
1.694518298529075295e+01
1.700117307858062787e+01
1.696598598374327338e+01
1.687872218559416027e+01
1.700171941167974410e+01
1.698365522494552948e+01
1.701432269437340139e+01
1.710281325159551358e+01
1.697753435640373709e+01
1.680202672991339696e+01
1.692623335212382329e+01
1.694065639923515221e+01
1.705611729739793958e+01
1.701459480663646318e+01
1.700235133365495699e+01
1.686380419906794259e+01
1.708998147897982278e+01
1.697568125829344865e+01
1.709834818219121644e+01
1.698200074966192119e+01
1.715266409705623118e+01
1.659881896725627470e+01
1.678230375786144535e+01
1.679542341932221916e+01
1.700979477531206641e+01
1.697489055277302228e+01
1.700232726293567254e+01
1.681352016516538228e+01
1.677464591058160437e+01
1.701237872021365760e+01
1.692861667206508258e+01
1.682949784777860103e+01
1.703819742170520968e+01
1.679923154118752038e+01
1.679358699768127394e+01
1.704861082396068639e+01
1.699013545909960143e+01
1.699327131646046496e+01
1.688956955412086813e+01
1.693335856765152059e+01
1.695059649224291576e+01
1.696728914028015112e+01
1.695180014650998856e+01
1.684321262358605864e+01
1.696392944998661534e+01
1.658888067573188607e+01
1.692217829964673115e+01
1.681015627994341699e+01
1.675482688819773003e+01
1.697634929591237452e+01
1.717850131140709635e+01
1.694597525316943987e+01
1.699351831004233659e+01
1.677784901515796534e+01
1.698491935030576983e+01
1.712159835813619324e+01
1.676609285637886515e+01
1.693138698960575184e+01
1.674422683054017114e+01
1.685600426948098374e+01
1.681900432331589101e+01
1.684359513820172438e+01
1.709514824304455871e+01
1.712054028903964564e+01
1.704293288531020778e+01
1.678894516230604239e+01
1.696355015363630869e+01
1.696598825970897906e+01
1.697795132463190271e+01
1.710554198798711667e+01
1.701110049195143148e+01
1.700584746120303592e+01
1.713363635800143214e+01
1.709014039907896887e+01
1.681643934013279562e+01
1.696162761327927271e+01
1.703384009848821634e+01
1.696263828942428020e+01
1.665559327546763768e+01
1.684639181888147164e+01
1.681192930092939264e+01
1.699242244141728264e+01
1.673961584363243915e+01
1.697536122806912928e+01
1.682455162193353360e+01
1.683561259256906339e+01
1.678454097245583654e+01
1.696055238607027604e+01
1.705475020816885134e+01
1.675522535350107844e+01
1.696175973359232358e+01
1.696387341846232388e+01
1.689201589413174176e+01
1.688592876323104974e+01
1.708537504480677782e+01
1.699503140201259654e+01
1.689404009650293403e+01
1.681372372386291758e+01
1.691885479085314614e+01
1.692933121495744331e+01
1.694643479193714342e+01
1.715296457790327622e+01
1.694859398805010287e+01
1.681619562173052529e+01
1.662600293920792538e+01
1.685178127004158100e+01
1.668398821960203549e+01
1.701292293213355933e+01
1.708105197052500657e+01
1.696384298780924738e+01
1.685932656906174287e+01
1.686372376333985912e+01
1.703696003827885264e+01
1.684183589854939811e+01
1.708030304706370828e+01
1.698163651869785085e+01
1.684715971860723727e+01
1.701678149187394240e+01
1.697467094876531490e+01
1.687124210677476555e+01
1.686649826463569468e+01
1.705649964232818050e+01
1.677431517923913162e+01
1.704965913953001433e+01
1.678766370136727204e+01
1.681393402345150534e+01
1.714146900218430147e+01
1.689279994254111728e+01
1.683093224486804473e+01
1.687677189414978685e+01
1.699212650264563962e+01
1.701340278726269872e+01
1.677361150570390080e+01
1.687360066661456059e+01
1.697762595548091014e+01
1.693727586992910616e+01
1.669836090862377276e+01
1.685849470890803659e+01
1.709692609968796617e+01
1.696796390429846468e+01
1.700550299146211586e+01
1.705280487450379212e+01
1.692659032653664042e+01
1.703263214468892883e+01
1.700219852772225693e+01
1.659829252794371968e+01
1.693168964923900432e+01
1.685357601711643127e+01
1.681556039820270598e+01
1.710247273960073855e+01
1.715160352645190400e+01
1.690300951422525344e+01
1.680201663238952037e+01
1.702451528920495960e+01
1.695904587594493407e+01
1.701523269233305768e+01
1.689109321394563423e+01
1.691952914990454815e+01
1.703605204853659316e+01
1.705260116001593218e+01
1.716471630182459762e+01
1.678929843777020992e+01
1.713554244841457219e+01
1.715831041120932809e+01
1.692424718872480227e+01
1.704499437398376926e+01
1.728274042079686978e+01
1.702500073571740202e+01
1.691020793991263460e+01
1.704888320941638824e+01
1.694235850161512857e+01
1.687553523121185961e+01
1.710264522097746465e+01
1.687090773594754012e+01
1.698758543656175490e+01
1.675169887363411547e+01
1.682418216736192917e+01
1.693186141367779385e+01
1.697345118118984786e+01
1.695441047813354274e+01
1.694544995724677250e+01
1.702636124448127219e+01
1.711384417688462278e+01
1.692019704196749785e+01
1.695752921899728349e+01
1.702540183256873974e+01
1.701706585847007958e+01
1.689495089940266581e+01
1.701040455371964555e+01
1.710297229663694907e+01
1.687740531178842218e+01
1.687774342873038691e+01
1.694183689299758910e+01
1.698212151141265380e+01
1.698108249776238665e+01
1.674726848873877216e+01
1.704927650982651954e+01
1.707350419383944384e+01
1.683824661150696400e+01
1.698683934453188016e+01
1.690383057309721337e+01
1.673987191703562161e+01
1.697793079352628709e+01
1.721859811255299633e+01
1.688667116213940034e+01
1.695109479366636407e+01
1.703929838740706160e+01
1.699761237986218632e+01
1.703559933430972961e+01
1.678493822644252731e+01
1.714060657995927528e+01
1.696653191228798363e+01
1.683801952941211511e+01
1.664117000508709765e+01
1.690496167682504947e+01
1.698664616283098283e+01
1.697329622421270301e+01
1.684235324207983098e+01
1.701207611653375551e+01
1.703496037807517638e+01
1.683328699301781839e+01
1.690321029109727746e+01
1.685552508610175693e+01
1.677483132128399390e+01
1.689483779052792656e+01
1.691934357974778536e+01
1.670830598698538338e+01
1.693807833527446149e+01
1.677295369049621243e+01
1.695496632533070880e+01
1.699602030464848568e+01
1.712562509948744349e+01
1.691730588937555879e+01
1.685368727562349989e+01
1.691734033168521023e+01
1.685144419371005142e+01
1.689130482941005340e+01
1.705079198916423522e+01
1.687970015404497559e+01
1.674705048892684189e+01
1.690964303697443327e+01
1.718972238533369534e+01
1.686763898051756172e+01
1.692262016153658521e+01
1.695208881487473818e+01
1.705755272255235866e+01
1.725390015396090604e+01
1.698816998487161811e+01
1.712976264126002590e+01
1.697995290184721640e+01
1.668317196984012440e+01
1.678046750589474811e+01
1.689597633663685627e+01
1.688322697004901585e+01
1.723971984666421875e+01
1.689407018052438758e+01
1.702538062690972254e+01
1.691766489656593464e+01
1.690534217064916334e+01
1.715751014871439395e+01
1.669282526174528059e+01
1.691371192375793697e+01
1.699143239940503136e+01
1.692585954329652509e+01
1.714925031176740333e+01
1.709537613450530102e+01
1.660186373930135773e+01
1.707878983125366190e+01
1.706502034176197924e+01
1.691032364390549247e+01
1.692684535162152670e+01
1.697908640740574882e+01
1.692909955156347124e+01
1.701517456751384927e+01
1.669614068018736575e+01
1.699394008739675499e+01
1.684751930526310204e+01
1.693042394467597589e+01
1.704824531333674642e+01
1.708492375068919600e+01
1.676768477952082037e+01
1.704650243286174316e+01
1.706226687067237080e+01
1.714971632739109353e+01
1.717461734697711151e+01
1.702461630624468114e+01
1.714225310411328707e+01
1.711363281743831521e+01
1.709751739481239952e+01
1.696355943496858032e+01
1.687727146464175831e+01
1.680461731726306596e+01
1.689323694227337569e+01
1.690027150339178519e+01
1.692138761397517754e+01
1.696722384814885132e+01
1.708723676212993681e+01
1.704691514273162412e+01
1.697032803546917989e+01
1.687096733265250492e+01
1.708433456844510445e+01
1.668071586422579244e+01
1.693298994378952926e+01
1.703136045761352690e+01
1.694258682977737251e+01
1.682755522460508857e+01
1.710643603640871291e+01
1.693770852161395268e+01
1.685701911032795053e+01
1.689749871319743946e+01
1.694557010664977170e+01
1.718746825134363121e+01
1.710436579400100499e+01
1.701531524622812341e+01
1.709582702470527238e+01
1.709555751418607983e+01
1.709515330065879013e+01
1.691763070008749992e+01
1.690442673686463948e+01
1.722985716345453255e+01
1.693750095534986855e+01
1.703198491399733072e+01
1.713717102890118937e+01
1.674987906544933480e+01
1.679322786801251510e+01
1.683508833171742225e+01
1.714392993142606159e+01
1.698459059188009235e+01
1.663313226407955625e+01
1.684185820228290353e+01
1.719338875150436152e+01
1.683370088405728282e+01
1.690781947385716677e+01
1.686771338564194522e+01
1.696405918735386109e+01
1.702201409227602724e+01
1.674410110450848421e+01
1.712548644443910106e+01
1.685550909658313046e+01
1.692354959153998806e+01
1.690865829132238574e+01
1.712443927044461844e+01
1.697155840557756434e+01
1.680072530845299994e+01
1.689525767160133185e+01
1.707442240792198263e+01
1.693982823132478188e+01
1.696084737019875632e+01
1.682912842307057133e+01
1.693880727978142176e+01
1.707208056090273018e+01
1.691117459851487936e+01
1.684793223906540405e+01
1.676921359531666056e+01
1.696599736662804503e+01
1.699753180117795637e+01
1.695293736743190394e+01
1.693922304627264452e+01
1.692931093273470111e+01
1.705849267781742284e+01
1.686660710365350724e+01
1.691522371378351153e+01
1.668963147964101168e+01
1.674067685315302967e+01
1.674119195498610679e+01
1.697827036280435209e+01
1.702030045649831180e+01
1.684477622236872918e+01
1.688397493405978622e+01
1.689070438042730871e+01
1.686191678652756920e+01
1.687107760805401568e+01
1.676310024900005402e+01
1.688679129307166704e+01
1.685741543126237829e+01
1.704896225115693298e+01
1.682752726220451578e+01
1.713331367996240928e+01
1.663932405035080819e+01
1.698305414691221671e+01
1.703221058408460920e+01
1.701987021617323137e+01
1.673842159731707113e+01
1.694088983487838007e+01
1.693500888175008257e+01
1.686687689896475106e+01
1.696407284463703036e+01
1.698830080289573985e+01
1.664097922236638993e+01
1.705456452867087336e+01
1.703684894613391876e+01
1.692866598968232239e+01
1.690138368142610759e+01
1.682545737560516841e+01
1.685380867538348326e+01
1.691967455126855313e+01
1.688347570334826742e+01
1.705921992665384579e+01
1.708230499894046162e+01
1.696878105673050996e+01
1.664854491726839569e+01
1.699078731022415667e+01
1.665606296129937647e+01
1.699215668434023030e+01
1.710217489159160564e+01
1.689354476877429434e+01
1.691193343174066754e+01
1.691575645097923797e+01
1.693129530719726361e+01
1.709943167585819879e+01
1.693931084402019138e+01
1.683733631494993688e+01
1.691761196787314248e+01
1.687076545231127156e+01
1.707000468674422322e+01
1.695977676687950009e+01
1.698036123534970443e+01
1.677454145100275440e+01
1.695691921445203576e+01
1.706258479836283115e+01
1.691781059185095870e+01
1.709941551252144265e+01
1.697840291737115948e+01
1.675492124432634711e+01
1.699192796250966353e+01
1.696708236528571234e+01
1.668535171149890317e+01
1.693293834041712387e+01
1.688005170077995842e+01
1.688486435124179508e+01
1.703386159764257712e+01
1.678737036127995452e+01
1.682983885609090535e+01
1.715681496299883335e+01
1.689805105852000011e+01
1.712623191246307641e+01
1.698119757906286154e+01
1.702618932249848882e+01
1.669195031084701242e+01
1.684444777989924802e+01
1.708270712989347118e+01
1.695817628368889629e+01
1.688491873436120372e+01
1.662650219139157670e+01
1.677402563451934725e+01
1.697390101108480920e+01
1.718013756983634721e+01
1.704819911062339344e+01
1.696024917256856668e+01
1.699099790028390089e+01
1.682055837417249222e+01
1.702295051821943872e+01
1.672083705749718163e+01
1.692115360878879926e+01
1.695767898040338295e+01
1.711179977329259572e+01
1.685221219302477991e+01
1.690444890663465216e+01
1.688373800324032814e+01
1.664615624792631010e+01
1.693748361310283812e+01
1.688073370498690551e+01
1.678996364392632756e+01
1.672804817756734153e+01
1.692202869463985238e+01
1.692993918123654851e+01
1.698403634466496115e+01
1.703813488992904368e+01
1.669887147206034683e+01
1.679951215209601045e+01
1.691043320390465254e+01
1.703609541765798951e+01
1.701612215897653613e+01
1.694866872337129848e+01
1.698290619869404239e+01
1.711094792769057449e+01
1.699542968302754176e+01
1.683614180135805327e+01
1.700454766451740340e+01
1.698522889813275327e+01
1.695319148560113476e+01
1.708090189360355637e+01
1.711058672792248103e+01
1.688239059524923036e+01
1.694953920292016392e+01
1.667999836159025051e+01
1.695251685322580926e+01
1.711444305922135456e+01
1.703336190214504597e+01
1.685836387285853633e+01
1.674632384429454746e+01
1.694133701393025149e+01
1.691762841643802773e+01
1.683297549144884186e+01
1.692108312586227470e+01
1.708196993200940383e+01
1.693109028191551246e+01
1.714508338759307549e+01
1.724033932032301664e+01
1.683818819011489865e+01
1.694074289553252655e+01
1.693436038523284992e+01
1.695282862993133577e+01
1.682992397802832230e+01
1.710522051950800915e+01
1.697469617616213000e+01
1.680970195781600296e+01
1.692965974021015185e+01
1.690588826399795508e+01
1.682738208421200810e+01
1.690895511308652033e+01
1.694243659624247655e+01
1.669293650418129360e+01
1.686710230632816376e+01
1.702404666760758190e+01
1.703025109445422558e+01
1.673503989834443928e+01
1.719533984805130089e+01
1.700148472180108783e+01
1.677135156402083993e+01
1.693033156936734684e+01
1.688538061637074605e+01
1.712565683771047276e+01
1.711811700919697898e+01
1.691793371754276976e+01
