# Variable: B
# Sample shape: (3000,)
# Date: 2018-05-02 16:47:14.080844
8.801379131539455170e-01
8.779414647696451857e-01
8.727377863628895671e-01
8.751013917829961741e-01
8.664411248524215292e-01
8.738124122556178985e-01
8.683841796490507914e-01
8.634024285872660132e-01
8.660842288319000604e-01
8.688611736351408155e-01
8.795672586337782706e-01
8.686605005673730950e-01
8.737043327117777203e-01
8.703855157283019173e-01
8.709925249731454988e-01
8.674283945842116150e-01
8.849992965336517248e-01
8.666148594415694628e-01
8.742313797848232371e-01
8.684933911557685127e-01
8.784731246997798948e-01
8.588566038022800164e-01
8.598801386209424802e-01
8.770162781368128213e-01
8.740283006723650328e-01
8.752482898720417293e-01
8.742504210842672041e-01
8.657347024011198267e-01
8.695353669330430080e-01
8.784482828909221386e-01
8.722474892554141768e-01
8.710747027896588168e-01
8.720624695353158540e-01
8.774956713847074097e-01
8.729349927953596877e-01
8.777666927320550982e-01
8.766082298638758763e-01
8.730798032021075405e-01
8.767729689505938673e-01
8.761860859914615274e-01
8.799753866853320394e-01
8.680917436384545383e-01
8.628123009813873923e-01
8.760437766934745518e-01
8.655848219836042023e-01
8.742064445852597565e-01
8.741732471740892851e-01
8.750343466985994745e-01
8.675325005949510171e-01
8.747759780357803328e-01
8.703957934041880451e-01
8.613646247116029109e-01
8.633649078908113284e-01
8.742698352681589347e-01
8.671316850105542651e-01
8.777131685714602005e-01
8.677761384264686129e-01
8.775844473970927373e-01
8.722001619021113594e-01
8.697610167145467530e-01
8.689417565135130195e-01
8.635199186262548787e-01
8.697192421718398236e-01
8.738034044966201952e-01
8.773157397436529559e-01
8.701286666776996137e-01
8.729976271815128586e-01
8.646608754469384817e-01
8.808420018050869826e-01
8.751307569323246716e-01
8.702568978106162145e-01
8.715242508516982678e-01
8.734637845317443361e-01
8.685971902158526881e-01
8.668211664090427204e-01
8.692448442294447020e-01
8.732064530346466125e-01
8.704054122644400149e-01
8.636540920065545190e-01
8.704314952057746746e-01
8.712197810923351105e-01
8.777959136054016565e-01
8.687756873834076021e-01
8.709855908411623382e-01
8.682925864902211188e-01
8.646788594272122319e-01
8.662420419935255023e-01
8.810374287134979943e-01
8.674911354911293282e-01
8.734903929364580266e-01
8.702169175012435254e-01
8.714974619084040475e-01
8.749888342255162099e-01
8.761820320238102866e-01
8.760575954264069320e-01
8.664266660805031162e-01
8.667253333997942955e-01
8.764910429397925196e-01
8.699769819548576200e-01
8.700086917407223730e-01
8.797275456670855531e-01
8.727056847537419948e-01
8.776933638784095715e-01
8.714812098345978697e-01
8.694919513510186437e-01
8.735877783474029767e-01
8.726050548493142767e-01
8.694933536511016969e-01
8.709968010717983322e-01
8.707402366748974165e-01
8.721720092988523021e-01
8.701982625563425833e-01
8.770703589876041040e-01
8.709725997697472799e-01
8.706244063330044192e-01
8.750829294724998819e-01
8.716662120247554713e-01
8.728026624127597222e-01
8.733476334394060236e-01
8.731581623250441737e-01
8.790073184000145590e-01
8.702858121306029648e-01
8.627027062745685759e-01
8.668419987503209745e-01
8.667692701855725934e-01
8.708407068271231122e-01
8.681156189655068189e-01
8.788496338566291755e-01
8.733341794645047562e-01
8.665083961989460404e-01
8.734098975654613906e-01
8.647360365709229058e-01
8.787561465306157338e-01
8.713312340372072473e-01
8.750415591287699080e-01
8.731846882970046853e-01
8.726782682532147062e-01
8.684457650082857416e-01
8.758654837893203871e-01
8.735731960124116791e-01
8.696615237580169744e-01
8.723912250333343277e-01
8.673898250849036984e-01
8.694325389879317134e-01
8.716316282004613614e-01
8.729023852067108180e-01
8.733794738187081741e-01
8.762044362819549903e-01
8.723192524643671453e-01
8.694282971076811029e-01
8.749890580548528307e-01
8.657427687543512995e-01
8.745591255445271939e-01
8.696834124099637187e-01
8.737891862957191114e-01
8.747810515244043295e-01
8.674720071529520293e-01
8.751971519534740285e-01
8.734660969091359028e-01
8.766611957961809587e-01
8.751284397006594551e-01
8.605850628586689810e-01
8.679753604876919715e-01
8.541055331345427382e-01
8.684475074208611867e-01
8.711090156933466444e-01
8.688293356589029681e-01
8.779204649472750477e-01
8.707691703096096525e-01
8.630100279571149002e-01
8.687616741168502354e-01
8.727688398345123666e-01
8.667196867577837693e-01
8.608296651190143756e-01
8.720361587697584849e-01
8.689543351282239536e-01
8.689518185941590422e-01
8.756116711635950622e-01
8.683012769305136214e-01
8.710735011199497446e-01
8.751125122178249338e-01
8.771153335166786968e-01
8.688165011324444631e-01
8.728320828668143516e-01
8.665527967611446059e-01
8.736314020993021234e-01
8.818274773387464460e-01
8.804182275819791847e-01
8.643149205263125356e-01
8.772212398439614978e-01
8.731707865737621255e-01
8.771670049045534601e-01
8.756303137350284205e-01
8.751337024338656789e-01
8.748047560127727440e-01
8.679741388170210126e-01
8.702697377151430436e-01
8.744912365818484634e-01
8.685559920561548575e-01
8.701553934702259685e-01
8.687452565068303212e-01
8.705737752336464297e-01
8.707590815243981819e-01
8.802650014385421384e-01
8.690901392634300393e-01
8.736299859757826747e-01
8.709686728430651170e-01
8.624464659594152094e-01
8.775254299520705015e-01
8.668818759127375762e-01
8.654117539046556340e-01
8.745845847588696875e-01
8.687234066035434132e-01
8.703658393299411600e-01
8.700351310476711619e-01
8.756414320572573073e-01
8.631676612088488021e-01
8.581290661152296551e-01
8.703880278336576515e-01
8.662345610398615170e-01
8.749512199988537242e-01
8.742308665786441280e-01
8.667555030237987790e-01
8.741037603961764324e-01
8.765338740144125174e-01
8.700695809195997388e-01
8.742869870641710728e-01
8.642227663585360098e-01
8.649967607432844652e-01
8.702807805199664903e-01
8.724721637601792201e-01
8.765700682006862809e-01
8.595741684882977074e-01
8.735282852887742422e-01
8.668095066412825345e-01
8.690756486521129531e-01
8.831492029248896314e-01
8.668517026251333357e-01
8.670326528519015641e-01
8.645039007467220094e-01
8.721465295711021692e-01
8.774053913549795247e-01
8.779908819902642048e-01
8.759590841617584944e-01
8.786296927009348279e-01
8.696925775850468110e-01
8.680621431418178435e-01
8.689629125059974424e-01
8.656008133888496436e-01
8.758858520281821436e-01
8.765150967599193432e-01
8.768564248246993875e-01
8.723915666365675836e-01
8.651599760287610463e-01
8.757121497001085775e-01
8.640519880683137366e-01
8.751778038067821175e-01
8.783837780442194099e-01
8.730471514500123265e-01
8.742581680334083893e-01
8.685573119777281192e-01
8.656119248634019936e-01
8.704093638277736744e-01
8.770234410715499473e-01
8.687368484860489293e-01
8.700408777319759146e-01
8.681981845860795577e-01
8.725285712604633481e-01
8.689050936502351608e-01
8.734318722424957437e-01
8.698494444954939508e-01
8.756596798138684967e-01
8.681214065668213520e-01
8.743815708922896279e-01
8.696255747452557028e-01
8.696971840288403310e-01
8.689866241306326566e-01
8.686654480000113310e-01
8.723120452620110044e-01
8.678401575108858346e-01
8.650104702905149212e-01
8.622759787686747890e-01
8.620413483206251781e-01
8.716905814347548631e-01
8.772694873357392842e-01
8.762944902326916807e-01
8.705197197864296133e-01
8.754272579332899040e-01
8.696692643785738364e-01
8.678729206562032505e-01
8.705605553430506571e-01
8.672357342446003203e-01
8.682697247194869350e-01
8.759324035395499308e-01
8.771909003448170594e-01
8.666535030209229218e-01
8.706162815216137441e-01
8.655908012204115431e-01
8.726223916889060961e-01
8.698852527701066428e-01
8.706144195372191863e-01
8.659378910193038514e-01
8.692374935009665737e-01
8.658504642869381263e-01
8.574608682891747824e-01
8.629140483038230114e-01
8.716199803106103872e-01
8.684070898765714475e-01
8.681554284691569423e-01
8.677750953347467266e-01
8.666230626652493552e-01
8.745351558754864696e-01
8.849633758563008046e-01
8.750265279064746160e-01
8.666863757597205176e-01
8.684191483343471907e-01
8.660842197443544555e-01
8.626237199255110122e-01
8.706879969195493452e-01
8.769433648752006372e-01
8.706840853926844925e-01
8.719783816446767810e-01
8.689876738806041612e-01
8.741346424532470127e-01
8.624194044461893638e-01
8.603945774055398177e-01
8.625855573654976904e-01
8.652821856454205873e-01
8.695638018307647599e-01
8.719001779581403433e-01
8.808397623153839673e-01
8.696379633205407744e-01
8.764128214438438036e-01
8.637118528678140450e-01
8.690961392688675291e-01
8.633201570548156845e-01
8.630187702215517120e-01
8.627730362197462144e-01
8.695629019979792540e-01
8.790639820025526463e-01
8.695159916632398955e-01
8.730894063567382624e-01
8.805193813072560438e-01
8.733702301445225302e-01
8.723019501553502808e-01
8.693581048104156439e-01
8.718183945907083121e-01
8.677481614267363863e-01
8.683220215683962184e-01
8.665072301273837319e-01
8.655386513710119356e-01
8.766788071988744768e-01
8.759272691819721679e-01
8.733818153235478610e-01
8.680732001796128694e-01
8.707335489908986093e-01
8.671974387407881402e-01
8.763782922437466372e-01
8.646715812678571478e-01
8.684678907906138168e-01
8.653491728961009155e-01
8.770408522161268206e-01
8.658586334322315725e-01
8.742047815074370787e-01
8.743702138987646810e-01
8.734526685597375772e-01
8.730011936292587649e-01
8.750687259204514845e-01
8.700682600700819780e-01
8.680115560727246216e-01
8.667930803659964489e-01
8.731728240916449835e-01
8.718803025482133595e-01
8.764027417921474994e-01
8.725447762510076810e-01
8.699515832586890429e-01
8.710419935356461529e-01
8.768483877262766013e-01
8.649595085041671405e-01
8.711465370507291972e-01
8.767351742739849518e-01
8.799328995673595388e-01
8.729564429548402060e-01
8.786732343707654991e-01
8.667834695161013014e-01
8.790600810856832314e-01
8.782623560555707920e-01
8.720514908834927637e-01
8.663578804270133382e-01
8.691819532177997853e-01
8.745904281904525179e-01
8.685382703670911919e-01
8.770971300892824729e-01
8.682780323603440653e-01
8.708416191406044282e-01
8.615384013836623334e-01
8.676420720652887608e-01
8.704414890443032959e-01
8.721345226772762027e-01
8.742119495624426362e-01
8.706320773749648412e-01
8.612741571629213277e-01
8.673188968797063136e-01
8.722042877726008392e-01
8.667677476373314427e-01
8.701516623679109719e-01
8.774156943092119576e-01
8.829748363397676991e-01
8.778783705444752616e-01
8.791160774162664060e-01
8.667402014318439374e-01
8.761987826598586215e-01
8.794160455610714466e-01
8.714023115176581236e-01
8.805664443890699467e-01
8.688144819408626374e-01
8.716239870718629490e-01
8.811276907800890124e-01
8.723895125099340175e-01
8.709140385597713419e-01
8.749756012510828684e-01
8.690565210168889054e-01
8.655597655086572084e-01
8.615655267572726039e-01
8.802468865887355109e-01
8.754021209283199267e-01
8.596195539245089501e-01
8.747979418005920049e-01
8.653124263984074416e-01
8.739370013516262192e-01
8.814812551537517527e-01
8.602052433635684059e-01
8.670499293470400604e-01
8.703866355169362912e-01
8.752009247897273303e-01
8.659511178401360088e-01
8.703945269889070691e-01
8.658980583639190876e-01
8.745188489885262761e-01
8.763340375823516215e-01
8.731845843914974870e-01
8.789624418867394429e-01
8.787198109206648677e-01
8.653807894014675650e-01
8.697958416354201194e-01
8.695780435010102005e-01
8.646727752962345415e-01
8.776783846382597565e-01
8.698109073393707202e-01
8.658094280638495288e-01
8.770560081197427138e-01
8.752203933532396452e-01
8.714841626012903575e-01
8.643379110065345650e-01
8.733342490522026935e-01
8.778019189134209643e-01
8.697771059178770470e-01
8.637098515971812773e-01
8.695623018147234928e-01
8.704321777227627122e-01
8.731217521398543235e-01
8.702325257172326411e-01
8.693117220241231013e-01
8.693486195947973671e-01
8.633402761913151480e-01
8.691488551232527948e-01
8.773262667329626563e-01
8.824502231772960448e-01
8.646336177302349491e-01
8.665074641289086665e-01
8.681782685399975774e-01
8.708759965604773168e-01
8.742780258150529837e-01
8.650496425180984605e-01
8.752013215858527317e-01
8.720078270787807728e-01
8.722802693153266507e-01
8.786728922960728161e-01
8.744543738663187460e-01
8.700108693336170429e-01
8.660931469929811222e-01
8.683996821906592167e-01
8.701278292928475988e-01
8.688472224626585527e-01
8.703111521464870215e-01
8.749423658246712199e-01
8.681925410036883672e-01
8.778152043262964499e-01
8.738050962319213744e-01
8.710484017933707301e-01
8.747673543821958830e-01
8.628079604116983825e-01
8.744561114359006293e-01
8.705977739233671242e-01
8.636559078501843123e-01
8.638824691213609075e-01
8.670063649128874061e-01
8.686597629282338806e-01
8.746798024538010585e-01
8.699190482710571493e-01
8.695369704639462904e-01
8.694941781050685714e-01
8.704592725816923116e-01
8.714924961740745379e-01
8.722158358572906778e-01
8.716157224900548117e-01
8.749348313152469636e-01
8.754891858520754688e-01
8.701093008007723117e-01
8.785779192801300708e-01
8.795857176654287013e-01
8.647828409218643042e-01
8.713159688682834414e-01
8.684199765847885333e-01
8.719424470633788671e-01
8.621423233662238728e-01
8.765332213650764981e-01
8.776280793260069490e-01
8.706106063927292471e-01
8.710020657840654712e-01
8.791501018377453347e-01
8.704008737306819787e-01
8.661407171425250517e-01
8.682145200465656298e-01
8.722472694128536874e-01
8.833277027300455719e-01
8.673493207418028206e-01
8.694210104241544279e-01
8.756913560520654949e-01
8.757587235778447887e-01
8.666547324817867048e-01
8.681853573168321070e-01
8.762907006702238544e-01
8.787013225019112417e-01
8.744345173113460268e-01
8.767030547222824932e-01
8.709851872869449618e-01
8.750920851522617783e-01
8.720543878496609391e-01
8.717761194136965930e-01
8.635730201814534324e-01
8.716910534284147971e-01
8.767962808444971223e-01
8.628625903557068932e-01
8.626661303577006779e-01
8.766275160602039485e-01
8.693251854895998054e-01
8.715707030595196692e-01
8.686202490741411486e-01
8.675810265330778925e-01
8.703728275930148195e-01
8.792317526454316301e-01
8.758096244656782270e-01
8.750574359395437707e-01
8.660500804674008402e-01
8.651947551817761317e-01
8.676501553069927430e-01
8.776946974070337637e-01
8.732504000420492352e-01
8.757872442485822306e-01
8.634538998156295886e-01
8.680670661810254707e-01
8.813288873043491067e-01
8.652277711828699758e-01
8.726405270534972614e-01
8.643113268194371202e-01
8.608968980515772085e-01
8.781256509627257678e-01
8.735627757070919541e-01
8.752321363783230890e-01
8.704397976988894614e-01
8.625063532879054806e-01
8.691554777873498061e-01
8.636825092213212818e-01
8.766440372218284871e-01
8.720938630943150249e-01
8.715604024263442495e-01
8.689788849368411672e-01
8.695231396873901453e-01
8.624574582204345141e-01
8.781418662984143975e-01
8.698524691269745590e-01
8.641570667856590671e-01
8.645482692754499210e-01
8.737175324476887939e-01
8.633003334516846650e-01
8.668750176953199382e-01
8.738075366173783110e-01
8.690725226740544374e-01
8.693003227173548009e-01
8.739945718959321042e-01
8.705948362812521157e-01
8.727047209550927720e-01
8.725998921439734879e-01
8.746389274778779699e-01
8.744494051111441069e-01
8.692413553890120381e-01
8.690434143692973290e-01
8.664926914211247277e-01
8.760422097841885636e-01
8.692663379890267494e-01
8.736840441801031476e-01
8.787158425835613906e-01
8.682106006467186221e-01
8.642461398192651245e-01
8.734060325676382686e-01
8.605326817436647069e-01
8.632095529902957809e-01
8.696847198926607181e-01
8.702340076843446681e-01
8.617042786839017587e-01
8.749317852990267097e-01
8.766745365001399337e-01
8.749789458085119875e-01
8.819352852080328820e-01
8.750020377327665244e-01
8.759129425253709966e-01
8.682819749240797691e-01
8.724325331491733504e-01
8.720717958674798487e-01
8.651914599923343774e-01
8.675093209990962784e-01
8.686259201749516601e-01
8.695692723902889165e-01
8.822135508636468337e-01
8.788523553484027806e-01
8.701027300785436625e-01
8.766270275583030180e-01
8.708847188496010583e-01
8.726334033292547643e-01
8.692913533890095357e-01
8.634535753942024217e-01
8.682860895680566404e-01
8.753068832325587856e-01
8.675469051514665964e-01
8.639120340904571371e-01
8.668031957526378672e-01
8.785480617386289826e-01
8.759811492700272373e-01
8.704005743049304522e-01
8.706104285045195290e-01
8.719318733724483739e-01
8.677716836136861733e-01
8.680106647771554940e-01
8.721847092504971810e-01
8.728602498083557482e-01
8.640295706736933479e-01
8.625713956032131646e-01
8.705802292503594941e-01
8.698628895603316424e-01
8.765381065667149363e-01
8.662613160522967259e-01
8.677462185596654942e-01
8.765015042515124088e-01
8.737012053210496676e-01
8.744481309758281862e-01
8.703104737849074457e-01
8.635554845528553569e-01
8.660893351774240356e-01
8.765331963058061726e-01
8.806764942797125073e-01
8.704842805952716089e-01
8.877089478347149898e-01
8.687890440315606533e-01
8.669958827654146161e-01
8.711602535641984613e-01
8.693692636244166883e-01
8.744883009552891773e-01
8.693229271412149517e-01
8.661865185682539048e-01
8.663186765200128203e-01
8.714356380541721236e-01
8.766588161437166571e-01
8.577060854069249451e-01
8.689210467975685415e-01
8.732559120015794818e-01
8.743705387058158252e-01
8.799885448112030328e-01
8.618239309271270576e-01
8.768449549992625158e-01
8.663876046081158133e-01
8.687218682140182002e-01
8.664819127454009839e-01
8.652922546967430906e-01
8.702405817258253018e-01
8.672194936436238288e-01
8.741730734881405507e-01
8.669919143958570995e-01
8.771342705748564894e-01
8.738855883126892543e-01
8.776235525704275675e-01
8.693480940866075146e-01
8.741019133453737933e-01
8.684169317716274872e-01
8.622720775209689048e-01
8.697336017437281575e-01
8.656377605514656848e-01
8.738389138876521134e-01
8.737202234281864488e-01
8.797799269615002027e-01
8.829175365732429004e-01
8.710476744544677352e-01
8.671294140165309861e-01
8.657501178236782780e-01
8.805403205488205876e-01
8.679715854775001960e-01
8.662539194446576829e-01
8.668688516445052228e-01
8.652389854058767371e-01
8.714911040438920731e-01
8.666488335114763686e-01
8.664840821908750268e-01
8.735146932906303618e-01
8.663489218843872797e-01
8.662849195638866462e-01
8.656121366271365414e-01
8.837601118142831558e-01
8.758658824334508708e-01
8.802263947881181494e-01
8.742283237832183529e-01
8.763005546866872164e-01
8.656290828850032870e-01
8.723407690069959752e-01
8.730299910325842738e-01
8.658513616746655872e-01
8.725680658362351405e-01
8.736998289996956712e-01
8.768561710664417586e-01
8.733136544258264244e-01
8.665677028497277279e-01
8.663011915708506150e-01
8.702146371299912531e-01
8.726202061693383305e-01
8.722210881637343372e-01
8.781359304932875309e-01
8.642062395135994279e-01
8.668976042821874284e-01
8.684317001913546274e-01
8.689156405131120975e-01
8.642031009147960186e-01
8.682503749743616384e-01
8.680899096197753906e-01
8.756331367589603731e-01
8.684764463278797919e-01
8.618408357069992087e-01
8.696269971560803835e-01
8.714884841645682556e-01
8.717515412790589613e-01
8.768578415857388730e-01
8.638145624954955970e-01
8.687635063861774976e-01
8.647396049785540662e-01
8.672568446645337881e-01
8.783450204822179641e-01
8.619918844367099320e-01
8.675439532556231681e-01
8.708985301096014986e-01
8.784856679787413913e-01
8.734710296261227747e-01
8.758931097063229476e-01
8.690340827552885949e-01
8.684718502856961786e-01
8.728493301573002627e-01
8.657528511753366240e-01
8.756026482772297781e-01
8.715252350105248125e-01
8.719370484720943004e-01
8.631745319247766668e-01
8.773889963856120744e-01
8.661289853222182700e-01
8.726186935375167542e-01
8.795633436893444124e-01
8.763560292411940456e-01
8.714558564059646795e-01
8.815640508207881476e-01
8.664886835256866426e-01
8.794661528062397426e-01
8.781390808475667553e-01
8.678448875726728629e-01
8.711638985150159664e-01
8.678413361628832812e-01
8.761366610816281320e-01
8.695069445245742212e-01
8.622066997572042091e-01
8.674674508065733924e-01
8.749642450191237320e-01
8.717259699548043361e-01
8.766713988349074116e-01
8.761164599175248480e-01
8.725759654568713275e-01
8.686490575294427696e-01
8.712568927653245865e-01
8.669017095468219969e-01
8.684347702273009784e-01
8.670482095783226262e-01
8.681228551012871719e-01
8.734745528200225095e-01
8.744317368066203411e-01
8.794561739743885775e-01
8.777822703686056771e-01
8.619951710904281139e-01
8.622837888758547731e-01
8.692981890500217634e-01
8.726208744373636916e-01
8.703253345965275001e-01
8.798882819014470780e-01
8.654873713366639798e-01
8.690001694397128107e-01
8.635175453436065851e-01
8.697774733987650997e-01
8.718982239797573586e-01
8.750263704332714720e-01
8.713279168670255981e-01
8.731463168376916162e-01
8.784571375026939410e-01
8.688432848808852471e-01
8.731498203486399712e-01
8.742793775445673043e-01
8.747272755235208086e-01
8.699589222620955908e-01
8.697592753731477888e-01
8.735511055080039666e-01
8.774469477645053805e-01
8.647868486714450631e-01
8.716966358547495464e-01
8.678968059670565394e-01
8.843892848247187910e-01
8.727388455953186686e-01
8.783298436778819163e-01
8.753990629889183417e-01
8.757492173946720415e-01
8.743999095598655735e-01
8.674171705908719776e-01
8.694899853015514157e-01
8.772085055947093091e-01
8.735016438944190886e-01
8.710358475360812092e-01
8.742795589208529616e-01
8.713893322793169194e-01
8.700715683014100810e-01
8.708529012598190677e-01
8.640062884268565613e-01
8.743675512853626985e-01
8.697743637531298866e-01
8.746039372013131308e-01
8.688316197110098615e-01
8.670025280360713626e-01
8.699518161954375994e-01
8.631397932578347421e-01
8.749994565057007678e-01
8.620000825545408585e-01
8.649426666594141055e-01
8.632191993146901554e-01
8.780360340710173794e-01
8.718109145691902429e-01
8.693119321427807966e-01
8.694315515860001620e-01
8.678115968719520845e-01
8.703539149010208753e-01
8.670126464815308687e-01
8.670566293235224542e-01
8.736959669568676867e-01
8.652832771183197602e-01
8.818994633328240962e-01
8.695818524956721030e-01
8.729228240358294366e-01
8.637851756891902211e-01
8.746481889624440065e-01
8.658691260547674018e-01
8.748435576213613452e-01
8.709893854216511633e-01
8.662326283348109612e-01
8.697963189120567762e-01
8.665538176446209162e-01
8.666644296204347730e-01
8.730005264717646263e-01
8.725554879120556162e-01
8.692632719546915521e-01
8.703694897789416851e-01
8.677777390993459683e-01
8.712376453031333012e-01
8.790405810227623906e-01
8.682937871019930087e-01
8.690456017597256722e-01
8.719914913983364269e-01
8.719373753074990407e-01
8.731571335301212544e-01
8.774028456688421906e-01
8.747962694312282350e-01
8.686564535398249021e-01
8.628620986248036751e-01
8.657173726817911641e-01
8.771065646606547306e-01
8.723565890547628765e-01
8.710885055977946045e-01
8.612473077211489914e-01
8.742989469319832896e-01
8.731917862304073852e-01
8.754724997167370182e-01
8.706433270955845627e-01
8.686379102649859352e-01
8.695244633786654020e-01
8.652241247066908558e-01
8.749932908587624292e-01
8.713789604668786826e-01
8.650578268030306717e-01
8.682633979019278581e-01
8.772215480962449741e-01
8.786101012883515970e-01
8.714564926561924052e-01
8.649717954668023623e-01
8.671664672994100487e-01
8.729521519113184747e-01
8.671753973094922241e-01
8.689892389665571093e-01
8.754079680773642069e-01
8.655131019767809963e-01
8.721132730690286383e-01
8.758546135488083362e-01
8.688524115638708301e-01
8.720107527986720175e-01
8.679585479515826707e-01
8.716646495524964511e-01
8.724660992209838373e-01
8.723778771457663117e-01
8.629123734415679037e-01
8.727047065254595060e-01
8.731630459848672698e-01
8.677680498218094396e-01
8.788169865610080400e-01
8.649888869264955593e-01
8.754705499766106680e-01
8.713749460600851426e-01
8.810664864184440948e-01
8.797912507965005569e-01
8.740106826264523177e-01
8.746209361080303779e-01
8.768856848480097721e-01
8.756932091339079127e-01
8.774494102616462454e-01
8.794855430751771230e-01
8.717446769099331805e-01
8.657547700404814028e-01
8.695264426497057997e-01
8.670468993834460347e-01
8.710564680650416669e-01
8.779424780454483379e-01
8.720004750075142086e-01
8.749182822810472882e-01
8.697454721674068301e-01
8.725156549339977419e-01
8.690957958680430862e-01
8.701963414661733065e-01
8.689427195770775825e-01
8.715175918014490541e-01
8.865655734572627233e-01
8.713021764339615727e-01
8.761269300389338266e-01
8.654971404461191398e-01
8.749940609156453553e-01
8.723398940592130835e-01
8.816090748972759128e-01
8.723172416907083448e-01
8.687278163961620336e-01
8.637063872644713536e-01
8.625438833158622920e-01
8.699997396917912296e-01
8.704771557156377737e-01
8.728225514321753531e-01
8.705892894199340759e-01
8.715996646006650694e-01
8.776316718500352110e-01
8.659199469887310929e-01
8.646923474333444437e-01
8.739314508058877440e-01
8.687111054412772759e-01
8.701188551949516903e-01
8.794884064289308911e-01
8.671524630826273894e-01
8.752915684178312894e-01
8.695880492482435109e-01
8.738039127369253700e-01
8.721362185560144198e-01
8.691414759487108288e-01
8.733051875322325186e-01
8.677022988944620430e-01
8.711776024810974350e-01
8.680691127486267478e-01
8.761246269488960348e-01
8.716154162188310961e-01
8.751468390459788971e-01
8.667012569518427467e-01
8.652305986376619407e-01
8.702719900042416024e-01
8.713834638153165058e-01
8.738885093406038029e-01
8.662482317072243143e-01
8.675660546963506192e-01
8.674884706645090704e-01
8.737667811602626289e-01
8.734873840073826834e-01
8.651953410991095605e-01
8.747784891266370266e-01
8.712603632943783927e-01
8.776820148404834709e-01
8.686998879465472889e-01
8.813612631278143761e-01
8.833459777829448800e-01
8.646741741282965021e-01
8.755408968174769324e-01
8.676563604150639986e-01
8.703943802312175126e-01
8.759081001051526316e-01
8.712422562859322150e-01
8.695513125396193699e-01
8.763184869351482442e-01
8.768721972859251368e-01
8.749470009486367550e-01
8.695716626108639380e-01
8.671502857911036477e-01
8.721704757568526922e-01
8.713158846472427443e-01
8.777958293558359992e-01
8.627958356738549828e-01
8.716252779732491796e-01
8.808333398802692393e-01
8.724791787214871697e-01
8.728122046999485795e-01
8.714341045943175823e-01
8.646242851854478717e-01
8.770243068735250613e-01
8.738561831265659885e-01
8.764830851467485529e-01
8.721259453329895939e-01
8.725425085177389573e-01
8.754366359686494015e-01
8.681582179146423162e-01
8.690683372196779111e-01
8.699644344446291200e-01
8.539813273809708782e-01
8.704853736624801330e-01
8.683543130383472031e-01
8.616323068140682162e-01
8.709673050655388771e-01
8.717051352968501199e-01
8.741632092033942980e-01
8.742554239239436198e-01
8.609926857083088914e-01
8.733463291249299321e-01
8.685510752857101835e-01
8.726882394339704474e-01
8.752996403886986743e-01
8.713840835882331604e-01
8.724994177748816027e-01
8.711396862464469981e-01
8.717336916860386475e-01
8.723606633869962490e-01
8.658252281255702787e-01
8.677167206716830394e-01
8.663043521011676296e-01
8.730049840132820815e-01
8.671110288190208015e-01
8.713711614345966971e-01
8.651931349265392646e-01
8.660294247007250812e-01
8.792086923401277732e-01
8.716606897439023172e-01
8.721858356023398651e-01
8.723421049009081329e-01
8.643765508222066574e-01
8.734711385975388875e-01
8.771923807337169698e-01
8.704249452140288001e-01
8.714460431967019360e-01
8.699553065744719538e-01
8.602524345745645729e-01
8.752996307872596971e-01
8.658985627378158467e-01
8.649965608623495505e-01
8.666581673335472802e-01
8.751228664380352740e-01
8.701999391836990894e-01
8.764887617971159894e-01
8.671489280414241829e-01
8.702409798807261287e-01
8.724137048452869081e-01
8.754662359808303984e-01
8.691094501032189390e-01
8.669732629479924846e-01
8.766907297433876867e-01
8.725183159460392357e-01
8.798812436333369735e-01
8.723931416377335157e-01
8.664816757433438932e-01
8.599940626412500011e-01
8.761691389414915099e-01
8.762351194276392086e-01
8.733811105053386203e-01
8.685352245183884934e-01
8.694310943337779651e-01
8.717886610232471467e-01
8.689871278768740437e-01
8.750673327606419694e-01
8.762303394309692850e-01
8.760631197147181748e-01
8.724660653048765813e-01
8.725199628227543469e-01
8.640353468721976293e-01
8.757462936981387225e-01
8.782466412202070138e-01
8.765427069082855072e-01
8.764526167895572151e-01
8.648541965832846623e-01
8.689691142903810395e-01
8.713400600722797096e-01
8.728275396538864861e-01
8.576507795909523724e-01
8.587522588832782189e-01
8.694590004898384850e-01
8.700223190444006383e-01
8.689398887539687699e-01
8.720201426140345990e-01
8.677947791902751451e-01
8.711186709829691344e-01
8.755983851166708742e-01
8.744372228773902300e-01
8.663465390914535380e-01
8.734649492443889995e-01
8.692587276430715493e-01
8.717041179169893184e-01
8.747040857075023546e-01
8.738086621784733055e-01
8.683213904093846081e-01
8.712367007385655171e-01
8.737600586146077042e-01
8.717401337590270360e-01
8.605202930548461193e-01
8.683751304848160713e-01
8.692574182339349864e-01
8.692297742291936746e-01
8.791322641307752761e-01
8.766710762201781471e-01
8.675215315131439286e-01
8.748094942768026572e-01
8.698365069377953507e-01
8.725621067793508656e-01
8.758134904886636374e-01
8.673029315774829495e-01
8.746297164442352612e-01
8.671626924428917915e-01
8.739274586139412770e-01
8.730591344937510545e-01
8.682885315919143254e-01
8.751492054186793546e-01
8.696741176497753134e-01
8.703217391947566384e-01
8.729613430218037262e-01
8.713654554807331865e-01
8.655506888066175630e-01
8.751730973743856445e-01
8.759792070138122666e-01
8.769240276664562739e-01
8.638550375074839360e-01
8.771559775602830733e-01
8.721034083085520416e-01
8.692810641762996893e-01
8.668300929698047330e-01
8.817022463777052232e-01
8.632201148041772631e-01
8.721898273341469610e-01
8.756154722316972228e-01
8.679071759902273753e-01
8.665451935409353990e-01
8.706421241035835479e-01
8.687034240677468100e-01
8.627502591639976126e-01
8.736101078564623146e-01
8.703026089045881042e-01
8.671243245537620936e-01
8.754486166013185633e-01
8.670136917780069119e-01
8.714484980156035343e-01
8.756609654097055051e-01
8.829672726412882700e-01
8.783220784811514026e-01
8.701491081934359384e-01
8.690596623458131109e-01
8.664023346094386069e-01
8.779303220323517731e-01
8.624729036364821022e-01
8.725122454388853921e-01
8.730801261947676029e-01
8.667322504033359021e-01
8.672895187305955655e-01
8.722374995293420419e-01
8.694625062651500924e-01
8.714690607447989068e-01
8.652897628354691006e-01
8.763464350516133594e-01
8.693852134587188862e-01
8.720339010294534399e-01
8.768617948259157524e-01
8.756962834009094365e-01
8.668689534371466499e-01
8.733392890989795099e-01
8.738938035611473198e-01
8.710008636702802898e-01
8.733128756820883742e-01
8.546245254982338668e-01
8.692555368600635157e-01
8.636114716495563171e-01
8.733508762206767528e-01
8.681539269721408880e-01
8.649198165505208591e-01
8.799256752632844680e-01
8.773624308496865698e-01
8.675128753200288534e-01
8.651259911273007086e-01
8.728621120967154923e-01
8.799665434267610609e-01
8.711702998725011637e-01
8.681994656168673385e-01
8.719730321984096033e-01
8.691041573320402724e-01
8.675669588503057694e-01
8.712341544025014040e-01
8.805649013272315306e-01
8.751468122620136292e-01
8.631541550268542196e-01
8.765713067166240879e-01
8.742468317618150575e-01
8.614746517495688316e-01
8.750658753772836418e-01
8.700574725983726276e-01
8.671634369915890428e-01
8.704179152532123265e-01
8.673106858026808919e-01
8.790724812597957571e-01
8.740765134558782234e-01
8.769083805318208524e-01
8.755978984169292545e-01
8.711152377816635539e-01
8.700384475059239620e-01
8.693063232439000032e-01
8.680789516257737537e-01
8.627496826032776678e-01
8.767187927517948731e-01
8.727229960860948266e-01
8.793920101672516587e-01
8.682499047086503774e-01
8.735317769697407142e-01
8.749878322442870004e-01
8.802889916820006988e-01
8.689276795073648252e-01
8.710357595142079745e-01
8.685398554420206141e-01
8.736745655055553339e-01
8.751675887069624293e-01
8.712400252439738146e-01
8.706962830294555644e-01
8.753517298797763857e-01
8.742575168445474443e-01
8.687514471263361182e-01
8.789386939455723358e-01
8.696832361062392103e-01
8.718198062564552764e-01
8.753541754282965215e-01
8.660830634384234505e-01
8.717799225920436212e-01
8.658056880868923999e-01
8.654856990613711831e-01
8.689257792927054247e-01
8.719032473194457955e-01
8.699464368618411436e-01
8.707216364512820883e-01
8.759913769262768213e-01
8.652517060997811926e-01
8.714818346041848240e-01
8.739870569426375635e-01
8.615869937230776765e-01
8.632773261168450452e-01
8.744703846849228857e-01
8.695340760445330330e-01
8.660541665669272415e-01
8.619862927878864101e-01
8.660876802239154681e-01
8.753064275584505616e-01
8.661162342762990241e-01
8.653092687418169060e-01
8.761868191236598102e-01
8.632984423412181085e-01
8.771631578225808079e-01
8.685991769364301840e-01
8.660196598274974011e-01
8.696613554264432944e-01
8.708801973133420971e-01
8.660374334698593968e-01
8.653294597550622580e-01
8.786137424689456354e-01
8.710293209336966713e-01
8.749061700010711817e-01
8.705324829588743096e-01
8.717211629652211746e-01
8.691509725129661357e-01
8.777411298864598033e-01
8.707909872483380331e-01
8.711589401566688373e-01
8.779991852866422253e-01
8.656720826870262231e-01
8.693486334365834178e-01
8.670538617126057890e-01
8.683873227703372555e-01
8.694820171341718362e-01
8.682794719045843213e-01
8.684913890619520016e-01
8.586861464640982433e-01
8.756387799365306090e-01
8.723484705934516636e-01
8.762615955179574589e-01
8.684666190812191378e-01
8.753826718577002453e-01
8.697233513252254911e-01
8.758602369910276630e-01
8.734858550606515726e-01
8.681468210306116928e-01
8.725992304069480898e-01
8.690056353041020198e-01
8.750520370568130035e-01
8.794722547830596815e-01
8.741373041397090260e-01
8.741846992188195831e-01
8.690056509041691468e-01
8.727596760766133110e-01
8.737454160665416580e-01
8.734652278636582112e-01
8.751863600013370936e-01
8.718659604238896410e-01
8.633979146958046247e-01
8.740824880358497584e-01
8.740788291004480959e-01
8.623055561311357975e-01
8.727536063214931250e-01
8.569156848458157061e-01
8.778744745359112756e-01
8.718806765782003421e-01
8.771081380523143567e-01
8.762216274008438610e-01
8.697468401555493722e-01
8.726118287196591439e-01
8.748573988440869753e-01
8.723588619223940910e-01
8.746063020123243659e-01
8.649125669530500771e-01
8.758560762132679978e-01
8.682517276641454895e-01
8.819285711401484429e-01
8.683740848744339047e-01
8.661412345062052820e-01
8.688300689518220210e-01
8.643917042168898224e-01
8.653995483259628863e-01
8.653582483311498263e-01
8.664574261389618171e-01
8.683665917707977799e-01
8.726604956342211006e-01
8.715233924171529312e-01
8.765949346190526903e-01
8.714646109425291387e-01
8.746371858762193030e-01
8.797046738323121007e-01
8.744657019103083684e-01
8.711185711073768934e-01
8.652507104590878573e-01
8.732902522191612338e-01
8.664677447926858456e-01
8.691730788189265811e-01
8.670783116907403443e-01
8.712005058702322335e-01
8.718712463890309072e-01
8.732798762489215605e-01
8.676740999805800936e-01
8.699181476811512770e-01
8.753975540438621028e-01
8.687201975970900714e-01
8.628758651439828453e-01
8.676567969481282505e-01
8.704919219018295573e-01
8.671917978377725600e-01
8.686156311326267421e-01
8.654506211725943032e-01
8.727381143323742485e-01
8.727691999255779987e-01
8.756003046667958367e-01
8.702757912318956901e-01
8.760708412308385595e-01
8.629541090228817213e-01
8.694635481834596114e-01
8.766261879550134584e-01
8.704790417129055768e-01
8.628953994351025170e-01
8.827201675336093789e-01
8.738719632589539987e-01
8.661914885699819600e-01
8.758724657951422188e-01
8.796978168765223760e-01
8.684941382890400963e-01
8.704899256719719203e-01
8.740284525369944602e-01
8.818889531835790718e-01
8.722659285562182063e-01
8.598393795111937132e-01
8.670569424026036698e-01
8.729341318024097518e-01
8.710388076423035697e-01
8.638017758261083978e-01
8.653262188802944843e-01
8.637744632697644809e-01
8.634647041573888515e-01
8.807649433854558563e-01
8.818506265421207635e-01
8.684921703820808192e-01
8.661901535529406004e-01
8.738237782891659089e-01
8.828127939823261494e-01
8.715017293812092891e-01
8.781227758393865823e-01
8.742023207248754701e-01
8.757897572385789919e-01
8.765259603122292908e-01
8.728127016078534028e-01
8.686254682749037226e-01
8.627111429546625576e-01
8.708870986905921097e-01
8.711499529380887230e-01
8.688808683589022142e-01
8.643884129853673937e-01
8.685689320359119003e-01
8.737662819126562619e-01
8.657952662976255986e-01
8.766894017321614774e-01
8.681439544084812443e-01
8.703313748198143740e-01
8.726522212160577885e-01
8.706988751641688840e-01
8.641393229143999877e-01
8.819681483100890729e-01
8.717740560654866355e-01
8.820334291313695063e-01
8.642512599169767107e-01
8.719655593961520568e-01
8.703814723106563234e-01
8.670611484858026241e-01
8.615270859160893968e-01
8.688271884552233315e-01
8.784337483135103986e-01
8.657613028117880916e-01
8.730140376806798663e-01
8.649261556851260968e-01
8.676477679075532690e-01
8.639422300224952611e-01
8.711683880667336899e-01
8.681976879325878915e-01
8.659596991456458559e-01
8.690200592853138950e-01
8.753186196181825807e-01
8.690906648146267122e-01
8.651448019863843264e-01
8.719666101420363580e-01
8.703119710112269258e-01
8.623286601448332256e-01
8.659271932587236931e-01
8.710088116132290725e-01
8.624886705121201924e-01
8.752059094486523971e-01
8.656331601268475451e-01
8.670892673570522735e-01
8.716330958336994117e-01
8.734936271042927913e-01
8.805397510555759144e-01
8.730988174994025464e-01
8.683807210179946834e-01
8.663004417407993429e-01
8.790723322816086371e-01
8.693008083310828082e-01
8.719358362853398825e-01
8.751649007468278452e-01
8.716899559644686324e-01
8.767555666581987595e-01
8.691059799278275655e-01
8.774393428027221775e-01
8.717076554113069031e-01
8.819012514276063364e-01
8.810604708325978640e-01
8.682288307269250272e-01
8.722278330684583025e-01
8.728719609178963168e-01
8.656433742140885457e-01
8.671145295378133167e-01
8.695507671550360973e-01
8.629483616044437699e-01
8.733609048805034414e-01
8.671986478774131868e-01
8.664879378837941903e-01
8.724659436731767581e-01
8.703614456096215868e-01
8.697121298066130546e-01
8.672176954495572909e-01
8.717563834594476146e-01
8.629715857021237335e-01
8.723416525760674389e-01
8.644216769190571359e-01
8.703717008821850731e-01
8.727909179415463958e-01
8.587788863413844398e-01
8.728485468298263772e-01
8.785465196215935801e-01
8.653436340664112381e-01
8.805345555484420661e-01
8.774175976138035571e-01
8.697021387814468651e-01
8.637773545658465890e-01
8.697374779631885655e-01
8.758946082978458225e-01
8.732634474763417698e-01
8.719742792566167466e-01
8.763684556856569108e-01
8.724716226461670665e-01
8.654360143397081817e-01
8.651889835975793419e-01
8.695780047713760341e-01
8.789231071629135528e-01
8.745063275115844137e-01
8.674591102290650779e-01
8.766938298555193576e-01
8.749602191158007969e-01
8.677285612458360831e-01
8.712378809907470600e-01
8.762676745858021254e-01
8.761119807666744030e-01
8.704148172491582569e-01
8.704293805940336304e-01
8.689848095123583471e-01
8.705074532349982297e-01
8.664914491047561729e-01
8.702731832273643553e-01
8.765474806313439116e-01
8.628629417301588722e-01
8.670089633461454115e-01
8.619203489570034238e-01
8.672889671970516190e-01
8.648221190623515131e-01
8.713811734128359410e-01
8.722038323232331747e-01
8.705655243109293728e-01
8.748111776495486325e-01
8.648605102677020540e-01
8.678263390754549222e-01
8.660180143326313695e-01
8.646273056374365051e-01
8.666783004668516810e-01
8.781461997236419403e-01
8.717441731666721871e-01
8.660450623734957665e-01
8.705411063944791250e-01
8.730148912026693964e-01
8.736529458904639389e-01
8.785620979906543226e-01
8.646013437278771141e-01
8.622170245905245167e-01
8.702447812852617259e-01
8.653223199694816126e-01
8.677747688108369273e-01
8.713234538733035661e-01
8.662263726013904597e-01
8.717816456117906121e-01
8.705237045939963059e-01
8.764208216269759877e-01
8.698622813316602143e-01
8.754582999057743953e-01
8.687901067587778803e-01
8.630380100242289743e-01
8.769243652914053833e-01
8.706218202231362779e-01
8.653836556097803667e-01
8.789891726075597100e-01
8.742463028949072346e-01
8.731514349499810423e-01
8.737335998284387895e-01
8.725117357797046447e-01
8.636966686439214724e-01
8.706531102132375466e-01
8.754821635375509281e-01
8.833900334205995186e-01
8.779722350797594110e-01
8.765902025612026804e-01
8.720758056820334669e-01
8.669602192266629981e-01
8.683271173809826715e-01
8.712279838628437245e-01
8.663449511558284355e-01
8.723667845524940567e-01
8.756462767903716582e-01
8.653531502465541259e-01
8.669388990077954160e-01
8.738065624443850377e-01
8.776789518018653924e-01
8.645728526979562512e-01
8.799746896222520043e-01
8.649678526525853561e-01
8.652966235544043982e-01
8.667978693523679112e-01
8.736089178829585800e-01
8.721606537677065729e-01
8.670939363475328454e-01
8.695140810855410685e-01
8.793013831639324707e-01
8.759601436869052238e-01
8.746134269279098872e-01
8.727232347446225447e-01
8.667003457372481900e-01
8.774919590449832274e-01
8.732601617587349985e-01
8.696539731835967180e-01
8.691725939518079036e-01
8.697517367050522363e-01
8.730513751678952161e-01
8.681849302883389852e-01
8.691924030967300707e-01
8.776448996401787772e-01
8.758999843078236758e-01
8.745798503828972059e-01
8.673043514932291531e-01
8.759152014402048492e-01
8.814252677306356754e-01
8.644349142299998512e-01
8.707366326296761549e-01
8.694828177344253728e-01
8.682226451651069432e-01
8.697654163895003343e-01
8.693393636852834172e-01
8.691268404069196762e-01
8.659781644490450736e-01
8.701825154535985929e-01
8.699116437324120321e-01
8.776550834504985854e-01
8.775471408742495649e-01
8.690943390141734337e-01
8.815073972096675314e-01
8.679786508504402365e-01
8.728563509224129824e-01
8.683585409513282505e-01
8.738433912176593044e-01
8.774271412661747149e-01
8.651250275290482961e-01
8.639092047194495416e-01
8.687507946418198124e-01
8.662166293556124996e-01
8.710353935335368725e-01
8.759659368065497720e-01
8.673200062586600145e-01
8.636738954866229889e-01
8.660367885136538435e-01
8.703712378681597306e-01
8.745606398314930141e-01
8.711258939695265546e-01
8.658878176150014427e-01
8.767618485997448197e-01
8.710858954922665598e-01
8.777816166180528734e-01
8.707638988191546137e-01
8.839656754481284295e-01
8.719312621040915534e-01
8.793538798917605037e-01
8.717114736098482419e-01
8.678796279943779002e-01
8.666386222025933561e-01
8.708796434320823510e-01
8.568035065480498202e-01
8.701903325118642840e-01
8.697015043239040288e-01
8.741965014615034057e-01
8.769397604573577754e-01
8.675868196684672906e-01
8.694391163084103091e-01
8.788188815039297275e-01
8.673903940623005626e-01
8.649224997165404494e-01
8.724842838552098190e-01
8.669978541576807141e-01
8.695191157381194635e-01
8.698809192399840073e-01
8.703429944751445158e-01
8.754427816770028459e-01
8.633415181945601757e-01
8.778563607150748904e-01
8.679909309120081851e-01
8.618640405022668372e-01
8.679931655006450919e-01
8.746093125332607965e-01
8.766967537018545142e-01
8.680325953938046180e-01
8.740324870552317327e-01
8.781095905430652548e-01
8.688987699983838908e-01
8.713200140023955598e-01
8.778896348408152805e-01
8.714428643491702875e-01
8.762032015861307421e-01
8.748359748428320426e-01
8.775512410362930060e-01
8.708865669443682789e-01
8.771180047495977794e-01
8.770030386437793757e-01
8.728759524551040760e-01
8.660827048319417187e-01
8.764604026878412002e-01
8.760234956044958832e-01
8.695357400709560203e-01
8.625072918918640363e-01
8.635193770340425790e-01
8.716128238837849151e-01
8.738118255380610266e-01
8.698656190987930081e-01
8.791727459369261810e-01
8.707726998360468817e-01
8.769808861989661919e-01
8.714931956670064483e-01
8.716944119921316014e-01
8.688675165699181191e-01
8.767213585745976534e-01
8.731995947059745244e-01
8.723540815445944840e-01
8.703101369511746510e-01
8.632593644658193011e-01
8.743040417843475076e-01
8.731440909227469183e-01
8.676921505198312845e-01
8.741885043458292870e-01
8.659795417263709272e-01
8.729166902029741326e-01
8.729990201739404876e-01
8.598637223194086632e-01
8.700279684565734861e-01
8.727763448240144495e-01
8.744208876011047016e-01
8.749129361800828120e-01
8.757363502924794263e-01
8.678758861043295303e-01
8.657097133010486223e-01
8.789546770351637228e-01
8.675993416353221521e-01
8.730932355746161555e-01
8.679072649576085041e-01
8.689405221603430096e-01
8.693068850135193815e-01
8.746194209080584425e-01
8.651907461118184539e-01
8.781458582361563181e-01
8.720122721493763773e-01
8.717220401142873332e-01
8.655274011962821312e-01
8.701143184045054824e-01
8.682797940265953862e-01
8.738290992299709847e-01
8.711766261408906420e-01
8.702180472237012188e-01
8.798447593575998704e-01
8.682152633710080725e-01
8.709628521602122975e-01
8.792764192635229570e-01
8.767145447302109318e-01
8.682793790291021274e-01
8.715923599577656278e-01
8.597670694906535127e-01
8.623200007743410112e-01
8.734783236615462076e-01
8.690836395418364280e-01
8.703829843147017353e-01
8.706823237142133909e-01
8.761018112763045984e-01
8.753213539459038239e-01
8.735712496117775672e-01
8.639191115143715072e-01
8.671480740775893148e-01
8.739433046480236111e-01
8.652512174193157657e-01
8.782651619790843300e-01
8.697229249426051689e-01
8.776521775804549952e-01
8.599033517086861478e-01
8.688674422166290379e-01
8.644557253039300004e-01
8.720847403293616740e-01
8.628766559040984552e-01
8.721316943822389200e-01
8.794549042801425021e-01
8.729941236468993226e-01
8.630539414519579067e-01
8.776053535784816839e-01
8.664854542821779360e-01
8.751436383676001185e-01
8.770384423579654642e-01
8.755732879150561754e-01
8.725137684503450064e-01
8.666056499519955159e-01
8.726229001122821627e-01
8.711155794609718450e-01
8.671139200144528658e-01
8.613742343184270789e-01
8.632104159245026498e-01
8.707034373556457041e-01
8.709728183498318677e-01
8.697173996418254838e-01
8.704405349142495529e-01
8.642551493437214960e-01
8.705452207429820177e-01
8.712511507617941575e-01
8.778730277840496310e-01
8.712331564982398469e-01
8.704481644601013146e-01
8.726792964397113161e-01
8.718721628882404318e-01
8.721595175014764667e-01
8.747857955974442934e-01
8.784192216671332654e-01
8.710726029824360506e-01
8.729998435476810092e-01
8.717915544724638144e-01
8.672450857912001876e-01
8.717446460391690133e-01
8.614358141653745138e-01
8.773722816727399509e-01
8.665471793167186521e-01
8.778819356771658811e-01
8.671447788489248243e-01
8.665435900178291018e-01
8.734935327272780325e-01
8.724978996030517964e-01
8.710589640685587609e-01
8.689049109683167904e-01
8.702787231609971919e-01
8.699400142700365324e-01
8.753015076910990455e-01
8.713844736326740170e-01
8.742532387715836739e-01
8.690586746312112254e-01
8.679135697611777278e-01
8.704959236648541765e-01
8.705539818950321918e-01
8.739931869732955327e-01
8.662382768849655745e-01
8.691796317272461048e-01
8.727790114252117482e-01
8.640522145595782577e-01
8.664410878865149712e-01
8.716541818689990118e-01
8.716032164173181940e-01
8.706496832807892883e-01
8.696010012908002018e-01
8.758537051147617936e-01
8.704621508428787013e-01
8.756817659637058382e-01
8.815551906051524167e-01
8.740132000894155206e-01
8.705210544530177508e-01
8.753725433024664992e-01
8.737762768728630780e-01
8.661513429736571457e-01
8.684814464380467003e-01
8.651414631733451710e-01
8.717169660359125327e-01
8.739548735692478365e-01
8.730270398204529325e-01
8.689217091422235528e-01
8.711790816321483000e-01
8.764788708706163778e-01
8.696433141824897461e-01
8.743962404014439249e-01
8.827836039779006772e-01
8.740651229030915736e-01
8.694872423375815673e-01
8.701751463666376196e-01
8.708956018789301146e-01
8.571200648400841837e-01
8.688726347592525823e-01
8.779422799364345886e-01
8.761412710942112492e-01
8.788794546534670626e-01
8.728877606931836342e-01
8.748819927247911687e-01
8.692032797706397140e-01
8.754238290402929223e-01
8.686448437295993807e-01
8.756277258863768287e-01
8.670547137440011154e-01
8.671604339077533252e-01
8.669765802553218714e-01
8.755353885658961888e-01
8.772717371839016121e-01
8.677082591512760290e-01
8.836776270072832506e-01
8.845766300387881698e-01
8.685196148211618006e-01
8.692039476462186665e-01
8.705750191647688707e-01
8.654466109049490097e-01
8.710922463001223859e-01
8.671363119229771321e-01
8.696832197269500631e-01
8.675583900557578554e-01
8.634080557203805961e-01
8.797967261434648245e-01
8.676066518592715493e-01
8.734728449626438795e-01
8.770009923576604915e-01
8.796638748957674725e-01
8.633790502150977542e-01
8.699423798551179088e-01
8.694188472899454512e-01
8.708837373791519232e-01
8.575011886502126313e-01
8.618901981504979437e-01
8.669197676890626481e-01
8.687025976097055846e-01
8.650953223761166377e-01
8.725237819789304350e-01
8.802651697061649738e-01
8.670254220887625429e-01
8.743809338301909984e-01
8.738649355605691005e-01
8.690270501661003788e-01
8.659899438212079748e-01
8.621440689650732292e-01
8.591847514893982130e-01
8.699504339640949935e-01
8.720196867059250012e-01
8.706970940471810971e-01
8.700670334010572882e-01
8.763611657855197024e-01
8.779539945365436582e-01
8.620488437247854074e-01
8.682824876265911040e-01
8.738766884281957692e-01
8.760516600127014053e-01
8.763714635344349579e-01
8.650022451450354311e-01
8.686519595712021147e-01
8.624709286656854212e-01
8.818308504708494144e-01
8.730818730589189336e-01
8.739245849786859699e-01
8.731025859746029960e-01
8.732739584002783273e-01
8.666055232318278234e-01
8.637846260626554917e-01
8.697845932464212115e-01
8.708717715539819881e-01
8.723830629382147706e-01
8.806940601403246971e-01
8.738632095755430873e-01
8.663889990575521782e-01
8.736236081297021894e-01
8.701669134323952726e-01
8.730505728165764978e-01
8.819255662978102706e-01
8.714944157935859970e-01
8.705072596048696321e-01
8.667285767851741207e-01
8.731175875206632631e-01
8.665194685523465168e-01
8.795126080926254364e-01
8.726713414950423298e-01
8.700563371397445067e-01
8.741110727436171013e-01
8.704668705166026532e-01
8.742639147955005852e-01
8.746817238524188243e-01
8.765279345953927992e-01
8.725914571640991380e-01
8.630950377445220090e-01
8.695818386672893308e-01
8.642263804328912391e-01
8.680180687858294331e-01
8.658888432665449164e-01
8.792602012100114717e-01
8.682404525685538665e-01
8.660858098015180584e-01
8.696497773071255599e-01
8.688755937510189709e-01
8.665888272189330443e-01
8.675584976198353893e-01
8.692534648705411149e-01
8.824607706152607367e-01
8.740011471286913691e-01
8.747729683804829071e-01
8.851403339430853334e-01
8.713813782653877515e-01
8.654371731157376457e-01
8.681439180971570746e-01
8.659241681405188684e-01
8.696738920258001437e-01
8.776751111453554577e-01
8.779085167257943967e-01
8.596610290449614444e-01
8.818307014085317030e-01
8.687910175197460783e-01
8.713384450866726860e-01
8.748580171579987130e-01
8.695427602444045778e-01
8.706125300255104227e-01
8.759402013773966988e-01
8.756872523444189094e-01
8.797419277988469677e-01
8.747968126977263559e-01
8.736032939836126943e-01
8.682745105109576089e-01
8.778776226493250068e-01
8.753263886312012687e-01
8.710044094096915934e-01
8.692449023687627285e-01
8.726644224329801469e-01
8.718865308528457314e-01
8.772473781800249615e-01
8.683135055986795914e-01
8.676329584206302625e-01
8.680574017213013027e-01
8.600326826261615043e-01
8.709165275156121044e-01
8.601945743178891490e-01
8.595969350453540603e-01
8.713207142923314885e-01
8.705406268140869486e-01
8.661652443467283691e-01
8.680224493788529783e-01
8.687222070461956269e-01
8.654211315664279702e-01
8.742022654950112326e-01
8.692600362279477855e-01
8.693956595620936367e-01
8.700251725708375572e-01
8.690516171379772947e-01
8.772487208551422722e-01
8.698486992372443938e-01
8.663587922737929770e-01
8.675205906304376269e-01
8.700910242317970722e-01
8.602697517741901834e-01
8.723991292864659020e-01
8.678813318937025345e-01
8.707375736454806558e-01
8.704098325105664724e-01
8.784077917110146849e-01
8.704085648846141554e-01
8.735873808693576104e-01
8.793787697805386383e-01
8.672301661382714189e-01
8.708153108812831666e-01
8.745683381901525610e-01
8.666666460599076194e-01
8.779510754502394265e-01
8.784628405850293253e-01
8.788002217120989279e-01
8.754065209317369867e-01
8.770557762916012523e-01
8.778711862313239855e-01
8.750367721514178410e-01
8.680856121187107144e-01
8.725877635732742776e-01
8.662738969243668485e-01
8.778315282514210782e-01
8.651861396360318590e-01
8.697205559404503905e-01
8.762993330015516058e-01
8.807331410670534710e-01
8.665092593545080657e-01
8.762194210714639997e-01
8.797793689216283353e-01
8.664244122038518015e-01
8.727511418917048847e-01
8.676932537472628049e-01
8.812411487251445852e-01
8.723649261850646708e-01
8.813593465471116772e-01
8.677831783736421611e-01
8.703972054065254316e-01
8.759341695229130309e-01
8.641028297766625288e-01
8.716096208847531335e-01
8.656333577568922077e-01
8.678813063542690776e-01
8.736396232478975676e-01
8.720211588609722009e-01
8.698527469065954199e-01
8.601706419105504819e-01
8.707894892775196460e-01
8.775012328376181614e-01
8.778069022482408723e-01
8.763943766744274333e-01
8.757446805101959386e-01
8.717134747966204245e-01
8.678627587791610809e-01
8.717667542185048024e-01
8.710322601553132094e-01
8.631117124532918794e-01
8.802411686915414535e-01
8.699607788501817485e-01
8.695116025136142568e-01
8.715105528624049747e-01
8.791089172711387123e-01
8.671474551816239495e-01
8.735083780241156282e-01
8.654827240945643929e-01
8.691040517225084860e-01
8.633741732793647206e-01
8.718537253652455243e-01
8.811574918665402434e-01
8.673667122333091895e-01
8.663029760579435967e-01
8.769505980946797896e-01
8.676079534127455473e-01
8.751256749159314063e-01
8.656818146745661746e-01
8.703946104153877927e-01
8.727523975157781555e-01
8.700670118466196090e-01
8.750159984841007210e-01
8.752511904028358325e-01
8.793745115705319249e-01
8.710161203833541865e-01
8.811123179396416205e-01
8.708147056039492462e-01
8.695047945023787195e-01
8.707135278814945867e-01
8.820388889230694751e-01
8.746479859559059822e-01
8.639262963091473013e-01
8.654466205016030367e-01
8.739090281314612074e-01
8.720852345849672282e-01
8.726392903174849947e-01
8.791795777782530630e-01
8.733275125899411240e-01
8.712379897669778606e-01
8.754952641530380220e-01
8.773090127787243064e-01
8.662258058800598182e-01
8.718465772159947891e-01
8.656153106599107083e-01
8.718390206086268357e-01
8.616349153321137821e-01
8.691073257089023674e-01
8.732981412246553221e-01
8.731521312284115099e-01
8.663590879740464823e-01
8.714536578758147467e-01
8.640742892950392662e-01
8.728940584441854389e-01
8.781444028039019356e-01
8.715633335413943694e-01
8.740907199442947695e-01
8.715719686038954084e-01
8.741527974735160411e-01
8.683235144451968424e-01
8.672505044590436141e-01
8.679633029466958805e-01
8.728883982461114188e-01
8.720943125169295929e-01
8.747993990104889761e-01
8.627430335788957017e-01
8.613317516515242023e-01
8.698845259102830907e-01
8.704929339017435375e-01
8.731700181614839851e-01
8.710804860925835946e-01
8.623571573497329501e-01
8.679985016263581654e-01
8.750019137020368376e-01
8.682070522636405885e-01
8.722518048199150442e-01
8.727182653963717618e-01
8.655215065860665247e-01
8.685222390746439869e-01
8.645475522028506221e-01
8.707662769300300587e-01
8.674686906855147983e-01
8.695937679191213521e-01
8.753288827958929375e-01
8.821460337525630635e-01
8.648849029515272013e-01
8.738169034276291880e-01
8.695646323558136048e-01
8.732206786725875691e-01
8.738422000361628639e-01
8.675312752724922971e-01
8.739942912952073373e-01
8.721355008590360169e-01
8.740931067659430953e-01
8.737097719526542017e-01
8.683505747221031967e-01
8.794405305051481436e-01
8.694838526981769622e-01
8.688995390328658752e-01
8.715448719294526247e-01
8.679869289509528629e-01
8.671346945063941325e-01
8.785418652543738327e-01
8.699139298454913183e-01
8.643007515298878340e-01
8.721547825591036140e-01
8.735380984839358209e-01
8.714876687599505400e-01
8.781680702480548772e-01
8.632868174830410357e-01
8.656710272383864035e-01
8.715734600516827912e-01
8.731506620856728240e-01
8.702594513643812091e-01
8.732299438927796364e-01
8.665407597705416798e-01
8.684782351721753724e-01
8.720425868739762887e-01
8.742499616966467046e-01
8.667862271310484701e-01
8.690436273169346304e-01
8.743362121206541548e-01
8.623130643573320153e-01
8.729778918174032620e-01
8.675918632448071932e-01
8.698678187137668383e-01
8.762887235212336590e-01
8.656657973399591866e-01
8.662335700782350933e-01
8.675923160123234501e-01
8.724034794500616918e-01
8.756898162676599595e-01
8.704778053548813954e-01
8.670269315658920561e-01
8.665813959716822668e-01
8.807778370635365173e-01
8.670083178906263788e-01
8.693787100011715063e-01
8.777049576349126303e-01
8.637407021906414739e-01
8.694300572300631691e-01
8.682054459092308774e-01
8.718631930532160235e-01
8.754667929495921763e-01
8.771478637265853751e-01
8.664138102206744296e-01
8.744569974380563826e-01
8.676869834763617506e-01
8.714411612953545383e-01
8.697725490933484460e-01
8.641222825001064756e-01
8.673057094371249276e-01
8.732949717889105790e-01
8.657326891826760962e-01
8.660541342974478196e-01
8.708581362181327945e-01
8.667094571590042706e-01
8.699254846372932448e-01
8.718301180310265019e-01
8.784215484086683734e-01
8.707475451474877559e-01
8.673729574760026262e-01
8.645888690515657338e-01
8.745134246409419498e-01
8.757536522985264194e-01
8.668368122158278677e-01
8.679032854560290167e-01
8.708383612292543985e-01
8.706712656946171691e-01
8.691715579400355329e-01
8.746077485033059151e-01
8.791443092683235427e-01
8.781431392600677066e-01
8.704159819739067938e-01
8.635617434133121550e-01
8.698670232095661037e-01
8.706817911658258913e-01
8.696350176802392085e-01
8.692759605574970072e-01
8.789883455422966563e-01
8.719994229912428896e-01
8.743923196438829759e-01
8.773562846002286308e-01
8.726902244006552456e-01
8.668499248872402196e-01
8.692408489116049131e-01
8.749072656041507745e-01
8.674938299903512950e-01
8.697985493525989265e-01
8.674979918677202528e-01
8.721918892256980138e-01
8.643517132763601785e-01
8.699945379204834239e-01
8.716633040664606424e-01
8.692800301744985081e-01
8.796221477948328316e-01
8.676893165733907676e-01
8.712244112484891501e-01
8.763205630138413138e-01
8.751269102704868352e-01
8.731871134227168207e-01
8.684924880858051477e-01
8.725903151355808296e-01
8.785351207634933823e-01
8.742454759283095900e-01
8.649125880337402705e-01
8.696029785765350129e-01
8.677099138242804210e-01
8.756518938186346190e-01
8.720673855244766015e-01
8.658151761908154942e-01
8.689350191468981910e-01
8.639064446095706673e-01
8.662860588991220245e-01
8.695871804554935469e-01
8.754707298187023312e-01
8.688359866164243606e-01
8.706998304280663126e-01
8.690256808921618115e-01
8.720171297587425707e-01
8.725242483546998828e-01
8.767106732735188146e-01
8.676392110259977253e-01
8.766249177370017964e-01
8.754559460675962468e-01
8.639001374326890081e-01
8.661981190405066977e-01
8.685946074377933757e-01
8.672511170395420521e-01
8.688139262868708190e-01
8.831313849545229244e-01
8.654792388797526437e-01
8.726697506976629493e-01
8.735443286344531932e-01
8.743058009477514547e-01
8.755845558572035170e-01
8.638549350012959538e-01
8.667885001730036842e-01
8.780754062026109308e-01
8.739202599329762844e-01
8.741863274347001500e-01
8.731983013090459655e-01
8.741244824918903422e-01
8.682825731614938203e-01
8.669714149875611398e-01
8.680570401538784120e-01
8.781929142270193944e-01
8.681303183205305585e-01
8.696161588651092345e-01
8.755158392741796414e-01
8.727819853366342029e-01
8.666726867967105008e-01
8.712251355758973137e-01
8.712763916976319356e-01
8.707520634194294562e-01
8.772812149324548114e-01
8.724456464059856531e-01
8.683495571856296724e-01
8.806597134901548163e-01
8.685823235745745441e-01
8.730844978434156856e-01
8.729570934505078705e-01
8.764862995766951048e-01
8.735183178024666928e-01
8.816720473411636672e-01
8.698813273183672035e-01
8.733638019660366902e-01
8.750617376992957386e-01
8.641479602206337818e-01
8.684976764258144355e-01
8.688561017856751834e-01
8.804196642300455844e-01
8.706624601636883121e-01
8.726036206311618137e-01
8.708275064839301471e-01
8.624576218547331807e-01
8.676010768186497302e-01
8.712313675276636138e-01
8.722577463787746233e-01
8.773991575315539526e-01
8.729004277920777710e-01
8.692870419619999067e-01
8.676913152455799638e-01
8.715026772428420276e-01
8.727444221333375829e-01
8.707432912614312404e-01
8.763758568855001263e-01
8.765890769809207006e-01
8.719020611291523615e-01
8.642343870182024324e-01
8.694088774773202077e-01
8.720459450789401767e-01
8.652145415811678397e-01
8.739819633736485294e-01
8.685835178548945157e-01
8.740680901197344088e-01
8.742382034538735969e-01
8.715062013847407751e-01
8.775328565395053015e-01
8.742685390542822566e-01
8.791730753992500480e-01
8.752036844545384442e-01
8.693074753147721490e-01
8.760453306559848885e-01
8.711889108156205541e-01
8.732612483344073251e-01
8.779275727052583411e-01
8.612017823652242665e-01
8.704605188611924671e-01
8.637419305782185752e-01
8.749504141159375470e-01
8.649577113054819355e-01
8.706467079107641505e-01
8.746312981977043544e-01
8.667276648669700601e-01
8.684084359586006219e-01
8.671451361470023933e-01
8.693245291991459345e-01
8.627968674656536496e-01
8.691398043508882232e-01
8.793531166568238078e-01
8.746173106607102454e-01
8.626788576538753084e-01
8.670895068684421059e-01
8.631801261067436615e-01
8.724395240615568925e-01
8.723996080442394385e-01
8.683169719725144509e-01
8.720104028034942889e-01
8.686470660510103858e-01
8.722948906070139286e-01
8.666993170034622551e-01
8.720171896632955555e-01
8.683110506610773882e-01
8.724194620581811055e-01
8.690177537193610746e-01
8.707177125498259951e-01
8.802254611237677606e-01
8.647412471683121327e-01
8.656601354248402158e-01
8.758066987881880650e-01
8.698649784061219803e-01
8.684432779330885088e-01
8.733824282000007821e-01
8.685174328971850821e-01
8.772329809220048569e-01
8.806087957237420660e-01
8.769879547977986745e-01
8.711918598758078280e-01
8.740104316535479700e-01
8.719072064354043139e-01
8.674137754941860790e-01
8.654041245102104263e-01
8.676321442828781594e-01
8.697592554556256017e-01
8.753444344930454424e-01
8.651332562724114439e-01
8.706032029963379770e-01
8.788627725615435482e-01
8.740368374704540200e-01
8.715040639500136743e-01
8.688090912014569955e-01
8.752293222576590370e-01
8.668367103827061548e-01
8.651902680359271347e-01
8.791665511980013559e-01
8.728170798826958565e-01
8.726119870629427400e-01
8.730763403303555270e-01
8.730003745677332727e-01
8.649624966930821168e-01
8.638514855375292179e-01
8.705515622899993033e-01
8.712409691673564938e-01
8.755086280502538676e-01
8.714357712146978407e-01
8.720789115875178243e-01
8.676408695164249396e-01
8.774310004978777000e-01
8.640200707924249324e-01
8.702102881702886705e-01
8.676770736224421743e-01
8.684147636174426310e-01
8.717519222332060780e-01
8.665527444378109401e-01
8.704953119929170757e-01
8.699320788844155938e-01
8.732275746539389649e-01
8.665125767615109442e-01
8.711223937729980493e-01
8.620242659277550512e-01
8.690757222166387574e-01
8.709688438280441813e-01
8.689730426751024472e-01
8.715929333201640761e-01
8.718222299730191693e-01
8.758812450305426545e-01
8.778630088493475370e-01
8.718232728255997932e-01
8.782334986454605197e-01
8.728199700797442118e-01
8.695773535090807194e-01
8.732561867271640965e-01
8.729323280371933391e-01
8.680239951711263835e-01
8.827652798370571041e-01
8.709917174877290780e-01
8.833523846249934364e-01
8.714010908004827805e-01
8.690072470476384314e-01
8.762718416343128203e-01
8.613292772008313003e-01
8.756070012933524493e-01
8.690258043098375573e-01
8.822038385761242774e-01
8.795899959772659482e-01
8.664267208342002480e-01
8.857703272507578829e-01
8.652592631499178566e-01
8.771575978988722655e-01
8.783276670384644325e-01
8.702922497225186182e-01
8.639243106474749911e-01
8.690684444169382017e-01
8.684087181591321203e-01
8.679002260353079201e-01
8.652738096277865498e-01
8.715293136316425437e-01
8.763911370077931418e-01
8.769756682704041850e-01
8.778191703807645130e-01
8.720736329845540924e-01
8.702571242716343747e-01
8.727489989372075874e-01
8.665232143683313515e-01
8.686908689078375323e-01
8.695253289721538437e-01
8.717572883154904861e-01
8.741521287684187458e-01
8.697059119984484887e-01
8.643822616513948676e-01
8.678983347282690497e-01
8.713928096594064643e-01
8.711744066671900377e-01
8.681336669163188802e-01
8.710146965308692701e-01
8.723166978584389053e-01
8.755275481812118121e-01
8.705050720770459716e-01
8.644511829132128788e-01
8.762328709872417853e-01
8.737077214727799745e-01
8.752029984792717432e-01
8.670027685226268099e-01
8.736397732268316174e-01
8.751300524796312708e-01
8.749343004176768357e-01
8.701637035066580594e-01
8.727838345838507816e-01
8.640251221028538708e-01
8.573380464153889102e-01
8.806385410530487290e-01
8.748293404671296791e-01
8.695464605205649455e-01
8.672592662526397156e-01
8.700774057562423724e-01
8.635078341984969708e-01
8.702712940638785977e-01
8.689786623422954825e-01
8.749959223269850872e-01
8.727785656596775965e-01
8.628009319081518802e-01
8.701848467436525958e-01
8.611199382074722353e-01
8.745536269015665720e-01
8.711484632194237410e-01
8.753966433990431062e-01
8.824026610497374135e-01
8.713798544076840624e-01
8.704950878374803080e-01
8.737835829992725012e-01
8.656403507145511433e-01
8.713275086677993997e-01
8.709222530448665900e-01
8.757527171991190684e-01
8.670395982287992798e-01
8.707817562915068921e-01
8.753253056882376315e-01
8.729507949061633409e-01
8.713536697180767066e-01
8.717512524623121095e-01
8.725445999490275550e-01
8.709409188305985428e-01
8.656764716430980222e-01
8.783889282587197256e-01
8.697007931869520370e-01
8.717585981480523438e-01
8.720856263780080164e-01
8.749734768381073335e-01
8.703551051551828843e-01
8.707701830927039310e-01
8.735503409406698561e-01
8.736111784597396790e-01
8.733007635264170565e-01
8.686695472680666663e-01
8.777663547224757723e-01
8.719202303631046203e-01
8.650570894704514568e-01
8.806219923517452086e-01
8.687346479568625046e-01
8.721259882806277064e-01
8.755954417164089065e-01
8.767108492138928622e-01
8.665552597917989264e-01
8.652808061218659752e-01
8.747035172477227727e-01
8.660173509568112049e-01
8.794327241678193685e-01
8.750740943954899986e-01
8.692179680839103861e-01
8.674641727984474526e-01
8.598706375955841308e-01
8.623490403831880480e-01
8.628798454460427925e-01
8.716797707013096419e-01
8.732979477209885655e-01
8.724822020622571284e-01
8.681930531451917954e-01
8.597455478998768941e-01
8.692295621917680570e-01
8.714750626874510075e-01
8.646744668535273348e-01
8.587467062252484018e-01
8.735495443311562802e-01
8.652333378118037821e-01
8.620850023681534413e-01
8.741008159018837098e-01
8.725603701044182259e-01
8.577255415487085033e-01
8.711281209745348475e-01
8.751018619386379260e-01
8.674911096111030950e-01
8.713971436710680196e-01
8.744716287782653419e-01
8.684674775002199087e-01
8.693513157055701157e-01
8.681293919006769499e-01
8.732597366183310061e-01
8.712849670203742791e-01
8.670146110957895891e-01
8.730242579900565625e-01
8.743626931451480289e-01
8.712382432074027294e-01
8.702724744615001340e-01
8.680525091045896424e-01
8.664140989668150938e-01
8.760259440159269273e-01
8.690623806076170910e-01
8.733781252593908473e-01
8.749686976526954707e-01
8.707060918768018132e-01
8.648486712388339104e-01
8.761348787451795905e-01
8.742743211618814181e-01
8.746483550021563191e-01
8.681862852322046464e-01
8.748274676265633820e-01
8.774030399928378632e-01
8.706122490887193699e-01
8.698822163086411541e-01
8.685501036798269903e-01
8.737487168236867108e-01
8.715366446099360731e-01
8.794282003907826217e-01
8.757459608990160183e-01
8.664883577791071545e-01
8.711538869663166818e-01
8.577604777639230571e-01
8.752854226454651609e-01
8.783168371353763382e-01
8.568393170518141533e-01
8.798279506200081812e-01
8.650918205180491150e-01
8.756012176284483361e-01
8.628945789489284035e-01
8.824812481125278163e-01
8.671869846686339756e-01
8.691694065079857978e-01
8.737016277143625498e-01
8.701695177483319554e-01
8.730455659793230350e-01
8.637890954949414279e-01
8.807817525106222956e-01
8.710920539062744217e-01
8.740342334743228525e-01
8.743423235199209165e-01
8.740889541791782014e-01
8.737827280434320443e-01
8.837199077713103756e-01
8.713612562354144941e-01
8.680850760314129388e-01
8.739616101686930039e-01
8.645247797445830829e-01
8.688537334445218807e-01
8.671488077850935117e-01
8.729203472541035014e-01
8.678184784346021363e-01
8.699332870721609989e-01
8.681872231834564246e-01
8.710572534643312714e-01
8.679920732929239380e-01
8.839826254471367939e-01
8.665829681070387203e-01
8.591162664418533490e-01
8.752839871578111941e-01
8.661892419402129617e-01
8.669519055168440902e-01
8.695155616818145417e-01
8.666028137862334946e-01
8.571131800436435633e-01
8.697939426260448137e-01
8.618762588776816003e-01
8.723117571365323064e-01
8.794250903724192270e-01
8.690236014590295710e-01
8.642910798318874654e-01
8.623137690011931644e-01
8.701645535178581525e-01
8.696737026446185181e-01
8.683455881518963304e-01
8.698024421673180573e-01
8.622334960171329499e-01
8.703768623001330029e-01
8.699828350631743090e-01
8.672840266411002697e-01
8.663690935021768347e-01
8.600275106535748559e-01
8.725456705119286616e-01
8.816976562434517550e-01
8.604108476906604519e-01
8.724812273004980412e-01
8.667789207289829934e-01
8.759526951273888251e-01
8.664656085320454615e-01
8.740127747067756303e-01
8.761757057882131328e-01
8.794695411517583494e-01
8.723070667050287774e-01
8.778917238263344025e-01
8.723884042145543249e-01
8.699262868945775162e-01
8.721368551610115816e-01
8.728029576203055750e-01
8.660545460815575192e-01
8.701629183437712411e-01
8.709340240038281333e-01
8.613241402282179049e-01
8.687200439122250151e-01
8.699089116397201726e-01
8.624058029890786514e-01
8.649501859430918094e-01
8.671151885433769912e-01
8.746949123731314613e-01
8.763158593641832139e-01
8.729086240580212763e-01
8.725801314710025514e-01
8.632677287592029902e-01
8.713945390471236063e-01
8.682310339650358699e-01
8.719616252206338070e-01
8.691048266863016236e-01
8.755857745974607864e-01
8.662040618671136283e-01
8.709866550653716510e-01
8.685186390257193523e-01
8.695650491313855479e-01
8.750439535596036267e-01
8.695073187850198559e-01
8.728993231365393957e-01
8.738424398134102544e-01
8.768112187911608624e-01
8.713596026994311350e-01
8.727912468166644233e-01
8.581793543500216837e-01
8.659724783325931652e-01
8.724785325968690275e-01
8.630466317262842635e-01
8.704603854096480964e-01
8.662190865764159975e-01
8.654532549679642139e-01
8.756050204627121580e-01
8.679754703247436476e-01
8.694847015015840785e-01
8.700400098838820817e-01
8.667216950188911806e-01
8.779862122098139876e-01
8.757345813081399699e-01
8.771205859187054532e-01
8.681925676994228791e-01
8.667413185143386656e-01
8.761557385205053228e-01
8.717666142133371210e-01
8.664629792544773501e-01
8.706926313629050895e-01
8.742654902527361438e-01
8.682886107312177693e-01
8.673433305151855288e-01
8.685986582202924744e-01
8.804397325201172020e-01
8.686106983204037180e-01
8.690293471705958783e-01
8.735856972880586824e-01
8.723356404143735032e-01
8.684898737451658413e-01
8.628913647618613458e-01
8.763949300384743513e-01
8.701105126035654225e-01
8.741423737179715436e-01
8.725250082364860438e-01
8.731469014370005777e-01
8.679061718305025597e-01
8.693843738698548984e-01
8.675072752378542029e-01
8.761782120816682395e-01
8.769204792404194926e-01
8.755848608770953057e-01
8.727849438229114964e-01
8.751688411549047864e-01
8.689952857575329315e-01
8.787309682099023744e-01
8.638682059616362707e-01
8.640377783463188965e-01
8.742542547639102768e-01
8.759402705528962496e-01
8.756646606723186288e-01
8.785370997571086971e-01
8.725823678050453891e-01
8.738625266899446853e-01
8.678534910212197806e-01
8.700943218594748840e-01
8.789630384829809628e-01
8.766825133154004801e-01
8.742850929451999598e-01
8.670697025112865663e-01
8.710621144934664883e-01
8.742236673265371127e-01
8.792443564588113825e-01
8.660866492072077927e-01
8.809392819986667789e-01
8.675718266370003873e-01
8.755277484038308522e-01
8.637656832031646026e-01
8.708658763402741254e-01
8.643603076314382294e-01
8.693016923755352288e-01
8.638124023636526427e-01
8.812295173222355338e-01
8.778141686710578817e-01
8.706987750104314694e-01
8.794079463909276750e-01
8.823535169552677582e-01
8.679204251570257211e-01
8.742053047177550384e-01
8.807017473021767628e-01
8.749240239608931935e-01
8.756423400413860803e-01
8.692527115050026065e-01
8.668442214379019628e-01
8.662633154493780685e-01
8.717523829219022691e-01
8.720104865340579936e-01
8.682989747002276548e-01
8.784928137936305337e-01
8.735022900369022736e-01
8.728238554249099224e-01
8.698137493744056981e-01
8.737846294524818092e-01
8.693743796205458674e-01
8.761903846804877105e-01
8.769260451131744016e-01
8.738411972030436514e-01
8.621710444838841525e-01
8.743638683106983445e-01
8.752238733520806280e-01
8.719439571840474912e-01
8.736520664581189921e-01
8.656102166093470052e-01
8.718978450725290985e-01
8.706148502698709546e-01
8.770502908551141008e-01
8.772881019050626783e-01
8.723254611168096417e-01
8.698392685560375481e-01
8.624522325935861655e-01
8.670663136163929696e-01
8.755570013115173689e-01
8.686934497980043357e-01
8.654031751654278626e-01
8.743371540633938510e-01
8.680157306820368568e-01
8.649498501985781740e-01
8.699192897418316361e-01
8.740515526061022333e-01
8.824356281876196695e-01
8.722656224940151803e-01
8.671944156884675570e-01
8.684508750184275483e-01
8.720290046628368374e-01
8.731135433420480485e-01
8.710580151377479430e-01
8.739582082163472876e-01
8.732739354361326312e-01
8.693500525475494900e-01
8.727182868574110408e-01
8.758671685211707469e-01
8.859977085600199143e-01
8.766452458662996605e-01
8.785485499348903993e-01
8.697236095847836745e-01
8.705637285752021448e-01
8.678542809630357402e-01
8.764152694657366682e-01
8.709309273045846567e-01
8.734466030311697216e-01
8.736407663153308301e-01
8.743031613762809462e-01
8.733211590782715694e-01
8.659433345568406937e-01
8.645112504342054027e-01
8.764107512651255760e-01
8.705472191702117168e-01
8.708434594788426741e-01
8.701256684854159484e-01
8.697766938166824335e-01
8.715760482608960746e-01
8.745822167889937271e-01
8.689757914428439811e-01
8.658423046560922431e-01
8.753615385149230432e-01
8.710476709137821016e-01
8.708265148545338841e-01
8.700453823515755802e-01
8.703649872520011765e-01
8.745458201852328584e-01
8.762947565335856837e-01
8.699215332530138012e-01
8.738332992824101586e-01
8.741656226996794565e-01
8.706088749860142473e-01
8.730182910058571499e-01
8.714752777216597801e-01
8.700210763026265948e-01
8.681184954988681035e-01
8.697760116786266149e-01
8.637841946680865357e-01
8.776239107848317067e-01
8.725909268379359318e-01
8.817162585478555137e-01
8.769149091125445494e-01
8.674361189619148593e-01
8.685862938168081859e-01
8.656250042666095990e-01
8.711697530180414484e-01
8.773473505791601346e-01
8.705498521645368415e-01
8.734954713145438587e-01
8.785711615696550902e-01
8.762221001407244358e-01
8.613785879296078640e-01
8.640513670405766122e-01
8.671083046666500094e-01
8.757671646855492709e-01
8.682752584507208438e-01
8.666253677085196117e-01
8.669777815449217773e-01
8.752903559731260996e-01
8.658413675245635321e-01
8.729683159182868302e-01
8.792998558386372343e-01
8.681377545140348539e-01
8.735568510833026101e-01
8.728160788528050995e-01
8.663059393801380015e-01
8.815336483684268476e-01
8.754308094067753121e-01
8.695491817672498236e-01
8.708937578294263515e-01
8.644615257966201671e-01
8.719902736511551122e-01
8.732070102376935372e-01
8.633249965540907844e-01
8.751216204160142675e-01
8.728283984995103273e-01
8.729744775664556311e-01
8.659723830879173523e-01
8.659977633074530390e-01
8.723511712604614665e-01
