# Variable: A
# Sample shape: (2700,)
# Date: 2019-04-12 17:09:24.048231
1.368693014477390513e+01
1.395001362878684681e+01
1.351510166214460540e+01
1.350136917664244862e+01
1.342675714926669528e+01
1.400967957795923624e+01
1.313728353427093154e+01
1.380427629291982328e+01
1.435807567556266306e+01
1.324212978955126196e+01
1.272398116953243452e+01
1.471963983130845754e+01
1.349425230646389728e+01
1.387016819374483489e+01
1.375399288384764063e+01
1.380325243685669889e+01
1.350029268926013337e+01
1.304998191250289530e+01
1.334022545320065234e+01
1.370826026617093873e+01
1.312002363133447957e+01
1.287514881663994970e+01
1.396540438320858080e+01
1.340573403581817047e+01
1.407192613996711827e+01
1.357242569293123857e+01
1.353032541622681961e+01
1.413244884980327853e+01
1.279487050899983913e+01
1.322816729257294632e+01
1.403295102059941080e+01
1.347507861324051603e+01
1.396028760609034158e+01
1.345908923154566850e+01
1.400016820249373062e+01
1.458767523900098517e+01
1.336041841769231198e+01
1.357263472455608699e+01
1.377877396535685506e+01
1.314666396296439466e+01
1.332036552395190121e+01
1.307395195663998955e+01
1.428028916844556662e+01
1.305779088818025535e+01
1.322184667597217000e+01
1.377509679094790229e+01
1.360157837472736375e+01
1.370112459889569934e+01
1.370810869354229844e+01
1.351463455725033391e+01
1.377576863082796876e+01
1.411029797299506860e+01
1.361249828542045037e+01
1.339286930425838307e+01
1.312931771318695162e+01
1.348367373801941049e+01
1.435146324149195074e+01
1.227226042839515330e+01
1.330606398417706515e+01
1.388684114141614501e+01
1.372652046906473799e+01
1.374430356313667367e+01
1.378707272296679065e+01
1.323296459935577651e+01
1.401304778599423706e+01
1.420142834350544092e+01
1.387395874209709667e+01
1.335464281733096037e+01
1.406245110851956603e+01
1.351306824517501326e+01
1.353689105753841559e+01
1.364687935537500074e+01
1.427450760014477993e+01
1.360809738301265703e+01
1.437008697595512707e+01
1.395641410950480044e+01
1.409038882870439302e+01
1.395511281111707547e+01
1.427149390162355758e+01
1.416287940752447305e+01
1.419065681819708757e+01
1.386866248282242076e+01
1.344597950415800547e+01
1.432279128477395602e+01
1.414619666456800573e+01
1.355710375272502688e+01
1.382480052091798406e+01
1.391964967146377141e+01
1.461591677989594018e+01
1.355764944824435680e+01
1.280153877644987936e+01
1.353826745368256823e+01
1.374202163307806401e+01
1.423651333967343469e+01
1.343814703087112861e+01
1.401613304749650801e+01
1.448852645482938506e+01
1.266670705890098247e+01
1.390842827785881219e+01
1.400911577752932224e+01
1.289055185074911947e+01
1.407647624925278329e+01
1.364922973576988419e+01
1.279652093177614880e+01
1.319276453535739257e+01
1.438552450720399101e+01
1.358501538724617674e+01
1.326971216042915458e+01
1.308818655042248835e+01
1.308667593861328626e+01
1.349236206638380686e+01
1.374103789000984222e+01
1.399107229587169243e+01
1.372449490275794837e+01
1.385791448904440593e+01
1.396895503430562968e+01
1.374430558091362897e+01
1.299802711300093350e+01
1.455611958006578632e+01
1.319369924649482151e+01
1.352614759965625524e+01
1.366015265882776930e+01
1.364179774684913227e+01
1.381303312124373406e+01
1.386746058869358222e+01
1.429371883779095143e+01
1.389464114982809662e+01
1.371673376968997538e+01
1.287581214200186963e+01
1.358677879104017983e+01
1.353087564279961619e+01
1.347800757409787664e+01
1.313336329520730494e+01
1.394469694597731113e+01
1.416248562045221782e+01
1.404950527863812937e+01
1.336095425120150715e+01
1.400196969012549708e+01
1.379042658898013585e+01
1.243966388587183758e+01
1.358285684252673420e+01
1.366187587579882923e+01
1.414846592976835105e+01
1.333023102596030185e+01
1.438330709138759111e+01
1.309983010719307650e+01
1.301942846152362065e+01
1.412464259560819180e+01
1.325106897938031203e+01
1.343700555764327120e+01
1.318203114306964352e+01
1.306658821702542816e+01
1.342011268581614303e+01
1.330748681843765624e+01
1.297328204411425290e+01
1.367874146530074775e+01
1.392426694009065002e+01
1.385160433714112038e+01
1.328927591359827254e+01
1.352704892672617198e+01
1.354430781047278209e+01
1.360499301812086159e+01
1.320502977756591356e+01
1.326016183753823263e+01
1.353480919546878347e+01
1.369837051928557159e+01
1.347258091847190364e+01
1.414439310754015189e+01
1.340156902213260892e+01
1.368111266845211560e+01
1.302723771053410040e+01
1.492585776020537836e+01
1.405264551010802698e+01
1.394543209216740287e+01
1.401120352622888099e+01
1.373339281835344572e+01
1.386435633990385696e+01
1.398584620288225011e+01
1.395619760903134754e+01
1.255746517355112424e+01
1.337336802053170715e+01
1.397349791316440459e+01
1.390748396565344791e+01
1.334897798995684148e+01
1.353612916898627283e+01
1.324062867784043185e+01
1.405618805932448367e+01
1.346723645782701873e+01
1.390564224015463957e+01
1.311140670137286612e+01
1.442395949809678335e+01
1.400025754203059591e+01
1.307142462179203868e+01
1.269114883619863576e+01
1.340269394437275352e+01
1.418818196307146806e+01
1.378533366188847431e+01
1.431856998933430880e+01
1.294872732762595824e+01
1.289100345231538469e+01
1.379284978399503636e+01
1.349884147747470919e+01
1.361499428912701504e+01
1.305551635992333814e+01
1.366907097882759281e+01
1.308068441096422596e+01
1.318640585125705122e+01
1.387430822067035052e+01
1.292524104056084511e+01
1.379786925291929478e+01
1.354794255630111088e+01
1.375623196578538732e+01
1.422256627875281154e+01
1.339176921191008951e+01
1.279551624062565729e+01
1.372044825180203453e+01
1.332340156706520951e+01
1.323982119200899632e+01
1.401470893982244448e+01
1.412687344732485073e+01
1.305820342728481087e+01
1.416695144800356232e+01
1.319541287002014407e+01
1.406540020526139401e+01
1.321283488916291127e+01
1.371976356500666405e+01
1.315674095203324079e+01
1.380663483341119857e+01
1.434018535322938170e+01
1.338694434726724758e+01
1.341241967392900492e+01
1.274070666265037488e+01
1.343284815888070405e+01
1.338217181203725481e+01
1.461839726728748801e+01
1.313034321858400411e+01
1.392601878825115769e+01
1.408172256400937350e+01
1.305488683459144283e+01
1.267944651965722613e+01
1.300572547178638949e+01
1.303028611194701369e+01
1.350823661388635699e+01
1.321082523560595590e+01
1.358506627938932709e+01
1.443585892209508614e+01
1.366400280356331187e+01
1.382799093516483957e+01
1.234348981486273544e+01
1.297942907444051563e+01
1.380870639232148456e+01
1.412713169494573506e+01
1.355631002217664971e+01
1.397668659424982707e+01
1.354276528072723806e+01
1.341768750288246714e+01
1.356023159124036503e+01
1.404441145652047318e+01
1.301238337225589525e+01
1.364173423131594021e+01
1.388165056899208416e+01
1.270228620874146408e+01
1.357974849585893296e+01
1.397826744130513354e+01
1.382947280097590337e+01
1.359654143165989915e+01
1.398554598420509798e+01
1.322260525038963408e+01
1.381132205740488850e+01
1.304868181815143480e+01
1.342587515114161612e+01
1.397078708457315699e+01
1.423334377209236656e+01
1.419384745698785011e+01
1.378023988254471810e+01
1.280140039992343226e+01
1.253258799468114049e+01
1.398144739468250464e+01
1.356626771843982837e+01
1.382509484948461598e+01
1.355223342061257163e+01
1.367067719832268224e+01
1.390515624397168537e+01
1.445278691829392770e+01
1.240347795868908420e+01
1.337957933644262098e+01
1.301532052338226464e+01
1.344381576090321673e+01
1.363163179271414194e+01
1.376062553753267892e+01
1.341817818221760739e+01
1.464836678220847510e+01
1.285661059949437579e+01
1.369607928996723523e+01
1.346880526006023082e+01
1.346096427781738569e+01
1.296661049217443207e+01
1.348155991523391428e+01
1.376318940511965039e+01
1.333526036279598870e+01
1.420161236334042520e+01
1.402917870515167387e+01
1.329153051458911960e+01
1.327581914420683695e+01
1.349858279266767980e+01
1.325453806745989382e+01
1.426757790850003005e+01
1.398380138034540110e+01
1.325546413941884794e+01
1.327130812312122643e+01
1.400723941587821031e+01
1.354890129623252371e+01
1.433261504708539391e+01
1.402558345478827206e+01
1.368484114838950383e+01
1.442714009775277795e+01
1.326142800317951220e+01
1.396745620898936835e+01
1.329826813571781763e+01
1.346322855479437308e+01
1.252174306318603136e+01
1.359452187679798918e+01
1.245078721429981172e+01
1.283741972401029585e+01
1.398875085410023367e+01
1.392880093154523458e+01
1.365491723486053388e+01
1.376713022995970981e+01
1.405533927789272042e+01
1.334247631102021359e+01
1.401153391739563503e+01
1.238556318421872859e+01
1.407172635174199193e+01
1.406279049486280641e+01
1.298896763900417106e+01
1.431336230833426981e+01
1.331182324121011540e+01
1.367332715456241132e+01
1.339104353870791009e+01
1.304269824676685552e+01
1.411524059771433670e+01
1.386657811941861951e+01
1.294789930165705627e+01
1.408241068426914566e+01
1.373485732225794109e+01
1.398421234212703546e+01
1.406019931903568754e+01
1.389966718655856148e+01
1.355811692785727907e+01
1.348140022769032775e+01
1.382939062883827042e+01
1.347893296328751411e+01
1.398298013080572488e+01
1.341456667894670929e+01
1.366943362458440525e+01
1.335186356339471558e+01
1.344480488831511167e+01
1.427331294364253544e+01
1.319246786567275542e+01
1.308368980203410104e+01
1.435335110655266710e+01
1.382579553390347904e+01
1.354996911083024713e+01
1.422223104606763577e+01
1.394672436468190924e+01
1.400910078605633835e+01
1.344672825145404005e+01
1.314546629269413103e+01
1.323707585588358526e+01
1.383764627012613069e+01
1.447437546176839263e+01
1.376421985026625094e+01
1.306108532544647360e+01
1.335347453248592053e+01
1.372826096032995835e+01
1.328750856544651526e+01
1.368227524715806531e+01
1.433261055244707904e+01
1.430820537533000270e+01
1.335677178509326168e+01
1.331477845515614433e+01
1.364445560083477105e+01
1.402025941024850120e+01
1.285244021323402208e+01
1.359127864905712535e+01
1.422419867639644586e+01
1.385870912197967542e+01
1.355887722779387872e+01
1.453597399048750027e+01
1.439584587346857880e+01
1.427028107555780601e+01
1.401105889882881606e+01
1.389312672482169120e+01
1.315196317106421908e+01
1.344316502050307349e+01
1.395497299755945875e+01
1.383050459949970801e+01
1.434497441681515362e+01
1.265563458051295065e+01
1.375740331026119989e+01
1.339680355189759098e+01
1.317914778848643564e+01
1.399009256362246667e+01
1.416271129749395463e+01
1.321502789561725599e+01
1.355569963637806730e+01
1.329600938435485524e+01
1.340395035351564701e+01
1.357001108082556584e+01
1.373594681398246031e+01
1.336886689979624876e+01
1.386761624020750538e+01
1.426113710657662104e+01
1.407161523773687861e+01
1.313228972435549657e+01
1.355469411469718466e+01
1.415459871369895417e+01
1.393799124129639644e+01
1.305208328791995953e+01
1.331423664725294032e+01
1.330333662222227176e+01
1.347472847299373910e+01
1.305026707155529664e+01
1.329170035762169100e+01
1.284504738396308454e+01
1.408540808039387748e+01
1.402957317823161532e+01
1.327701093842459734e+01
1.345101330179217491e+01
1.415353409011984809e+01
1.412317106205269113e+01
1.399538547339219008e+01
1.383437796844100198e+01
1.456446453423751386e+01
1.417495542324524926e+01
1.319025895572950091e+01
1.278695496531585185e+01
1.332546737421081673e+01
1.352083416001334548e+01
1.331465638678495189e+01
1.326059162890244458e+01
1.403397044030513463e+01
1.286826492450201975e+01
1.406153552850952337e+01
1.352419939528392945e+01
1.347250398738991173e+01
1.329506724595519174e+01
1.363961311119427933e+01
1.297782908074637653e+01
1.376238773836204388e+01
1.397299360748379549e+01
1.388219755197424377e+01
1.321910608155867450e+01
1.396142256310253948e+01
1.317874576547365706e+01
1.389301977040720359e+01
1.366726168243604889e+01
1.389158127138721177e+01
1.347601886523445636e+01
1.356190979506379790e+01
1.370534262572668460e+01
1.393352551190384858e+01
1.389347311323900591e+01
1.376198815676822385e+01
1.336802622448310629e+01
1.360121649767846286e+01
1.379393570618882414e+01
1.440976635488349622e+01
1.441322728062069203e+01
1.353893181694237136e+01
1.367396649612457082e+01
1.381237678407084246e+01
1.347746972268537213e+01
1.448180244233874348e+01
1.330074637701748941e+01
1.428075742223340150e+01
1.398446372608209032e+01
1.334425849205468850e+01
1.321223194764035647e+01
1.436748471541937100e+01
1.419718806244830489e+01
1.386646915294047666e+01
1.380674872405971243e+01
1.318761563643581169e+01
1.342852178940637842e+01
1.422083466273915953e+01
1.304792757299878936e+01
1.411802762640083664e+01
1.390302162394951324e+01
1.414733984362096564e+01
1.410569909317181825e+01
1.365523382006556830e+01
1.329160716433308131e+01
1.381170263402539611e+01
1.302739083583000657e+01
1.355555275613041211e+01
1.347437647369392799e+01
1.366723378295552394e+01
1.406997588578228076e+01
1.376578891437339003e+01
1.349754644993655539e+01
1.299885538082438075e+01
1.342580304068568608e+01
1.411922545260912187e+01
1.305890562513654096e+01
1.327271371387938359e+01
1.392894844379093300e+01
1.332718792554919673e+01
1.415856249790981991e+01
1.332790112863018450e+01
1.398791688729692062e+01
1.381252672995725739e+01
1.415516662271639170e+01
1.444103150732181717e+01
1.362867097758011248e+01
1.339801750644041256e+01
1.354715177143028626e+01
1.395856483854854702e+01
1.264447154204843393e+01
1.338442450750400958e+01
1.347492965436987511e+01
1.350285124082644650e+01
1.337177183672437586e+01
1.326250136682858560e+01
1.358998011263140882e+01
1.387649968310998894e+01
1.377171589329677381e+01
1.514470110244895729e+01
1.318621999416056667e+01
1.328016431936258535e+01
1.343333471080681818e+01
1.363969825089812637e+01
1.283283720448723386e+01
1.370808634781352886e+01
1.407574112553084156e+01
1.338578035183423687e+01
1.316230648148429161e+01
1.407409375269361362e+01
1.403081230291024539e+01
1.355225360610494789e+01
1.270904202924164750e+01
1.281766007339635749e+01
1.409000802445956779e+01
1.347528383392750406e+01
1.316556956270360068e+01
1.340319048766825105e+01
1.305166516757897099e+01
1.323359191327433670e+01
1.339052067878360042e+01
1.423343664866775349e+01
1.413826507984606984e+01
1.423994776704723542e+01
1.435791450711679396e+01
1.390988592321439121e+01
1.433380427620857134e+01
1.480805698795102998e+01
1.373096395771875677e+01
1.398673981358506424e+01
1.363053592276338044e+01
1.457628501799651310e+01
1.295767400611941156e+01
1.335358276318839366e+01
1.352524249061675654e+01
1.451558900652372408e+01
1.342930076045429288e+01
1.397815214710313469e+01
1.354702031610437274e+01
1.333205285189895939e+01
1.234247340910542334e+01
1.356018294559612336e+01
1.380076081284052236e+01
1.316874385331036024e+01
1.339282031912258297e+01
1.344274103330720749e+01
1.448167219720427568e+01
1.364837028883923509e+01
1.448759452296325811e+01
1.395114961587894697e+01
1.364022249286624344e+01
1.360508238322337782e+01
1.375806700407199656e+01
1.413714999238962022e+01
1.350317081205846748e+01
1.398847739353438158e+01
1.361082740103325861e+01
1.418206580153797169e+01
1.363461171299859842e+01
1.293935466539949530e+01
1.341960156934459825e+01
1.393088907130789522e+01
1.367287956943401106e+01
1.340468994465193653e+01
1.319494462209870811e+01
1.296268677479718967e+01
1.344441640405328187e+01
1.426064352994659679e+01
1.247223460164884834e+01
1.401180368472880744e+01
1.229822001413680255e+01
1.279997328874959450e+01
1.340710583547337897e+01
1.381042251539636823e+01
1.453486779548325991e+01
1.393715910719234152e+01
1.378882694314805057e+01
1.361444649468177737e+01
1.394028540827191698e+01
1.376972264164311532e+01
1.382235992184629225e+01
1.429471333137921363e+01
1.298004587250573039e+01
1.346752116932403176e+01
1.319241973086076136e+01
1.356884441308410416e+01
1.418612702840574613e+01
1.430867077080816330e+01
1.405805302891131703e+01
1.429686200290755416e+01
1.430610751644755041e+01
1.347530850774396782e+01
1.405022241198355637e+01
1.378442144373878797e+01
1.303047037297645261e+01
1.427151390408299214e+01
1.416630543822762611e+01
1.348476721418112767e+01
1.354610267100190768e+01
1.286698476088342780e+01
1.325467421165811110e+01
1.388907928996035501e+01
1.389161755335591941e+01
1.359797880047591079e+01
1.317972390200043975e+01
1.386374040811363884e+01
1.346762931360433058e+01
1.385235350674719967e+01
1.372253327622543928e+01
1.427906664611021448e+01
1.389389725422608635e+01
1.352631139115309722e+01
1.394293326206977568e+01
1.319778535423622223e+01
1.303851239918241589e+01
1.361397096820823727e+01
1.319492757903071123e+01
1.372587655337211743e+01
1.366907897319455323e+01
1.417996086838338243e+01
1.330374913695904304e+01
1.338494890371835311e+01
1.267693730440547384e+01
1.383017255524984890e+01
1.399802229187656799e+01
1.322681377988911677e+01
1.353928813020029054e+01
1.330788140723116442e+01
1.370406185063553295e+01
1.341349334400518956e+01
1.417038655695947114e+01
1.330508999484399268e+01
1.348360496628160021e+01
1.314012087962836084e+01
1.362188220706111252e+01
1.279706962508736012e+01
1.380671883576473391e+01
1.387199625736084130e+01
1.456248002149478538e+01
1.295117820017346233e+01
1.315916448638047598e+01
1.417359291505940710e+01
1.362820433246986163e+01
1.291529849872697078e+01
1.356326995247573741e+01
1.347522707099634509e+01
1.326402760348752530e+01
1.380623228166011884e+01
1.384841909414759442e+01
1.427657084385296216e+01
1.349682335011110368e+01
1.396946603230601269e+01
1.405500010525156895e+01
1.411028830375918020e+01
1.307894533979329665e+01
1.378537075505364307e+01
1.362743531722718515e+01
1.351022180242360271e+01
1.356634164056283787e+01
1.385310081563645745e+01
1.320838074468332124e+01
1.400405680737135405e+01
1.424349433263618003e+01
1.383421431734691609e+01
1.446683583785471505e+01
1.293432343148176322e+01
1.300294414420054601e+01
1.387857056658302035e+01
1.396998056200505722e+01
1.365566458990716292e+01
1.327941191474392824e+01
1.455015260292626067e+01
1.370210533561166777e+01
1.342656207919104183e+01
1.366102497649558423e+01
1.345435853420127614e+01
1.325554494811969697e+01
1.342149644783959950e+01
1.333165613557633833e+01
1.439207024212278263e+01
1.276488889432518015e+01
1.327439736614166144e+01
1.394425059257802069e+01
1.344722927028495540e+01
1.405357586592966257e+01
1.324142110000901340e+01
1.383215850479046694e+01
1.306277079461947110e+01
1.387244052880046041e+01
1.412272843218000773e+01
1.425204445693637645e+01
1.328107626341222769e+01
1.339661243413473279e+01
1.334122570697485877e+01
1.345576440147637065e+01
1.321963960195303223e+01
1.390131415514884594e+01
1.374205131187272855e+01
1.227797501426625004e+01
1.404922568292409402e+01
1.374445944733394853e+01
1.349574514713037843e+01
1.349859018871213223e+01
1.306606013807582301e+01
1.313145924104360596e+01
1.416578828199689966e+01
1.441607852418537838e+01
1.331231425291355741e+01
1.321618302519862276e+01
1.397567275141640586e+01
1.318935947519196716e+01
1.429694956015537599e+01
1.381425664314161317e+01
1.393232652280054396e+01
1.390359943293090517e+01
1.372137297499782882e+01
1.369619404987066602e+01
1.388240463807039227e+01
1.411334664276805206e+01
1.245275801696833184e+01
1.406021233450849373e+01
1.306519086787192840e+01
1.366723206984052119e+01
1.343097959121502250e+01
1.376027147256446348e+01
1.348730813570910847e+01
1.323495164060425999e+01
1.414513105381875135e+01
1.334667481203275052e+01
1.400909145817307611e+01
1.342943844775695439e+01
1.399215319396684087e+01
1.344923290528825888e+01
1.356130379520261897e+01
1.374642491436179093e+01
1.401506047797826859e+01
1.356589801729707645e+01
1.366037961534225254e+01
1.418285334096438177e+01
1.346981757601217922e+01
1.345863046261940354e+01
1.353388238693217183e+01
1.320927733367224377e+01
1.408909737236376003e+01
1.323933020778999037e+01
1.269549178877969275e+01
1.430667996815209442e+01
1.371668615550471593e+01
1.330557124895712917e+01
1.385571953489857044e+01
1.292920868109348120e+01
1.334809257097886892e+01
1.418452802780132771e+01
1.415175155409796126e+01
1.314773795146392921e+01
1.332397416293732917e+01
1.349261138780483194e+01
1.301265825656537523e+01
1.352837191679664919e+01
1.346034666486836251e+01
1.380295729758976542e+01
1.335374269822559690e+01
1.390123994372739347e+01
1.418574258923467113e+01
1.346575285017118695e+01
1.419368606833510427e+01
1.384143363173575558e+01
1.253385456969242107e+01
1.459588453375620531e+01
1.317894701050214756e+01
1.371313981389593550e+01
1.430197341909392605e+01
1.300016262032625924e+01
1.311293704064197563e+01
1.286511330635641137e+01
1.372000508772154603e+01
1.433443195469564913e+01
1.365104236242778235e+01
1.337090272153991855e+01
1.405473397215819453e+01
1.369408543850197546e+01
1.356342960457686964e+01
1.266703410455723677e+01
1.356645937139694347e+01
1.327533618983945018e+01
1.408155398916441214e+01
1.302727368744625913e+01
1.313889834819652158e+01
1.373912272668125389e+01
1.363819858009811981e+01
1.420717553986992954e+01
1.388247417848119447e+01
1.361452525199928232e+01
1.337742506301462342e+01
1.368755838918932177e+01
1.395761084597971191e+01
1.356406457940900978e+01
1.402766533614346578e+01
1.329281077018124435e+01
1.395921946854501705e+01
1.416931765728551795e+01
1.298055928400864723e+01
1.323116293761971995e+01
1.321605046896205771e+01
1.393912195174570456e+01
1.391040268328255891e+01
1.345964869521366225e+01
1.379696787291094040e+01
1.357924779264142678e+01
1.371373320292829412e+01
1.415835837326211433e+01
1.343734569194493922e+01
1.368243939424285927e+01
1.354516146865151249e+01
1.403501113664675870e+01
1.342712391736462507e+01
1.302099410379584299e+01
1.326480771489734600e+01
1.364045887911861143e+01
1.377922938095105465e+01
1.389913429522592025e+01
1.431379688072177458e+01
1.349264850851136543e+01
1.402788409454739593e+01
1.313958720562701288e+01
1.350862493661999153e+01
1.345871895010967201e+01
1.421827269077839517e+01
1.310805634264350061e+01
1.356282308315010354e+01
1.341376656051857630e+01
1.367272303965093627e+01
1.366903838121572257e+01
1.356780290376988418e+01
1.372053092856556589e+01
1.326246451102885970e+01
1.356586533512810888e+01
1.359063111305243510e+01
1.343118375967963196e+01
1.371310715106360689e+01
1.377426809089811321e+01
1.361123085488428330e+01
1.412510255815549698e+01
1.394540965891587803e+01
1.304602577004006925e+01
1.416159792457435351e+01
1.451470832831734192e+01
1.333000449140382315e+01
1.372086847903579354e+01
1.368091222751415970e+01
1.350824712244108916e+01
1.436533436203069591e+01
1.456157965229271412e+01
1.309585266263521497e+01
1.309228104382190772e+01
1.333267239501681622e+01
1.326561681344527877e+01
1.346028850124863041e+01
1.392479855097771413e+01
1.310078138985592133e+01
1.293802684154851157e+01
1.334113986731310497e+01
1.333601127765753880e+01
1.393772963164966150e+01
1.368862691948760535e+01
1.426311536517161827e+01
1.334774650804121165e+01
1.350890163640289288e+01
1.348718480534669162e+01
1.404164364443357016e+01
1.349693238259078854e+01
1.398824794822355067e+01
1.349114348187538681e+01
1.353074453603166383e+01
1.405649922981330135e+01
1.353633784943843388e+01
1.381481661774278180e+01
1.374097700134080213e+01
1.344062958799557883e+01
1.357677940956240903e+01
1.356230404228980646e+01
1.373647994402775829e+01
1.429452118293298746e+01
1.388601760974511379e+01
1.382465361105394486e+01
1.343940554900708406e+01
1.367157188143291613e+01
1.354713463473432888e+01
1.394814912458013367e+01
1.318011901786977269e+01
1.346171087494148466e+01
1.399205657799446634e+01
1.397968890017404675e+01
1.370236591740984622e+01
1.343233183061719416e+01
1.294501728601451163e+01
1.358011571439330112e+01
1.389941850750894581e+01
1.362948931665740560e+01
1.338431108280902215e+01
1.401552858409704250e+01
1.385554295884674225e+01
1.313008530848096989e+01
1.320149041598900652e+01
1.352321947370703192e+01
1.299389013326521791e+01
1.333642405404482467e+01
1.308903180152099033e+01
1.392482845521177914e+01
1.331004646889481080e+01
1.331042671740679673e+01
1.405635435164284175e+01
1.417801904825047643e+01
1.360578628755276043e+01
1.412268880677035909e+01
1.352738933207301208e+01
1.368826102799836875e+01
1.384422777414663841e+01
1.411883571900465384e+01
1.320941286449964380e+01
1.462095607082381576e+01
1.347154893476592186e+01
1.434415254640941839e+01
1.371755510112717502e+01
1.340624845455193181e+01
1.272983203371748218e+01
1.383834720821549347e+01
1.305721935072344309e+01
1.367948359511940559e+01
1.334015966763995387e+01
1.418742212242019640e+01
1.318404538473030740e+01
1.306343469334871088e+01
1.338102167517330265e+01
1.362324918285619546e+01
1.373881806733148636e+01
1.324351477474803751e+01
1.454353702441810547e+01
1.393773953476091876e+01
1.307539991577862004e+01
1.335199889514656846e+01
1.413107348072996494e+01
1.333591396787775452e+01
1.290132083436709109e+01
1.351771594193185955e+01
1.334958509498795465e+01
1.378835816105134171e+01
1.372690435629031036e+01
1.397109022435006231e+01
1.381228194745878213e+01
1.288741883343451811e+01
1.392779347943680612e+01
1.318431133775223074e+01
1.380753331878061907e+01
1.344714523059819200e+01
1.290365132723585795e+01
1.365568597125026606e+01
1.363641232572279627e+01
1.362320935000492916e+01
1.360168606685570936e+01
1.314420523247562045e+01
1.375805852809756047e+01
1.348738345254735904e+01
1.357191872779734609e+01
1.462439615364364265e+01
1.410744227186449962e+01
1.323240153744397318e+01
1.418066199011236250e+01
1.382708145779771414e+01
1.335674765058586289e+01
1.351454360517228181e+01
1.294041261359244643e+01
1.280286809218708832e+01
1.374729744714371726e+01
1.366543393836031406e+01
1.397664538485586583e+01
1.303691178082402047e+01
1.361575071753487087e+01
1.400204200968579293e+01
1.370864888619007793e+01
1.339969577559755365e+01
1.394979052666351826e+01
1.419340150608828033e+01
1.345770196419719156e+01
1.402089414602501272e+01
1.392729468098677792e+01
1.466405404879386509e+01
1.330878336924350336e+01
1.364945372538755208e+01
1.378641122345541170e+01
1.339885160201091807e+01
1.307115472012873703e+01
1.369766916243486676e+01
1.316219858263333897e+01
1.403976874023366506e+01
1.368132295652181796e+01
1.403274145737857381e+01
1.409747660047387008e+01
1.363852102563802760e+01
1.461368400389287103e+01
1.345755009963137461e+01
1.421644838352812634e+01
1.391028524651057374e+01
1.337796832073692599e+01
1.396142717741920336e+01
1.359942105314256366e+01
1.344380085841725858e+01
1.303694284513763080e+01
1.406007071753074023e+01
1.353640976182100886e+01
1.369302415468974132e+01
1.355985573117087561e+01
1.290807134619202046e+01
1.300845913409557397e+01
1.348231095034798699e+01
1.292997209942934411e+01
1.492969987825537714e+01
1.300416708436011959e+01
1.335580152349862004e+01
1.380639526932399974e+01
1.381844492789120338e+01
1.326528742621419177e+01
1.321105040683749188e+01
1.326241199630122303e+01
1.414493032528890559e+01
1.381202226226948682e+01
1.388224992510926370e+01
1.401464695432653329e+01
1.440994940114320499e+01
1.315452265514156061e+01
1.403396828099921123e+01
1.327594161613926182e+01
1.344696665138810054e+01
1.403482134222860545e+01
1.415834272920678139e+01
1.348245496580431535e+01
1.410210765527155452e+01
1.332339519446090925e+01
1.344432569824186707e+01
1.400788945471148850e+01
1.454980131227166495e+01
1.380777640602714307e+01
1.325066876465286825e+01
1.363120416498708387e+01
1.362185427107974967e+01
1.360843728960349353e+01
1.370682692855437423e+01
1.426860172653496406e+01
1.415887093618991344e+01
1.333571326721556716e+01
1.387548400424694250e+01
1.307748463654274573e+01
1.330634282652718170e+01
1.390764778283296188e+01
1.384502369606986250e+01
1.325474243965320831e+01
1.398293575900251717e+01
1.365557220837951036e+01
1.377907773282229265e+01
1.433086587133170475e+01
1.306181811856498776e+01
1.352038191575026715e+01
1.364948829673589437e+01
1.353743368657024426e+01
1.377082286541994094e+01
1.389804528450189025e+01
1.331359221704313001e+01
1.294654013457514807e+01
1.394211345680504976e+01
1.398519234509508280e+01
1.393262652103651966e+01
1.422688037267652561e+01
1.418972994134771248e+01
1.380787269551209917e+01
1.439014882501302672e+01
1.360012834802242843e+01
1.398817577034242277e+01
1.339834056308216503e+01
1.294300070809328318e+01
1.454126028344338195e+01
1.395416515446778938e+01
1.326274169626447730e+01
1.318217930886479650e+01
1.380779741628408530e+01
1.344422005031928080e+01
1.388560731214552746e+01
1.331713310115282134e+01
1.316324709071370513e+01
1.369056850608071763e+01
1.418315475852392993e+01
1.351975149995429426e+01
1.402302239499791803e+01
1.400963954099650977e+01
1.335044158174331663e+01
1.378756046045101868e+01
1.423838137898526846e+01
1.297680427953749138e+01
1.434534303158017998e+01
1.386725321918550158e+01
1.390747919725732729e+01
1.347833124879530864e+01
1.315688318587013583e+01
1.372036537501205267e+01
1.242979940425380114e+01
1.342429007231973337e+01
1.372658116623509628e+01
1.375100466231916663e+01
1.357516519632603647e+01
1.409558426875849158e+01
1.360478930519422391e+01
1.408474383343264869e+01
1.387771640604165135e+01
1.272722760087505911e+01
1.341321268983958248e+01
1.412198396046882287e+01
1.382913926916166503e+01
1.384774838480191761e+01
1.360660794117779737e+01
1.354480146528613815e+01
1.413397845415806664e+01
1.404962850563420851e+01
1.365382640044340867e+01
1.249378414599512510e+01
1.367299380893220118e+01
1.318819157740192516e+01
1.349916716878568046e+01
1.345282815613821370e+01
1.420483689382490589e+01
1.420022314388895879e+01
1.297403601052329591e+01
1.386435939145595952e+01
1.262193862553892920e+01
1.361338429598288613e+01
1.376624026897351349e+01
1.349755345650839367e+01
1.381450838782374113e+01
1.365142076271672877e+01
1.376085590917688073e+01
1.365742043415113294e+01
1.323575375313005864e+01
1.398873072386839134e+01
1.392679363561571471e+01
1.374652139071258894e+01
1.400131275771131278e+01
1.360739116819846650e+01
1.385646467084435507e+01
1.375634190842029625e+01
1.300444526690483293e+01
1.359740018716649068e+01
1.422084506517418134e+01
1.305340991173988030e+01
1.383192662821814878e+01
1.379510735359198570e+01
1.382607376731109383e+01
1.325492055631175070e+01
1.341688749417547299e+01
1.395650187030778078e+01
1.410455282390821274e+01
1.296349520637501840e+01
1.379397997172163493e+01
1.450577410215324115e+01
1.440462103142076167e+01
1.370858471274351587e+01
1.391795087935492781e+01
1.331999431977188664e+01
1.446292831554995928e+01
1.397588696773924966e+01
1.375047223417670850e+01
1.389126265463498022e+01
1.330819287246002958e+01
1.357131806604391500e+01
1.352578325634068435e+01
1.403662597086483288e+01
1.383009606064073438e+01
1.347305467465489848e+01
1.323538454849664880e+01
1.308946564574115001e+01
1.383861084013145515e+01
1.338813599633717999e+01
1.405360589533644067e+01
1.378291794329068409e+01
1.388432889033018469e+01
1.386898740680390318e+01
1.399116947094723784e+01
1.329612611440114378e+01
1.371373820104833818e+01
1.443721618841365739e+01
1.335281744078460697e+01
1.298909060675238436e+01
1.351414662482809881e+01
1.309364336003961071e+01
1.298401004607607057e+01
1.391774832526753869e+01
1.350512369590666673e+01
1.484167119841920446e+01
1.387114146449191487e+01
1.366529688514365048e+01
1.363020898702700912e+01
1.317500119400502712e+01
1.415646935363071002e+01
1.319599389992246152e+01
1.367113127221107582e+01
1.424039210971007563e+01
1.371556469115860821e+01
1.282961113140213349e+01
1.293397045846673699e+01
1.332754260960891557e+01
1.376400250996457686e+01
1.345784643428744332e+01
1.388856111462530585e+01
1.416526288120234689e+01
1.394256546376988126e+01
1.314517809891944111e+01
1.387690237038746410e+01
1.422108127601816108e+01
1.338838172804810256e+01
1.440727934975979885e+01
1.374501821900741838e+01
1.349010664428226569e+01
1.296962314450087206e+01
1.321198720004380078e+01
1.311947380787811923e+01
1.402356943532579336e+01
1.335231792647443960e+01
1.304194549003953618e+01
1.334830132800303737e+01
1.354810346948985078e+01
1.259515514917074341e+01
1.301782235379275576e+01
1.368238842825410728e+01
1.304054405997097810e+01
1.331290521264442361e+01
1.284158489878501719e+01
1.348557403320268300e+01
1.332493668415064647e+01
1.424831318866489305e+01
1.361905034029873462e+01
1.411299891094376946e+01
1.391064511165921402e+01
1.366354412635539184e+01
1.326376869374459311e+01
1.392632386026189018e+01
1.295143270448999040e+01
1.405819617361516727e+01
1.324296149969765501e+01
1.449294723256148387e+01
1.340561393633071141e+01
1.335882868785079047e+01
1.307831218740458112e+01
1.312826033367589673e+01
1.396379207493308705e+01
1.394717048119578884e+01
1.318421821037514263e+01
1.357768553474662099e+01
1.346098097752034661e+01
1.340870171761583407e+01
1.408262676979728845e+01
1.420894512408675325e+01
1.379994892212809177e+01
1.364643176871413743e+01
1.346544709864000566e+01
1.392595580438750424e+01
1.394516445601016130e+01
1.390199076633807351e+01
1.368151641784897343e+01
1.376848486130298888e+01
1.439930012136161075e+01
1.413169591328936114e+01
1.373128751891490396e+01
1.306381937031758689e+01
1.356368344726788244e+01
1.494146053465452262e+01
1.358106156034007483e+01
1.418754717616581473e+01
1.393894089858448027e+01
1.400889206406106879e+01
1.295680298811608999e+01
1.423816449690655084e+01
1.331278296126705740e+01
1.390759771749079654e+01
1.330010126397227666e+01
1.365467759155844618e+01
1.364108964831384974e+01
1.403732332301911612e+01
1.298905833264754683e+01
1.331377591235055213e+01
1.301317351165329583e+01
1.339718008543581362e+01
1.343901131172060204e+01
1.335833272526941329e+01
1.379928106846322500e+01
1.393869537872081210e+01
1.413410886746719264e+01
1.382161553162080914e+01
1.291629355711435956e+01
1.378310300667972754e+01
1.321112913488503793e+01
1.382387352904320110e+01
1.301411195705954249e+01
1.353146870928177137e+01
1.375214617272255069e+01
1.351131327172238095e+01
1.400480661491708467e+01
1.288021837133615222e+01
1.316698596019893053e+01
1.413787035850922180e+01
1.329936318065342249e+01
1.346886272620464986e+01
1.388026706903320928e+01
1.328343518993839822e+01
1.328209782164188724e+01
1.356151428638327516e+01
1.390719970533401373e+01
1.347629485898742274e+01
1.386574552710220587e+01
1.379677284209108379e+01
1.357536439642837145e+01
1.368694996556493138e+01
1.308636924662536316e+01
1.322396173127099850e+01
1.351784713004432881e+01
1.354188590764799649e+01
1.279889431733462324e+01
1.372417378855064385e+01
1.365388592059323969e+01
1.410368574860809332e+01
1.346108318623278066e+01
1.361380842888303100e+01
1.373278501892697001e+01
1.284573160698973915e+01
1.357947825887191051e+01
1.322483834122458468e+01
1.325656701722337694e+01
1.379058540696138202e+01
1.348796869310727864e+01
1.426574993461450269e+01
1.297616997787760695e+01
1.281709922565576854e+01
1.401358245866298979e+01
1.341480388352615272e+01
1.317018706693769481e+01
1.308312141966505493e+01
1.337270371926685719e+01
1.406214603473258151e+01
1.449120113698148948e+01
1.339605260476669457e+01
1.308957568112694680e+01
1.407158903285524509e+01
1.426792094237111108e+01
1.408631173398751102e+01
1.350064948341128357e+01
1.360590811578026127e+01
1.464769810925838023e+01
1.369660886865577787e+01
1.370288290283095911e+01
1.364161987993479386e+01
1.321103936446197302e+01
1.364005530774144326e+01
1.423949682185018517e+01
1.333501104894953215e+01
1.349537810175327479e+01
1.329629883629654685e+01
1.341190546490853386e+01
1.382922603089974167e+01
1.361455605166397120e+01
1.270508693295475133e+01
1.343065202721834694e+01
1.373828745107621252e+01
1.412996626757669105e+01
1.320104790793986638e+01
1.359013269673464919e+01
1.369561107602162231e+01
1.402088874979128086e+01
1.370543048248574358e+01
1.413443213558015010e+01
1.362879444303482046e+01
1.368545807058746533e+01
1.356966737797462486e+01
1.397482041616770232e+01
1.356862341580335496e+01
1.390993135494952959e+01
1.405602296634495652e+01
1.431019491214158279e+01
1.361766336699494850e+01
1.379634468841634032e+01
1.406913334769078006e+01
1.302864695363062886e+01
1.340219975394163221e+01
1.404564606967208995e+01
1.308122962506337750e+01
1.332170740625870131e+01
1.306300074312632198e+01
1.355563363562947998e+01
1.325073996639507712e+01
1.430005075158302219e+01
1.353832518736216528e+01
1.337883638323190461e+01
1.359451512664517026e+01
1.362243911051185563e+01
1.466428066023938293e+01
1.335469653074187235e+01
1.454975128461645184e+01
1.405871796095866344e+01
1.390450681716152559e+01
1.290055694704589229e+01
1.361740520830773349e+01
1.300977081340997010e+01
1.335250570561972161e+01
1.354739429511013427e+01
1.349634365422220128e+01
1.386454017542236983e+01
1.382643302361712401e+01
1.379765839587125775e+01
1.324680908458920392e+01
1.380575173069076733e+01
1.384036030800805150e+01
1.341824755634655197e+01
1.329856668526554309e+01
1.398767370438064361e+01
1.392976773556794257e+01
1.406870013917422746e+01
1.391634214109811651e+01
1.326062658267165162e+01
1.286311555664140371e+01
1.419398771289040262e+01
1.357023820491598087e+01
1.354620135324643293e+01
1.313292064073663035e+01
1.461009610716137175e+01
1.369182348690759454e+01
1.384790521070037173e+01
1.388567212960917452e+01
1.327109260415098291e+01
1.395285015365222492e+01
1.371252584037134703e+01
1.425966390832410546e+01
1.310793499581717647e+01
1.395862032666770425e+01
1.394224460069986726e+01
1.384030560250992536e+01
1.371282258865806192e+01
1.305655581340528393e+01
1.409291026461645480e+01
1.390780202341254679e+01
1.383641850420555386e+01
1.356813504307555007e+01
1.373485069967179406e+01
1.369149380334724064e+01
1.434024020591787085e+01
1.366369116704260733e+01
1.386197721094568891e+01
1.326193135280893287e+01
1.331246966378366103e+01
1.455517233564386359e+01
1.384732478991526783e+01
1.357344216454627350e+01
1.442723906870977757e+01
1.358513415337095331e+01
1.302059313207675295e+01
1.320755745564031791e+01
1.355073012344773531e+01
1.351147990564996881e+01
1.367376783805786467e+01
1.397320202668585409e+01
1.325730720772724425e+01
1.399877155015779984e+01
1.329114082613409664e+01
1.375233975109594198e+01
1.403490761694149036e+01
1.398218969291199620e+01
1.354704239600734894e+01
1.291991199333699036e+01
1.401974096461177766e+01
1.332729469871822658e+01
1.381204656807490316e+01
1.369851181193617684e+01
1.325060089660844831e+01
1.304841505520983169e+01
1.392038077806801866e+01
1.417481622819536291e+01
1.319954418890206860e+01
1.292389832021278373e+01
1.303481812721302369e+01
1.439531261326826339e+01
1.363070515209811973e+01
1.385847739124281297e+01
1.335608704268832803e+01
1.341215493828949690e+01
1.333653843025587449e+01
1.381000005422010801e+01
1.385188713709551678e+01
1.398347091789409369e+01
1.403340743813644131e+01
1.366688643399390379e+01
1.294142243511063306e+01
1.302957706347133104e+01
1.416330976777521400e+01
1.341298974415046530e+01
1.417839199804443062e+01
1.307742686850342828e+01
1.263688580782595139e+01
1.313610789503404241e+01
1.316550577979493575e+01
1.445827204150593026e+01
1.438164615439666072e+01
1.407601985196451366e+01
1.407972363344100053e+01
1.360707730429426476e+01
1.317105646612684566e+01
1.294316792415022732e+01
1.301447387977252390e+01
1.339327791210465968e+01
1.374442684608929888e+01
1.419429499310761678e+01
1.458813387561508712e+01
1.394112812673229129e+01
1.403832490581597625e+01
1.349538212571306417e+01
1.348781047358942864e+01
1.286663323888382315e+01
1.356560017746165769e+01
1.419655134839646315e+01
1.339596381134513514e+01
1.453572084648009088e+01
1.380409766613050770e+01
1.388390782329586948e+01
1.367844663243386272e+01
1.416959911085009516e+01
1.406019506651994888e+01
1.407007745409288724e+01
1.391217116818577360e+01
1.325837628472043939e+01
1.393149005807085850e+01
1.269731914886718371e+01
1.385758522593648401e+01
1.367102935900920713e+01
1.428579683526046651e+01
1.324768430754642168e+01
1.371708535814131302e+01
1.381614553187896277e+01
1.338564443154860939e+01
1.384210226876931493e+01
1.358216964048725295e+01
1.340495684691682854e+01
1.418055684587019449e+01
1.381864747603857602e+01
1.357766572445538600e+01
1.395140008918405705e+01
1.383046522547593682e+01
1.396453791974502501e+01
1.324980373897883545e+01
1.405901094534060647e+01
1.394680467815026326e+01
1.335743597420999684e+01
1.396995535473282857e+01
1.389559792146975781e+01
1.332932303106530014e+01
1.370764435451858176e+01
1.387383371762503081e+01
1.346362320665896917e+01
1.379722981810487603e+01
1.344200224069353844e+01
1.468839055027383722e+01
1.358721149693991315e+01
1.363860426291570782e+01
1.336685412061088485e+01
1.378810967552566424e+01
1.384819235105615043e+01
1.335180532254359242e+01
1.351055892562405525e+01
1.339515770869155098e+01
1.331328664152754193e+01
1.375779250157535216e+01
1.315449795053919146e+01
1.245840330626551129e+01
1.421915648495606987e+01
1.399412535657790535e+01
1.473521482540991556e+01
1.360795863638546521e+01
1.423459953620121787e+01
1.333264496212185790e+01
1.354611652002181899e+01
1.422495657817970915e+01
1.365026015034160523e+01
1.358262482389713099e+01
1.336979712471867643e+01
1.384909665149526248e+01
1.366058530152895223e+01
1.397725454236744724e+01
1.362314687717754680e+01
1.433958945542599572e+01
1.405629848765546086e+01
1.324089244648782326e+01
1.393393695624872208e+01
1.391821170893464199e+01
1.340885434105955731e+01
1.356094416323035645e+01
1.317752327671393786e+01
1.339474215104526600e+01
1.429275064510113147e+01
1.365283939464705298e+01
1.384558533038221384e+01
1.338292795276951352e+01
1.361792855487446019e+01
1.399410095482691929e+01
1.292421738662446629e+01
1.353954203186105509e+01
1.404093612135651625e+01
1.349251888678157130e+01
1.378106684851334585e+01
1.349301211380949184e+01
1.306960717375105396e+01
1.362532123266032613e+01
1.370454038931618435e+01
1.312933342874197784e+01
1.403670139558073515e+01
1.374078865818468742e+01
1.362382358589358411e+01
1.380833839244009553e+01
1.319109082648078513e+01
1.343963330409088641e+01
1.393745681536247005e+01
1.327581039473042779e+01
1.370090156588555352e+01
1.357368112812537220e+01
1.397627015832154207e+01
1.317909402164148069e+01
1.404732036647248883e+01
1.342493977951402506e+01
1.404483588121138560e+01
1.390031595518654051e+01
1.365395166157669316e+01
1.371525222784417331e+01
1.276355472161946203e+01
1.325871703845562344e+01
1.336763330256307114e+01
1.383990093236112351e+01
1.330891970863928009e+01
1.374905746414810892e+01
1.403439651914250952e+01
1.366455513817849088e+01
1.363508343046470550e+01
1.380166401467897686e+01
1.422621323983173980e+01
1.471289767742154808e+01
1.355973867065623040e+01
1.315572249264154081e+01
1.384826584117254278e+01
1.308333357922565732e+01
1.322154373695430785e+01
1.424253007517550884e+01
1.358431826485641558e+01
1.379553732703280211e+01
1.375173388482892101e+01
1.351077596652120150e+01
1.378013875588979786e+01
1.384193616658660808e+01
1.420866124358479077e+01
1.390824586452445288e+01
1.409704852407292464e+01
1.356370663390714348e+01
1.330444677919254914e+01
1.340551535756892321e+01
1.272782387998119979e+01
1.447725104718894862e+01
1.337848438891123948e+01
1.423315656486871283e+01
1.341850937905543617e+01
1.365663639713795163e+01
1.380565391875319214e+01
1.345794847203517186e+01
1.348166304055582820e+01
1.388461431866091011e+01
1.507561541120598925e+01
1.325666596234111694e+01
1.321644504082285465e+01
1.301115793688307321e+01
1.353008872595292367e+01
1.416120345307878914e+01
1.354702029598694679e+01
1.388424227815445811e+01
1.345326320333997572e+01
1.411851289756339334e+01
1.365541603489560707e+01
1.386748699460146383e+01
1.352349644009155227e+01
1.416575085925150113e+01
1.375723663427469923e+01
1.340729147425755308e+01
1.317854453101247536e+01
1.378825629790419072e+01
1.360310950903260796e+01
1.343669503465060622e+01
1.303356215936080531e+01
1.340095706923499641e+01
1.344391264969237909e+01
1.382747115450276532e+01
1.266504470487551437e+01
1.431177332030609861e+01
1.372747984901350016e+01
1.378136267583409413e+01
1.340977110160832986e+01
1.350282644691694856e+01
1.396075978616206115e+01
1.400079560347487018e+01
1.391982604214433294e+01
1.308700540210277374e+01
1.431381759843042722e+01
1.358450177380150414e+01
1.365676060427633409e+01
1.448902495991118755e+01
1.415750926002820620e+01
1.332097567072417910e+01
1.296733440767115830e+01
1.279715088803349765e+01
1.394217423420401758e+01
1.406394953462573305e+01
1.365089282175698671e+01
1.389047135160348390e+01
1.313185626392580474e+01
1.263040274784277273e+01
1.318013227352025396e+01
1.397304470104342755e+01
1.315960103261655689e+01
1.383288268693145540e+01
1.353671549977654820e+01
1.385116100654035876e+01
1.385000929169333084e+01
1.406580036022492664e+01
1.403201650058084127e+01
1.277297100561990639e+01
1.448113399423017178e+01
1.312743595328808155e+01
1.351723345863262082e+01
1.405984306779844673e+01
1.296978190837021216e+01
1.417331306905663446e+01
1.395291463465749970e+01
1.319344475865921318e+01
1.423412954344247083e+01
1.299547940970923499e+01
1.355582664083027566e+01
1.312260384529170310e+01
1.367404888657501694e+01
1.264495603865872120e+01
1.389385097773536160e+01
1.421245685602479192e+01
1.373064257897482854e+01
1.319838856375700686e+01
1.273398360125580453e+01
1.385193960254643564e+01
1.428778905609470584e+01
1.393155348967619567e+01
1.340371015820269385e+01
1.378584430175119913e+01
1.456551100158763568e+01
1.322935587631518040e+01
1.395818831348348255e+01
1.467478385623146053e+01
1.326489010347947506e+01
1.391755524955784118e+01
1.419458183203182777e+01
1.457402760381702223e+01
1.357546821865176767e+01
1.317448486962406839e+01
1.387596956175182683e+01
1.335796328097190866e+01
1.388647246190731543e+01
1.366134226098596116e+01
1.285858536139437192e+01
1.333170818418042636e+01
1.364732268082540578e+01
1.399814082061782194e+01
1.443764414689282205e+01
1.277905697399249085e+01
1.475458908706228023e+01
1.361891310470814354e+01
1.343126641188041326e+01
1.352721548522135997e+01
1.293795743705859813e+01
1.317133797133457307e+01
1.401075648929218964e+01
1.333058153038526150e+01
1.410062276614736376e+01
1.446353323618464337e+01
1.418822023222070250e+01
1.381512486620047753e+01
1.347547379918776045e+01
1.305009153057414650e+01
1.372241671476375657e+01
1.367698005536759709e+01
1.347506290315472022e+01
1.375338426117991730e+01
1.404485982181004644e+01
1.343759217294580921e+01
1.380874580694865017e+01
1.371175702590680423e+01
1.416290872790812294e+01
1.378421040422556487e+01
1.384598950179161214e+01
1.419799305194955075e+01
1.402741577820860108e+01
1.375514695580240421e+01
1.310495014268710712e+01
1.378185485109308317e+01
1.447303022310379816e+01
1.283249335490556575e+01
1.317623428592404977e+01
1.358343562796082082e+01
1.356174633996804246e+01
1.305906995976097740e+01
1.331250256205622406e+01
1.329293969794771968e+01
1.327974761055407527e+01
1.291672949146278526e+01
1.305413949020505804e+01
1.342326127172058392e+01
1.395652902646325266e+01
1.389322925267414277e+01
1.339890201558275074e+01
1.392237560707089017e+01
1.484855780883224519e+01
1.396088336612302783e+01
1.366189153963620129e+01
1.407606566445908847e+01
1.373490707711960290e+01
1.318688185831142512e+01
1.413061863381953920e+01
1.262382568923358050e+01
1.388383207255086838e+01
1.272847019395501889e+01
1.332313426295383962e+01
1.361284053245472592e+01
1.338822705578967920e+01
1.330493463387049502e+01
1.287652053134094032e+01
1.319200731880300737e+01
1.355377439690217933e+01
1.275814539573795692e+01
1.433337799919734223e+01
1.373203723163438461e+01
1.415653491509467621e+01
1.380788712453129463e+01
1.345964824391109538e+01
1.410320921285254769e+01
1.389194791946351515e+01
1.347132998673428084e+01
1.431600761530908983e+01
1.375299287621034061e+01
1.405639408319298056e+01
1.318281320743501617e+01
1.398650462446020981e+01
1.370131093860753779e+01
1.349660064955426719e+01
1.382408921789193990e+01
1.331382573636225253e+01
1.305992404891939529e+01
1.322284445575638756e+01
1.325375418268798811e+01
1.334208904203545210e+01
1.367282465195838093e+01
1.375923425394831945e+01
1.408070512604048297e+01
1.415890833056869091e+01
1.338709578137613931e+01
1.417459825800355233e+01
1.323217932717029832e+01
1.388985094872939818e+01
1.336663673396760821e+01
1.463603260071056766e+01
1.428089428964416463e+01
1.300784650160458433e+01
1.356469183372005816e+01
1.379349950737518249e+01
1.382153884099376207e+01
1.365343434884792728e+01
1.262936598526429854e+01
1.342902423902608788e+01
1.345742488774321188e+01
1.391356275092283390e+01
1.380161995702488476e+01
1.349723611516902011e+01
1.367500036442039502e+01
1.326670278469830500e+01
1.401469725738398786e+01
1.345847311175746874e+01
1.372042865200464945e+01
1.368934930137658768e+01
1.425873402302033099e+01
1.430371855308990803e+01
1.405289273729373001e+01
1.397960026126899358e+01
1.383471154646973922e+01
1.345471422066906619e+01
1.376667755878196786e+01
1.400438234469294052e+01
1.331271149707805002e+01
1.295044290266335452e+01
1.400392266267822450e+01
1.389074083082746469e+01
1.295976468986151531e+01
1.297712325874440253e+01
1.318865506941267007e+01
1.396788901323258081e+01
1.431965957266457501e+01
1.343576866545408421e+01
1.308146336136131538e+01
1.404258192659131055e+01
1.458354773923442593e+01
1.287384115884153246e+01
1.360862213555776634e+01
1.419800301104424811e+01
1.396539066027919240e+01
1.442732127506041984e+01
1.297677900192312173e+01
1.279305316304420614e+01
1.336864635359084374e+01
1.287872295108198273e+01
1.392010825844555022e+01
1.405294387334286021e+01
1.367492519210206048e+01
1.382277880398790870e+01
1.445596159853559648e+01
1.438920557176010817e+01
1.337510552515707829e+01
1.287199863685796331e+01
1.318136649199949950e+01
1.393458604578484561e+01
1.332196939157790005e+01
1.343447841814520416e+01
1.356766149357511253e+01
1.324956488394474263e+01
1.370581029813172158e+01
1.420527264980408511e+01
1.334361620496948042e+01
1.330726650070338657e+01
1.330329823205544137e+01
1.374250895410738948e+01
1.385985452459047806e+01
1.356282952021767940e+01
1.348331794723731925e+01
1.368106500173184337e+01
1.336417074314516995e+01
1.375859094885405121e+01
1.348837157490988936e+01
1.314899722146550509e+01
1.337309741501237959e+01
1.343717476747240092e+01
1.363486560565170791e+01
1.426864286371797874e+01
1.383206930308358551e+01
1.327413574419670361e+01
1.327730473738626138e+01
1.357377790706906673e+01
1.343343736111072850e+01
1.419452489291541042e+01
1.408451480860784066e+01
1.390346441040780157e+01
1.440523887539120196e+01
1.342048650573723201e+01
1.392676680774415487e+01
1.324884973917800579e+01
1.315550795795460637e+01
1.426068908650587908e+01
1.397231243681820523e+01
1.358053330143155790e+01
1.324162334740328006e+01
1.374611290152998855e+01
1.355687520787095401e+01
1.373902866496195330e+01
1.328557834389579995e+01
1.362543194343060016e+01
1.319515662748878704e+01
1.340317660652906895e+01
1.388240728841895333e+01
1.285256082703644154e+01
1.280803321115262250e+01
1.363156436768609936e+01
1.380039320795071234e+01
1.469535456169245258e+01
1.405970311838987286e+01
1.351693706221280777e+01
1.362721823052506487e+01
1.396648057252253317e+01
1.407645164609252397e+01
1.303743513640044149e+01
1.408032710305468349e+01
1.362698823501617973e+01
1.399556855736229366e+01
1.279352946356606680e+01
1.338731410168644231e+01
1.396842802692247609e+01
1.379863523939313019e+01
1.382651384823125262e+01
1.422852084535150574e+01
1.354561015007155333e+01
1.366614088417333406e+01
1.343030936887385174e+01
1.359707018223993558e+01
1.299364717563738125e+01
1.385106975582372435e+01
1.353972516219674027e+01
1.394304341502019362e+01
1.329867083587328835e+01
1.389790928056890351e+01
1.327895488743621222e+01
1.418414743542964729e+01
1.465283172607757223e+01
1.306206581795868971e+01
1.440365003099880425e+01
1.388381198922571969e+01
1.361395474938868411e+01
1.244708872560278579e+01
1.317729752183511316e+01
1.328828536075161360e+01
1.353060554559442608e+01
1.407458972401832220e+01
1.418044521383818335e+01
1.429343217570983526e+01
1.453968810002967338e+01
1.415971745768050560e+01
1.315239103353215633e+01
1.427833783326157935e+01
1.376018763941682543e+01
1.387145455948651396e+01
1.375890398796950720e+01
1.376412253910440064e+01
1.358804024763577267e+01
1.386115456313401673e+01
1.455949547057811522e+01
1.435172004203940332e+01
1.360028555931043215e+01
1.428059745738987729e+01
1.397685584205727238e+01
1.351434529262128059e+01
1.335743313324216608e+01
1.416497721825741962e+01
1.353446669764268684e+01
1.386046360762852281e+01
1.343891724259981224e+01
1.373470140641120629e+01
1.387522369763333252e+01
1.370015557637963965e+01
1.390294636022743724e+01
1.300402628709339581e+01
1.313822569115930960e+01
1.324119586308491492e+01
1.298283962707877492e+01
1.438764847131949054e+01
1.324663487868415679e+01
1.338305144898053989e+01
1.421921201380783906e+01
1.365710636336029360e+01
1.311015714692783618e+01
1.318007429056394564e+01
1.392492079325103305e+01
1.329209681788227115e+01
1.384126266273097805e+01
1.289910504180875606e+01
1.315801601809551080e+01
1.389760465224827257e+01
1.382909422223642615e+01
1.321136486851380809e+01
1.370379946141309802e+01
1.344082592413099952e+01
1.355989917639169384e+01
1.320890947614617872e+01
1.422507775063624358e+01
1.383182803951546802e+01
1.322887196209542893e+01
1.357434094239038025e+01
1.346206618340226058e+01
1.347425714044372747e+01
1.397474322920302114e+01
1.287502418499234125e+01
1.312387211890688654e+01
1.356955650955920767e+01
1.358106755087677975e+01
1.421038306487037062e+01
1.416765724887028810e+01
1.311825921639872305e+01
1.408989245444323757e+01
1.446186914671588220e+01
1.349541384881199946e+01
1.343004115057556369e+01
1.304132850125133025e+01
1.396678483728235953e+01
1.351918919003893116e+01
1.355742426156028380e+01
1.329748188224882099e+01
1.368386387399358917e+01
1.375636181544378900e+01
1.370858341887070431e+01
1.338304634645163205e+01
1.256137292908963055e+01
1.342524608176752210e+01
1.430701928380072552e+01
1.328334130666064894e+01
1.352095985170339532e+01
1.385092014304357022e+01
1.342544975257710149e+01
1.253035484215878803e+01
1.371722387903253804e+01
1.434804047592636778e+01
1.359343022834298687e+01
1.341878504276063921e+01
1.413554641583396609e+01
1.287963855180855433e+01
1.311832691950361429e+01
1.312811141329568088e+01
1.326421408055660223e+01
1.390972055372383664e+01
1.361154248303633452e+01
1.369881888037926565e+01
1.397534835856709279e+01
1.421456273177917318e+01
1.362957556398870729e+01
1.326062445801697187e+01
1.362945962542550937e+01
1.311223404895218181e+01
1.387136107827791420e+01
1.377407579124056092e+01
1.383031587745691837e+01
1.364029046191009265e+01
1.363276278881653703e+01
1.406569445125247064e+01
1.382034447292159030e+01
1.346646780363326812e+01
1.353931337382376654e+01
1.308134985642788450e+01
1.406175139141810959e+01
1.339509511428088828e+01
1.380258924598963510e+01
1.307350396064365583e+01
1.364483096306997645e+01
1.355362816205511933e+01
1.335840350853563230e+01
1.454255248613998397e+01
1.343844937518317906e+01
1.305570776035415115e+01
1.303136411252222970e+01
1.314102654531318848e+01
1.358283648506727381e+01
1.314268317162286692e+01
1.392288633580937685e+01
1.339979929354560717e+01
1.445432105230946540e+01
1.374189548487313139e+01
1.395494060781146217e+01
1.347748668481103884e+01
1.341788744541664613e+01
1.382525800137821648e+01
1.286279583748869371e+01
1.321639924476913386e+01
1.361751177611798980e+01
1.327668283238128843e+01
1.337478581851592452e+01
1.430205308186439694e+01
1.371292723639295374e+01
1.347022432510442336e+01
1.339286498915103607e+01
1.342907353237571222e+01
1.435439045843864214e+01
1.452874036461948748e+01
1.373429757380487537e+01
1.310479661994996015e+01
1.371200390682296444e+01
1.342439566224729752e+01
1.400143493481011880e+01
1.311561682718093280e+01
1.322311076202631952e+01
1.350945106100281379e+01
1.405129890332507969e+01
1.348734423742792288e+01
1.331837517725452891e+01
1.270150166073012521e+01
1.383036524156520741e+01
1.374649844013403843e+01
1.389115901148934640e+01
1.375669002374731065e+01
1.338820523203208523e+01
1.413678632229014553e+01
1.307617648245520847e+01
1.418127325434076802e+01
1.356493891371418492e+01
1.325033730096970075e+01
1.401075357595303927e+01
1.358788411505160632e+01
1.394958148443336476e+01
1.363481557239074426e+01
1.432917413853702193e+01
1.364213631121622861e+01
1.343053968711833512e+01
1.281321000126654042e+01
1.413600210398899826e+01
1.442879953845905305e+01
1.407639364635227608e+01
1.490520585297234213e+01
1.366845816192683927e+01
1.377449871232311374e+01
1.348824407203277431e+01
1.369266804432629137e+01
1.417183451060333432e+01
1.361248019802163967e+01
1.330300363365396699e+01
1.357366354568907063e+01
1.410758804190441751e+01
1.397818273618073803e+01
1.360281150453732657e+01
1.378068638918940714e+01
1.381481778121512960e+01
1.338069343343316930e+01
1.345356090465764076e+01
1.355179275773952341e+01
1.305638358326653581e+01
1.401085876553134746e+01
1.342312464076774603e+01
1.455842333471194117e+01
1.395834222747631870e+01
1.369453813894922334e+01
1.366932525382535601e+01
1.462713146640273720e+01
1.418078502220291526e+01
1.440058608981062349e+01
1.298076956760696099e+01
1.363199910013011262e+01
1.430821644221128075e+01
1.427618885761553180e+01
1.312956589858071510e+01
1.405581202985664113e+01
1.364829380118097468e+01
1.373220661005414911e+01
1.328325119607812788e+01
1.325286848585979449e+01
1.404604642324676966e+01
1.358271857621130430e+01
1.382038662750682789e+01
1.387474784644052939e+01
1.350892369305128682e+01
1.373747130572140485e+01
1.335321753321797722e+01
1.335759302835960760e+01
1.409821399946311082e+01
1.333089133277863247e+01
1.331629310089298635e+01
1.321194383901625535e+01
1.365744359882989833e+01
1.384459671338081144e+01
1.410637545467801246e+01
1.319230896667119524e+01
1.403298612684696955e+01
1.337739678570615531e+01
1.432046937289819866e+01
1.296661187668815884e+01
1.350980838076808865e+01
1.321543477863159133e+01
1.501669733230824377e+01
1.412139884646806820e+01
1.361290765654002932e+01
1.338275469748573876e+01
1.269016316234628938e+01
1.355573957263341178e+01
1.433755534386624753e+01
1.369869516879882099e+01
1.429331568928886931e+01
1.354669213732573496e+01
1.454649088250197941e+01
1.347518179062720378e+01
1.300023835787935944e+01
1.427492248745955727e+01
1.380565004266521179e+01
1.342044739737133341e+01
1.304196083294816688e+01
1.398484276632177981e+01
1.437222568971106007e+01
1.367532227877438267e+01
1.399221701432246689e+01
1.326438490216222910e+01
1.410572556237729103e+01
1.438722146602987628e+01
1.319655865705296094e+01
1.306988325463893652e+01
1.400522123597009738e+01
1.388057342583552156e+01
1.395366679982625691e+01
1.375181692302087200e+01
1.397461497611418757e+01
1.275333593261350096e+01
1.384366625860876887e+01
1.368813463032389954e+01
1.330050659283493175e+01
1.413452413332570856e+01
1.350517028025608113e+01
1.396027214124981342e+01
1.282351245336845658e+01
1.398248902282623973e+01
1.457029171806071588e+01
1.372038841690587674e+01
1.396882000359794418e+01
1.403857216957458220e+01
1.315850731567860521e+01
1.381660446531811992e+01
1.415921904490442707e+01
1.432700574048783260e+01
1.356176995198950586e+01
1.334740685541761529e+01
1.389988222290216946e+01
1.346463443253670711e+01
1.364913834343955834e+01
1.339560707852572108e+01
1.373234412280513084e+01
1.327370584967166423e+01
1.337272388506170273e+01
1.356573321626854245e+01
1.404304525994040276e+01
1.325424886340003816e+01
1.425678725282085146e+01
1.395624704377365966e+01
1.308001192633973631e+01
1.341936304888961118e+01
1.307165703888197683e+01
1.386486019810558901e+01
1.385287780657575496e+01
1.321401761170129241e+01
1.285665372386651661e+01
1.346305833312692535e+01
1.399265381406667608e+01
1.369367681292171923e+01
1.435195617630209242e+01
1.377043338678833884e+01
1.384530837004226100e+01
1.338693026800079089e+01
1.337707582314683030e+01
1.335569962519327980e+01
1.355326750117886370e+01
1.368196572814888512e+01
1.404322791989238439e+01
1.405859562131712437e+01
1.342014831283083431e+01
1.450310816718352847e+01
1.332921408808826769e+01
1.393673242977540383e+01
1.430884115889979213e+01
1.425452456377350607e+01
1.307370408694504071e+01
1.361886745967299284e+01
1.323582766379744768e+01
1.374577668194621083e+01
1.366996327529604827e+01
1.416175801535485057e+01
1.405415622879639592e+01
1.337955329854977649e+01
1.326867627824691453e+01
1.348181467622701390e+01
1.385718177289074760e+01
1.482383344213962495e+01
1.394702707921508100e+01
1.360052710037750501e+01
1.381088542683072973e+01
1.334449696035379596e+01
1.417118317565326713e+01
1.444898261128983030e+01
1.278936816808427857e+01
1.319065782092065220e+01
1.421997484129966871e+01
1.379839804800879932e+01
1.357178441369268285e+01
1.384567509267806784e+01
1.312272891440089317e+01
1.345893408695185478e+01
1.329798564050997278e+01
1.386812705852161898e+01
1.361315913954141976e+01
1.366872285629105832e+01
1.414091066802012087e+01
1.285003377239868527e+01
1.353400270691030016e+01
1.348424822232024667e+01
1.419308265627273791e+01
1.402787882433198341e+01
1.430364907148324782e+01
1.331949695870847705e+01
1.349276917237098949e+01
1.388817005411845606e+01
1.395881822333535638e+01
1.338305525956416275e+01
1.322117001769379563e+01
1.405443831392144460e+01
1.265771862676374582e+01
1.308392518322108877e+01
1.272013866017256234e+01
1.339835528864368897e+01
1.323351493348044805e+01
1.365250237584774418e+01
1.339263488901589483e+01
1.352983060200256205e+01
1.360524879906073359e+01
1.406402721301479630e+01
1.339771765290337058e+01
1.405032715638369822e+01
1.409131200509764525e+01
1.348589700122496104e+01
1.349441820771442657e+01
1.410356662917006432e+01
1.292500176609705598e+01
1.274595899211986350e+01
1.287436287441251004e+01
1.331827519428627937e+01
1.346689365842368424e+01
1.438569254585670798e+01
1.376346009711501850e+01
1.365930184720504315e+01
1.324515301982886228e+01
1.322861000186015445e+01
1.447286285588986665e+01
1.448596752116807806e+01
1.360902725146043402e+01
1.312210709598500991e+01
1.354067851405216416e+01
1.321623949242943041e+01
1.277195882563664675e+01
1.405701131099679912e+01
1.441494908676994768e+01
1.439843388090529253e+01
1.353871614889682817e+01
1.328398175894600186e+01
1.341945137480892747e+01
1.314476670492427424e+01
1.404366540754977422e+01
1.388430948955862654e+01
1.376093378462987360e+01
1.483171967261282553e+01
1.371465688615457879e+01
1.410075004823243638e+01
1.344936642096296175e+01
1.458702352087189524e+01
1.344861218572328809e+01
1.390777969600978636e+01
1.399512334377653033e+01
1.401382671412174830e+01
1.423393832377045243e+01
1.379825757487822813e+01
1.289475418021310915e+01
1.331817022516277227e+01
1.391761221725131925e+01
1.298823039470690688e+01
1.295317226444461589e+01
1.335827082277750044e+01
1.333776871950296261e+01
1.418063772821280999e+01
1.372136659341438758e+01
1.422791413269008842e+01
1.395275278851499401e+01
1.389653942759720273e+01
1.381961839005718140e+01
1.359045457581803618e+01
1.340827611309606127e+01
1.329973483509615662e+01
1.339258521266701329e+01
1.384370402444164050e+01
1.430374980128718931e+01
1.283426527314807686e+01
1.339030031241084551e+01
1.333010554804402581e+01
1.333737364252765900e+01
1.377235162592284645e+01
1.460471544465189275e+01
1.338775342007575553e+01
1.388164729641145811e+01
1.445033973771416491e+01
1.328216450481921562e+01
1.417915989765837459e+01
1.374762472456242079e+01
1.386410608496796470e+01
1.354551643530154337e+01
1.256027466029442863e+01
1.457876765985620082e+01
1.423992871665147320e+01
1.412303654928458840e+01
1.375982912977637618e+01
1.365620975870595011e+01
1.361486904004059895e+01
1.379489662314602860e+01
1.294082913378000299e+01
1.381980646972195359e+01
1.307264380055351616e+01
1.305763514889055088e+01
1.379622742776738242e+01
1.360594860420386709e+01
1.406948522336288043e+01
1.304079774981641648e+01
1.331769384147222546e+01
1.397388981160989196e+01
1.466393803999989132e+01
1.365012676891225851e+01
1.352050961433843668e+01
1.354538525280116090e+01
1.349569246977315196e+01
1.384792219073766617e+01
1.272371152130217631e+01
1.447523253665330678e+01
1.337137087956647363e+01
1.346474252521596071e+01
1.351312265673593593e+01
1.376991827440810034e+01
1.304808729002167134e+01
1.441458713452880325e+01
1.418668916863155793e+01
1.440371885090900506e+01
1.361402444787117361e+01
1.363173236056985083e+01
1.394162601400473100e+01
1.399178819514034977e+01
1.410419974207483129e+01
1.359077921585906701e+01
1.369420571893465066e+01
1.339887514493435461e+01
1.431995091869660186e+01
1.368095279188061220e+01
1.356788125737751294e+01
1.275871824188017989e+01
1.398532187575377961e+01
1.404641105202100881e+01
1.339209983020334782e+01
1.364787692643860595e+01
1.364380095375926771e+01
1.334409748261533046e+01
1.338720762950864440e+01
1.298704773777555133e+01
1.333528220223897165e+01
1.410950165865986428e+01
1.341192511102827289e+01
1.360295003117015966e+01
1.375041101446590730e+01
1.384260975001204308e+01
1.289006686496906795e+01
1.344080564511330067e+01
1.339656272036596008e+01
1.356277156195222489e+01
1.360568252475723128e+01
1.365767647180686772e+01
1.372785309217928429e+01
1.376075801401850995e+01
1.363693288676271642e+01
1.311484838652935458e+01
1.375225576038643993e+01
1.425408870317552612e+01
1.323949918700121131e+01
1.362048098146401820e+01
1.397218826188426988e+01
1.311906475632078184e+01
1.405209618779002234e+01
1.373576372833550074e+01
1.304851246512062701e+01
1.402084437156904428e+01
1.314796200535091053e+01
1.345223515982842244e+01
1.399201898862938975e+01
1.433857477265446967e+01
1.322337143240951463e+01
1.356017073946923723e+01
1.370167977022462935e+01
1.367719538952334268e+01
1.349097617280934891e+01
1.352011941424625441e+01
1.390929116635002138e+01
1.317769720823193502e+01
1.404262726856087440e+01
1.339950832785542367e+01
1.366149465903031590e+01
1.383919604938172476e+01
1.370528141043869930e+01
1.383176790317030580e+01
1.320539178886402176e+01
1.346496752909197170e+01
1.262743691895342302e+01
1.368731308007565772e+01
1.338596110462737876e+01
1.286648911623649738e+01
1.366168781256783937e+01
1.437242177373334684e+01
1.350755153831769917e+01
1.439288233808400896e+01
1.287490995182470321e+01
1.418900657598955029e+01
1.358003586185317069e+01
1.335035233737015758e+01
1.357864776565827292e+01
1.334292011915995957e+01
1.423768158202344303e+01
1.436183777308566789e+01
1.492121077601716550e+01
1.456190455729991662e+01
1.264285719583374146e+01
1.415374919737809201e+01
1.422738040734128617e+01
1.316725545369941841e+01
1.296602189268032568e+01
1.415031382848279051e+01
1.396927604772573872e+01
1.440107347700577201e+01
1.306588751239055846e+01
1.465934017099137598e+01
1.297094547649310847e+01
1.319957502412023942e+01
1.388824511615679036e+01
1.389134836681529173e+01
1.359471472860230179e+01
1.312751333304526469e+01
1.357887811186779814e+01
1.388788571658852078e+01
1.336251471326335505e+01
1.304779275080459655e+01
1.411110321672082257e+01
1.390236125071698048e+01
1.371588467434272296e+01
1.297454312814797817e+01
1.369346048032352847e+01
1.332576208901201831e+01
1.359800494132044868e+01
1.299056205330336411e+01
1.386282044288253346e+01
1.326768581399503688e+01
1.310752621084347425e+01
1.399696761568324455e+01
1.312804582702576717e+01
1.345024039613227629e+01
1.326135404930963446e+01
1.370969552385651369e+01
1.401922470713382829e+01
1.412077700835043004e+01
1.373972705024522334e+01
1.445924764821317154e+01
1.377561586801777871e+01
1.358765018359727428e+01
1.332183794703679247e+01
1.311224326564127729e+01
1.409734726444887087e+01
1.316681206557688810e+01
1.402904421782306343e+01
1.416771772287571274e+01
1.367880576897373501e+01
1.387330485157850823e+01
1.454882490320430755e+01
1.348317799710539511e+01
1.309504722508045127e+01
1.340202654070430022e+01
1.411449059020188557e+01
1.400525405300347970e+01
1.334157468695078741e+01
1.301334470116355391e+01
1.329199297571300065e+01
1.356257624081484003e+01
1.371161630967436729e+01
1.454101028247588623e+01
1.455156266742051052e+01
1.360568567258954609e+01
1.320751258005320317e+01
1.438275874836421586e+01
1.405577667903246564e+01
1.354120520093059454e+01
1.388389082563317878e+01
1.373947069968705392e+01
1.291770518589316374e+01
1.348801602975569836e+01
1.392124893806450281e+01
1.213835842107872409e+01
1.349591331523967952e+01
1.366062774811413583e+01
1.335808053659160244e+01
1.362819678890695485e+01
1.347505981463482883e+01
