# Variable: A
# Sample shape: (2500,)
# Date: 2018-11-21 09:14:55.144037
1.856648536646302006e+01
1.831284990284892089e+01
1.853038213684253677e+01
1.851750383054580240e+01
1.851750231060688279e+01
1.838403243832563660e+01
1.843003534778708286e+01
1.831696864364874600e+01
1.831504746422028873e+01
1.843281677816115405e+01
1.848780674840307370e+01
1.851516223950440221e+01
1.829370749891766579e+01
1.858733891892054757e+01
1.836024464076719909e+01
1.844234788040387230e+01
1.850176491897730813e+01
1.838496304252768354e+01
1.847724751230718354e+01
1.835087829670032633e+01
1.841158873408324581e+01
1.848456045395127134e+01
1.853351788179447723e+01
1.846765127638758486e+01
1.840654216879245908e+01
1.846136277007650861e+01
1.841052412108502168e+01
1.843983847521197816e+01
1.857028534010746412e+01
1.843014833555558241e+01
1.844471499368373202e+01
1.856432231967121282e+01
1.848129819302383225e+01
1.847583335829131812e+01
1.849632512747023583e+01
1.858946759414399352e+01
1.845431464369293906e+01
1.833234151160656111e+01
1.840090187941336808e+01
1.825539366564567700e+01
1.829281435106583231e+01
1.846707705439763814e+01
1.848258090806546861e+01
1.856520760144302784e+01
1.848598872891857070e+01
1.827491670573089166e+01
1.843360685148920908e+01
1.834562439256937694e+01
1.842203473659552060e+01
1.837400187529189211e+01
1.838125998924233429e+01
1.852278823626563309e+01
1.834868623810161381e+01
1.854712750909027719e+01
1.847879031975954334e+01
1.834330762807375237e+01
1.848611288148849852e+01
1.838194430511490296e+01
1.834859891558905076e+01
1.845345903379062946e+01
1.846293569363043474e+01
1.864214426445649053e+01
1.836802073959700010e+01
1.842313117286108692e+01
1.849204306473235349e+01
1.828764331647942498e+01
1.847268414878462295e+01
1.832246607333778954e+01
1.843334201487769874e+01
1.836015183740283874e+01
1.839220871091180243e+01
1.838280154494381691e+01
1.857118760317447226e+01
1.842495910584077379e+01
1.839183395151636802e+01
1.836034436754640709e+01
1.858267921869592598e+01
1.839109191145564282e+01
1.837239263205473705e+01
1.849953480510227166e+01
1.833361532019184637e+01
1.844616383141622862e+01
1.835327503117338921e+01
1.847392374269294280e+01
1.851386867485832610e+01
1.850444574941341713e+01
1.853107541524110857e+01
1.856475053085029714e+01
1.847703910335605570e+01
1.846289330820091479e+01
1.836828608664579932e+01
1.851348992004438543e+01
1.864765094104712162e+01
1.847630059999874419e+01
1.851392745267187934e+01
1.852228719145408320e+01
1.851848793104270285e+01
1.835318129089344552e+01
1.861174633602777462e+01
1.839396357282952366e+01
1.845020275580405666e+01
1.824626334310766751e+01
1.848385412064397926e+01
1.847300554796012761e+01
1.847562967306057047e+01
1.848370863836197842e+01
1.832635783136920438e+01
1.845115041343833795e+01
1.851232126850747406e+01
1.848434644974856056e+01
1.847461948689732480e+01
1.840499352979097125e+01
1.847643080998782494e+01
1.841674425262987924e+01
1.845634603719395628e+01
1.839807479002053370e+01
1.843281135708810226e+01
1.850162757712644535e+01
1.856136664865473307e+01
1.848555183318004680e+01
1.839810999597089847e+01
1.857189763117332149e+01
1.839004571165093083e+01
1.846881503852556961e+01
1.855319828551428429e+01
1.844293148221137102e+01
1.836269913663202047e+01
1.847351962151494931e+01
1.838395182685230722e+01
1.832806068728699600e+01
1.848992953987626819e+01
1.836778962283144168e+01
1.847277889322910482e+01
1.824383755949126851e+01
1.857679415315397975e+01
1.851207078341603562e+01
1.857251454014609848e+01
1.844414230878336625e+01
1.843133180844741048e+01
1.861994757919438825e+01
1.849352776635020490e+01
1.835253130275545530e+01
1.842193536797473996e+01
1.845008770526405328e+01
1.852884346045440367e+01
1.841666826850095617e+01
1.837453076590134060e+01
1.846118773784609957e+01
1.848597717925287753e+01
1.835297044644324416e+01
1.830002245337109912e+01
1.845071078920080510e+01
1.828149506371978461e+01
1.834233193044633126e+01
1.847441471362247256e+01
1.846044619151550847e+01
1.837446574386282450e+01
1.852144934926499431e+01
1.825346091495345391e+01
1.836906548671497674e+01
1.842554744061530059e+01
1.835578818156051284e+01
1.849000304660082961e+01
1.847370636025756241e+01
1.846821644894958325e+01
1.855043724190585763e+01
1.843560317205818322e+01
1.845534818542676092e+01
1.838549619044804828e+01
1.845057419112247743e+01
1.858354092817231518e+01
1.848835513750586301e+01
1.853795668935999075e+01
1.848968132447675217e+01
1.840523628757371100e+01
1.844666654119245663e+01
1.850713227739030486e+01
1.848730291509917478e+01
1.843546747165732214e+01
1.833467273852674850e+01
1.847752737375171961e+01
1.859672975996824817e+01
1.835515146219691118e+01
1.843638585893901549e+01
1.859598584723642034e+01
1.861801312281664877e+01
1.841911173975872273e+01
1.840286866438022528e+01
1.854403444641539878e+01
1.847218126632708746e+01
1.845704915738036433e+01
1.841690604177785318e+01
1.834494781921071649e+01
1.840885495870467636e+01
1.862070032319823198e+01
1.844432725407328988e+01
1.835164386175648588e+01
1.832729514107790436e+01
1.833390783713457850e+01
1.860869619636800465e+01
1.844986716590275933e+01
1.844998493296363051e+01
1.850295497136633216e+01
1.842362047728174090e+01
1.856141279799414789e+01
1.845402440759884044e+01
1.842735247612832339e+01
1.832070864218057693e+01
1.856447168880939103e+01
1.836291933776455210e+01
1.844025343061484534e+01
1.853662361371783263e+01
1.839961018431963069e+01
1.846034211468378317e+01
1.843250643497850660e+01
1.859258758877227535e+01
1.846987425649810177e+01
1.860331935097337919e+01
1.844835298149963521e+01
1.845111396045473384e+01
1.840068554650410704e+01
1.847573008889513346e+01
1.856918006925388198e+01
1.826530033684630894e+01
1.848860573500394722e+01
1.845496806599197726e+01
1.852803402585661274e+01
1.837942173001129476e+01
1.846523765742252721e+01
1.849944422128719168e+01
1.843031438395393806e+01
1.855460760263130027e+01
1.866373089769831495e+01
1.837721184395528340e+01
1.851246858096206083e+01
1.845462011586053919e+01
1.839297366831478087e+01
1.850360677787055508e+01
1.835099465161223620e+01
1.839389236451548371e+01
1.840184074439423867e+01
1.848596360743543343e+01
1.842206592511234220e+01
1.843727445435121126e+01
1.839474287131284314e+01
1.847725764609649701e+01
1.856915347520212833e+01
1.846890984778965716e+01
1.842309638378602799e+01
1.841608009274911240e+01
1.847082686665484985e+01
1.841619987675627712e+01
1.849097684726951485e+01
1.846007370739916809e+01
1.842502479757315470e+01
1.845659874431755654e+01
1.840326201925509864e+01
1.844664773277626679e+01
1.841811259015213409e+01
1.845175894289317142e+01
1.845016775614909932e+01
1.845732260034744598e+01
1.841639357480624639e+01
1.852241963617899501e+01
1.837228313553304204e+01
1.845789725242713430e+01
1.824899040117016114e+01
1.841342393308622860e+01
1.843746915377803575e+01
1.852769059092296899e+01
1.851830478701303662e+01
1.831687985367970128e+01
1.850093423812967330e+01
1.849099453830184103e+01
1.861230584804342314e+01
1.834073005488366803e+01
1.841388013174276850e+01
1.833163773104385541e+01
1.840092878133378207e+01
1.850980637922926775e+01
1.856069191959826270e+01
1.840808200682477391e+01
1.854318247775464101e+01
1.849704330914988759e+01
1.844840622916308703e+01
1.829694157797925769e+01
1.831962974518258136e+01
1.849227174737844948e+01
1.825136711039436932e+01
1.852583051884568377e+01
1.857386502943672113e+01
1.841386801183894661e+01
1.844138668919214297e+01
1.859385682047037847e+01
1.859823347901861013e+01
1.850225920073879493e+01
1.835536605155027345e+01
1.845577651715428757e+01
1.849650279889806370e+01
1.841308983218254980e+01
1.852618616315898592e+01
1.847299412550207620e+01
1.841692702222211508e+01
1.842554714900731838e+01
1.844138883866859757e+01
1.847885678761736727e+01
1.845377893610387332e+01
1.843997965561592522e+01
1.843944635441791036e+01
1.847438370196840651e+01
1.849840129599101601e+01
1.855865101853073895e+01
1.846418563586825812e+01
1.850412201891659336e+01
1.832429288899725606e+01
1.841775637269445909e+01
1.842197638519612113e+01
1.831808956142224787e+01
1.845396230066354093e+01
1.846958366072122359e+01
1.838615165597300205e+01
1.848266556687866213e+01
1.853570479921089387e+01
1.837676779370660540e+01
1.850932370480574107e+01
1.842549086169174544e+01
1.838143402622779377e+01
1.857676961849557529e+01
1.842855871657627986e+01
1.847396797189610140e+01
1.845122004695192075e+01
1.857175225901376336e+01
1.846569717383065523e+01
1.852943046019511897e+01
1.846396967172908887e+01
1.844269800753875899e+01
1.846747097116957192e+01
1.831164289344643947e+01
1.835076736491473426e+01
1.845138851740516017e+01
1.840019210628237545e+01
1.842468358246910753e+01
1.852003321521049628e+01
1.838834244353468605e+01
1.851362787053319536e+01
1.843363232492941250e+01
1.840014946166327192e+01
1.836262736667315920e+01
1.842595371678092064e+01
1.840887157161330379e+01
1.841631977194679948e+01
1.848052335451853523e+01
1.841132401455606526e+01
1.847588212756323145e+01
1.840998481256287533e+01
1.860861973576094996e+01
1.837761229222529025e+01
1.844308524478406852e+01
1.843770715048023234e+01
1.846473887751600884e+01
1.842844294501517055e+01
1.850418599196193981e+01
1.838701187979569696e+01
1.850265359311729441e+01
1.833085726701112961e+01
1.844735217989246578e+01
1.843917031375809756e+01
1.845414195418462100e+01
1.847253130373621488e+01
1.844681808729199801e+01
1.851832545132822361e+01
1.844187850745927904e+01
1.825141899237534204e+01
1.859536472373961757e+01
1.845969743306494948e+01
1.846436657932743941e+01
1.850211735008307556e+01
1.846349277331444583e+01
1.861199086184829099e+01
1.842813952427747282e+01
1.841508812674508988e+01
1.838128915658034401e+01
1.836829216197575221e+01
1.843580787527303144e+01
1.846808739553007683e+01
1.851115008773671988e+01
1.845914793324291026e+01
1.841145139342957648e+01
1.846935273428441704e+01
1.848681202759232889e+01
1.849836929651360862e+01
1.843482203290711752e+01
1.853771710971499331e+01
1.832685756280304545e+01
1.843095834443977665e+01
1.849456675371714454e+01
1.857632809334877066e+01
1.848903364720799303e+01
1.848789694505197900e+01
1.837779422687488307e+01
1.855662165387876428e+01
1.848582362547728764e+01
1.846809402813295620e+01
1.846281378565829456e+01
1.856204819538012529e+01
1.847590402490363815e+01
1.846213333778212728e+01
1.841707761813806954e+01
1.860107590932128829e+01
1.851442379610307398e+01
1.839059966566299309e+01
1.847527639588981074e+01
1.847926338521912371e+01
1.851824805982194633e+01
1.858183930265705186e+01
1.832928692816747684e+01
1.840517547410917487e+01
1.840949027325017084e+01
1.837137365352240792e+01
1.849661906138481271e+01
1.847770626555915996e+01
1.850482449469786772e+01
1.841788475624936439e+01
1.848506488330848185e+01
1.864014869251743178e+01
1.848679802398066130e+01
1.837685505571754163e+01
1.836180741629119950e+01
1.861425363822806389e+01
1.845693350896748086e+01
1.840675378903996418e+01
1.850677150257759962e+01
1.849470445495055770e+01
1.848811880115892947e+01
1.851150931938255439e+01
1.844107513465325354e+01
1.828042045007219940e+01
1.853563646914141572e+01
1.846471777284474314e+01
1.843127420496601587e+01
1.854873621175120491e+01
1.850693322080220682e+01
1.834627383404937717e+01
1.842004682191902631e+01
1.846358242172209430e+01
1.864076371287853817e+01
1.834649600927733815e+01
1.862114014694649100e+01
1.828648317352110553e+01
1.855031674567536015e+01
1.840456741993564549e+01
1.846286005918276629e+01
1.852099434989987969e+01
1.833969540030560097e+01
1.851997625655148738e+01
1.840112869670245388e+01
1.847722345169085045e+01
1.854149444672224334e+01
1.839121787799884444e+01
1.844810133415939291e+01
1.846540852892914586e+01
1.841889043354768418e+01
1.851550959559481058e+01
1.850258508258452395e+01
1.847297274286099977e+01
1.860347095076073387e+01
1.831807172724197486e+01
1.838212068799373711e+01
1.844424380454484691e+01
1.864103810266991701e+01
1.843728877824682399e+01
1.848239728154390349e+01
1.844402954214710277e+01
1.842200827989544010e+01
1.842309469494374596e+01
1.847370708277716034e+01
1.840726763002025024e+01
1.846781814488080897e+01
1.842700365817866270e+01
1.834415802293138853e+01
1.836385476235267689e+01
1.841910290973646980e+01
1.845095940011350777e+01
1.841928934871604895e+01
1.841758451503987715e+01
1.846175334867375284e+01
1.842752371617248741e+01
1.835849336635665807e+01
1.850969582352692910e+01
1.845952338386978298e+01
1.839128688633805098e+01
1.848248745810230176e+01
1.850381439841092401e+01
1.839567186003256793e+01
1.840767277268506064e+01
1.855425166594648800e+01
1.841347527863101163e+01
1.853479687356168171e+01
1.835947517304181531e+01
1.849371468352282122e+01
1.837028820932420814e+01
1.840564671173888911e+01
1.864340213541954228e+01
1.846911679001905071e+01
1.854289499400177377e+01
1.843981715963930057e+01
1.845382678795592923e+01
1.830203218162449375e+01
1.841111117317493395e+01
1.838899274617903146e+01
1.851957775162846431e+01
1.846560165281102428e+01
1.839236955595583822e+01
1.850927607111402295e+01
1.841723992528288179e+01
1.864754863037344279e+01
1.843084942410349569e+01
1.856587647460627366e+01
1.844489171791201798e+01
1.826751717888691218e+01
1.842171326451517643e+01
1.828904268685815637e+01
1.849674010685665593e+01
1.832662303526396030e+01
1.838522598982873291e+01
1.846149161198134792e+01
1.845314686314782904e+01
1.860692717129875007e+01
1.841153022552977347e+01
1.849143940539700992e+01
1.839452605670938823e+01
1.845687675183298637e+01
1.844656282034649664e+01
1.838187712399686902e+01
1.844449010883805329e+01
1.838882229484714159e+01
1.845966688538492306e+01
1.837320292318751314e+01
1.849925319078236541e+01
1.843091000811335789e+01
1.862814133267144001e+01
1.858925710804214404e+01
1.851046650548846273e+01
1.839916092093421440e+01
1.845760805428650997e+01
1.846882339390564454e+01
1.840751728610303672e+01
1.835089944003292928e+01
1.841925544145646754e+01
1.836380991346758762e+01
1.826792544556938935e+01
1.840669003124128622e+01
1.841526707051814782e+01
1.840549878726312727e+01
1.826396787474326899e+01
1.854132978546106969e+01
1.853212740029046657e+01
1.853806516844149854e+01
1.833940944876767531e+01
1.848552569757461228e+01
1.861719915754603960e+01
1.853999422975371658e+01
1.841103969264303686e+01
1.841819980164725479e+01
1.844516739672316064e+01
1.849459420641248286e+01
1.842727560065712566e+01
1.846926395001031551e+01
1.843164461982861724e+01
1.844933782875104811e+01
1.848868023856832465e+01
1.849469350021635350e+01
1.839868215526064787e+01
1.856011855610058703e+01
1.842027548799793024e+01
1.840344253276805020e+01
1.846036945387096750e+01
1.857878120638200770e+01
1.852837527881664670e+01
1.849370876703018141e+01
1.845381358661682469e+01
1.833130859656118972e+01
1.832833186566110584e+01
1.842190965694740612e+01
1.843836919688659037e+01
1.842736924584347946e+01
1.850735285779871120e+01
1.844790623220538350e+01
1.862073863153263531e+01
1.829923953941576542e+01
1.855737252591104891e+01
1.858911141109133780e+01
1.840645650987234561e+01
1.851357856202230323e+01
1.858025867861723057e+01
1.843719088569269360e+01
1.845513430815426403e+01
1.839493324813090780e+01
1.834080164880274921e+01
1.858305492342598342e+01
1.853269932196394265e+01
1.836525286568824811e+01
1.851965315291078440e+01
1.842404101643883507e+01
1.856428074569132392e+01
1.846019757270425998e+01
1.846853559570503833e+01
1.854867731751734183e+01
1.848992904001864446e+01
1.835859577234269935e+01
1.841109906316919620e+01
1.852732806469637339e+01
1.840228146542926524e+01
1.840112672143281713e+01
1.837594428916926859e+01
1.839773048133242028e+01
1.840836941066561749e+01
1.854022001652241514e+01
1.843370875676390241e+01
1.857066293847853444e+01
1.852469789853677185e+01
1.848081161766718949e+01
1.832956245831827147e+01
1.836793556293858032e+01
1.846124548152491229e+01
1.849071707575719614e+01
1.836167582529273545e+01
1.845320540460587821e+01
1.840614517452777577e+01
1.837324381969853704e+01
1.829664594555795176e+01
1.851490416790661442e+01
1.851085678287116210e+01
1.853376397024964817e+01
1.853626869899026630e+01
1.853511590540981757e+01
1.836426718588950635e+01
1.844550853584224015e+01
1.837512456301414332e+01
1.857220457280590509e+01
1.846715211225352604e+01
1.857337326447930437e+01
1.838748243806858085e+01
1.844596854196993618e+01
1.852355140246498166e+01
1.842903830044379632e+01
1.858806625132245216e+01
1.845830537080062328e+01
1.843013827420038808e+01
1.844050128002296773e+01
1.844671540030933343e+01
1.843314672873900406e+01
1.852999311517592673e+01
1.844120710818261344e+01
1.852629341640869498e+01
1.846961802703656375e+01
1.841270813777430959e+01
1.841236318776751801e+01
1.836106235151147104e+01
1.862491432561374793e+01
1.855365495757498095e+01
1.842843251132672577e+01
1.845812578175668150e+01
1.848995846171209934e+01
1.842313480520977009e+01
1.833684604216906777e+01
1.848260862305481922e+01
1.841016721252878341e+01
1.842432598388852227e+01
1.840894149836647031e+01
1.842863734125188557e+01
1.849037231051936203e+01
1.847492248920424274e+01
1.846801310079406377e+01
1.847607421670428351e+01
1.849664377128145176e+01
1.848210820920881403e+01
1.832961635974976033e+01
1.858797560136393656e+01
1.853569199963961722e+01
1.836600971770216262e+01
1.842640028664674290e+01
1.841901183054847735e+01
1.831496731416710944e+01
1.855125968724708230e+01
1.839369666855126084e+01
1.842377987651785531e+01
1.845820902715439260e+01
1.854497776220082272e+01
1.844266119366061574e+01
1.845574627507698295e+01
1.858147320931576729e+01
1.849701691718721719e+01
1.860733449416008867e+01
1.842748851398413024e+01
1.839957987468352130e+01
1.839411799194249397e+01
1.842929402869247824e+01
1.846754984120779852e+01
1.845857577729118404e+01
1.844429286159373049e+01
1.847284696256867775e+01
1.835174933105778550e+01
1.843573113234247174e+01
1.866636300216695687e+01
1.849156615329535569e+01
1.849853002222139509e+01
1.845738008738928215e+01
1.841259141557812740e+01
1.832895292948628452e+01
1.834756948316302783e+01
1.846176621488346470e+01
1.843393941862811403e+01
1.840579184604448315e+01
1.833372875980073147e+01
1.847462899042538353e+01
1.859042407266982977e+01
1.842994064187303849e+01
1.836253431582796836e+01
1.831941326728649244e+01
1.852359135031855786e+01
1.861907534302984502e+01
1.846643336911775535e+01
1.829069603043472370e+01
1.831733394344969668e+01
1.849187673719820424e+01
1.829030842413884983e+01
1.835470902871752941e+01
1.847646619402070201e+01
1.842978922116565244e+01
1.831418179018460535e+01
1.842358510522279857e+01
1.848708718345898205e+01
1.838426253394738907e+01
1.841796838964333460e+01
1.845124639912686249e+01
1.844996144739187116e+01
1.849424955803764803e+01
1.845041164714829307e+01
1.844597690634961040e+01
1.841429278850540996e+01
1.842359535529999803e+01
1.837538453926809012e+01
1.845908953433474053e+01
1.835943805762846281e+01
1.850836945285000823e+01
1.838397353864144890e+01
1.844413103727760728e+01
1.863958354629529524e+01
1.855565551842942185e+01
1.848710344582717724e+01
1.843938841857326949e+01
1.841553695115242206e+01
1.848714353080962169e+01
1.833951601719857649e+01
1.843650579139966084e+01
1.842284046872853409e+01
1.844108596694597679e+01
1.859685879303143352e+01
1.865377568921447349e+01
1.850249837593128177e+01
1.842621378923465869e+01
1.852723243167453049e+01
1.849931151269614205e+01
1.839365146595562805e+01
1.850508983230127669e+01
1.838668478907550963e+01
1.847169951342074867e+01
1.843894538116945725e+01
1.850006802931683936e+01
1.848179680926650192e+01
1.860710369095442474e+01
1.855788374874000368e+01
1.850586593462472607e+01
1.846801951706628842e+01
1.833695971283367854e+01
1.843035114804073160e+01
1.839089817065745791e+01
1.843738027706912419e+01
1.830951775409385363e+01
1.820976679190072289e+01
1.845348421448481702e+01
1.851010773973843015e+01
1.842283776345660939e+01
1.847203184760720518e+01
1.830815689771655741e+01
1.827827074762072002e+01
1.844203480955506791e+01
1.840649139406986734e+01
1.842751024888816858e+01
1.842223476805520477e+01
1.845141253253379077e+01
1.834274340606464904e+01
1.846897508925909648e+01
1.851146921702990511e+01
1.845974899841169758e+01
1.849853284490169258e+01
1.840809188756740156e+01
1.846032668725667136e+01
1.845854003018378720e+01
1.835136733115600904e+01
1.829452090154515176e+01
1.846603646694313383e+01
1.843954179536784110e+01
1.837838532876795483e+01
1.848045769037514674e+01
1.848947912387941273e+01
1.840181193203647325e+01
1.844155442826559721e+01
1.856361857603274856e+01
1.847388854482122156e+01
1.836961666870914911e+01
1.845265564172949269e+01
1.847418880397390595e+01
1.833237758798208006e+01
1.834056963770984794e+01
1.847311385199171241e+01
1.834546764647988937e+01
1.850261619385159051e+01
1.852210313387483254e+01
1.839662738121976204e+01
1.843668253426456616e+01
1.841430510203556281e+01
1.832127691307303152e+01
1.847698286989411898e+01
1.848229975638374256e+01
1.844110444654372927e+01
1.841069163532866781e+01
1.843275154874162780e+01
1.837524274105273037e+01
1.839552365594174788e+01
1.849837709307670153e+01
1.861382816263650142e+01
1.854990683458836287e+01
1.849833548796722127e+01
1.841108107460716781e+01
1.852140201805187303e+01
1.851379778386012376e+01
1.857523786087694972e+01
1.839233790253356204e+01
1.838459107404364090e+01
1.845119368779720403e+01
1.837326366045463288e+01
1.833452911234715188e+01
1.849234409134085411e+01
1.850544910077708494e+01
1.845003234126274094e+01
1.834657074649978625e+01
1.856995444729273714e+01
1.850408365229743524e+01
1.843799976730277024e+01
1.849439729367312424e+01
1.850305794205001675e+01
1.842677740917699580e+01
1.842034951140423260e+01
1.854280051169934040e+01
1.849992361045723044e+01
1.847039603880471859e+01
1.854982291430939867e+01
1.847249990596031566e+01
1.848780220759902093e+01
1.832014264172466866e+01
1.840242398560230086e+01
1.839977361599461148e+01
1.838023340072734158e+01
1.840086007030325632e+01
1.842852572641413644e+01
1.854494205575536014e+01
1.858141074608914067e+01
1.842921256222041038e+01
1.854772921098872018e+01
1.844645685863953943e+01
1.850779964005557687e+01
1.840983724814978117e+01
1.833895920018298753e+01
1.851090715124957953e+01
1.845550094040016731e+01
1.840665254745960056e+01
1.841564309172250447e+01
1.857768964825042701e+01
1.858160839299894818e+01
1.851139666282112728e+01
1.846791496942397259e+01
1.854507473175440424e+01
1.839789288923692823e+01
1.846002846216507720e+01
1.842519384432086227e+01
1.836345922144968057e+01
1.848870673494540995e+01
1.842875368259295854e+01
1.853547941219882844e+01
1.852899978544352422e+01
1.844654904477687296e+01
1.839771380342948248e+01
1.846903118098569152e+01
1.860384079556150638e+01
1.834480667819303790e+01
1.846083929621353903e+01
1.843183208792548555e+01
1.854419885782011335e+01
1.839466726619176029e+01
1.830854186401420236e+01
1.840886923153610866e+01
1.841948816077702844e+01
1.841632189078516646e+01
1.860089756213915635e+01
1.852630916491224156e+01
1.834130053493585422e+01
1.845581499451367691e+01
1.866076931411340567e+01
1.830014267833649555e+01
1.846496723778564686e+01
1.845474652960844608e+01
1.834470119359554374e+01
1.840082935643821926e+01
1.851740394336124496e+01
1.868147055040329008e+01
1.845617426171558506e+01
1.858316391406060575e+01
1.861085210333793682e+01
1.842321200772541090e+01
1.843032327195068376e+01
1.841337034428482511e+01
1.839126216901492583e+01
1.848853019727276603e+01
1.830493027034271236e+01
1.843550796700232652e+01
1.845593531010725385e+01
1.842686869489475043e+01
1.830018075502374231e+01
1.844452155752495770e+01
1.849543613304927447e+01
1.846444985355349999e+01
1.850434652715670225e+01
1.852492647637825485e+01
1.844508900918842542e+01
1.862943046221754884e+01
1.848734239883422958e+01
1.852492934546539871e+01
1.844589155497585864e+01
1.843340251715196487e+01
1.840852435745748039e+01
1.826944364523040676e+01
1.847371230727491209e+01
1.843263324224866295e+01
1.850048635344313652e+01
1.852703035363891715e+01
1.840810289296861413e+01
1.843752988787251823e+01
1.844748593766142619e+01
1.847149262109671142e+01
1.849854962109549916e+01
1.816235906482756235e+01
1.863409296644461222e+01
1.850992486562954653e+01
1.842971910541132985e+01
1.827816634712089439e+01
1.848143153350147827e+01
1.836883690052897933e+01
1.843941514641014123e+01
1.842964585823657586e+01
1.827867501998787603e+01
1.848603036325863869e+01
1.863401150150658481e+01
1.829981031426489935e+01
1.847302769860409910e+01
1.837006833894591296e+01
1.837964107807925274e+01
1.847288688228674403e+01
1.834550465583570045e+01
1.834219807630361032e+01
1.848023126679939310e+01
1.854505455352185095e+01
1.846040780391412994e+01
1.858737469521947361e+01
1.831378482106369532e+01
1.832304634376879449e+01
1.848092929487598823e+01
1.849498654693941191e+01
1.851393158927225358e+01
1.843021438709723014e+01
1.850560899937007875e+01
1.839293192324353043e+01
1.835671462609619553e+01
1.843540443471286139e+01
1.828125364101225969e+01
1.847716059127111166e+01
1.835892058525068649e+01
1.832805534465708064e+01
1.837289505418025115e+01
1.836115515711153279e+01
1.846096251967573565e+01
1.841257563042171697e+01
1.847016715462116565e+01
1.837169830707949458e+01
1.837063312423262218e+01
1.851730969172018959e+01
1.841796735979930588e+01
1.841314695390211753e+01
1.843457951256021587e+01
1.854127325591303688e+01
1.847667850402288536e+01
1.844654812934115284e+01
1.840053686465571303e+01
1.826956156232871820e+01
1.845902327533220699e+01
1.839172555685020427e+01
1.846944539002257812e+01
1.832886081431158587e+01
1.845355368689101994e+01
1.853706792529066050e+01
1.857250556895032290e+01
1.839269834526463754e+01
1.833743556574489375e+01
1.841512677438473844e+01
1.851567642617488119e+01
1.845047969811141542e+01
1.844922977514666229e+01
1.845202480932092826e+01
1.847947006166178596e+01
1.846119404109771978e+01
1.847264042134756323e+01
1.837189018006909080e+01
1.837393050969692254e+01
1.850283739785350434e+01
1.856859765076035274e+01
1.840744141778912280e+01
1.850277969762883501e+01
1.834188623998971934e+01
1.844952523742731643e+01
1.847946798126163159e+01
1.843348580335678122e+01
1.859472655497501847e+01
1.847699667669804313e+01
1.849962165863853869e+01
1.849275079619756212e+01
1.855444834903380524e+01
1.843444070455641182e+01
1.823028648193887236e+01
1.852639529741485802e+01
1.841552557590992123e+01
1.845962121676076961e+01
1.834975741757633827e+01
1.856711685010420254e+01
1.858850840770203305e+01
1.837824433076566422e+01
1.841869649793719077e+01
1.860959126319218626e+01
1.844130853604014320e+01
1.860105123449361031e+01
1.826421032453054494e+01
1.862031189627583316e+01
1.860394093422500106e+01
1.848227864281681221e+01
1.834035472005353995e+01
1.837175455041415617e+01
1.829345998524264161e+01
1.829693380565295513e+01
1.830297970630628868e+01
1.869347871291466845e+01
1.847916772435720745e+01
1.847094328284305931e+01
1.843491750230779758e+01
1.847536488483357786e+01
1.844107146071682379e+01
1.840787981655888927e+01
1.838865115684504659e+01
1.845560878435099994e+01
1.844035363640260172e+01
1.844698713076138930e+01
1.843162369176378235e+01
1.847874041915603982e+01
1.832108785798544304e+01
1.840338116373219535e+01
1.841617637491467008e+01
1.840880150142692884e+01
1.834120957751915881e+01
1.853488887578387434e+01
1.843225626139482287e+01
1.847794037386193367e+01
1.852099543915721469e+01
1.848186231469594532e+01
1.846152067462680435e+01
1.838575682656997046e+01
1.835040245342399956e+01
1.847996904427436959e+01
1.853062859069149226e+01
1.843706169667421335e+01
1.848224242299155406e+01
1.846537306655512367e+01
1.848984671542450542e+01
1.838074741409498714e+01
1.847489230319065712e+01
1.843025974165429304e+01
1.848290874898340519e+01
1.835602237267150727e+01
1.860163453824999280e+01
1.854992747689620458e+01
1.844946612448103096e+01
1.844705250794280005e+01
1.847033003669321261e+01
1.847726869666119498e+01
1.826734111689538054e+01
1.854438811078738070e+01
1.833556293330758180e+01
1.843139327615577372e+01
1.853143398236324657e+01
1.831426419110522374e+01
1.846173909806759639e+01
1.849396664681798441e+01
1.833869955275943298e+01
1.849251510177494850e+01
1.850039234345997841e+01
1.830749740995155150e+01
1.855295448040462247e+01
1.836243959865997866e+01
1.852959993073025302e+01
1.836729841133201191e+01
1.833322058728139226e+01
1.841925795972473168e+01
1.846222936112856416e+01
1.847314092602341162e+01
1.834829278700597044e+01
1.851534673665599939e+01
1.834524873725795047e+01
1.831627024980024387e+01
1.861595493103219923e+01
1.845450304602865543e+01
1.839197511937249274e+01
1.846237114182363115e+01
1.844972506048944894e+01
1.843503085220896764e+01
1.855600001761984785e+01
1.845182216905179118e+01
1.844984257720674137e+01
1.849568415212544181e+01
1.844432538089196782e+01
1.832544825807791256e+01
1.830920625177185457e+01
1.842387718455162826e+01
1.846616856767255044e+01
1.840153398870866752e+01
1.845248022606354255e+01
1.842566950398362025e+01
1.853302589015272872e+01
1.838833731409414440e+01
1.841824425926811770e+01
1.851676445713148311e+01
1.853774974963600997e+01
1.853813794025638373e+01
1.856589386319975077e+01
1.857326892119371209e+01
1.853920078431440288e+01
1.847540465653461439e+01
1.838268730521010141e+01
1.854514391474195989e+01
1.837343088676637848e+01
1.850711711958917505e+01
1.853913136732874634e+01
1.834337082817700804e+01
1.838600184859793529e+01
1.831020617168427478e+01
1.847612349253866881e+01
1.856432211953906375e+01
1.845057694507312718e+01
1.851489111785100761e+01
1.852896415598708302e+01
1.844584918262076201e+01
1.843912911666363286e+01
1.857937322363105537e+01
1.850199071361456049e+01
1.845828012362548165e+01
1.830478070655372846e+01
1.848648711009594692e+01
1.852442742724255353e+01
1.853359847664781768e+01
1.846488559845623101e+01
1.859779750678282539e+01
1.859848219826030302e+01
1.848740532964621153e+01
1.837170465374911643e+01
1.852453079610006981e+01
1.832565002143489608e+01
1.860880165765937733e+01
1.843119523073981014e+01
1.836689777899334430e+01
1.850902684797624431e+01
1.834581996849106034e+01
1.840313176591882893e+01
1.837172386671547741e+01
1.843624450593820896e+01
1.843754178826775814e+01
1.843593503116024124e+01
1.851277904700395283e+01
1.846828135769407808e+01
1.846284437687835833e+01
1.850219739321500256e+01
1.845402380093350914e+01
1.853689690866420747e+01
1.848436020743317698e+01
1.840074555718682703e+01
1.829968606875844017e+01
1.847720772565718406e+01
1.842755567969600250e+01
1.841724110413090543e+01
1.838326792759547246e+01
1.848319729006033540e+01
1.835785218311948697e+01
1.851017563659181775e+01
1.841714213972954894e+01
1.855047590234264732e+01
1.851908430904988379e+01
1.832854008271222312e+01
1.834294814348620406e+01
1.856766778260253048e+01
1.857331157172930958e+01
1.846954695403357505e+01
1.849693373316512890e+01
1.852496927380846969e+01
1.849552060578608703e+01
1.846714551417784733e+01
1.848800734998624762e+01
1.847736549310390330e+01
1.841861691778072085e+01
1.847616930084001652e+01
1.851864235067350251e+01
1.831978686961101843e+01
1.847450923380608856e+01
1.835333645208962494e+01
1.861324572571575686e+01
1.832482749121340149e+01
1.834575227474920567e+01
1.850957028368611290e+01
1.839767612697233901e+01
1.865372338062066859e+01
1.849818381355714791e+01
1.842284536260254768e+01
1.855010595994281175e+01
1.843893705598853927e+01
1.842369588758633014e+01
1.843642951667073504e+01
1.847078998241378045e+01
1.832760724584381506e+01
1.838826914246218180e+01
1.845894770391607409e+01
1.844791184703974807e+01
1.846117254872264368e+01
1.829926170621861914e+01
1.848651766583895295e+01
1.843190158275782409e+01
1.852196082283120759e+01
1.838317792181333488e+01
1.843978007264343688e+01
1.850181123137880945e+01
1.850253220910131446e+01
1.843305949401951693e+01
1.852477188499115712e+01
1.843502984478163853e+01
1.839715653374177862e+01
1.832665961399950660e+01
1.847600351662577012e+01
1.842858272804576103e+01
1.844602187071239285e+01
1.843646309971704511e+01
1.838855358635327164e+01
1.837923557985587308e+01
1.857517633098931142e+01
1.857766316756742597e+01
1.855669306762949589e+01
1.850522269142557263e+01
1.835851152142943832e+01
1.852720629575239286e+01
1.832416589087524272e+01
1.861003416408724931e+01
1.851142635337369668e+01
1.855605844134749560e+01
1.842752443606743640e+01
1.844169231236642048e+01
1.851166473981382055e+01
1.839611980959922377e+01
1.850667697851499582e+01
1.843729228368047401e+01
1.848893975407342793e+01
1.839143860164274002e+01
1.851111895846762323e+01
1.845265001877898214e+01
1.845837034701098034e+01
1.866304189988160189e+01
1.855077276743381631e+01
1.832195609222699417e+01
1.840539569054216784e+01
1.851460378609212754e+01
1.844531871471475526e+01
1.853957577572825954e+01
1.846420748032381098e+01
1.853281099735683668e+01
1.844053830717221132e+01
1.861702454422890085e+01
1.849946966225850176e+01
1.835730672962334609e+01
1.831449869697425115e+01
1.859068863626052348e+01
1.839369208626641239e+01
1.857649718508575276e+01
1.846763670696417492e+01
1.853879733305933541e+01
1.834853796721317920e+01
1.849528377626416642e+01
1.846200191867698237e+01
1.841997003869082761e+01
1.850383564258476454e+01
1.843844188532724004e+01
1.831368005882652028e+01
1.856052035800661670e+01
1.842195302343796826e+01
1.833978971009906900e+01
1.848821121218638908e+01
1.861696758412508856e+01
1.855762463461857692e+01
1.845392612174680735e+01
1.843875407987745518e+01
1.839746323726475552e+01
1.847677581209807585e+01
1.855904786497017511e+01
1.858892695798028072e+01
1.866248119256721338e+01
1.844726635918195612e+01
1.850063411801250268e+01
1.848450954951830738e+01
1.855084513644293409e+01
1.846704279732634646e+01
1.844094814223382883e+01
1.847939552298837995e+01
1.842917309736703046e+01
1.841467673793724202e+01
1.853183437781055076e+01
1.848255804781512524e+01
1.839677939679614482e+01
1.845224079309461729e+01
1.844182178884358692e+01
1.834909946506632394e+01
1.842749188096273016e+01
1.849452710223001262e+01
1.848358525854443357e+01
1.840675691740246123e+01
1.844656586455269576e+01
1.849826619165348518e+01
1.847978731572842648e+01
1.835833779949953737e+01
1.854138393456094391e+01
1.859314833899007624e+01
1.825761183989355985e+01
1.840207283233737812e+01
1.856558283223138872e+01
1.847278925176550146e+01
1.857308726339679694e+01
1.842388343823536800e+01
1.835301255680789367e+01
1.852582184819044642e+01
1.839614388933744138e+01
1.837349140467730635e+01
1.857109680714478372e+01
1.847341637032868888e+01
1.848952463072224717e+01
1.843316240752944779e+01
1.861851537895420350e+01
1.847238868693318281e+01
1.839581643032738256e+01
1.836679079530870951e+01
1.843782402692794165e+01
1.854134111059153511e+01
1.860086255922140808e+01
1.848454291795842508e+01
1.843159186873034017e+01
1.839093029404378044e+01
1.850386277904242505e+01
1.849882038905142068e+01
1.838814272755296386e+01
1.838014426840541660e+01
1.844828161499086505e+01
1.847965764989808690e+01
1.826329841493562611e+01
1.848576965489386836e+01
1.842503323654423752e+01
1.842125151946186179e+01
1.835573416015299841e+01
1.847796287980414576e+01
1.835755148695178463e+01
1.850911407806371045e+01
1.829076222583804423e+01
1.840970324186494267e+01
1.859625441127907663e+01
1.846670623703457537e+01
1.861054770818478943e+01
1.846386288814662535e+01
1.827669218969529297e+01
1.857120751607811115e+01
1.833922955878017547e+01
1.840035484351136219e+01
1.837962498878004070e+01
1.852404498895991125e+01
1.855341054184640370e+01
1.856034178305553084e+01
1.839018402326626145e+01
1.852473673270712595e+01
1.828943858692113977e+01
1.851596082028655488e+01
1.841506223377094287e+01
1.828278525458556558e+01
1.851642117869078774e+01
1.864781273192556199e+01
1.856061437310820494e+01
1.860723539354733447e+01
1.840348643024727338e+01
1.856708856547500375e+01
1.835653246850831977e+01
1.843583257608534609e+01
1.839035257797371159e+01
1.841505440584978714e+01
1.842375018638887241e+01
1.834740928767290669e+01
1.845393100501479466e+01
1.844347418180765175e+01
1.830978481831719762e+01
1.845891798910438197e+01
1.853179942716932516e+01
1.849449489521941103e+01
1.850007201385199096e+01
1.855340208940558355e+01
1.861112325007637125e+01
1.842362184576376904e+01
1.845979204873589907e+01
1.849381009181252367e+01
1.854479447380599311e+01
1.850187477968963279e+01
1.841270537890867587e+01
1.855808876791397566e+01
1.846881149672373468e+01
1.837369764251016235e+01
1.848203659323872472e+01
1.841747509482890877e+01
1.858916032376515659e+01
1.848142360283565466e+01
1.843315514811756017e+01
1.836844726104072834e+01
1.832784886329374174e+01
1.854300403329710178e+01
1.853711947962638362e+01
1.848425883952716831e+01
1.843745304306943922e+01
1.837489412921213727e+01
1.843061363625409399e+01
1.831927455692143880e+01
1.837682398747105594e+01
1.825794660370674549e+01
1.836293364800679839e+01
1.857234573789674315e+01
1.846452556656844024e+01
1.843143016022515823e+01
1.847850902564323050e+01
1.841547419479143244e+01
1.859622382934776752e+01
1.844879899816004709e+01
1.842895705938130746e+01
1.845910774974638358e+01
1.846295152972267317e+01
1.851115932522912999e+01
1.843418941949031264e+01
1.847581870702838103e+01
1.845864266159108169e+01
1.832109868430032762e+01
1.848865444672665959e+01
1.852884588972227675e+01
1.839717449004978889e+01
1.848116706157120603e+01
1.845026422394194299e+01
1.844370912423209674e+01
1.850829437263957189e+01
1.846512753307334975e+01
1.859718084348413569e+01
1.845043942641551027e+01
1.847940367748622847e+01
1.843724186598991110e+01
1.833746548319750147e+01
1.848910169930093872e+01
1.836939095510162900e+01
1.848821285181970353e+01
1.848053208088530752e+01
1.851075607120428401e+01
1.843943124317153703e+01
1.835554149710245397e+01
1.833979374098025517e+01
1.851218761655684375e+01
1.848445916503221653e+01
1.841654319325601108e+01
1.854437317390500084e+01
1.844367927461109957e+01
1.852764755214979076e+01
1.847440485537942223e+01
1.853934378690128071e+01
1.840132495286046677e+01
1.846243878996550336e+01
1.831015195856582167e+01
1.844634228474997784e+01
1.848369887682105883e+01
1.830671967117191556e+01
1.857932847645184182e+01
1.853974944917724343e+01
1.827565156989900430e+01
1.852446211664418740e+01
1.847628668978123656e+01
1.840210336912402411e+01
1.842428032823144335e+01
1.844582559912781861e+01
1.859919036495572442e+01
1.848192304548009801e+01
1.855363548933567230e+01
1.851065332762703974e+01
1.846367654049856455e+01
1.846717838118181021e+01
1.851404674641686299e+01
1.839414232296075724e+01
1.845965238141634046e+01
1.840564222236840664e+01
1.864266780264489753e+01
1.833397453545455136e+01
1.860441416804306414e+01
1.830860105056889964e+01
1.837633899212884359e+01
1.855651051772131055e+01
1.851868386737942274e+01
1.838120270110408327e+01
1.842041614493005497e+01
1.841544759251623731e+01
1.850574150856908417e+01
1.848211494460564097e+01
1.842996044523010823e+01
1.832483881830034278e+01
1.833975095859679172e+01
1.831003559430854821e+01
1.838515219475343088e+01
1.837299764471264041e+01
1.844068870306436736e+01
1.847232035340642753e+01
1.843807579122711360e+01
1.835235952719530772e+01
1.845423112569787349e+01
1.844156736175900235e+01
1.850246514674219611e+01
1.845082052337597389e+01
1.845563476858226792e+01
1.851963570091550437e+01
1.830208096544446761e+01
1.857099672688346104e+01
1.850243539374994839e+01
1.845937711831703254e+01
1.838716786445337448e+01
1.849388299767132082e+01
1.846709470051465729e+01
1.839905007804920700e+01
1.838647516989322739e+01
1.843543205920144246e+01
1.829802139210856637e+01
1.849360251781212838e+01
1.847535686269920419e+01
1.843087495915844443e+01
1.854600147935596510e+01
1.842921596593189904e+01
1.853898014810339490e+01
1.852639999940339877e+01
1.846458284411044559e+01
1.850073676789495636e+01
1.844146666712352456e+01
1.846076769864585643e+01
1.855001922871111830e+01
1.841715266837593035e+01
1.853616084092655214e+01
1.849653871052248988e+01
1.860500922641185895e+01
1.842213439085044868e+01
1.841706780659330178e+01
1.837754912322184353e+01
1.840851435844203721e+01
1.839013287527604135e+01
1.847012351750127834e+01
1.860491570419394947e+01
1.841872099883834224e+01
1.853688632453295426e+01
1.851485133080224799e+01
1.833699444058736816e+01
1.848486565348322230e+01
1.833974170797823433e+01
1.828049852928824492e+01
1.846261230697137989e+01
1.846939968170153534e+01
1.857555513852642548e+01
1.840873652624856405e+01
1.852433991808332436e+01
1.840579551795236313e+01
1.854041061706680082e+01
1.840904641832243982e+01
1.828651105944489430e+01
1.849283749087559769e+01
1.855332583099237809e+01
1.834962049302939846e+01
1.844043168331123894e+01
1.837654284357061840e+01
1.842984355656335183e+01
1.837672120076260640e+01
1.841967665025974910e+01
1.852610083564879773e+01
1.842359295363595706e+01
1.834499706748434278e+01
1.848953764528128829e+01
1.839550709882338353e+01
1.845952652112703518e+01
1.851477934084364563e+01
1.830197174628660761e+01
1.842167526376389475e+01
1.849374680793118131e+01
1.844204948350508388e+01
1.841818584840247297e+01
1.838594445847117242e+01
1.850400326194874623e+01
1.845935870901643483e+01
1.840327545457703096e+01
1.837070584495886649e+01
1.856803563742693441e+01
1.840156290321344912e+01
1.847050333301533342e+01
1.846687095540916701e+01
1.848188096128151514e+01
1.847167741064353663e+01
1.825851736954298232e+01
1.855925651529245357e+01
1.836123088197819087e+01
1.854758205091076562e+01
1.839709586819090248e+01
1.837695162230732748e+01
1.854723188045061022e+01
1.844433631111854766e+01
1.861378087847056051e+01
1.845039549623185238e+01
1.843987468927091911e+01
1.822988512723886600e+01
1.842319682874298792e+01
1.845353316928576959e+01
1.851057327916230122e+01
1.852701496736746734e+01
1.850465706464015980e+01
1.851875117022225581e+01
1.845622872954470495e+01
1.838117052586420996e+01
1.854609724924146263e+01
1.842365004616729607e+01
1.853757936142628893e+01
1.842592236753819179e+01
1.850151201988180460e+01
1.838066790122841709e+01
1.851809769280831830e+01
1.839053495307391728e+01
1.834559903471869546e+01
1.835709712385063952e+01
1.833528778271798032e+01
1.839572042481764313e+01
1.837840678157909124e+01
1.851396033308809663e+01
1.845619617943493296e+01
1.850960188938139339e+01
1.841953629219333521e+01
1.846992080045968265e+01
1.837434405945213811e+01
1.833407696439259738e+01
1.851178919158496683e+01
1.855089180759888734e+01
1.826497989357512708e+01
1.848459126026182986e+01
1.838348743942336938e+01
1.847809758016006398e+01
1.842754415038086790e+01
1.846141451190750260e+01
1.849352123581131835e+01
1.841772017790738047e+01
1.839982838960363765e+01
1.849124060740612663e+01
1.841477934034463715e+01
1.839656165476234051e+01
1.842824855244248283e+01
1.837473730344353484e+01
1.847588748021685134e+01
1.852011671912308799e+01
1.840037608771999444e+01
1.846832254854086486e+01
1.830650723239148192e+01
1.844121677727198971e+01
1.837462724017681381e+01
1.848601904811264518e+01
1.836284194555284444e+01
1.851689933982063607e+01
1.826666956749255988e+01
1.851056645223413000e+01
1.861036164453739516e+01
1.851614552945914127e+01
1.841019853891218716e+01
1.852694970189799761e+01
1.836650801150005918e+01
1.851077709689843687e+01
1.843421326597695753e+01
1.835395482690161373e+01
1.863861574542567467e+01
1.845466051744809732e+01
1.855899904771940712e+01
1.825925734754581953e+01
1.836334565308882105e+01
1.848245231302134783e+01
1.844715141657682622e+01
1.840739715621603168e+01
1.847858594863522086e+01
1.835870401923789075e+01
1.853472829454258886e+01
1.849858604841207566e+01
1.842178546833615727e+01
1.844292109470571361e+01
1.835461907923336611e+01
1.840499584614888917e+01
1.858363771754267901e+01
1.851881132657715057e+01
1.839341186623074620e+01
1.844876767169875365e+01
1.835957057782286483e+01
1.839347168798019538e+01
1.839949986001862214e+01
1.854033258187269695e+01
1.855375975008603717e+01
1.836178550493472628e+01
1.837766400522505705e+01
1.844347343443384446e+01
1.827073389856308694e+01
1.863641979476603083e+01
1.844244197856297163e+01
1.845564083321955806e+01
1.855190301033961120e+01
1.835865875252887136e+01
1.848229464380772313e+01
1.831257286602683720e+01
1.841268823444821479e+01
1.842756983030734119e+01
1.846178421099024192e+01
1.847617458869910578e+01
1.835401541097289524e+01
1.857963807435130477e+01
1.839552231386251790e+01
1.851141469941503104e+01
1.857021644277126526e+01
1.846621113408510695e+01
1.840889609105065006e+01
1.835666441479983746e+01
1.865410956178151736e+01
1.841963209051980144e+01
1.842900303331115808e+01
1.841931636282139806e+01
1.841401359553789874e+01
1.847591525670892310e+01
1.850484139470716016e+01
1.841812604434910483e+01
1.832932441778078925e+01
1.840490143950473012e+01
1.849320695890625288e+01
1.851139109348862277e+01
1.844518692142737848e+01
1.836652222661545864e+01
1.856419599656193853e+01
1.860504677044484723e+01
1.839029750760530035e+01
1.843224772924555666e+01
1.856677499212136695e+01
1.844794801558208874e+01
1.864465526723670052e+01
1.848085287622376072e+01
1.846355044884544228e+01
1.839606668210053542e+01
1.847674254584742570e+01
1.835581132442878172e+01
1.843208109823214613e+01
1.846594354688455653e+01
1.856034149406979594e+01
1.842818672772479616e+01
1.834646692655645239e+01
1.845646747542423682e+01
1.846114799886250069e+01
1.849848810534004073e+01
1.838330429877176542e+01
1.851069780521929076e+01
1.838240883426957950e+01
1.857401482306059037e+01
1.849451390601089429e+01
1.841122822680482685e+01
1.855175745099073126e+01
1.858154035294187878e+01
1.843306220316229371e+01
1.839119832876594884e+01
1.853668515884881174e+01
1.855606182268246229e+01
1.851867574700840891e+01
1.854110830513420893e+01
1.844090573485122064e+01
1.850538642367306252e+01
1.845453535846040083e+01
1.854668620947873592e+01
1.847769136574181204e+01
1.853357849376532585e+01
1.849999569831452817e+01
1.841705321797425654e+01
1.846223497576058037e+01
1.860642282747644316e+01
1.851260054751282880e+01
1.853894760655226648e+01
1.850641155141312311e+01
1.835195678676185338e+01
1.831580474226272415e+01
1.839484928154415400e+01
1.849240644707229464e+01
1.853214172370210733e+01
1.847701178373680264e+01
1.826256882190654451e+01
1.838847668874959140e+01
1.840446770563332635e+01
1.838806598896065481e+01
1.857881692651048766e+01
1.860864508572354836e+01
1.847543550489789510e+01
1.841631436945950284e+01
1.847484802504830625e+01
1.842293108208895092e+01
1.847558882756140974e+01
1.835273875201549032e+01
1.834127307250609462e+01
1.851177052562070457e+01
1.842320203538928780e+01
1.856829961244331173e+01
1.839289192724886490e+01
1.849576452087796952e+01
1.856606307737179407e+01
1.836317385160939608e+01
1.843023592107268982e+01
1.842483999178039866e+01
1.852208823502032686e+01
1.855315102100136571e+01
1.850742885042125963e+01
1.861004054424480358e+01
1.854453511517914777e+01
1.832290771514068339e+01
1.840230952066549364e+01
1.846915778695082011e+01
1.850417269759284622e+01
1.841093882724652886e+01
1.841930603991562165e+01
1.836593863376083391e+01
1.845788648554947287e+01
1.854111922373384047e+01
1.837009528857466023e+01
1.841783609079077877e+01
1.848236023902455472e+01
1.833323622627998972e+01
1.837561592606438765e+01
1.842432318164244620e+01
1.850147735611906796e+01
1.848759969172548523e+01
1.847886592692740138e+01
1.838090267533514677e+01
1.838687990463129651e+01
1.846274417412216806e+01
1.838363561497675747e+01
1.825670433652354063e+01
1.864047167314267384e+01
1.852510561434106862e+01
1.837413666603742968e+01
1.838758318647369450e+01
1.851274139340528890e+01
1.839367977346418570e+01
1.848794171777660367e+01
1.836726045728888579e+01
1.851916329457161225e+01
1.853309203842668751e+01
1.847389498615931203e+01
1.842949894630199026e+01
1.833248588578150873e+01
1.827638386872186871e+01
1.841047083663844575e+01
1.853910286009758224e+01
1.848347264264344147e+01
1.866510408296796442e+01
1.858175714439663651e+01
1.840744299551600704e+01
1.833099991719699773e+01
1.851545868067566403e+01
1.840344752589363964e+01
1.832795072425753702e+01
1.842374720550462897e+01
1.834293148812822949e+01
1.848861714355602714e+01
1.848850723177033828e+01
1.841486760736901118e+01
1.851467299031812885e+01
1.848215085073459463e+01
1.859777881362936824e+01
1.849129234305949865e+01
1.849221620496361140e+01
1.858588622192461415e+01
1.845796530870913443e+01
1.834742465906800746e+01
1.846191241388720883e+01
1.842785461786338885e+01
1.838902762487570541e+01
1.860268679251629109e+01
1.849586054917054412e+01
1.849280241370466626e+01
1.845744889780802467e+01
1.836086692637293538e+01
1.854422440867762845e+01
1.847465910248725152e+01
1.854815700981256299e+01
1.854636936721828988e+01
1.838275309780556910e+01
1.849616006611481112e+01
1.836254730514183109e+01
1.863861721511287328e+01
1.840032616159062684e+01
1.846559547347031938e+01
1.836696463969172655e+01
1.832171465417781775e+01
1.864852788768078540e+01
1.851643865251636001e+01
1.837916223142106986e+01
1.848351032480126221e+01
1.844692008518781279e+01
1.853690980536342536e+01
1.844571491076438718e+01
1.839108925590934618e+01
1.851800401766268322e+01
1.832851416518710153e+01
1.846478888458039691e+01
1.838580082710002017e+01
1.850434288340193234e+01
1.848456491051347683e+01
1.842847801851828393e+01
1.843478985748889443e+01
1.849312228124506774e+01
1.848786385480039129e+01
1.846890901739981672e+01
1.847551576854360178e+01
1.856034074594271033e+01
1.843877306569633490e+01
1.849993579284906886e+01
1.842897251743844578e+01
1.850585052836012423e+01
1.842301229077630609e+01
1.838030363347699492e+01
1.839002924485899726e+01
1.835896619239089844e+01
1.847129337904148727e+01
1.849759113682146605e+01
1.844456299448311398e+01
1.848888439457375910e+01
1.839764627332600000e+01
1.850327972275098887e+01
1.840464198331794776e+01
1.847396815424363226e+01
1.833908656387416158e+01
1.845647574288448922e+01
1.840889397580803788e+01
1.842826581745083914e+01
1.844404155093933184e+01
1.850924966728736365e+01
1.852551439262094490e+01
1.854576652041535567e+01
1.855322873129160044e+01
1.843226659532630052e+01
1.846969663278893137e+01
1.871615447685673317e+01
1.843876936523198395e+01
1.844330354708758435e+01
1.851620040117710175e+01
1.848218785616223769e+01
1.839779769816418309e+01
1.857360488149934241e+01
1.841689978246050075e+01
1.854164048375241691e+01
1.850417102431129024e+01
1.848626851159243145e+01
1.861379555061949276e+01
1.855924831967352517e+01
1.854291529558432572e+01
1.838294338877312484e+01
1.854495153106672589e+01
1.846517270283342782e+01
1.838389684983550865e+01
1.856195525446494088e+01
1.833439456188773420e+01
1.855387605712541799e+01
1.845425702687381175e+01
1.850820407168789927e+01
1.853207288610341763e+01
1.839951509544555464e+01
1.852566188259780944e+01
1.836883400994145887e+01
1.855742865242559603e+01
1.846462603455973905e+01
1.833997243699441171e+01
1.872851236271388586e+01
1.863721962597848147e+01
1.837634750475754331e+01
1.850042214819488251e+01
1.836319536309892797e+01
1.847030181421219908e+01
1.840043782531926198e+01
1.858289636843267445e+01
1.853933181176177314e+01
1.849532969231959356e+01
1.853909724248699575e+01
1.839938983958880314e+01
1.857901852853918001e+01
1.838000594751357397e+01
1.833946803632137090e+01
1.841514692020204791e+01
1.837238726535386846e+01
1.849439018921788502e+01
1.853028223213168957e+01
1.835993210614066840e+01
1.863277833646689530e+01
1.851542798483126262e+01
1.844981670325092438e+01
1.830352561840517467e+01
1.852414558487497231e+01
1.849104886934184933e+01
1.838754726298625641e+01
1.831422691953714477e+01
1.841653630177494705e+01
1.833147817413452429e+01
1.843693952698683347e+01
1.843438690659599644e+01
1.850521912423869253e+01
1.856169912329286120e+01
1.837958217163367536e+01
1.840781413811417622e+01
1.849510909694784999e+01
1.825656731575289626e+01
1.842897366681523152e+01
1.842384322002971331e+01
1.855137584317012411e+01
1.848308688471812289e+01
1.836377515181040465e+01
1.831502811185757196e+01
1.852844484729835273e+01
1.839097775431539006e+01
1.851850146301696043e+01
1.849004199994971742e+01
1.845905853759656523e+01
1.864903822096361452e+01
1.845219486138178056e+01
1.854115640634169182e+01
1.842622080673518425e+01
1.833484613240919714e+01
1.830054308735819646e+01
1.859081328059086857e+01
1.850553581370671452e+01
1.832980517840450219e+01
1.842590430193195061e+01
1.863660975138687093e+01
1.839382160283209089e+01
1.847027904076075089e+01
1.842972098143674842e+01
1.835856454564063966e+01
1.853314490195044328e+01
1.839852929071096455e+01
1.837179162764311613e+01
1.842839938273638012e+01
1.849582474005306310e+01
1.844799535243389599e+01
1.841922212229464151e+01
1.855518213423073348e+01
1.834756527056484288e+01
1.843175791661013108e+01
1.841316609084257649e+01
1.858500389207984682e+01
1.845900544193256110e+01
1.847780232989073568e+01
1.852293763658101255e+01
1.846531688729713494e+01
1.844429687360226566e+01
1.841823602530310922e+01
1.849573221157960390e+01
1.850398739260198155e+01
1.853852058725277274e+01
1.847240818981987331e+01
1.859216648206907152e+01
1.846893648470154048e+01
1.835183197585888593e+01
1.834079738614483546e+01
1.841364910558056778e+01
1.845135842996088016e+01
1.852950218355627854e+01
1.856324098873145090e+01
1.849418722907616086e+01
1.840323114657286752e+01
1.844165698676381027e+01
1.857747122433010745e+01
1.843715932890923526e+01
1.845898525084438901e+01
1.840212664574170276e+01
1.849273235943381977e+01
1.846775651827842779e+01
1.827444198285671817e+01
1.852501085192340824e+01
1.838296114927274516e+01
1.840337725843634331e+01
1.830397132369152047e+01
1.866858188428877341e+01
1.838627866821069645e+01
1.846438922685412720e+01
1.838527508307530312e+01
1.840918078647945322e+01
1.838184828510240365e+01
1.834917789908683972e+01
1.834932485483570019e+01
1.851716165559634319e+01
1.839825304340583756e+01
1.848883638548081620e+01
1.842692065615554142e+01
1.850608857796160223e+01
1.850412551062025202e+01
1.845852187668125666e+01
1.847713063293112867e+01
1.838868569645634565e+01
1.832756592263670115e+01
1.849823873068296010e+01
1.846163484954800538e+01
1.837409429475231093e+01
1.846220646292296408e+01
1.849344335068273537e+01
1.848094536582385672e+01
1.846370216563097344e+01
1.832263241328552894e+01
1.835537653737193153e+01
1.859062410886266647e+01
1.837128953780938190e+01
1.851059774333807084e+01
1.862906902612128235e+01
1.856248902856483696e+01
1.852805392755667313e+01
1.843640642108407590e+01
1.856494179672470679e+01
1.838545105269144031e+01
1.854852758796257106e+01
1.855404367218981676e+01
1.846801056487778325e+01
1.852610334155425775e+01
1.830755312178910188e+01
1.838606753235869462e+01
1.848589289729542884e+01
1.841716189926648184e+01
1.844600720554779727e+01
1.846122252064826341e+01
1.850029200890427106e+01
1.854725153842128194e+01
1.848988639653354582e+01
1.840990061888628659e+01
1.852361116623150750e+01
1.845071653323280714e+01
1.842161427901699255e+01
1.852228049012254729e+01
1.847149234444763977e+01
1.831486373662484368e+01
1.868436558455756824e+01
1.844180573039797011e+01
1.859320259641975071e+01
1.839593473271474267e+01
1.846729264994613118e+01
1.845892324495042303e+01
1.852509694818695607e+01
1.836805519213087123e+01
1.847989863561873491e+01
1.848842009375126594e+01
1.851659701693738924e+01
1.839715479095868744e+01
1.841751756326571510e+01
1.832432100083990889e+01
1.835990077247252117e+01
1.850460928671985883e+01
1.853723987614837299e+01
1.834155412697206344e+01
1.837448685996410802e+01
1.850915299257320967e+01
1.835960167012385469e+01
1.849795831712527416e+01
1.845839121333297683e+01
1.849230521942818228e+01
1.845277453301122605e+01
1.848903030080184351e+01
1.851771552856140346e+01
1.848380750717404553e+01
1.852776950940794976e+01
1.853346498607677617e+01
1.837962056553202572e+01
1.837708607000857342e+01
1.858628348885243753e+01
1.836949070987846966e+01
1.847206520092114346e+01
1.852455281799467457e+01
1.867007525913002652e+01
1.847557022862182663e+01
1.856851462283566434e+01
1.832113700513064103e+01
1.855363927592717488e+01
1.843996095174448513e+01
1.828659337369977322e+01
1.834979297978181023e+01
1.840353939060118194e+01
1.848127333947364548e+01
1.845667061698096134e+01
1.847119021571872111e+01
1.847347447102182016e+01
1.853829499511751777e+01
1.843220203359449272e+01
1.839925423568675455e+01
1.846243421772345172e+01
1.835504526668855263e+01
1.848802971443898713e+01
1.852749996712332248e+01
1.837878523566465461e+01
1.840751348324327807e+01
1.848634219809862600e+01
1.841939001072490001e+01
1.847113514634769516e+01
1.857381098913619866e+01
1.854989589644199555e+01
1.839294817017177408e+01
1.859450422274540671e+01
1.834396512582291550e+01
1.843007158283697677e+01
1.835522093040973246e+01
1.843854519783236512e+01
1.844227288267114417e+01
1.846105437054293930e+01
1.850023440095057126e+01
1.857364662396715005e+01
1.837096540807649347e+01
1.840045329521447570e+01
1.835070679096384794e+01
1.846549663973935296e+01
1.835410387947266031e+01
1.849802568555804783e+01
1.839267574120489357e+01
1.833299682911676598e+01
1.841482486467921120e+01
1.855014170198938572e+01
1.852501784875186175e+01
1.840573898747092230e+01
1.860846671212503622e+01
1.840730437112000217e+01
1.848613823623329111e+01
1.865599252683112041e+01
1.845363600062740872e+01
1.842306274271082955e+01
1.857942449429541298e+01
1.835270161793703281e+01
1.845447846626250055e+01
1.850226279898779680e+01
1.834965268910802294e+01
1.854030704993361667e+01
1.858711998132226029e+01
1.842760532257387496e+01
1.842662577051167005e+01
1.844688434928234955e+01
1.850132423958217842e+01
1.860861959056189363e+01
1.832496990385172353e+01
1.860756560384441016e+01
1.848339997939477541e+01
1.851393327310238845e+01
1.847016432550230647e+01
1.843190361969343272e+01
1.850148453812076355e+01
1.828977750823042570e+01
1.854518988955688386e+01
1.846909918450273125e+01
1.839038531959150902e+01
1.860798896305723815e+01
1.830858952977445142e+01
1.840003350810836480e+01
1.842772112675565310e+01
1.858478387431031464e+01
1.835260399589214941e+01
1.823192618269576926e+01
1.841789722636700333e+01
1.861974246460012239e+01
1.863433739141959578e+01
1.845342132026152626e+01
1.853401205127756768e+01
1.853108797572904720e+01
1.847702480609938291e+01
1.853821399640976253e+01
1.859986172248806469e+01
1.839599898136873080e+01
1.837508588578439017e+01
1.841427898612623082e+01
1.849757944628616002e+01
1.845341661138583689e+01
1.840096663644976260e+01
1.833028689768069697e+01
1.859321198503956296e+01
1.848681859045794695e+01
1.855381243546337799e+01
1.832251975640792097e+01
1.846003304512189658e+01
1.852308936167159814e+01
1.861257991714396809e+01
1.848218835877272426e+01
1.840766879335594197e+01
1.834828628926139871e+01
1.851471376209910957e+01
1.849186704882415455e+01
1.848808948402187013e+01
1.841498480734221488e+01
1.858546877901806482e+01
1.858208459234178278e+01
1.854994218647555115e+01
1.837376030512115221e+01
1.839761983539491297e+01
1.839598773028988177e+01
1.840978727091404110e+01
1.845456128015731068e+01
1.850305695256120231e+01
1.853050942159974213e+01
1.844024261297243328e+01
1.851026370392475684e+01
1.850956078510148117e+01
1.846673432396297088e+01
1.841102167728401540e+01
1.846541758804039191e+01
1.831483847176622604e+01
1.839485213954218068e+01
1.848626725172853114e+01
1.849693335347792456e+01
1.854057048635623417e+01
1.852077307506123560e+01
1.831010578850523629e+01
1.853635456184495922e+01
1.856010616292430626e+01
1.847010850717360242e+01
1.843554927261658705e+01
1.847025580732563554e+01
1.855749784940017832e+01
1.853287978888219811e+01
1.840872801161356165e+01
1.845779748991541069e+01
1.846425075973197849e+01
1.850313166142419163e+01
1.846727759585007789e+01
1.843034708082875639e+01
1.835785712504923239e+01
1.852179707386472529e+01
1.840354094118003658e+01
1.833385498958206483e+01
1.836807720191276871e+01
1.851727103842344135e+01
1.837554073488923834e+01
1.853843477419964003e+01
1.841414795665601645e+01
1.851874725659647680e+01
1.842593867079457937e+01
1.845147997585491950e+01
1.851547750290274408e+01
1.852753671809237446e+01
1.839275820727532107e+01
1.853934479161321747e+01
1.844336269656300331e+01
1.845673381484957076e+01
1.839240699852782157e+01
1.843742449743339051e+01
1.849254508950503961e+01
1.843635475667524659e+01
1.849098376046527648e+01
1.853305176090318440e+01
1.852625207275589503e+01
1.846220101585010198e+01
1.848508206215395333e+01
1.859051656668269459e+01
1.837550315614208429e+01
1.854592817258209436e+01
1.838635873939708176e+01
1.846817934252484861e+01
1.838223867997972860e+01
1.851008734802224609e+01
1.856101794128474580e+01
1.844777151318072228e+01
1.840552775346621317e+01
1.850538912692016780e+01
1.844607240387214375e+01
1.849951415902483376e+01
1.846887991933195039e+01
1.864249380122621602e+01
1.859927668932651557e+01
1.838888542321797814e+01
1.846812203957120602e+01
1.848511873919419912e+01
1.837558072573039780e+01
1.840741486924837034e+01
1.841948941631860848e+01
1.846378540171813754e+01
1.842477406881453916e+01
1.847372761673165087e+01
1.827193963493670381e+01
1.836027194354708314e+01
1.865854202323750854e+01
1.842080637148374578e+01
1.861488558150304939e+01
1.843127664853033210e+01
1.851651391952950831e+01
1.856109875651532448e+01
1.841198800217218690e+01
1.841125259339572295e+01
1.843900193210091487e+01
1.841193581272516866e+01
1.843706915711165806e+01
1.846793600799574975e+01
1.837514259519468496e+01
1.849485814765881742e+01
1.850502300842254400e+01
1.844601369476346164e+01
1.852987351626994439e+01
1.838263864075341303e+01
1.839572342943943184e+01
1.841924904008928365e+01
1.854797846183507914e+01
1.844910352981739976e+01
1.863896067811391077e+01
1.842155157823114564e+01
1.857817140550510260e+01
1.844432102731481393e+01
1.840790652685341300e+01
1.837303862935173981e+01
1.852484675692127070e+01
1.846585689815024622e+01
1.844578086787221949e+01
1.834549035311222553e+01
1.832638062623520625e+01
1.857776575590201418e+01
1.832160687789949094e+01
1.851507228337741040e+01
1.855889088670742026e+01
1.843746655555977298e+01
1.838665561751323807e+01
1.860646117760134288e+01
1.844567447778266001e+01
1.850666068418192367e+01
1.846799806828338575e+01
1.848967061778444076e+01
1.858142566306667121e+01
1.844267515479759112e+01
1.838068039008728860e+01
1.843133640488493086e+01
1.840432268930794990e+01
1.846344243046867462e+01
1.843190176506500677e+01
1.845198768499211539e+01
1.847820672315198109e+01
1.846506935877091848e+01
1.842428678816589382e+01
1.839554702048734569e+01
1.844600296867640665e+01
1.847729792504026136e+01
1.851836983710158790e+01
1.846376023571366431e+01
1.851343811298294639e+01
1.863588937446532512e+01
1.834272547800911823e+01
1.841802422335455347e+01
1.850056655168296516e+01
1.858584494805596421e+01
1.863064862630289653e+01
1.828520599112740186e+01
1.842664511928615667e+01
1.834751282678070794e+01
1.858948047535148973e+01
1.837871317617230815e+01
1.840567757097706547e+01
1.852019884548502304e+01
1.846909569037257270e+01
1.832384247602270833e+01
1.851471961679704847e+01
1.847278552844636224e+01
1.851631122973772037e+01
1.843193059769658149e+01
1.846145669911923903e+01
1.834161599758482453e+01
1.842919119684897211e+01
1.852150646481871732e+01
1.853405445585559974e+01
1.858120749936430371e+01
