# Variable: deviance
# Sample shape: (2500,)
# Date: 2018-11-21 09:14:55.160018
-4.047483738696171258e+03
-4.046421784725522230e+03
-4.048473962896778175e+03
-4.048736239301646037e+03
-4.048736267428535939e+03
-4.048618137059896981e+03
-4.049245408695973765e+03
-4.046589637890553149e+03
-4.046511967893319706e+03
-4.049263489273173036e+03
-4.049158194978268511e+03
-4.048778779118055809e+03
-4.045575711461384344e+03
-4.046740999832070429e+03
-4.048050279290519939e+03
-4.049308321428452473e+03
-4.048991673826316401e+03
-4.048636972420229085e+03
-4.049246627063034339e+03
-4.047781000110260720e+03
-4.049068287045469333e+03
-4.049188826962162238e+03
-4.048402851980954438e+03
-4.049298910332339346e+03
-4.049002491428164376e+03
-4.049318653008863294e+03
-4.049055027394389072e+03
-4.049299087978164607e+03
-4.047357698412452919e+03
-4.049246187185511189e+03
-4.049315348305118277e+03
-4.047553630891230569e+03
-4.049216529182510840e+03
-4.049256012650772846e+03
-4.049063284896627010e+03
-4.046658165182195262e+03
-4.049327105750902774e+03
-4.047171821081968119e+03
-4.048920129535830256e+03
-4.043555432819231555e+03
-4.045533582273656066e+03
-4.049301190211028370e+03
-4.049206005180921238e+03
-4.047525188305163738e+03
-4.049175726431754356e+03
-4.044639427419749154e+03
-4.049268213213618310e+03
-4.047618633907944968e+03
-4.049180803277142786e+03
-4.048398973392730113e+03
-4.048560515670324094e+03
-4.048634413827296157e+03
-4.047714246325544991e+03
-4.048061358307110822e+03
-4.049235725195627310e+03
-4.047544450708869590e+03
-4.049174559711164420e+03
-4.048574948004457383e+03
-4.047711557793859811e+03
-4.049327147527112174e+03
-4.049314793526854373e+03
-4.044195402724595624e+03
-4.048254215047228627e+03
-4.049190762999310209e+03
-4.049113624248409906e+03
-4.045285014349436551e+03
-4.049274826402395774e+03
-4.046805856156075606e+03
-4.049266650027198921e+03
-4.048047737963153395e+03
-4.048774930557716289e+03
-4.048592833294582306e+03
-4.047327162047030015e+03
-4.049206586324114596e+03
-4.048768172855817738e+03
-4.048053007382212854e+03
-4.046917791321812729e+03
-4.048754670764971706e+03
-4.048361060026376435e+03
-4.049022068417551054e+03
-4.047216927769004087e+03
-4.049318843359076254e+03
-4.047852366005318800e+03
-4.049267764765384527e+03
-4.048801599637326035e+03
-4.048953230187042209e+03
-4.048458485377097986e+03
-4.047539901330137582e+03
-4.049248046741129656e+03
-4.049314906964110378e+03
-4.048260860114617117e+03
-4.048808189893869894e+03
-4.043892233836639662e+03
-4.049252975867485020e+03
-4.048800573197046106e+03
-4.048644414719672113e+03
-4.048717888075780593e+03
-4.047849606575356120e+03
-4.045713350549163806e+03
-4.048806026356698567e+03
-4.049325356709297466e+03
-4.043009508616396488e+03
-4.049195086908238864e+03
-4.049273038347742840e+03
-4.049257316632948005e+03
-4.049196358278826665e+03
-4.046953518742745018e+03
-4.049326196512022761e+03
-4.048828262712117976e+03
-4.049190738880975005e+03
-4.049263605698047741e+03
-4.048980805545184921e+03
-4.049252118285332472e+03
-4.049127806911503285e+03
-4.049326152744990850e+03
-4.048875340430166943e+03
-4.049263456230512020e+03
-4.048993587300649779e+03
-4.047646959672320008e+03
-4.049179796591866761e+03
-4.048875912595819500e+03
-4.047302967312754845e+03
-4.048735359796280136e+03
-4.049293995742888910e+03
-4.047891817921562051e+03
-4.049310205614084225e+03
-4.048116572889347481e+03
-4.049270115984122185e+03
-4.048616493523624740e+03
-4.047016721012979360e+03
-4.049136511367779804e+03
-4.048248410330874322e+03
-4.049274302426080794e+03
-4.042860283926720967e+03
-4.047132172988764069e+03
-4.048832513654089780e+03
-4.047281828123635478e+03
-4.049313798070269968e+03
-4.049254117339981349e+03
-4.045329795452271810e+03
-4.049096772185353075e+03
-4.047830401669229104e+03
-4.049179883274989606e+03
-4.049325236943760501e+03
-4.048507818431081432e+03
-4.049126986137284348e+03
-4.048411267714063342e+03
-4.049319037980132634e+03
-4.049175834742098232e+03
-4.047843390491570517e+03
-4.045866831729242676e+03
-4.049325839453816570e+03
-4.044979139283232598e+03
-4.047512734884159727e+03
-4.049264844409247871e+03
-4.049320570078822129e+03
-4.048409760677669055e+03
-4.048660976081194349e+03
-4.043441943071512469e+03
-4.048280258821918324e+03
-4.049211471490335498e+03
-4.047925380401389248e+03
-4.049135737111760136e+03
-4.049269035415643430e+03
-4.049296572773317621e+03
-4.047970242042208611e+03
-4.049279337642567043e+03
-4.049326771013010330e+03
-4.048647648744043181e+03
-4.049325717045701822e+03
-4.046885566900485628e+03
-4.049152718564585939e+03
-4.048297341085984954e+03
-4.049139114274943495e+03
-4.048984251347710597e+03
-4.049319913074675242e+03
-4.048912617722894538e+03
-4.049163149557580709e+03
-4.049278618301153529e+03
-4.047254007864096366e+03
-4.049244700810032555e+03
-4.046365795879531106e+03
-4.047907057828262168e+03
-4.049283381746965460e+03
-4.046396439783004098e+03
-4.045421997787307191e+03
-4.049152534421074506e+03
-4.048949907573386554e+03
-4.048143657477026409e+03
-4.049277563889133035e+03
-4.049325543002475115e+03
-4.049129548918793262e+03
-4.047597133571492122e+03
-4.049033570340785900e+03
-4.045293628415482090e+03
-4.049314309162509289e+03
-4.047803979817779236e+03
-4.046988413458625473e+03
-4.047227218390682538e+03
-4.045851094853164795e+03
-4.049324996585313784e+03
-4.049325126698738131e+03
-4.048974865069282714e+03
-4.049195094320086355e+03
-4.047645521756447124e+03
-4.049327143814001829e+03
-4.049225828303388880e+03
-4.046737707148339723e+03
-4.047548847715589545e+03
-4.048122433627849205e+03
-4.049300741559138714e+03
-4.048329625473916167e+03
-4.048899956038145319e+03
-4.049320772306315575e+03
-4.049261583849139242e+03
-4.046534407885818837e+03
-4.049289180405815387e+03
-4.046087433704798968e+03
-4.049322963675822393e+03
-4.049326169045900770e+03
-4.048916784966624618e+03
-4.049256675282047581e+03
-4.047394786709848631e+03
-4.044119670957715243e+03
-4.049150186970648974e+03
-4.049326930284217269e+03
-4.048525354128991694e+03
-4.048521065500369787e+03
-4.049307847864920404e+03
-4.049023272557003111e+03
-4.049247324499554452e+03
-4.047850942055802989e+03
-4.042957567895837201e+03
-4.048472326005959076e+03
-4.048825754222084925e+03
-4.049327039195502039e+03
-4.048788596492362103e+03
-4.048965484901478249e+03
-4.047784503828187553e+03
-4.048804782140266070e+03
-4.048934485764018063e+03
-4.049175961966288014e+03
-4.049181091440229466e+03
-4.049287756400088256e+03
-4.048819545786318486e+03
-4.049246557710255274e+03
-4.047395674771900303e+03
-4.049293578017371601e+03
-4.049190452382308649e+03
-4.049120575583787286e+03
-4.049284571197843434e+03
-4.049121889320134869e+03
-4.049125332078181145e+03
-4.049321279291666997e+03
-4.049207136803266621e+03
-4.049325950165954055e+03
-4.048955727156981084e+03
-4.049319874378596978e+03
-4.049142298582776220e+03
-4.049326597854519150e+03
-4.049325320683411064e+03
-4.049325267007072853e+03
-4.049124004831810907e+03
-4.048641778164221250e+03
-4.048358452652721098e+03
-4.049324616059846903e+03
-4.043175170071221601e+03
-4.049090365588731402e+03
-4.049288684156244017e+03
-4.048532737199044732e+03
-4.048721324491921678e+03
-4.046586072338533086e+03
-4.049003163646483699e+03
-4.049125140507020205e+03
-4.045687794276206660e+03
-4.047460055535227184e+03
-4.049095700997763743e+03
-4.047146694038870010e+03
-4.048920544488601536e+03
-4.048870118893556992e+03
-4.047667912866875668e+03
-4.049023357769548056e+03
-4.048165842177381819e+03
-4.049054321700911714e+03
-4.049323046498166150e+03
-4.045726280664726801e+03
-4.046695417524766981e+03
-4.049111070224539162e+03
-4.043317739587904725e+03
-4.048572132842186420e+03
-4.047235170337485670e+03
-4.049095560038420899e+03
-4.049305001686443575e+03
-4.046483264568816594e+03
-4.046303369434694105e+03
-4.048984742191094483e+03
-4.047913246307405643e+03
-4.049326541129649740e+03
-4.049061081398678652e+03
-4.049086419530061448e+03
-4.048564677669209686e+03
-4.049273102409209514e+03
-4.049129774257542522e+03
-4.049211469094050699e+03
-4.049305009410849379e+03
-4.049235239987089699e+03
-4.049327156859985280e+03
-4.049299656213419439e+03
-4.049297479237503012e+03
-4.049265030942352951e+03
-4.049036965048240745e+03
-4.047730494496453957e+03
-4.049311213337320169e+03
-4.048957983007292569e+03
-4.046875727557859136e+03
-4.049138578704212705e+03
-4.049180263381806071e+03
-4.046634450130903588e+03
-4.049327148772915280e+03
-4.049290533952732858e+03
-4.048660660136078150e+03
-4.049205293800781874e+03
-4.048351578945786969e+03
-4.048462359259405275e+03
-4.048877942940523099e+03
-4.049211006089406965e+03
-4.048564199179575098e+03
-4.047133045934787333e+03
-4.049234891913854881e+03
-4.049267504554739844e+03
-4.049326247902662544e+03
-4.047307932765885198e+03
-4.049306276848094967e+03
-4.048494983282185785e+03
-4.049311864395827342e+03
-4.049309463748229064e+03
-4.049299636537371953e+03
-4.046371643383145511e+03
-4.047777655979622978e+03
-4.049326366394122488e+03
-4.048909104924622625e+03
-4.049204263776913649e+03
-4.048688507255202694e+03
-4.048703233522358460e+03
-4.048805794386517846e+03
-4.049268362490146501e+03
-4.048908437842221247e+03
-4.048114659620248858e+03
-4.049214785923115869e+03
-4.049033787917630434e+03
-4.049123200073298904e+03
-4.049222654944188434e+03
-4.049065020975216612e+03
-4.049255698644381482e+03
-4.049048183773385972e+03
-4.045854513634985324e+03
-4.048481264418291175e+03
-4.049310685514026773e+03
-4.049289803203955671e+03
-4.049309483615403678e+03
-4.049234040451185592e+03
-4.048957046198075659e+03
-4.048677544753476013e+03
-4.048979160626371140e+03
-4.047118658068350669e+03
-4.049321253311835790e+03
-4.049296319834748829e+03
-4.049327131353807999e+03
-4.049275666201399872e+03
-4.049320221100629169e+03
-4.048720937242996115e+03
-4.049306733977040949e+03
-4.043320832996770605e+03
-4.046421904231708140e+03
-4.049321954729165100e+03
-4.049310657410057047e+03
-4.048986738693348798e+03
-4.049313254028303618e+03
-4.045702192595882025e+03
-4.049231790314280261e+03
-4.049109534862262535e+03
-4.048561133620282817e+03
-4.048261012016158475e+03
-4.049280412597135182e+03
-4.049297114720814534e+03
-4.048847982690796016e+03
-4.049322867098297593e+03
-4.049066595116756616e+03
-4.049291592066726025e+03
-4.049167906011857212e+03
-4.049037380185047368e+03
-4.049275123291523414e+03
-4.048303180992440048e+03
-4.046972155354794722e+03
-4.049251659016652866e+03
-4.049084599170818365e+03
-4.047148725917052616e+03
-4.049145821999910822e+03
-4.049157300234955983e+03
-4.048485309818518090e+03
-4.047791534355171734e+03
-4.049177271059658324e+03
-4.049297086985855458e+03
-4.049315118382389755e+03
-4.047625661853476231e+03
-4.049255557431190027e+03
-4.049316852201306119e+03
-4.049131387942165020e+03
-4.046183598299091500e+03
-4.048791865687529935e+03
-4.048745624790723923e+03
-4.049259549718642120e+03
-4.049232243942408331e+03
-4.048722386924103375e+03
-4.046948995772925628e+03
-4.047061702745527327e+03
-4.048983389756969700e+03
-4.049041833429723738e+03
-4.048336659477326521e+03
-4.049059634549305429e+03
-4.049243457602870876e+03
-4.048947631162141079e+03
-4.049139923654384802e+03
-4.049184267801724218e+03
-4.044303136424222430e+03
-4.049168040674386248e+03
-4.048464322437101600e+03
-4.048092693483637959e+03
-4.045598129023792353e+03
-4.049325653181103007e+03
-4.049005400243968325e+03
-4.048918193011097628e+03
-4.049082962350767502e+03
-4.049155089400708221e+03
-4.048841976242238161e+03
-4.049303867827306021e+03
-4.044924524349528838e+03
-4.048353201846606680e+03
-4.049309551232769536e+03
-4.049253740821824977e+03
-4.048017465085058575e+03
-4.048915698532074657e+03
-4.047639145050081879e+03
-4.049161849496048490e+03
-4.049312997851116506e+03
-4.044270054652314684e+03
-4.047646133398213351e+03
-4.045272421339536322e+03
-4.045228156760952061e+03
-4.047973614610784352e+03
-4.048974715431973891e+03
-4.049314995583592463e+03
-4.048669884936692597e+03
-4.047425627356280529e+03
-4.048689602471104536e+03
-4.048923621470380567e+03
-4.049246791607590239e+03
-4.048209179578003841e+03
-4.048756974222765166e+03
-4.049322561080418382e+03
-4.049307270852713373e+03
-4.049150292406180597e+03
-4.048772568808657979e+03
-4.048980133441246835e+03
-4.049273222229250223e+03
-4.046080883461646408e+03
-4.046633740063512960e+03
-4.048578645656494700e+03
-4.049314079786185175e+03
-4.044255260537123377e+03
-4.049287825031348802e+03
-4.049207541028575179e+03
-4.049313481548441359e+03
-4.049180558610291428e+03
-4.049190437294338153e+03
-4.049269031215102586e+03
-4.049012408643877734e+03
-4.049298229824151804e+03
-4.049223128086072393e+03
-4.047571864410466787e+03
-4.048147171236851136e+03
-4.049152445239935787e+03
-4.049326048289729897e+03
-4.049154323388493140e+03
-4.049136770773253829e+03
-4.049317761821032946e+03
-4.049227140874182169e+03
-4.048001894800244372e+03
-4.048871916928422252e+03
-4.049322253222420386e+03
-4.048758234154143793e+03
-4.049206788016965675e+03
-4.048962471197737614e+03
-4.048835429399548502e+03
-4.049017879973834170e+03
-4.047861319606904544e+03
-4.049090969134554143e+03
-4.048373033062289323e+03
-4.048029131535764463e+03
-4.049094605301833326e+03
-4.048310331513142501e+03
-4.048990037818809924e+03
-4.044126911925471177e+03
-4.049292657162763135e+03
-4.048173280865754350e+03
-4.049299001680221409e+03
-4.049327155693702935e+03
-4.045956999721115608e+03
-4.049062380096194829e+03
-4.048715599697172365e+03
-4.048697238803298205e+03
-4.049306608475531903e+03
-4.048777818298306556e+03
-4.048878711418143212e+03
-4.049133119689884552e+03
-4.043897945248734686e+03
-4.049250934378927468e+03
-4.047503549156876943e+03
-4.049315807386101369e+03
-4.044241930066755231e+03
-4.049177816500031440e+03
-4.045353064494259343e+03
-4.049058124015661633e+03
-4.046963418251631538e+03
-4.048642248386426218e+03
-4.049318363934447461e+03
-4.049327109688997098e+03
-4.045929765075533396e+03
-4.049067566941064342e+03
-4.049120293336765371e+03
-4.048815802323254047e+03
-4.049325705829586241e+03
-4.049319698397956017e+03
-4.048573537231571663e+03
-4.049314750951788483e+03
-4.048712370389755051e+03
-4.049322007756067251e+03
-4.048380245438057500e+03
-4.049025804152760429e+03
-4.049251337866719950e+03
-4.044927407275582027e+03
-4.046666413844329327e+03
-4.048859309267736535e+03
-4.048892824905506131e+03
-4.049324955668715120e+03
-4.049293959034439922e+03
-4.049015785857076480e+03
-4.047781637082022826e+03
-4.049153982569736854e+03
-4.048145991070898162e+03
-4.044264286514553532e+03
-4.049004525244518845e+03
-4.049111547810185584e+03
-4.048987957953302612e+03
-4.044045481529209610e+03
-4.048213363020668112e+03
-4.048434734775139987e+03
-4.048294691395576592e+03
-4.047416056582477722e+03
-4.049180038318057086e+03
-4.045460474436922141e+03
-4.048247005851336326e+03
-4.049061490210839111e+03
-4.049143203653399723e+03
-4.049316505345634596e+03
-4.049084273286096504e+03
-4.049225236259932899e+03
-4.049291994754291409e+03
-4.049256145078101781e+03
-4.049324361855756251e+03
-4.049149430806027794e+03
-4.049083092768150891e+03
-4.048885160376170461e+03
-4.047685615332119596e+03
-4.049164088514214654e+03
-4.048958382634767986e+03
-4.049320719489874136e+03
-4.047060899766906005e+03
-4.048517984240317219e+03
-4.049094674045431020e+03
-4.049327156082060810e+03
-4.047134892752466840e+03
-4.047026706815318448e+03
-4.049179644760009978e+03
-4.049292829187546431e+03
-4.049225957223145087e+03
-4.048909190394763300e+03
-4.049322236249090565e+03
-4.045291783490546550e+03
-4.045831381570731537e+03
-4.047769087483405201e+03
-4.046672116071139499e+03
-4.049001310279341851e+03
-4.048806651259748833e+03
-4.047007170106662670e+03
-4.049287354797189437e+03
-4.049326865804415320e+03
-4.048822821416089937e+03
-4.047462426139935815e+03
-4.046903767683736987e+03
-4.048421688537701357e+03
-4.048183664476408921e+03
-4.048695797449678139e+03
-4.049198761022029430e+03
-4.047554961053690931e+03
-4.049321047931613066e+03
-4.049295211754997581e+03
-4.048019085149700459e+03
-4.049136516627491801e+03
-4.048004748949431814e+03
-4.049062229439837211e+03
-4.048540493745239928e+03
-4.048941135778728494e+03
-4.048923591125450002e+03
-4.048443722261031326e+03
-4.048869725588618621e+03
-4.049027175499193618e+03
-4.048241354367318309e+03
-4.049268809250455888e+03
-4.047344947354140004e+03
-4.048595631947796392e+03
-4.049220396335147598e+03
-4.047071748777565517e+03
-4.048252077583083064e+03
-4.049318911962175662e+03
-4.049128134620817036e+03
-4.048089149785574591e+03
-4.049327118946813243e+03
-4.048996999187003894e+03
-4.048381208635435087e+03
-4.045712645741777578e+03
-4.048783370541368640e+03
-4.048852859145308685e+03
-4.048397151241923893e+03
-4.048338134403762069e+03
-4.048365521494151835e+03
-4.048157996113751778e+03
-4.049317338367729917e+03
-4.048424972846588844e+03
-4.047292463220443096e+03
-4.049300897649512990e+03
-4.047252220860625584e+03
-4.048686689053756709e+03
-4.049318407937889788e+03
-4.048619041625134741e+03
-4.049238377403604318e+03
-4.046712842717884541e+03
-4.049324095384684369e+03
-4.049246118013644264e+03
-4.049301705272047002e+03
-4.049320013114703215e+03
-4.049265484244734125e+03
-4.048482587093393704e+03
-4.049304351582376967e+03
-4.048562422211398371e+03
-4.049290375159889663e+03
-4.049081871374138245e+03
-4.049077724380994823e+03
-4.048072561882184345e+03
-4.045088170410390831e+03
-4.047878635201656834e+03
-4.049233963522449812e+03
-4.049324330476134492e+03
-4.049136206917234176e+03
-4.049190795410638202e+03
-4.047329181625630099e+03
-4.049205772523471296e+03
-4.049050507887235653e+03
-4.049201216292022764e+03
-4.049034702852380633e+03
-4.049235467941048228e+03
-4.049131823901215284e+03
-4.049261750433910038e+03
-4.049297424518405933e+03
-4.049254455137979676e+03
-4.049059326537893867e+03
-4.049209938992977186e+03
-4.047073711439993531e+03
-4.046716360309428637e+03
-4.048351883049655044e+03
-4.048203179837857533e+03
-4.049218373440102368e+03
-4.049151524031355621e+03
-4.046508703826546480e+03
-4.047947110977574084e+03
-4.048801355103606966e+03
-4.049196490212141725e+03
-4.049324222670714789e+03
-4.048118850167500568e+03
-4.049309345321446017e+03
-4.049326559112970244e+03
-4.046962533496551259e+03
-4.049054653728236190e+03
-4.045911730360221554e+03
-4.049226871745576773e+03
-4.048899476795725150e+03
-4.048808719399205074e+03
-4.049240208510369939e+03
-4.049299320039996019e+03
-4.049323723700583741e+03
-4.049314214874410482e+03
-4.049273924364140385e+03
-4.047807132116407047e+03
-4.049280011031131380e+03
-4.042797572773042248e+03
-4.049118901817771984e+03
-4.049035292055587433e+03
-4.049325206214547507e+03
-4.049080472036051106e+03
-4.047049494829546347e+03
-4.047679693611008588e+03
-4.049317731708947576e+03
-4.049270147180025560e+03
-4.048992072225654738e+03
-4.047220921526009988e+03
-4.049263547913682487e+03
-4.046620522143574817e+03
-4.049244753297056832e+03
-4.048112176780622576e+03
-4.046686890744707853e+03
-4.048618232335364155e+03
-4.045371501318461014e+03
-4.049303631916765426e+03
-4.045432715908379578e+03
-4.046604282746114677e+03
-4.049115472340648921e+03
-4.045414115422980103e+03
-4.047894255801422332e+03
-4.049251884389988845e+03
-4.049243699969774752e+03
-4.046476613155205087e+03
-4.049194783552974968e+03
-4.049165248498604342e+03
-4.048622817838865558e+03
-4.049140797207757259e+03
-4.049326266982571269e+03
-4.049325101073566202e+03
-4.049088348686979771e+03
-4.049325564304520412e+03
-4.049318426815128987e+03
-4.049100474719119120e+03
-4.049194873644362815e+03
-4.048430940609623576e+03
-4.049322958896010732e+03
-4.048028107062795698e+03
-4.048893212796604985e+03
-4.048616936379280560e+03
-4.049313766599334031e+03
-4.044333440461597093e+03
-4.047820177750071707e+03
-4.049165090745867474e+03
-4.049297237743226106e+03
-4.049114565995096200e+03
-4.049164701574816718e+03
-4.047419626239834543e+03
-4.049283985637390288e+03
-4.049188156553072076e+03
-4.049303907724930468e+03
-4.046360464507815777e+03
-4.043544897201913955e+03
-4.048981362683377029e+03
-4.049216882299054760e+03
-4.048542533567356713e+03
-4.049025032373538124e+03
-4.048800561916965307e+03
-4.048943683917556882e+03
-4.048671150153478266e+03
-4.049280117436728688e+03
-4.049295358656344888e+03
-4.049014932043826775e+03
-4.049212495037488225e+03
-4.045921955279605299e+03
-4.047753711967840900e+03
-4.048932021399519272e+03
-4.049297397826840552e+03
-4.047333075074335284e+03
-4.049247575218884322e+03
-4.048751118883798881e+03
-4.049288262024680989e+03
-4.046282312837920472e+03
-4.040578583696930764e+03
-4.049327149342328994e+03
-4.048865199727420986e+03
-4.049188132181678611e+03
-4.049278363102959247e+03
-4.046224406537734467e+03
-4.044814240325842093e+03
-4.049307269736102171e+03
-4.049001791556038825e+03
-4.049227037956528875e+03
-4.049182646511357234e+03
-4.049326382611578538e+03
-4.047526144471968109e+03
-4.049293289048586303e+03
-4.048842648615118833e+03
-4.049321864602136884e+03
-4.049035255316791790e+03
-4.049023489421825616e+03
-4.049320802014487072e+03
-4.049323774057068931e+03
-4.047795699220687311e+03
-4.045613873173747379e+03
-4.049305077448287193e+03
-4.049297874929520731e+03
-4.048498386112843946e+03
-4.049223166064822635e+03
-4.049141221443464929e+03
-4.048934049034208783e+03
-4.049305600426263481e+03
-4.047576080238612121e+03
-4.049267971436527660e+03
-4.048293869493892544e+03
-4.049326992681981210e+03
-4.049266196845865124e+03
-4.047173105172836131e+03
-4.047454738339681171e+03
-4.049272429053989981e+03
-4.047613664802830044e+03
-4.048979691845457182e+03
-4.048648070309415289e+03
-4.048851502679592159e+03
-4.049284867932450197e+03
-4.049100616399783576e+03
-4.046759843276915944e+03
-4.049248427641546186e+03
-4.049208352747594290e+03
-4.049303975710191935e+03
-4.049057135758970617e+03
-4.049263091115761199e+03
-4.048427688089669118e+03
-4.048832912408097854e+03
-4.049037279065715211e+03
-4.045617808078693088e+03
-4.047985056308984440e+03
-4.049037818469072590e+03
-4.049062005571187001e+03
-4.048661905610377289e+03
-4.048802836281792679e+03
-4.047187203891244280e+03
-4.048777250606529378e+03
-4.048629474307900637e+03
-4.049326228615324908e+03
-4.048381675749122678e+03
-4.047248990757717365e+03
-4.049110259100134954e+03
-4.048938306850350727e+03
-4.049325177936510045e+03
-4.047648480927200580e+03
-4.047368838606168993e+03
-4.048958544272493327e+03
-4.049291156422590120e+03
-4.049086605957099891e+03
-4.048973391396105853e+03
-4.049221357677454307e+03
-4.049164810050215237e+03
-4.048175720410404210e+03
-4.049016872996591246e+03
-4.049286688428027901e+03
-4.047987392778450612e+03
-4.049275837874367426e+03
-4.049158239960284845e+03
-4.046715564513458048e+03
-4.048943274081007075e+03
-4.048902535507134871e+03
-4.048538606825551597e+03
-4.048919484223966265e+03
-4.049234649680613074e+03
-4.048119793843991829e+03
-4.046964839477228452e+03
-4.049239627253976778e+03
-4.048045028213930891e+03
-4.049319475845389206e+03
-4.048902205251677515e+03
-4.049046296403023916e+03
-4.047400937884697214e+03
-4.048852023495941921e+03
-4.049326695158259554e+03
-4.049004010268878119e+03
-4.049115747170916620e+03
-4.047100192926506679e+03
-4.046957539032212935e+03
-4.048843863907328341e+03
-4.049297831251506977e+03
-4.048116285530675214e+03
-4.048872378398252295e+03
-4.049321362689081070e+03
-4.049208547572512089e+03
-4.048136742452674753e+03
-4.049149161496286069e+03
-4.049236316979086496e+03
-4.048356926985706195e+03
-4.048504409995532114e+03
-4.049319669650029027e+03
-4.048869452730007652e+03
-4.049293039616828537e+03
-4.046064875811317052e+03
-4.047592631332912788e+03
-4.049319777818082912e+03
-4.049257346611917910e+03
-4.048139352236835293e+03
-4.048818241973774093e+03
-4.046240843019951626e+03
-4.049033757274869913e+03
-4.049156314983645643e+03
-4.049123223199671884e+03
-4.046191181299226628e+03
-4.048562090752161566e+03
-4.047478903174653169e+03
-4.049326517864361449e+03
-4.043135237111923288e+03
-4.045872259389412648e+03
-4.049308743686769958e+03
-4.049327003704136132e+03
-4.047589262657123527e+03
-4.048919009837751219e+03
-4.048738086321699029e+03
-4.041841199602432425e+03
-4.049326279832767796e+03
-4.046899691898702713e+03
-4.045754009705674889e+03
-4.049191483374026575e+03
-4.049247385149025831e+03
-4.049089734851705998e+03
-4.048757783034030126e+03
-4.049150951987896860e+03
-4.046084916597206757e+03
-4.049278833527617280e+03
-4.049326442334534477e+03
-4.049222073791829644e+03
-4.045873977500813453e+03
-4.049314835374488212e+03
-4.049074172902196551e+03
-4.049310398360209547e+03
-4.048954690134069097e+03
-4.048590919353528534e+03
-4.049316309139324403e+03
-4.044862354744625009e+03
-4.049162763942748825e+03
-4.048590860105619413e+03
-4.049318233231275372e+03
-4.049267008943551900e+03
-4.049029223702194031e+03
-4.044346987024927330e+03
-4.049269000836622581e+03
-4.049262365808950562e+03
-4.049009275783101657e+03
-4.048546835143290082e+03
-4.049023636025542146e+03
-4.049288971295229203e+03
-4.049321498801252801e+03
-4.049281193375276871e+03
-4.049035036917422985e+03
-4.036824640322267442e+03
-4.044623115992620114e+03
-4.048868187951298751e+03
-4.049243209955771363e+03
-4.044808849396987171e+03
-4.049215457436014731e+03
-4.048274587992562374e+03
-4.049297349274655062e+03
-4.049242696524087478e+03
-4.044835085174089727e+03
-4.049175335672457550e+03
-4.044627349271695493e+03
-4.045857244072559297e+03
-4.049272914010520253e+03
-4.048304956254876288e+03
-4.048525824997460404e+03
-4.049273702020920155e+03
-4.047614838712880101e+03
-4.047508361940619579e+03
-4.049224918915051603e+03
-4.048116819424889854e+03
-4.049320645035100370e+03
-4.046739618375837381e+03
-4.046460326471871667e+03
-4.046828157079668927e+03
-4.049219467373218322e+03
-4.049079592034103825e+03
-4.048800500921732237e+03
-4.049246640556200873e+03
-4.048935901680091320e+03
-4.048787855145704270e+03
-4.047951826963939766e+03
-4.049278282317279263e+03
-4.044966899379906863e+03
-4.049247220700944126e+03
-4.048013781353018203e+03
-4.047016524059059520e+03
-4.048372978703906483e+03
-4.048075078393319018e+03
-4.049319520217997706e+03
-4.049080282487770546e+03
-4.049287791297514559e+03
-4.048344466797952464e+03
-4.048318735141700927e+03
-4.048739826490101223e+03
-4.049140786463438417e+03
-4.049087096508120339e+03
-4.049273778634600603e+03
-4.048214797428482143e+03
-4.049250473342961868e+03
-4.049319667737664531e+03
-4.048914478350950048e+03
-4.044353381586959586e+03
-4.049323061847170720e+03
-4.048766210590534683e+03
-4.049291169376483595e+03
-4.047046122147647111e+03
-4.049327153392952368e+03
-4.048318922087204555e+03
-4.047282136316507604e+03
-4.048783697626330195e+03
-4.047349332584334206e+03
-4.049109970404654632e+03
-4.048769573678086545e+03
-4.049325629188071616e+03
-4.049324222255258974e+03
-4.049326739343676763e+03
-4.049230702631349232e+03
-4.049319024271283524e+03
-4.049275067353686609e+03
-4.048349066420236340e+03
-4.048397308168694053e+03
-4.048976543978159498e+03
-4.047414189057428302e+03
-4.049014761481582354e+03
-4.048977366453204013e+03
-4.047498153911333247e+03
-4.049324595912924451e+03
-4.049230718207942118e+03
-4.049267501272670415e+03
-4.046447952401431394e+03
-4.049248334205457013e+03
-4.049020911633133437e+03
-4.049105670863407795e+03
-4.047855589698799122e+03
-4.049273001287651823e+03
-4.041994350561396914e+03
-4.048560276651839104e+03
-4.049114439211207809e+03
-4.049322086524581664e+03
-4.047747043443289385e+03
-4.047463080652273675e+03
-4.046695651463647664e+03
-4.048495276292625476e+03
-4.049148315904568790e+03
-4.045810949409300520e+03
-4.049304719918852243e+03
-4.046184647970886090e+03
-4.044059020101713486e+03
-4.045312311342686371e+03
-4.046060534868752711e+03
-4.049208528116015714e+03
-4.047447602766189448e+03
-4.048345816197204840e+03
-4.045564060116712426e+03
-4.045725922527504736e+03
-4.045999095802251759e+03
-4.041034860877158735e+03
-4.049232953144667590e+03
-4.049283989832558291e+03
-4.049275647913969351e+03
-4.049258993777830256e+03
-4.049303854287652484e+03
-4.049020657483808463e+03
-4.048709119496058520e+03
-4.049326637514102003e+03
-4.049301133346884399e+03
-4.049320556793752985e+03
-4.049256010307794895e+03
-4.049236088621882118e+03
-4.046752489525962119e+03
-4.048957480925022537e+03
-4.049121631893586709e+03
-4.049032869670330456e+03
-4.047475904539630847e+03
-4.048370869893061354e+03
-4.049260027381919372e+03
-4.049241816630604717e+03
-4.048669863680529488e+03
-4.049211959690993808e+03
-4.049318298060834422e+03
-4.048652837634145271e+03
-4.047766629829975500e+03
-4.049226930302504570e+03
-4.048468476676745013e+03
-4.049286729948348693e+03
-4.049208828655038815e+03
-4.049307391303056193e+03
-4.049137381891328914e+03
-4.048549615286886365e+03
-4.049261936457120555e+03
-4.049246951127265675e+03
-4.049203238795188554e+03
-4.047932089567747425e+03
-4.046159787486383721e+03
-4.047984481284669982e+03
-4.049324523190790387e+03
-4.049320684389043890e+03
-4.049287008018913639e+03
-4.049246482049347833e+03
-4.044232273703446026e+03
-4.048134386858121616e+03
-4.047284967999336004e+03
-4.049254518047678630e+03
-4.048450425903520227e+03
-4.046479988019318171e+03
-4.049317795116950947e+03
-4.049091668329132517e+03
-4.047392192097206134e+03
-4.049108335689821615e+03
-4.049010551329751252e+03
-4.046196147093123727e+03
-4.047898831248031911e+03
-4.048109646861768852e+03
-4.048491259191572681e+03
-4.048236020902534165e+03
-4.047203001172911172e+03
-4.049154007893655034e+03
-4.049316615691304833e+03
-4.049272276209212123e+03
-4.047702114789915413e+03
-4.048775484874271115e+03
-4.047606712898951173e+03
-4.046561529390095075e+03
-4.045518923990156054e+03
-4.049327067913541669e+03
-4.048770723246119815e+03
-4.049316261574493637e+03
-4.049324834202473994e+03
-4.049276267339141214e+03
-4.047809995058365530e+03
-4.049326633368227704e+03
-4.049324968908923893e+03
-4.049071158309173370e+03
-4.049314304036005524e+03
-4.046919408335862045e+03
-4.046269106397856831e+03
-4.049197338708759617e+03
-4.049304601418702077e+03
-4.048929823555328767e+03
-4.049326933869935147e+03
-4.049212472360769880e+03
-4.048414196785013701e+03
-4.048703135487476629e+03
-4.049143664173476736e+03
-4.048749842766066195e+03
-4.048302386347424545e+03
-4.048292911982754504e+03
-4.047502984892330005e+03
-4.047255829730801452e+03
-4.048266749364846419e+03
-4.049258743167182729e+03
-4.048590462280917563e+03
-4.048114454133039089e+03
-4.048385608183519707e+03
-4.048912852724313325e+03
-4.048268468051885975e+03
-4.047546495393198256e+03
-4.048657697485752578e+03
-4.046311397025598126e+03
-4.049254134419186357e+03
-4.047553637295658064e+03
-4.049325719567270426e+03
-4.048783602207035983e+03
-4.048505187463880247e+03
-4.049318136338597469e+03
-4.049296144896000897e+03
-4.047039445717387480e+03
-4.048988516138195337e+03
-4.049324129001638084e+03
-4.046078376013511843e+03
-4.049171015854005418e+03
-4.048601188769380315e+03
-4.048400986892420406e+03
-4.049309009954788962e+03
-4.046321535339891852e+03
-4.046292981527069514e+03
-4.049162148399125726e+03
-4.048344619114836405e+03
-4.048599067554757312e+03
-4.046926995882284245e+03
-4.045846376620921546e+03
-4.049253223041770980e+03
-4.048225863524346551e+03
-4.048882721449523615e+03
-4.047624823820726306e+03
-4.048953805112124428e+03
-4.048345080144196345e+03
-4.049282664610028860e+03
-4.049289027431888826e+03
-4.049281074171582986e+03
-4.048820446941411319e+03
-4.049296298365225539e+03
-4.049315037270425819e+03
-4.048985612828337253e+03
-4.049327143867871200e+03
-4.048323048586659297e+03
-4.049190616369176951e+03
-4.048917714123510905e+03
-4.045851622583170865e+03
-4.049246899063165984e+03
-4.049227384928919491e+03
-4.049133132239514453e+03
-4.048602473178605578e+03
-4.049200778221501423e+03
-4.047983954230707241e+03
-4.048864087807372925e+03
-4.049132077282524278e+03
-4.047969159089548157e+03
-4.048706630781699459e+03
-4.047034359396801847e+03
-4.047532798053680835e+03
-4.047444964117386917e+03
-4.047254354975383194e+03
-4.049290703180345645e+03
-4.049055698914542518e+03
-4.048590035320947209e+03
-4.049073148164655322e+03
-4.049300923433250318e+03
-4.049156201815259010e+03
-4.049245817788436852e+03
-4.049147501678288791e+03
-4.049253835636789518e+03
-4.048714983096296692e+03
-4.046701597766865234e+03
-4.049264274152959842e+03
-4.047854172647015730e+03
-4.045644663002495690e+03
-4.046895988199888507e+03
-4.047622682612882272e+03
-4.048873954372033950e+03
-4.048868836024685152e+03
-4.043547908832100802e+03
-4.049039780656393305e+03
-4.049188200635828252e+03
-4.047979504238685877e+03
-4.049295322798075176e+03
-4.049195755629168161e+03
-4.049283602060587782e+03
-4.049284754570663608e+03
-4.046999975050151988e+03
-4.048701831844684421e+03
-4.049323177708005460e+03
-4.049322245752414801e+03
-4.049319070967234438e+03
-4.045832387778524208e+03
-4.049170724704253189e+03
-4.049257789416282776e+03
-4.048650890057388096e+03
-4.048600617779979984e+03
-4.049298851214435672e+03
-4.048991027361108991e+03
-4.048980883288761106e+03
-4.049264959890134378e+03
-4.048594108219058853e+03
-4.049276261850359333e+03
-4.048860288648100322e+03
-4.046964782028174341e+03
-4.049254914067680602e+03
-4.049235068020348990e+03
-4.049318527944003108e+03
-4.049283771155028262e+03
-4.048707262225259456e+03
-4.048517015257217281e+03
-4.047189365315539362e+03
-4.047101141911370632e+03
-4.047789406463981322e+03
-4.048941699807058285e+03
-4.048002401024068604e+03
-4.048543090578882584e+03
-4.046870902093867699e+03
-4.045790999738755545e+03
-4.048843366770850480e+03
-4.047808264785609026e+03
-4.049227146374162203e+03
-4.049306086454977958e+03
-4.048839366003235682e+03
-4.048842997903812829e+03
-4.048919647525526216e+03
-4.049287841818099878e+03
-4.049146784316029880e+03
-4.048760999210212503e+03
-4.048848501422978188e+03
-4.049326990935797767e+03
-4.049324008014864830e+03
-4.042999124252373349e+03
-4.047960828991822382e+03
-4.046786174375004521e+03
-4.048986504590850018e+03
-4.048788690466718890e+03
-4.049316879032957331e+03
-4.048257440973237863e+03
-4.049311146728245603e+03
-4.048419130071015388e+03
-4.049301847706458830e+03
-4.045468703860689857e+03
-4.049022934607715797e+03
-4.047968596910155156e+03
-4.046489581590487887e+03
-4.046610063723479470e+03
-4.048801274723853112e+03
-4.047142727535752329e+03
-4.049298969363794640e+03
-4.048276718939684997e+03
-4.047709679950900409e+03
-4.049076015911915420e+03
-4.049317171544836128e+03
-4.049161094233167205e+03
-4.048962162125391387e+03
-4.049293153630644611e+03
-4.046456020550646372e+03
-4.047673219703787709e+03
-4.049180046948548352e+03
-4.047428778605036314e+03
-4.049154164297283842e+03
-4.045471386472915583e+03
-4.047761514469526446e+03
-4.049327151143877927e+03
-4.049294529576673085e+03
-4.048865343531198050e+03
-4.049249822242493337e+03
-4.047718419535694011e+03
-4.046679326392892563e+03
-4.043032843308743850e+03
-4.049321093056771133e+03
-4.049007265709816238e+03
-4.049189282948158962e+03
-4.047958794455202224e+03
-4.049301323194304587e+03
-4.049303397535164549e+03
-4.049231259941066128e+03
-4.049239344978691406e+03
-4.049104871606123197e+03
-4.048441382412996063e+03
-4.049206196916806221e+03
-4.048854035126693816e+03
-4.049326839129822474e+03
-4.049306537800107890e+03
-4.047726938486032395e+03
-4.049226897502531301e+03
-4.049085069479073354e+03
-4.049197431682747265e+03
-4.049005443146363177e+03
-4.049319704743367311e+03
-4.049038715771134775e+03
-4.049228312546864345e+03
-4.047997553099557081e+03
-4.048211988151771038e+03
-4.046511869530752392e+03
-4.043684310229433777e+03
-4.048937994819013056e+03
-4.047513064805894828e+03
-4.049274244980883850e+03
-4.047262105180431718e+03
-4.049197393144362650e+03
-4.047844633029768374e+03
-4.048572314144213578e+03
-4.048843403086063972e+03
-4.048387029275363602e+03
-4.047330245547185768e+03
-4.049270709100166187e+03
-4.049140748242444261e+03
-4.049265578252037812e+03
-4.045398161399029959e+03
-4.049276443679901604e+03
-4.048837878472212651e+03
-4.048223143139747663e+03
-4.049290346700212467e+03
-4.048213075540645605e+03
-4.046192668491295080e+03
-4.049188984128995799e+03
-4.049255805132182559e+03
-4.048751708568511276e+03
-4.048961767138673167e+03
-4.049031500672193033e+03
-4.048699410809275832e+03
-4.048536690011610972e+03
-4.049322851375402934e+03
-4.049229292936153797e+03
-4.044008007513711163e+03
-4.049177774267221139e+03
-4.049207207428188667e+03
-4.049173473599828867e+03
-4.047923830489232387e+03
-4.049241658037606612e+03
-4.047975498925104603e+03
-4.048881319950713987e+03
-4.045435888040854934e+03
-4.049044576920779036e+03
-4.046385395138755939e+03
-4.049302611551246628e+03
-4.045767797851372961e+03
-4.049312181299942495e+03
-4.044732382427909670e+03
-4.047326485473524372e+03
-4.047410023313475449e+03
-4.048911645697712174e+03
-4.048525476366104158e+03
-4.048609009890572452e+03
-4.047885698199263516e+03
-4.047678734490835268e+03
-4.048737931200128969e+03
-4.048594832366870833e+03
-4.045372211253229580e+03
-4.048764449364835400e+03
-4.049109242815080052e+03
-4.045044257155087962e+03
-4.048756104906799919e+03
-4.043883195907335903e+03
-4.047670312625630686e+03
-4.045916122528808955e+03
-4.048959026953998546e+03
-4.047464008393174936e+03
-4.047946647006415787e+03
-4.049280541481296950e+03
-4.048741057277276923e+03
-4.049109154485233830e+03
-4.049196230772261515e+03
-4.047674706960029198e+03
-4.049327150846093900e+03
-4.049311868632385995e+03
-4.046293612400244911e+03
-4.049323222809417985e+03
-4.048442173664894653e+03
-4.049085451152638598e+03
-4.049014878407040214e+03
-4.047885942145881017e+03
-4.045741705300212288e+03
-4.049195106335762375e+03
-4.049321788765201745e+03
-4.049093495353935396e+03
-4.048123690352670565e+03
-4.048990139292601725e+03
-4.049081838345146025e+03
-4.047747524697846984e+03
-4.049294011297276938e+03
-4.048391864100993189e+03
-4.049210529325950574e+03
-4.049135615179652177e+03
-4.046670202425648768e+03
-4.049215521324423207e+03
-4.049265534734782705e+03
-4.048264886283292981e+03
-4.047008905742839488e+03
-4.048170462260064596e+03
-4.048317676466274861e+03
-4.049191517759111775e+03
-4.049288607807352037e+03
-4.048419666624805814e+03
-4.049249353836149112e+03
-4.046681419838007059e+03
-4.048463623735510737e+03
-4.043703632886509695e+03
-4.048122814006618228e+03
-4.047287623214498126e+03
-4.049310161081297338e+03
-4.049254757965175486e+03
-4.049237764411874196e+03
-4.049113866066314586e+03
-4.046386653856945941e+03
-4.049323631895038488e+03
-4.049237791690645281e+03
-4.049322930369573442e+03
-4.049314751010193959e+03
-4.048847828705055235e+03
-4.049271579746045063e+03
-4.049256106849609750e+03
-4.049323628482626646e+03
-4.046752910926796631e+03
-4.049149692759300706e+03
-4.048507765518437736e+03
-4.048860585351955251e+03
-4.049217578140225214e+03
-4.049325419116026751e+03
-4.049312561942406774e+03
-4.048894403043007060e+03
-4.049308215241800099e+03
-4.046347137267371636e+03
-4.049325590953771098e+03
-4.049231199050215764e+03
-4.049287600033743274e+03
-4.047350352480311813e+03
-4.049145122932061895e+03
-4.048288306613430905e+03
-4.049154147860966987e+03
-4.049222586925133328e+03
-4.048854527827108541e+03
-4.049297416343593341e+03
-4.047918295850694449e+03
-4.047428913233610729e+03
-4.048830533155853118e+03
-4.049189733536212771e+03
-4.049125631407371202e+03
-4.048134779128167338e+03
-4.049312474749262037e+03
-4.048533660033803244e+03
-4.049264903736229371e+03
-4.048263204401600433e+03
-4.048926630740766996e+03
-4.049316090553177219e+03
-4.046309111727307027e+03
-4.049319231522338669e+03
-4.049196443365118284e+03
-4.046162654950411707e+03
-4.047041070819331253e+03
-4.048253116150760889e+03
-4.044678014740578874e+03
-4.048600477258154569e+03
-4.049253067191094033e+03
-4.048938455345323746e+03
-4.049200824520797141e+03
-4.049318082183638580e+03
-4.046263307514301687e+03
-4.049211462252930687e+03
-4.047879198414873827e+03
-4.048856227152013162e+03
-4.049312726384041980e+03
-4.049300794871180187e+03
-4.048798486892299479e+03
-4.048809143090229554e+03
-4.049322032838062114e+03
-4.048989974791110399e+03
-4.044166950938573336e+03
-4.047229561271281000e+03
-4.046039981687114050e+03
-4.046243366149707072e+03
-4.048452679779800292e+03
-4.047794842922708995e+03
-4.048714200898487888e+03
-4.048559301215429059e+03
-4.049165458184053023e+03
-4.049113569020463729e+03
-4.048933902889389174e+03
-4.049209883396280929e+03
-4.049244890559982196e+03
-4.046896416565789877e+03
-4.047427484087716948e+03
-4.046304203572440201e+03
-4.048640769757116686e+03
-4.048375403277754231e+03
-4.049302422132203901e+03
-4.049276814107262453e+03
-4.049291503910176743e+03
-4.047825305495961402e+03
-4.049327119217576183e+03
-4.049305646251263624e+03
-4.048981833197351079e+03
-4.049325933851428999e+03
-4.049326623118929547e+03
-4.048696131204145786e+03
-4.045959173558835573e+03
-4.047333641603163414e+03
-4.048982254218259186e+03
-4.049322497249820117e+03
-4.048680583184434909e+03
-4.049092645413380069e+03
-4.049301121577046615e+03
-4.048891056405005656e+03
-4.048667035603196382e+03
-4.049278429697207685e+03
-4.045775862728055927e+03
-4.049095906825692509e+03
-4.049259044271451785e+03
-4.049251104572337681e+03
-4.048091638377818072e+03
-4.049239651577978748e+03
-4.048272207261300991e+03
-4.048560177558124451e+03
-4.049309980470061419e+03
-4.049005865619078577e+03
-4.049305288188842496e+03
-4.049319925464335029e+03
-4.047981923907242162e+03
-4.049132189653669229e+03
-4.048340713057319590e+03
-4.049060634908070824e+03
-4.046014046558962946e+03
-4.049181723025237716e+03
-4.049131283010236075e+03
-4.048479857551988061e+03
-4.049029091739861997e+03
-4.048736980942388072e+03
-4.049287999833089998e+03
-4.046018129357597900e+03
-4.049148566213299546e+03
-4.048323303696434778e+03
-4.048784308206102651e+03
-4.047334263808971173e+03
-4.049186077312680936e+03
-4.047427174999692397e+03
-4.044928504119713580e+03
-4.049315645797944853e+03
-4.049291378207130947e+03
-4.047176041297022948e+03
-4.049032016907102388e+03
-4.048602982117796273e+03
-4.048992123616280878e+03
-4.048236572161596087e+03
-4.049036072959581361e+03
-4.045229528113815377e+03
-4.049104686618342384e+03
-4.047888142116705239e+03
-4.047742869975622853e+03
-4.049301436468300835e+03
-4.048457288123291164e+03
-4.049244078713134513e+03
-4.048461310117998892e+03
-4.049158192500407495e+03
-4.048566469672244693e+03
-4.049194852538079431e+03
-4.047598703152861617e+03
-4.049140612800635608e+03
-4.048832630814007643e+03
-4.049322247920063546e+03
-4.048785584464619205e+03
-4.045954305706064588e+03
-4.049177461440965999e+03
-4.049094231871919419e+03
-4.049307319668422679e+03
-4.049143058997731714e+03
-4.048656560770553824e+03
-4.048959718920842533e+03
-4.049322527522523160e+03
-4.048955925128572289e+03
-4.048320502469682651e+03
-4.047432819239322271e+03
-4.048930264187663852e+03
-4.049286166193329336e+03
-4.049301985122352562e+03
-4.049211807073092587e+03
-4.049280232975145736e+03
-4.043736500640246049e+03
-4.047712052702304845e+03
-4.048077129865841016e+03
-4.048049031748125344e+03
-4.048859285532318609e+03
-4.048466492336501688e+03
-4.048058533160626212e+03
-4.049314333935327795e+03
-4.045619991866833516e+03
-4.049325548707261078e+03
-4.049299234290060667e+03
-4.041967866813692581e+03
-4.049191348249364637e+03
-4.049327152342910267e+03
-4.048857548995295474e+03
-4.048547162183317596e+03
-4.048950111416368600e+03
-4.048712931817245135e+03
-4.049326240464911734e+03
-4.048558618707773348e+03
-4.048089077240863389e+03
-4.049195353821869048e+03
-4.048306531200811150e+03
-4.049214531890543640e+03
-4.048995193036068486e+03
-4.048547917458775373e+03
-4.048725198617702063e+03
-4.048744430284179543e+03
-4.047617830514283014e+03
-4.047962672124124765e+03
-4.047275423506840980e+03
-4.048836252787938975e+03
-4.048498858759280665e+03
-4.048799998568739284e+03
-4.049326264095097031e+03
-4.048873441858178467e+03
-4.049156795401386262e+03
-4.049288961331253176e+03
-4.048406937020606620e+03
-4.047233156686474103e+03
-4.048837270836279004e+03
-4.047957481571990684e+03
-4.044101877449718813e+03
-4.049188550643674716e+03
-4.048606988268056739e+03
-4.049240705767865620e+03
-4.049227296932243007e+03
-4.049318537499339527e+03
-4.049096847709133726e+03
-4.049138198655483393e+03
-4.048903398256706168e+03
-4.049122466485751829e+03
-4.049106039279461584e+03
-4.048850405636267169e+03
-4.049232601951107881e+03
-4.048416046457457014e+03
-4.049255664138657721e+03
-4.048686899925648504e+03
-4.048911976805219638e+03
-4.049296123591609103e+03
-4.046153475435758082e+03
-4.049304386825160691e+03
-4.048413501439217725e+03
-4.049175441920583125e+03
-4.048120375430637978e+03
-4.048747372892406020e+03
-4.044195356933859330e+03
-4.048857661642826315e+03
-4.045776212905265311e+03
-4.048761108685174349e+03
-4.049050906063608636e+03
-4.048548548661476616e+03
-4.048215936290871468e+03
-4.048854179696755182e+03
-4.049271715439212585e+03
-4.047872299661883517e+03
-4.044385124104954230e+03
-4.049327028358450661e+03
-4.047719907355753548e+03
-4.043778968040114705e+03
-4.048133739614685510e+03
-4.049207081773610298e+03
-4.049320875059143873e+03
-4.049014163082525101e+03
-4.049237209047960278e+03
-4.048007762532759443e+03
-4.048374643913538875e+03
-4.049034562410965009e+03
-4.049178489971669023e+03
-4.049310172945622071e+03
-4.047891646015589686e+03
-4.048980838506064174e+03
-4.046881934067776456e+03
-4.048711796384213812e+03
-4.048796347566015356e+03
-4.049323586854602127e+03
-4.048031763071441219e+03
-4.048797401355621332e+03
-4.048898210346065298e+03
-4.048238531346302807e+03
-4.047875601696206104e+03
-4.048092103772441533e+03
-4.048482415269820649e+03
-4.049311866401223597e+03
-4.044416731518530923e+03
-4.044501404865901350e+03
-4.049308631944253648e+03
-4.049326619730854873e+03
-4.047928881938230006e+03
-4.048006502731612272e+03
-4.049208395224304240e+03
-4.046410314257783739e+03
-4.049081633042655994e+03
-4.049227492879386318e+03
-4.049317689510046876e+03
-4.049253801107756317e+03
-4.047874069561032229e+03
-4.047029815258663803e+03
-4.048832889585770772e+03
-4.048843561934300396e+03
-4.047360020577053547e+03
-4.049304446948167879e+03
-4.049034108897504666e+03
-4.047950400096945032e+03
-4.043525656386407718e+03
-4.049157749584794601e+03
-4.049238123379580429e+03
-4.049154594680128866e+03
-4.049097250392661863e+03
-4.049255484944655564e+03
-4.048947380360028546e+03
-4.049142438353936996e+03
-4.047063070962884012e+03
-4.048979493862681466e+03
-4.049100467618724906e+03
-4.048843957131429306e+03
-4.049316553937911522e+03
-4.048216299129869185e+03
-4.047557671069387197e+03
-4.046012406835681304e+03
-4.048740036838881224e+03
-4.049259973976526908e+03
-4.047474278252376280e+03
-4.049322306748932533e+03
-4.044058231061874267e+03
-4.049220071091397585e+03
-4.049313089484246120e+03
-4.048842103342657538e+03
-4.049250045140487146e+03
-4.047926044123527845e+03
-4.049258926720389354e+03
-4.049305409248904198e+03
-4.047678743407917864e+03
-4.049232142136432685e+03
-4.047645219451984303e+03
-4.049326057716124524e+03
-4.049319124141663906e+03
-4.049035837356100274e+03
-4.048603222267063757e+03
-4.048855491890786197e+03
-4.048584666638212184e+03
-4.047229962880531730e+03
-4.049085225899008947e+03
-4.049063834107084404e+03
-4.047933016900321491e+03
-4.046960053479361704e+03
-4.049264976207809013e+03
-4.048756617045422445e+03
-4.048328146259538698e+03
-4.047808164614181806e+03
-4.048714353929981371e+03
-4.048218977703283599e+03
-4.049303239439967001e+03
-4.048939247610832354e+03
-4.049327060385820914e+03
-4.048073268818732231e+03
-4.049243561503815727e+03
-4.048401449501694060e+03
-4.049015904909214896e+03
-4.049131126936684268e+03
-4.049316601779191387e+03
-4.045952029752940689e+03
-4.048823501718119132e+03
-4.048273011056701307e+03
-4.048923718031182034e+03
-4.047813323049686460e+03
-4.046542713775308584e+03
-4.048821377994217528e+03
-4.049109558746864877e+03
-4.048434409192741441e+03
-4.049248231906757155e+03
-4.043967015467776491e+03
-4.048705796497961273e+03
-4.048973282601401479e+03
-4.048697938862510455e+03
-4.047059608160204334e+03
-4.045853380347813982e+03
-4.049258548468151275e+03
-4.049123141101112651e+03
-4.049262208845055284e+03
-4.049188971639756801e+03
-4.049257576673122458e+03
-4.047836544605122526e+03
-4.047477998065346128e+03
-4.048837585366558415e+03
-4.049191394606988979e+03
-4.047424080033409155e+03
-4.048787144381291000e+03
-4.049070177628519559e+03
-4.047497489309315824e+03
-4.048129189832031443e+03
-4.049246788087713867e+03
-4.049205584964121044e+03
-4.048648365789195395e+03
-4.047893178875043304e+03
-4.048908006377690072e+03
-4.045790711946280226e+03
-4.048130522822354578e+03
-4.046822838363777919e+03
-4.048941557176046445e+03
-4.049292473256628909e+03
-4.048957240975822060e+03
-4.049060231959519570e+03
-4.049154491036596028e+03
-4.048201354116194125e+03
-4.049324629139818171e+03
-4.048218701240417431e+03
-4.048305615867616325e+03
-4.049139414400763599e+03
-4.049207849665091089e+03
-4.047203553808900324e+03
-4.048436235393515744e+03
-4.049201192263504254e+03
-4.048995673955339498e+03
-4.049160240037334006e+03
-4.049235173170749476e+03
-4.048552925207310182e+03
-4.048674968427406384e+03
-4.049315301941328471e+03
-4.048610028059216347e+03
-4.043631760917036445e+03
-4.044285776824577624e+03
-4.048587215515990920e+03
-4.048402114476743918e+03
-4.048688638438761700e+03
-4.048821092098559802e+03
-4.048801058709405424e+03
-4.049156855216858730e+03
-4.048235060664508637e+03
-4.048705132134602536e+03
-4.048412675539688280e+03
-4.049267933641867785e+03
-4.049241662010885193e+03
-4.047176957580534690e+03
-4.044716307615564347e+03
-4.049054355024961296e+03
-4.048269173456668796e+03
-4.049198407584437973e+03
-4.042874343011809287e+03
-4.046952037239922902e+03
-4.049014782801236834e+03
-4.047123795813726247e+03
-4.048773481288062612e+03
-4.048958455951406449e+03
-4.047012665569746332e+03
-4.049196204710308848e+03
-4.047532257247909911e+03
-4.049150071285363083e+03
-4.049151184245677086e+03
-4.049107041343745550e+03
-4.048787467135093266e+03
-4.049209586790331741e+03
-4.046322313021430546e+03
-4.049121902043334103e+03
-4.049111691939492630e+03
-4.046796783903119376e+03
-4.049324532602102408e+03
-4.047675185777240586e+03
-4.049317386161792456e+03
-4.049229652998444180e+03
-4.048716259445250216e+03
-4.046114693983021880e+03
-4.049069003411756057e+03
-4.049105085112056258e+03
-4.049325132182729249e+03
-4.048067254454551858e+03
-4.048138682468525985e+03
-4.049263364649817049e+03
-4.048033354396608502e+03
-4.048081785675760329e+03
-4.048591828255781365e+03
-4.049065323807110872e+03
-4.048112523522501760e+03
-4.044385045821344647e+03
-4.048911198457874434e+03
-4.049306629837431046e+03
-4.048227561950608560e+03
-4.046776829691566945e+03
-4.043843156756230201e+03
-4.048755786969312794e+03
-4.048515416550967075e+03
-4.049198081449832898e+03
-4.049320424648552944e+03
-4.048322737693283671e+03
-4.049317825843043465e+03
-4.048754622154842764e+03
-4.048726946933676118e+03
-4.047033407550594347e+03
-4.049309322880405034e+03
-4.048653711654035760e+03
-4.048954743693690943e+03
-4.049188787005873564e+03
-4.049234298818870229e+03
-4.049274945882175416e+03
-4.049101438058230997e+03
-4.049157628761576234e+03
-4.049293581687376900e+03
-4.049258040589970733e+03
-4.047678766492364957e+03
-4.049294612336401769e+03
-4.049016709501642254e+03
-4.049237903285057655e+03
-4.048932254606095739e+03
-4.049189700090349561e+03
-4.048540115555449120e+03
-4.048735053282011449e+03
-4.048015047109917759e+03
-4.049282217771084561e+03
-4.049047384117117417e+03
-4.049314946170053190e+03
-4.049147350500594257e+03
-4.048868347071183052e+03
-4.048970206937355670e+03
-4.048975784956915959e+03
-4.049267503480778487e+03
-4.047405220642486711e+03
-4.049326051090514738e+03
-4.049034081214158959e+03
-4.049232730158332288e+03
-4.049313515431999349e+03
-4.048879137110094689e+03
-4.048578728958321790e+03
-4.048097910600649811e+03
-4.047890940913044233e+03
-4.049260092036754031e+03
-4.049290010663899011e+03
-4.039400896660208673e+03
-4.049294596214210742e+03
-4.049311355004292636e+03
-4.048760114366277776e+03
-4.049209280711968859e+03
-4.048870824462228484e+03
-4.047244198863576457e+03
-4.049129481666176616e+03
-4.048205462770129543e+03
-4.048957265487696532e+03
-4.049173090865261656e+03
-4.045619314311657490e+03
-4.047712303022735796e+03
-4.048172756340617525e+03
-4.048595771890435572e+03
-4.048119543459225497e+03
-4.049308064981266398e+03
-4.048615371537761803e+03
-4.047628574051940632e+03
-4.047244285155142279e+03
-4.047872231170610576e+03
-4.049327115258481172e+03
-4.048895832423180764e+03
-4.048435973384036515e+03
-4.048898451632740944e+03
-4.048575655104617908e+03
-4.048274516183672404e+03
-4.047767403099041076e+03
-4.049309843648148217e+03
-4.047434876735390844e+03
-4.038449256810243241e+03
-4.044459211053569561e+03
-4.048452872463856238e+03
-4.049010147210124160e+03
-4.048129759992067193e+03
-4.049287144289424305e+03
-4.048912938283080621e+03
-4.046909690880574090e+03
-4.048263501485557754e+03
-4.049075461188721420e+03
-4.048269312435504617e+03
-4.048896465909906965e+03
-4.047052311552839456e+03
-4.048533710763934323e+03
-4.047418019468649618e+03
-4.049110197266169962e+03
-4.048360932314564252e+03
-4.049086689907979235e+03
-4.048476181846137479e+03
-4.048041710732622505e+03
-4.044691198857696236e+03
-4.048774031046131768e+03
-4.049324939595667274e+03
-4.046023228441656101e+03
-4.048606956730448474e+03
-4.049124551604373210e+03
-4.048687943695455033e+03
-4.046478461750410133e+03
-4.049125556630537631e+03
-4.047140977040259713e+03
-4.049286134569863862e+03
-4.049272698498370119e+03
-4.048941753145960320e+03
-4.047636586778061883e+03
-4.048524548211326874e+03
-4.049019777761462592e+03
-4.049078120672424575e+03
-4.043623805353568059e+03
-4.049237911579815318e+03
-4.049197042862765102e+03
-4.047943828427341032e+03
-4.049201722572033759e+03
-4.048145075935833120e+03
-4.046511179953134160e+03
-4.048516477675452734e+03
-4.048752579236363999e+03
-4.048717633784495320e+03
-4.049135326175864520e+03
-4.049323007216828046e+03
-4.043814495910620280e+03
-4.049326819046519631e+03
-4.048217759505653248e+03
-4.049216938591499456e+03
-4.047260056690572128e+03
-4.045890305296227325e+03
-4.046605129477409719e+03
-4.048937003446127619e+03
-4.047080579946240505e+03
-4.049214385368953572e+03
-4.044491400520121260e+03
-4.048803544254733879e+03
-4.049287254080864386e+03
-4.049243223085337377e+03
-4.048003878959731992e+03
-4.048411458902885443e+03
-4.048882699027781655e+03
-4.048346705251452477e+03
-4.049233719050970649e+03
-4.049069441591677787e+03
-4.049322386004307646e+03
-4.049153647334773723e+03
-4.047834114313206555e+03
-4.047679562575866385e+03
-4.049256872454593577e+03
-4.049087323096066939e+03
-4.046830370302955544e+03
-4.049323089337930469e+03
-4.049242786169433202e+03
-4.048631417750078981e+03
-4.049307581371081596e+03
-4.049314225891231217e+03
-4.049143578924478788e+03
-4.049070572100054051e+03
-4.048959950579577708e+03
-4.048283530393345700e+03
-4.049276337708352912e+03
-4.046551274286797707e+03
-4.049293460186097491e+03
-4.047809599938516840e+03
-4.047462285037946913e+03
-4.049093006672962474e+03
-4.049326345838921952e+03
-4.048493408183429892e+03
-4.047588066544024514e+03
-4.049089082039035929e+03
-4.048955272042754586e+03
-4.049305962463756259e+03
-4.047108014540089243e+03
-4.049287202615884780e+03
-4.049323120351417856e+03
-4.048938806197286340e+03
-4.049105879895148519e+03
-4.049298482087059710e+03
-4.044614414597123414e+03
-4.048589175968221753e+03
-4.048596139420686086e+03
-4.048957423506247778e+03
-4.046042865832773714e+03
-4.042661166997658711e+03
-4.048663166820573679e+03
-4.049310587157693590e+03
-4.048643231180557905e+03
-4.049037822912762294e+03
-4.048572931221314775e+03
-4.047729341882576591e+03
-4.047733840058284841e+03
-4.048742554497895071e+03
-4.048878233659852413e+03
-4.049147840789883503e+03
-4.049222480328162419e+03
-4.048928643549090339e+03
-4.048957931906007616e+03
-4.049323799487274300e+03
-4.049247424796672021e+03
-4.048709776293893810e+03
-4.046998445929123136e+03
-4.049039070972084573e+03
-4.049318036892051168e+03
-4.048401127656837616e+03
-4.049316672334217856e+03
-4.049097747475315373e+03
-4.049219340194709730e+03
-4.049312652027139393e+03
-4.046812259105041448e+03
-4.047913548357291347e+03
-4.046612616395089390e+03
-4.048334631594240818e+03
-4.048857145214135016e+03
-4.044880641497716169e+03
-4.047611815014746298e+03
-4.048524925243933012e+03
-4.049283485580700017e+03
-4.047533751820732050e+03
-4.048646748090522578e+03
-4.048023199417522846e+03
-4.047867366913043497e+03
-4.049297435064464480e+03
-4.048566417074509445e+03
-4.046198539361002531e+03
-4.048658997284922407e+03
-4.049176623948992528e+03
-4.049132288147340660e+03
-4.049318495025482662e+03
-4.049318962187440775e+03
-4.049011909865755115e+03
-4.048058000703283142e+03
-4.049136965072619205e+03
-4.049047107704849623e+03
-4.048617830720595066e+03
-4.049325844482063530e+03
-4.049176890749250560e+03
-4.048644547987293208e+03
-4.049281194805651467e+03
-4.046504482871833716e+03
-4.041650538673182837e+03
-4.049306482087155018e+03
-4.046509683970003607e+03
-4.048839877998173961e+03
-4.049300345455038951e+03
-4.049323214850757267e+03
-4.048587394909792692e+03
-4.048255079009553810e+03
-4.049227466975080006e+03
-4.049152064110218362e+03
-4.048752901492629007e+03
-4.048860259845929249e+03
-4.049136064107206948e+03
-4.046876795060418317e+03
-4.048040850091726497e+03
-4.048950817694660145e+03
-4.048314764542024477e+03
-4.047487250569067328e+03
-4.048410250228498626e+03
-4.048880694013205357e+03
-4.048032620106637751e+03
-4.049042685547795372e+03
-4.049323979696440347e+03
-4.049110695122716606e+03
-4.049327027447528053e+03
-4.049145856341357558e+03
-4.048732315247793849e+03
-4.049195494932327620e+03
-4.048531043644369220e+03
-4.048404075050439587e+03
-4.048525380507519912e+03
-4.048469508880093599e+03
-4.046781588823586844e+03
-4.048290766992089630e+03
-4.049278185264538479e+03
-4.048598615248484293e+03
-4.042568574585100123e+03
-4.049257694921490838e+03
-4.047416947063764383e+03
-4.046754402238895182e+03
-4.047879088877893537e+03
-4.049299581266538553e+03
-4.045233574755017344e+03
-4.047748126477164988e+03
-4.048959803545145860e+03
-4.049216728376474293e+03
-4.049325889154661127e+03
-4.049282743648482210e+03
-4.049270375727655846e+03
-4.048289066481080226e+03
-4.049259687591466900e+03
-4.048894310952584419e+03
-4.049316102154215059e+03
-4.047903990269503993e+03
-4.049155978880493421e+03
-4.048536820481955147e+03
-4.048507174594331445e+03
-4.049015734550905108e+03
-4.049172392956761541e+03
-4.049155333212175719e+03
-4.049283023099687398e+03
-4.047237047424341654e+03
-4.047985360958708952e+03
-4.048788143734071582e+03
-4.046456999947949953e+03
-4.047565664801186358e+03
-4.049245658762768926e+03
-4.047909062686525431e+03
-4.049293612111229777e+03
-4.049308072093415831e+03
-4.049319325328734976e+03
-4.049012688563348092e+03
-4.047242751485411645e+03
-4.048326797937516858e+03
-4.048913179030331321e+03
-4.047775828396625457e+03
-4.049306969995247528e+03
-4.047876652131490573e+03
-4.049041819236859737e+03
-4.048783294441174348e+03
-4.047195086310109218e+03
-4.049106556385735530e+03
-4.047978506460085100e+03
-4.048589031305958088e+03
-4.048991331999631257e+03
-4.045861350756891170e+03
-4.049012906802942325e+03
-4.049174320890738272e+03
-4.043416548906556272e+03
-4.049327156373060006e+03
-4.049190151678909388e+03
-4.047037582992978969e+03
-4.047835445931877985e+03
-4.049327073436234969e+03
-4.048984691471124279e+03
-4.047743851810841988e+03
-4.048239171980865649e+03
-4.046749445834731887e+03
-4.049227763381167279e+03
-4.049220162728220203e+03
-4.049320353678717765e+03
-4.048997794105536741e+03
-4.045854520125689760e+03
-4.046901371177972123e+03
-4.045901476596575321e+03
-4.049199035312817159e+03
-4.048800471500185267e+03
-4.049287804834241797e+03
-4.049257802373871527e+03
-4.048995574342020518e+03
-4.045388565403016401e+03
-4.048113236334653720e+03
-4.049292735988529785e+03
-4.048741663548466931e+03
-4.045882653574515189e+03
-4.046242875098218519e+03
-4.048906621306303350e+03
-4.049228643415557599e+03
-4.046838710632473521e+03
-4.047832555683648479e+03
-4.042102047454201511e+03
-4.049140054034895002e+03
-4.045339622522803438e+03
-4.044610403232062708e+03
-4.049327144463048171e+03
-4.048391386660337503e+03
-4.048458203683487227e+03
-4.049248143671433354e+03
-4.048291050629513848e+03
-4.046235043323745231e+03
-4.048840962198166380e+03
-4.048424083312117091e+03
-4.049100315854889232e+03
-4.049047533071756334e+03
-4.049327144051385403e+03
-4.048921128031450280e+03
-4.047098055345936700e+03
-4.046509305698427852e+03
-4.049167842882003697e+03
-4.047874075380080285e+03
-4.046807923480925638e+03
-4.049321354268748564e+03
-4.048628368453010353e+03
-4.045675243241352291e+03
-4.049209276552056508e+03
-4.049017826467888426e+03
-4.047701914057595786e+03
-4.048786745759070072e+03
-4.049115579742561749e+03
-4.049155382369614017e+03
-4.049108368351300669e+03
-4.046812701935038604e+03
-4.046939903722920917e+03
-4.047984071451081036e+03
-4.048393330621611312e+03
-4.048867913843342649e+03
-4.048840772422922782e+03
-4.049045655741988867e+03
-4.049327054127136762e+03
-4.048973405571856347e+03
-4.048471131645645528e+03
-4.049300699088827059e+03
-4.048862643576555456e+03
-4.048874108343373791e+03
-4.049302505293735067e+03
-4.049061265695597285e+03
-4.049307240024190833e+03
-4.046503452805663073e+03
-4.048821427158422466e+03
-4.049173102784136972e+03
-4.049055703680610350e+03
-4.048232552933427996e+03
-4.048674195864924968e+03
-4.046307164789572198e+03
-4.048336079209588206e+03
-4.047685996924672509e+03
-4.049288071437367762e+03
-4.049279052567517283e+03
-4.049287365934565059e+03
-4.047765325216281781e+03
-4.048417552276410788e+03
-4.049031905065648061e+03
-4.049324735962591149e+03
-4.049311014348881145e+03
-4.048972334469740417e+03
-4.049300404879549205e+03
-4.049247547501218833e+03
-4.047984092970904385e+03
-4.048654127336714737e+03
-4.048959826269890073e+03
-4.047225361106599848e+03
-4.048255630763610498e+03
-4.048740539403614093e+03
-4.048434516532717225e+03
-4.048285637996525111e+03
-4.049098804940629179e+03
-4.048713005649510706e+03
-4.049214664036688646e+03
-4.049326427257838532e+03
-4.048773144050001520e+03
-4.048536034069140896e+03
-4.048784764651892601e+03
-4.048263179474432945e+03
-4.049311534011632375e+03
-4.049325834264753667e+03
-4.048778489436801465e+03
-4.049288472343173908e+03
-4.049107997534345486e+03
-4.049283224453777621e+03
-4.049125257227959537e+03
-4.048413601972586093e+03
-4.048563292031753008e+03
-4.049316685786100606e+03
-4.049184111235005730e+03
-4.046616868058414184e+03
-4.048433656864573095e+03
-4.048093597007172775e+03
-4.048664744653709022e+03
-4.049296729094146031e+03
-4.048581114114600496e+03
-4.048865533414112178e+03
-4.047657804859518365e+03
-4.049322005477109542e+03
-4.048988365731952854e+03
-4.048939207059544060e+03
-4.049318640894300188e+03
-4.049022343076976540e+03
-4.049293710163091419e+03
-4.044176415742304016e+03
-4.046259680482448857e+03
-4.048713567390365370e+03
-4.049296969711903330e+03
-4.049183776676646630e+03
-4.048435430925157561e+03
-4.049014402624601189e+03
-4.049156327524290646e+03
-4.049312409181678504e+03
-4.049205028985274112e+03
-4.049268911772265255e+03
-4.044481459747449662e+03
-4.048051026467120209e+03
-4.043267212691313489e+03
-4.049169227796969608e+03
-4.045568804959822955e+03
-4.049253756813566270e+03
-4.048754416471781042e+03
-4.047655294528847662e+03
-4.049073174363906674e+03
-4.049064136278536353e+03
-4.049295601697754591e+03
-4.049072538179310868e+03
-4.049286766164735127e+03
-4.049297744286983288e+03
-4.048425387416969443e+03
-4.049081128954369433e+03
-4.048944679930283201e+03
-4.049318509599395384e+03
-4.048485229695570524e+03
-4.048589451099799589e+03
-4.048836303706886611e+03
-4.049153918188673742e+03
-4.048038233040567775e+03
-4.049324054842745227e+03
-4.044366734214760527e+03
-4.049176302865495927e+03
-4.047082893116371906e+03
-4.049314292117209789e+03
-4.049021014890518927e+03
-4.048376371023470256e+03
-4.048592564644837694e+03
-4.049305716393487273e+03
-4.049317979021549945e+03
-4.047614385088706968e+03
-4.046954370444268079e+03
-4.047097464345831213e+03
-4.046772652723786905e+03
-4.048780381738662527e+03
-4.047723201374009477e+03
-4.049288671848376453e+03
-4.048670578326380564e+03
-4.045950339310754771e+03
-4.049317731314725279e+03
-4.048919897997668613e+03
-4.049297487006468145e+03
-4.049139226148579837e+03
-4.046964288882766596e+03
-4.049309390279624040e+03
-4.048548184254719672e+03
-4.049254147342294345e+03
-4.048971193612389470e+03
-4.049313396861844922e+03
-4.049257790576034949e+03
-4.049326720823517462e+03
-4.049239930312910019e+03
-4.049308407888710462e+03
-4.049200879990492467e+03
-4.048833309642306631e+03
-4.049318485503428747e+03
-4.049246281757764336e+03
-4.048720105037116809e+03
-4.049312482817296313e+03
-4.048809088100991175e+03
-4.044529285773500760e+03
-4.047525561254966760e+03
-4.049141379254008825e+03
-4.049008185613832211e+03
-4.046798359994068051e+03
-4.044800447625245852e+03
-4.045165100934957081e+03
-4.049220315575106724e+03
-4.047677930845640276e+03
-4.046657659972970578e+03
-4.048505594462212230e+03
-4.048990470901720983e+03
-4.048685317146700072e+03
-4.049292751622212563e+03
-4.046858591977550532e+03
-4.048786642132305133e+03
-4.049274265632837341e+03
-4.048758103410736112e+03
-4.049257973875258358e+03
-4.049318442743281139e+03
-4.047489284261395369e+03
-4.049239474493047965e+03
-4.048659853537355502e+03
-4.048390399541589431e+03
-4.046972335073551221e+03
