# Variable: A
# Sample shape: (2700,)
# Date: 2019-04-12 17:03:19.578509
1.206087005837148851e+01
1.298131903852155844e+01
1.350093056177520268e+01
1.227040520441769367e+01
1.193123956967465560e+01
1.280258367593599189e+01
1.243287380639967488e+01
1.258090721129123679e+01
1.342132871374524505e+01
1.280817298970659479e+01
1.153042159238166242e+01
1.307108794039395683e+01
1.260125380946274909e+01
1.269806073988114115e+01
1.317061791504970891e+01
1.212125284817909332e+01
1.350778001055038580e+01
1.236687261695417739e+01
1.261482592239292977e+01
1.272462978153826008e+01
1.258583542921824439e+01
1.175650625249755166e+01
1.332069680456292815e+01
1.233173847298237291e+01
1.279730879125207643e+01
1.297481133624140881e+01
1.204972639936816492e+01
1.203668597433897425e+01
1.290998512034277645e+01
1.285081165483219579e+01
1.223193575768078745e+01
1.200622967225143078e+01
1.242182504510091157e+01
1.277823375211359824e+01
1.244214371758582693e+01
1.228039883233842389e+01
1.258232727801794226e+01
1.230496027094372202e+01
1.263447005458189309e+01
1.259670055504856556e+01
1.263477578219842279e+01
1.244439694338642610e+01
1.274680527302014355e+01
1.298550598460439431e+01
1.276382886472642397e+01
1.296717789121595210e+01
1.229718651971208487e+01
1.258021609476935332e+01
1.325414067293614551e+01
1.252228992134392982e+01
1.235003507206813822e+01
1.277192494267727163e+01
1.253715653775419447e+01
1.320177480531915926e+01
1.295690259707962966e+01
1.157483656700376429e+01
1.227501167184361641e+01
1.260343931100113934e+01
1.293034742444205420e+01
1.358179949853922253e+01
1.254084981637438112e+01
1.204582175810084976e+01
1.199004768698696211e+01
1.222690487841438589e+01
1.285142730899005237e+01
1.183184802939423363e+01
1.241200330127838747e+01
1.210559684476434406e+01
1.266829755214463660e+01
1.222067294631559164e+01
1.332050143217003679e+01
1.186696837722265307e+01
1.271414516892987301e+01
1.323408320743093114e+01
1.271729310820202841e+01
1.204851261036159649e+01
1.290371548202676877e+01
1.291599912836460362e+01
1.193061256128220826e+01
1.185279815162761885e+01
1.320269833640787738e+01
1.275521329660435654e+01
1.290845343332800965e+01
1.351912686792824658e+01
1.282350959855969919e+01
1.222720126844983568e+01
1.290521318598525013e+01
1.232282520140848092e+01
1.259322613722932616e+01
1.287829236040482961e+01
1.255986989104695439e+01
1.266243748999992036e+01
1.331109587450238330e+01
1.297749003360219611e+01
1.253048927485077790e+01
1.242745728002939387e+01
1.203624585979511785e+01
1.408807783791353962e+01
1.216315997322639220e+01
1.261015801899921485e+01
1.230062317477615430e+01
1.341734855203463539e+01
1.291138101175532960e+01
1.337117796409842541e+01
1.297676498530559464e+01
1.359041241518862186e+01
1.261601616828828654e+01
1.355984760540747658e+01
1.279078720084557830e+01
1.137505315912960313e+01
1.228602542258926000e+01
1.200443847613686188e+01
1.303907129985770652e+01
1.266639751684406434e+01
1.267404291953238271e+01
1.254668669629098332e+01
1.312131567274452948e+01
1.315568867932438479e+01
1.228740098569502592e+01
1.328678532144006574e+01
1.284433350042104216e+01
1.236244242637762270e+01
1.262143188717213427e+01
1.292947761229085657e+01
1.334720144030787736e+01
1.247239194582269839e+01
1.265966411648399514e+01
1.258152578286194512e+01
1.260743930854036066e+01
1.321054277591785642e+01
1.269424269218393775e+01
1.282130907780760332e+01
1.204808002574241144e+01
1.245805984398819710e+01
1.240472185480328804e+01
1.296854515422391430e+01
1.229218077793583497e+01
1.212590648508952462e+01
1.239051885454309598e+01
1.295517059393480253e+01
1.279999817867373757e+01
1.294092327894934868e+01
1.237400522106775824e+01
1.280220107788500528e+01
1.341521916661082869e+01
1.238047938814371207e+01
1.152426451993124523e+01
1.229545146989706339e+01
1.283103451644798554e+01
1.205544398276006568e+01
1.259274308474184600e+01
1.291529142638263572e+01
1.240786777111399175e+01
1.234825249303656136e+01
1.204511678135966868e+01
1.276154562924046232e+01
1.282497819192410837e+01
1.243513017328868564e+01
1.221233784591520255e+01
1.270571956118793011e+01
1.266498550428518932e+01
1.269117916777177335e+01
1.270490327278432474e+01
1.362256496589909638e+01
1.235089745060161626e+01
1.224211207712457039e+01
1.284958670986853413e+01
1.256495665966473751e+01
1.307523228067656085e+01
1.209897089986336027e+01
1.183198730088093065e+01
1.308149696327829403e+01
1.205689587487317382e+01
1.284064949653891397e+01
1.325995915860455021e+01
1.266969809994317231e+01
1.253622506238276912e+01
1.176797772330411362e+01
1.330618440779555200e+01
1.277143670018068988e+01
1.207738654130977629e+01
1.282088502439729361e+01
1.276246600055899272e+01
1.231712191698188086e+01
1.322124810532012340e+01
1.272837228661377473e+01
1.178441018613522573e+01
1.303860388836726969e+01
1.270863014826233517e+01
1.183550936791645469e+01
1.309590093044546855e+01
1.293853020538536391e+01
1.212860591847502434e+01
1.235483819434478825e+01
1.270859202115788023e+01
1.133480269249799477e+01
1.215762776697603620e+01
1.215645338752689675e+01
1.216668982738572247e+01
1.252950030572381124e+01
1.263276586237633836e+01
1.320780768548518758e+01
1.244751002284595920e+01
1.246213644122028619e+01
1.271370346748825675e+01
1.334477316185789952e+01
1.288287849008375296e+01
1.300955349916930359e+01
1.261530840455676739e+01
1.300774944657912258e+01
1.235476582974384918e+01
1.186997263684476778e+01
1.262940868728403743e+01
1.314942966519435785e+01
1.341007668214821358e+01
1.300788734335664465e+01
1.344801790126104990e+01
1.230468681940746833e+01
1.267352551562011698e+01
1.212864069117913246e+01
1.208841465478162647e+01
1.225669292247018838e+01
1.179745118838562590e+01
1.247524392647452984e+01
1.295272939842833360e+01
1.331386541292998871e+01
1.283984623399982894e+01
1.238825599168757918e+01
1.271832007721028823e+01
1.211552794388378196e+01
1.253036682223906340e+01
1.259726428742266791e+01
1.268368853379161720e+01
1.302261513462489795e+01
1.296304572906368335e+01
1.305792676482204939e+01
1.306827419071696461e+01
1.174397283282639570e+01
1.254560552148596209e+01
1.268283283978808207e+01
1.262753464075684562e+01
1.273873974098845352e+01
1.295166308455872972e+01
1.209355421279373743e+01
1.271983200815872017e+01
1.219182194145454190e+01
1.289325972982049073e+01
1.319142816361185488e+01
1.302194309956815488e+01
1.241848130857875177e+01
1.319360538340621503e+01
1.268796006625988149e+01
1.254404392697702697e+01
1.236393122135347689e+01
1.151747722670615381e+01
1.232819809767025099e+01
1.223397586837061546e+01
1.219858196804667649e+01
1.263694567321535445e+01
1.248398467902589104e+01
1.293847858827102293e+01
1.248164031738423496e+01
1.305089473014632695e+01
1.184306514442662461e+01
1.230095857998342268e+01
1.314224273048650993e+01
1.257024749166402877e+01
1.285374064640091163e+01
1.255940357162977072e+01
1.321216381479197288e+01
1.247520972920378668e+01
1.225701672363931394e+01
1.271197058123405199e+01
1.302435825839953765e+01
1.232369136082288996e+01
1.222468548450444104e+01
1.248160742322867378e+01
1.297527907023027183e+01
1.275412970611527363e+01
1.266461796327854827e+01
1.212013174782597247e+01
1.274557924674517828e+01
1.231792305124051623e+01
1.236045626560515842e+01
1.303228514491501144e+01
1.264776730458917164e+01
1.214231368856635918e+01
1.270592335131255801e+01
1.301001373594223054e+01
1.208786312913775163e+01
1.209763405627120925e+01
1.195715001876803818e+01
1.200087602474672188e+01
1.226032519505219121e+01
1.274715014310074324e+01
1.312490987647890783e+01
1.213194483045578664e+01
1.221064643508628755e+01
1.313094994721373965e+01
1.213109100162295384e+01
1.272419881402481323e+01
1.258148183717988111e+01
1.288012821739398106e+01
1.254386388524079088e+01
1.292779308127200899e+01
1.215052726266868355e+01
1.248070205418351364e+01
1.262533318371377788e+01
1.352135767765407692e+01
1.265957679817908677e+01
1.259014479198666336e+01
1.205430789196113395e+01
1.286322499317853030e+01
1.264823921688948971e+01
1.245761138097308951e+01
1.306552033529648504e+01
1.206804332997264773e+01
1.238070453477545030e+01
1.257546576188745568e+01
1.260362735715302307e+01
1.174283229311775401e+01
1.234467616597292228e+01
1.291362753915568717e+01
1.237799314100275616e+01
1.246723041086731776e+01
1.296143128320678706e+01
1.321633871600202959e+01
1.301451508853570971e+01
1.270542577776457094e+01
1.238428925438203088e+01
1.187499974600446428e+01
1.223833682775489784e+01
1.218461925892206743e+01
1.304672304557991858e+01
1.213129963541007861e+01
1.302678817225971919e+01
1.241772338793790453e+01
1.247485089917025114e+01
1.311251371736943305e+01
1.360422680503059212e+01
1.218366341998596525e+01
1.236890898491759572e+01
1.275843749933473603e+01
1.319430122158905760e+01
1.251711131187384929e+01
1.307425291666380041e+01
1.262974601528804186e+01
1.281824366521035330e+01
1.211030587880253329e+01
1.272761957671693089e+01
1.340922788845562508e+01
1.262598955308892812e+01
1.236085058119660474e+01
1.216617223568847095e+01
1.260894098284796350e+01
1.271082178371320204e+01
1.249780099879286510e+01
1.203079599892964957e+01
1.275217903827206278e+01
1.251604244447751668e+01
1.261250350052197255e+01
1.230796056648292058e+01
1.293354848795057599e+01
1.218284160967077767e+01
1.206086065242618943e+01
1.222466651353448164e+01
1.383474945366193332e+01
1.290172862823633437e+01
1.185076514553882632e+01
1.249746175340818688e+01
1.270978622535426439e+01
1.197951375177753697e+01
1.175978192314780912e+01
1.348840981834640829e+01
1.253192381811039446e+01
1.314195727280588066e+01
1.230194152292814636e+01
1.184582876495202441e+01
1.323689600719567494e+01
1.215535149214408328e+01
1.233509660783948725e+01
1.239771397999804137e+01
1.338541740048437489e+01
1.267439434690572497e+01
1.256832579057786603e+01
1.237980315898439798e+01
1.344980608999279958e+01
1.330974676028594672e+01
1.265597968280197705e+01
1.123772256229685063e+01
1.267627865147895960e+01
1.217147623269925738e+01
1.285233441404587751e+01
1.228420767428234939e+01
1.319938964869046671e+01
1.269899413558273515e+01
1.314890683089627643e+01
1.159135722283315140e+01
1.314273443992348511e+01
1.244668531123540589e+01
1.334881047526330811e+01
1.298814516750788783e+01
1.202428142389426569e+01
1.260768378959926928e+01
1.236499504102891045e+01
1.206499095522237219e+01
1.215874625118440200e+01
1.324170399849802848e+01
1.271732816226659502e+01
1.251692424829002626e+01
1.159510115692619081e+01
1.317768324712068129e+01
1.280971104185925569e+01
1.258789996002897205e+01
1.264005549561405495e+01
1.214254621056968020e+01
1.258998758067640189e+01
1.216564844708192616e+01
1.284627978947507465e+01
1.361487572865096141e+01
1.332425275873334769e+01
1.280126085504108957e+01
1.333878310554399249e+01
1.233373054988994610e+01
1.206284885843817101e+01
1.338799581815848327e+01
1.257662535871371112e+01
1.265729154080492869e+01
1.263144263225242980e+01
1.243315929875320691e+01
1.247681093783702977e+01
1.148492708094727632e+01
1.249957498571836112e+01
1.239666635997569166e+01
1.320556806934685312e+01
1.255310159924231428e+01
1.237063695362578208e+01
1.303266266762980763e+01
1.239383779551941167e+01
1.289255691715409924e+01
1.280457434290328500e+01
1.256496112848894420e+01
1.197648539619603270e+01
1.317293310858863364e+01
1.195444729351781454e+01
1.241189597596637739e+01
1.293042742694659353e+01
1.298654372912182886e+01
1.219410107324108239e+01
1.278846839245797895e+01
1.303490639159785047e+01
1.248537120939043099e+01
1.256875993134985769e+01
1.204658911371921093e+01
1.307045495523808754e+01
1.199070069672203331e+01
1.193487170735862080e+01
1.251152834541361081e+01
1.361446734141636128e+01
1.306631149872763586e+01
1.349459142408615264e+01
1.338848544925998318e+01
1.279028890247223416e+01
1.229399046609570512e+01
1.280154606048785837e+01
1.271441530396325881e+01
1.255673891109309004e+01
1.252391967088258085e+01
1.313699663711276777e+01
1.228675716130537943e+01
1.289988221439295124e+01
1.252714170480754063e+01
1.254420463008832343e+01
1.255747271097200901e+01
1.305699615479307418e+01
1.261349026064642054e+01
1.228166622563083443e+01
1.278724855983415942e+01
1.216184476205939191e+01
1.253707728163440827e+01
1.246562869158564091e+01
1.229787186809557653e+01
1.344416950242784914e+01
1.231223295539205864e+01
1.253466553455486654e+01
1.276142677389985458e+01
1.344886944664715500e+01
1.294008281887715484e+01
1.293314496872940822e+01
1.226681468188938418e+01
1.294110968485755464e+01
1.295890820152841094e+01
1.214074698315654643e+01
1.289950507105365141e+01
1.246004034904180280e+01
1.289943136846965821e+01
1.283699550291733615e+01
1.168643813133573950e+01
1.294971869510326279e+01
1.206469600015981491e+01
1.186782112023658442e+01
1.203266475161050764e+01
1.289223241754783800e+01
1.201410131590691144e+01
1.304589699905771027e+01
1.246245869061022127e+01
1.221005666480698970e+01
1.295623564593515198e+01
1.296807698428026612e+01
1.267495487127195908e+01
1.245103923916001420e+01
1.255595761012178180e+01
1.261042651012353311e+01
1.209452570615033551e+01
1.185916838797611383e+01
1.361142574423619855e+01
1.277106255388263101e+01
1.251520515161754332e+01
1.294458528910897854e+01
1.359377267517179888e+01
1.248885685173477000e+01
1.236363014323603338e+01
1.336075558825099741e+01
1.242545945330305202e+01
1.297972241962349038e+01
1.265434099421024960e+01
1.347619710479621347e+01
1.290003233583916575e+01
1.305321321438407800e+01
1.191884625687887933e+01
1.205104141512552118e+01
1.315845860934812173e+01
1.299895569672891860e+01
1.300278375920800755e+01
1.285138084130524128e+01
1.149144546773264253e+01
1.208413887575442658e+01
1.278781186505682932e+01
1.219606223949788415e+01
1.331114866371097349e+01
1.309569290706843248e+01
1.299583791405231281e+01
1.268952581640699151e+01
1.262703576080050638e+01
1.249964796956432878e+01
1.256361690919825413e+01
1.255913561924359101e+01
1.207822930700862685e+01
1.251926986789594487e+01
1.317324316165578857e+01
1.248131921926372279e+01
1.241524744066993158e+01
1.329915117484299714e+01
1.316624881691796922e+01
1.207358665636723849e+01
1.255208078499877544e+01
1.300719056730496703e+01
1.218718128644116483e+01
1.278482932459778709e+01
1.297240940170451395e+01
1.276876769356630703e+01
1.364640265966412436e+01
1.247381089481164906e+01
1.195548529325353826e+01
1.243986994382848543e+01
1.279264425084969936e+01
1.202327622680907382e+01
1.299518568162928212e+01
1.279016748346335852e+01
1.229321577808709520e+01
1.277508241797820254e+01
1.293008449061825438e+01
1.271270302258390750e+01
1.310863901372383822e+01
1.255885478559470059e+01
1.276069471329456562e+01
1.203842286731919309e+01
1.305776444511765710e+01
1.325677562631896933e+01
1.280229304086740250e+01
1.251066188224628206e+01
1.268750232198173222e+01
1.215039762829240821e+01
1.218061893115068806e+01
1.206883267514738556e+01
1.274136956688672306e+01
1.275729278296732971e+01
1.221828983462392593e+01
1.317789015701024624e+01
1.311172508793619862e+01
1.279134168523726878e+01
1.377235120350374054e+01
1.256626070322936251e+01
1.314008148218585781e+01
1.239773562123602524e+01
1.198188559451222623e+01
1.256177253309503605e+01
1.294360632809861045e+01
1.228969231549699437e+01
1.214528636744847923e+01
1.142972023647743107e+01
1.278861844147007787e+01
1.249992347814637306e+01
1.298738206418759411e+01
1.303656475906252687e+01
1.353809029108468032e+01
1.141248890936459048e+01
1.300968618695426215e+01
1.206330642155972299e+01
1.199884447836099888e+01
1.293311674153735247e+01
1.208555424471823692e+01
1.287576652966681934e+01
1.209094676405698188e+01
1.286990985805805465e+01
1.224672699958885147e+01
1.344063904208521265e+01
1.262786822774410211e+01
1.294063193708661252e+01
1.303370709903564340e+01
1.337719022526694879e+01
1.210737757116019431e+01
1.238943492583929107e+01
1.281257685595084084e+01
1.233525425879285820e+01
1.339327402281490365e+01
1.202076449517111278e+01
1.258421808693980815e+01
1.297476991684433578e+01
1.284424001961702722e+01
1.190213632374640085e+01
1.275858467885311853e+01
1.229219135191643275e+01
1.328279723611416685e+01
1.240285696322346176e+01
1.248815585141906226e+01
1.252800296930675827e+01
1.268088395932293189e+01
1.262844476579034669e+01
1.226736293781721088e+01
1.302953410649203825e+01
1.258733394692309204e+01
1.268570815669469987e+01
1.219254003451163904e+01
1.178093215536924454e+01
1.294548234700794609e+01
1.212794535270081830e+01
1.286647850713881525e+01
1.314929243811276471e+01
1.197438493409558902e+01
1.244641798156811419e+01
1.282749101935430502e+01
1.227507092433512703e+01
1.311968516290707498e+01
1.311646698055858629e+01
1.237405835568077883e+01
1.252957296714725643e+01
1.308176881845781558e+01
1.176085084733826669e+01
1.268513477816454404e+01
1.276719154640298726e+01
1.230822869080322413e+01
1.198469498036773295e+01
1.231527502093253901e+01
1.235326961310994243e+01
1.223513231510264809e+01
1.284285856139955229e+01
1.246937116635440290e+01
1.266877425994134931e+01
1.268361055651166858e+01
1.299628037177389572e+01
1.210409235578629783e+01
1.324815202774794543e+01
1.344726209821151208e+01
1.289100558238112271e+01
1.339879915099752772e+01
1.248093690899093922e+01
1.283842243834705421e+01
1.172186340594111975e+01
1.254992258756678503e+01
1.234118776514089610e+01
1.261495972802254428e+01
1.320982302156030386e+01
1.276718706785218416e+01
1.272675200073070556e+01
1.136654733737236178e+01
1.333141516928115600e+01
1.271174723578986310e+01
1.216220562127800164e+01
1.205499601972324442e+01
1.266226938810201652e+01
1.198293562071270379e+01
1.262559440225373208e+01
1.264366360149757185e+01
1.310138432832031619e+01
1.226302907058984815e+01
1.267210113348605738e+01
1.294850744313379387e+01
1.274484416591024605e+01
1.324489211934748845e+01
1.241808181578170078e+01
1.257884834534141483e+01
1.253103781687486951e+01
1.157029888727726075e+01
1.192190487867800996e+01
1.262616874554848678e+01
1.283919485534406668e+01
1.249495407667720137e+01
1.279067648716481109e+01
1.263259423205336951e+01
1.228509328333851336e+01
1.266910774288009911e+01
1.293212398135303687e+01
1.236316933643543337e+01
1.353841728510657205e+01
1.255397915078088822e+01
1.346868332434159932e+01
1.294097765307353498e+01
1.238544332829812333e+01
1.247245632671494597e+01
1.245427136625898257e+01
1.188203890029878629e+01
1.306617580213678131e+01
1.288884151636956510e+01
1.337368926009807879e+01
1.296496813064295317e+01
1.168031766593127685e+01
1.217560788124782434e+01
1.315345201444211298e+01
1.226903913387029199e+01
1.317649423784417273e+01
1.280159331164317926e+01
1.265425789228280351e+01
1.265836266618215689e+01
1.345695699700396197e+01
1.272678211261462522e+01
1.330403333878701488e+01
1.235832194408975759e+01
1.321104574768492945e+01
1.186839258792106477e+01
1.244507348327399399e+01
1.263590705789539470e+01
1.215803820079499431e+01
1.260599161150330438e+01
1.216113647961710420e+01
1.301355040292235188e+01
1.363392267897029697e+01
1.181341397872746057e+01
1.267568394501594575e+01
1.240889227088371172e+01
1.264545397389751358e+01
1.269147734492674928e+01
1.276748258532128411e+01
1.267672695099370372e+01
1.171944241201538084e+01
1.214013558901756262e+01
1.195385745421289947e+01
1.258800036229096087e+01
1.267123695835246977e+01
1.259866973493341646e+01
1.200851605277076395e+01
1.286368944915119883e+01
1.256773764918947833e+01
1.200868481235271545e+01
1.295316497021263125e+01
1.276297456644723916e+01
1.208152776286884489e+01
1.227499789380384065e+01
1.223252150252322856e+01
1.205738431836822500e+01
1.272035723734312462e+01
1.222120046056182119e+01
1.277130624310390239e+01
1.263500315611116065e+01
1.341377754616385332e+01
1.312761255399721172e+01
1.241507688705031320e+01
1.268398708805165676e+01
1.243872377332530910e+01
1.176748179987723297e+01
1.203208772169042362e+01
1.244585294282495980e+01
1.258414322878576996e+01
1.198348074656087903e+01
1.251840809517427289e+01
1.300062536952795966e+01
1.302358609859030203e+01
1.327047263617522432e+01
1.335429453435446234e+01
1.247719562188200904e+01
1.203295572182708284e+01
1.204912712133049446e+01
1.258388981080684488e+01
1.248151849201193109e+01
1.298133859444115146e+01
1.334301319899035221e+01
1.285511151980908728e+01
1.336848309590675754e+01
1.284672548608189757e+01
1.288263309982718852e+01
1.243348280539355777e+01
1.237042979474922610e+01
1.244364575403607809e+01
1.243337562947638908e+01
1.319433619812364533e+01
1.214887337197453832e+01
1.214924289767680854e+01
1.201369374145630253e+01
1.247528138076037862e+01
1.281102458523738896e+01
1.345182177316791794e+01
1.254393033074345887e+01
1.167737468679635171e+01
1.283986946842466104e+01
1.263976814058454501e+01
1.226904194967296569e+01
1.268250683091981124e+01
1.215182991574044991e+01
1.233169971512556806e+01
1.224490058340742316e+01
1.294161222389237942e+01
1.241521951322253692e+01
1.232017648020879896e+01
1.204163243410017436e+01
1.182724009638043228e+01
1.217037144911023105e+01
1.248502458417247496e+01
1.209219297177473429e+01
1.329854471781298386e+01
1.247974422514237780e+01
1.223616041953583000e+01
1.258612614547037367e+01
1.210664005559214829e+01
1.246334405895455433e+01
1.212792232580190088e+01
1.222394963671737855e+01
1.192212962537342946e+01
1.248785901110829855e+01
1.218744112269891033e+01
1.247624426427238475e+01
1.344404731470738135e+01
1.270736760682064315e+01
1.297590382225420313e+01
1.264080173484937575e+01
1.251024264689365140e+01
1.122715113437010892e+01
1.231502191761653187e+01
1.259755064728633656e+01
1.261223350937240184e+01
1.228704714104208051e+01
1.285616562530385920e+01
1.249641653384525419e+01
1.274324248639520540e+01
1.184280573488743293e+01
1.222116190762667287e+01
1.254748036258181543e+01
1.190983998135245336e+01
1.235386060890854409e+01
1.305734307971658126e+01
1.298818979470566681e+01
1.235137048300368079e+01
1.228539143955570978e+01
1.295706434066120849e+01
1.316663161565532114e+01
1.331826252533189070e+01
1.303897559276396123e+01
1.318409428905948744e+01
1.231098624323825064e+01
1.231444185183988616e+01
1.206607567399247571e+01
1.271726614641458752e+01
1.289186705854676873e+01
1.276252578538745297e+01
1.370244106257781880e+01
1.181921719765185230e+01
1.283577678321616133e+01
1.236051748572569942e+01
1.295915865372126063e+01
1.225550864956778518e+01
1.235734610231386554e+01
1.252410065434854936e+01
1.223525319808076439e+01
1.293889703575852224e+01
1.239715381785241810e+01
1.296599560092626291e+01
1.256774962708338172e+01
1.201869542832801940e+01
1.198015517233946348e+01
1.354600377091662899e+01
1.236102153802836412e+01
1.270919759995431697e+01
1.227918027008503365e+01
1.232323237104637492e+01
1.223849203350482640e+01
1.244773635217213581e+01
1.328396887965895345e+01
1.254148667019191343e+01
1.226846837924240852e+01
1.319502727080412186e+01
1.260922476976931073e+01
1.186574958394473001e+01
1.248395056852703888e+01
1.206260441011060180e+01
1.261086311673698468e+01
1.258547653076525918e+01
1.260568355106269323e+01
1.213147897489097282e+01
1.256915860190016332e+01
1.320991332071082169e+01
1.199992384468190565e+01
1.330233567706429021e+01
1.276364082764894725e+01
1.255562513587203632e+01
1.302361394706348285e+01
1.219350766005509001e+01
1.247628697849242840e+01
1.322850082105821379e+01
1.266915940305235466e+01
1.261794641786734239e+01
1.266119389854072175e+01
1.204445473833820479e+01
1.184161092384244363e+01
1.255926392265395997e+01
1.270509379256244031e+01
1.344466070259652213e+01
1.223418755128210833e+01
1.222629155849816129e+01
1.301324655146062170e+01
1.256473446086108581e+01
1.334383619755835326e+01
1.235917922829646720e+01
1.260651673852868093e+01
1.280290744580113937e+01
1.293980567560764072e+01
1.326427852230134441e+01
1.273067510135137503e+01
1.169722176983428596e+01
1.181458840504433994e+01
1.271406792747386483e+01
1.214568615406769680e+01
1.217250078139539227e+01
1.298920576395955528e+01
1.322352690751153048e+01
1.253736016925249430e+01
1.305815606998422318e+01
1.310549669326490196e+01
1.214583582624645430e+01
1.256945823766855064e+01
1.313678078389148141e+01
1.283599108610874318e+01
1.283390868918711369e+01
1.292499169979523366e+01
1.291250726035917751e+01
1.194666511425108268e+01
1.226278693730307445e+01
1.234350941822844128e+01
1.287304417497952791e+01
1.260206098868010649e+01
1.278681165788197127e+01
1.242501275241162872e+01
1.264834563479648111e+01
1.358177018451915430e+01
1.281973100024515766e+01
1.207495618977428720e+01
1.294179868101299569e+01
1.249838681795939088e+01
1.310994204009660358e+01
1.293041851042141666e+01
1.235942318899450854e+01
1.269040037788097841e+01
1.337139515467369755e+01
1.263238078136171083e+01
1.241047404291323986e+01
1.271914235348793021e+01
1.287343601845188523e+01
1.272358970927762023e+01
1.284308551162476064e+01
1.280667179140458067e+01
1.287738102896595471e+01
1.296246819262731798e+01
1.261730132031149765e+01
1.202357605867362089e+01
1.281591626783209925e+01
1.227627385046989339e+01
1.308863067184962858e+01
1.253980917662209471e+01
1.127383978976120460e+01
1.214464544070158958e+01
1.223418110117761337e+01
1.248953602954897590e+01
1.246890775443893240e+01
1.322758169755559088e+01
1.319146657328682259e+01
1.314436566125545447e+01
1.298382611884332505e+01
1.188670030233981656e+01
1.287804080831657849e+01
1.239453874771230524e+01
1.355881127104035677e+01
1.198962634762944823e+01
1.216609967722732044e+01
1.324521156813240808e+01
1.185669053801988149e+01
1.235000580598068431e+01
1.284288072645957257e+01
1.272493345377109009e+01
1.243442043385489626e+01
1.324750187653329725e+01
1.254872376323338656e+01
1.277963250606904211e+01
1.274069846306468889e+01
1.322373751893201543e+01
1.304340455440624780e+01
1.340549027760324208e+01
1.285828816500339400e+01
1.289158232612503596e+01
1.199944816643809453e+01
1.313468127799069762e+01
1.239454144357626753e+01
1.223669027437868984e+01
1.169535895152818128e+01
1.249618912519485647e+01
1.220469115336994470e+01
1.208740650255538363e+01
1.325283706400439776e+01
1.258252388412600808e+01
1.259034082375694652e+01
1.278735249749743730e+01
1.268785867718145077e+01
1.201519107824721999e+01
1.338968251395672127e+01
1.381412047954894540e+01
1.205328647747115234e+01
1.226540991689435955e+01
1.246703731070777721e+01
1.250059962401446967e+01
1.262003416843538162e+01
1.274184276059443022e+01
1.218066351822655591e+01
1.223866188244533326e+01
1.207286264079348292e+01
1.250859622525571346e+01
1.221992858425170780e+01
1.238117898555459639e+01
1.284622286630846233e+01
1.238860375651965207e+01
1.207769834698154732e+01
1.233070204837198425e+01
1.278609836285178147e+01
1.286819664768012217e+01
1.264361417323932812e+01
1.248509521283850709e+01
1.237425802873908864e+01
1.287494854837646052e+01
1.289117742216556906e+01
1.354332475187263896e+01
1.224897283677212023e+01
1.263145156475668784e+01
1.296969201021721219e+01
1.295983077323516675e+01
1.290017998297236268e+01
1.313628878047891924e+01
1.284140381850030899e+01
1.254456182896618088e+01
1.302375529961871159e+01
1.286404235556750741e+01
1.330279985494486716e+01
1.308181898031938850e+01
1.213514265780443147e+01
1.275265482515544058e+01
1.156648123216188573e+01
1.224711879523346525e+01
1.275051163885077088e+01
1.227506833287773880e+01
1.226007662543106314e+01
1.242645639113548128e+01
1.282441342013154362e+01
1.324765249833188818e+01
1.273197197466520691e+01
1.271988870140348560e+01
1.255528319126224623e+01
1.309629971027762885e+01
1.343113481638053486e+01
1.222517254782727214e+01
1.181523357909482286e+01
1.324081176553910311e+01
1.225696901454244703e+01
1.123683688120740420e+01
1.208026015158016087e+01
1.184516028004757082e+01
1.285995033787354913e+01
1.244074419762764450e+01
1.336815353986157540e+01
1.282183987177369211e+01
1.208137688188486436e+01
1.240501108722181733e+01
1.297131717844846044e+01
1.305167314140279089e+01
1.230014502153701805e+01
1.271402301170142302e+01
1.315321361668563505e+01
1.243729151865221993e+01
1.264322984344278566e+01
1.281828530551935330e+01
1.199891858736719819e+01
1.176476220620163460e+01
1.238836297724462909e+01
1.304290270454588629e+01
1.322475998895488303e+01
1.316516484996852832e+01
1.161632687417751164e+01
1.226576185777184946e+01
1.353066623819712788e+01
1.204656405230239891e+01
1.231040527237920479e+01
1.274114872069182347e+01
1.269413078446803489e+01
1.264934150124765111e+01
1.266660371000427610e+01
1.246070714635248500e+01
1.214302661023238628e+01
1.255489940024427575e+01
1.313047958508889401e+01
1.184761443778826084e+01
1.281337679931417739e+01
1.183065168771084075e+01
1.266996907436620212e+01
1.304974540873179123e+01
1.230618444021004443e+01
1.278097409003352958e+01
1.260612865032158858e+01
1.197497129414594319e+01
1.183248149354179546e+01
1.268410602773763962e+01
1.289096365074816575e+01
1.338726141336141673e+01
1.186177944902170722e+01
1.328282922149129774e+01
1.177473370938867703e+01
1.250161613396027249e+01
1.430154407066530986e+01
1.233753429705637039e+01
1.217189333967202636e+01
1.310145313381114107e+01
1.326886645616589711e+01
1.291962077068115811e+01
1.213133543217396948e+01
1.312763255776912175e+01
1.151229055316986027e+01
1.316208538450221077e+01
1.293860932664325603e+01
1.291683524535340766e+01
1.275979016049218551e+01
1.229361903170301140e+01
1.221844033596656587e+01
1.275958575808899731e+01
1.271042143549919423e+01
1.181406666094874502e+01
1.226440345648838637e+01
1.249885302762095485e+01
1.267681875162554306e+01
1.224206244248270714e+01
1.245582900221434919e+01
1.320540148123877344e+01
1.290722729103426936e+01
1.273961301675725011e+01
1.279623378720240190e+01
1.334934412145709715e+01
1.217016765915805543e+01
1.239348168512198711e+01
1.247784785700693000e+01
1.209602330205532361e+01
1.157904758503101839e+01
1.260537710317169591e+01
1.237772311507734102e+01
1.263941779688865452e+01
1.194662345419708238e+01
1.250852163725988930e+01
1.301926118974380131e+01
1.219328490499115958e+01
1.249588920862875696e+01
1.263505384418655986e+01
1.170313659044881049e+01
1.260054722007926920e+01
1.285407791154278456e+01
1.344985438582557080e+01
1.337664312169525971e+01
1.224651585254886754e+01
1.348830614701240371e+01
1.310200130105763350e+01
1.319652375925598875e+01
1.286515452990670383e+01
1.304741627010764660e+01
1.264241122214255064e+01
1.316063865763859653e+01
1.245126996808510711e+01
1.287988901370887440e+01
1.213110981846917547e+01
1.377661176051979375e+01
1.328958908071385281e+01
1.228862315462549937e+01
1.209040956197773298e+01
1.328596448378138994e+01
1.249392784356852992e+01
1.222815946846450608e+01
1.282625852448929926e+01
1.226159825029497163e+01
1.202016643706514110e+01
1.259828789341735877e+01
1.252004333814135606e+01
1.318488063857915549e+01
1.268592122409565981e+01
1.269843021418914830e+01
1.275669240029554530e+01
1.341985229005019065e+01
1.264341506931405945e+01
1.181062242964383735e+01
1.332023413141908996e+01
1.285514154956512201e+01
1.255728484779688614e+01
1.240608848545882381e+01
1.217504638286562191e+01
1.224299647601475094e+01
1.234648880745979582e+01
1.335350701366576409e+01
1.284353669508349149e+01
1.228373742457190865e+01
1.209810348428450411e+01
1.202339107461706647e+01
1.271223232524704905e+01
1.221173226871630391e+01
1.302360384548978445e+01
1.251215332790879842e+01
1.171845433739565934e+01
1.245371549907421027e+01
1.225857201907629168e+01
1.306736463683605365e+01
1.256136478299868564e+01
1.293520295735540415e+01
1.259325409268725515e+01
1.330939050034526971e+01
1.221659208967639998e+01
1.220904854459045019e+01
1.275224939193400608e+01
1.215841130051661167e+01
1.248160091650602510e+01
1.319523625188979743e+01
1.234090581802197129e+01
1.179979404935853005e+01
1.296636371652618536e+01
1.271430857447367480e+01
1.307150989110591333e+01
1.401308131187829531e+01
1.269868068843960529e+01
1.253220952317791692e+01
1.246730103674267198e+01
1.240714817835649519e+01
1.185285670367309585e+01
1.271477227501161700e+01
1.215701634092421557e+01
1.291083619702665430e+01
1.253790903917488286e+01
1.337751013702030178e+01
1.181136663566277889e+01
1.280191947859731449e+01
1.208986334752287739e+01
1.299016450887825513e+01
1.284220855112728010e+01
1.224717390542875428e+01
1.159613259691994536e+01
1.294890183383364146e+01
1.375341249348476325e+01
1.252337288362052092e+01
1.290647992352336892e+01
1.337030180025747761e+01
1.288570307968994477e+01
1.273186263457825795e+01
1.223344135143369016e+01
1.252005890133563426e+01
1.261749223145534238e+01
1.285571988822936618e+01
1.228326049909668249e+01
1.212340899221134904e+01
1.262374118266339806e+01
1.244214839446799026e+01
1.218442488394553180e+01
1.192039617855487066e+01
1.337897507086808169e+01
1.248941310757583167e+01
1.270907096499608890e+01
1.257300742336823163e+01
1.218689132002557507e+01
1.200216588258115991e+01
1.265912720810307412e+01
1.258289858295041697e+01
1.289375689723645735e+01
1.309057188184628018e+01
1.187981341859154227e+01
1.265603104586813465e+01
1.240385686797696430e+01
1.246473978435091290e+01
1.186841103775918072e+01
1.244527300672213777e+01
1.264331956104916799e+01
1.251906546180063096e+01
1.198100129299994165e+01
1.254435332881033460e+01
1.259125436361662587e+01
1.220761349976462284e+01
1.334165012842380271e+01
1.305065279896507846e+01
1.211771780355413419e+01
1.241892920951178958e+01
1.243306946055058937e+01
1.200338947385231947e+01
1.252793073112642475e+01
1.311579144915327078e+01
1.322641833868417827e+01
1.240076733716360025e+01
1.312879856475806228e+01
1.201985938117035957e+01
1.288532268683357707e+01
1.257666279437242274e+01
1.255085496430876724e+01
1.298301172580850249e+01
1.253573079479502539e+01
1.210645403418885380e+01
1.234497723863442431e+01
1.371419636874904135e+01
1.226280655767452288e+01
1.228579786203690105e+01
1.310960970481936627e+01
1.267806653737671141e+01
1.256392232297674205e+01
1.235796465332372840e+01
1.227436982610545790e+01
1.342806787117778100e+01
1.278342550369156605e+01
1.226783845460008315e+01
1.298137253605909081e+01
1.217181505342723469e+01
1.307049921271194393e+01
1.211195239090129405e+01
1.364763527829468437e+01
1.214714797352765707e+01
1.138792262404329847e+01
1.282572631937463647e+01
1.322731878945680251e+01
1.302395554294344926e+01
1.297373073943745148e+01
1.279041813793309856e+01
1.329579385002529435e+01
1.192377811602188231e+01
1.262267224757130890e+01
1.193163799858199248e+01
1.156477089478921094e+01
1.131615384379122347e+01
1.202778539119191237e+01
1.300531746596457339e+01
1.174868739566903741e+01
1.220551507363505195e+01
1.256061593535876675e+01
1.242081559604123342e+01
1.201500970427203718e+01
1.182283405553093303e+01
1.283617100660534227e+01
1.271445789620605815e+01
1.195523972765635001e+01
1.254106292012371426e+01
1.313589585213851052e+01
1.286226559430343208e+01
1.227159794055368636e+01
1.273598802224058346e+01
1.303559497746094564e+01
1.225584888283051299e+01
1.330602506141129382e+01
1.209995787227838981e+01
1.342392698940093076e+01
1.187458609049779312e+01
1.261637764411262630e+01
1.253955397066656907e+01
1.250948665130832183e+01
1.249340252784857697e+01
1.320543162082087818e+01
1.229275916433615023e+01
1.264291849669846712e+01
1.233278537441674239e+01
1.249197828168126811e+01
1.246780574837200994e+01
1.277598804966595303e+01
1.272844947086422707e+01
1.265063570797447134e+01
1.236112064083416229e+01
1.287368124190640195e+01
1.261083899669452535e+01
1.258952017253904287e+01
1.260678580420338513e+01
1.207792730310966256e+01
1.316551346032176006e+01
1.260465340358040365e+01
1.222594876213061710e+01
1.296672834703493749e+01
1.234018820362212665e+01
1.289945039664005044e+01
1.277675236162805028e+01
1.237712741926324611e+01
1.225729459269598998e+01
1.294861209948364333e+01
1.200668688090643776e+01
1.267408150284267698e+01
1.248122856228324018e+01
1.230542019815675836e+01
1.325207071943126103e+01
1.339774491072714113e+01
1.287850401556849533e+01
1.261518125529439516e+01
1.298540304175890370e+01
1.255599267716541512e+01
1.210610640031124952e+01
1.243840688567692254e+01
1.251648239758785586e+01
1.229719889506321806e+01
1.237046817040957514e+01
1.267165518282956782e+01
1.229647464388202316e+01
1.261517389644067144e+01
1.207980048598556877e+01
1.222554742093526592e+01
1.335676853408036635e+01
1.232054582154392719e+01
1.332761989861453600e+01
1.295937452067003015e+01
1.240314623543069672e+01
1.181753661919723619e+01
1.213453750416049637e+01
1.159311850072346672e+01
1.349400650690027348e+01
1.236520132837290831e+01
1.230547361711287024e+01
1.236992476400559049e+01
1.324725508659549611e+01
1.281745524417139137e+01
1.302354067671487847e+01
1.227896698681495558e+01
1.257763038248791965e+01
1.301202884325575226e+01
1.220145517031764726e+01
1.257808809291089069e+01
1.240838225332813849e+01
1.205923709850453740e+01
1.248804278487521202e+01
1.260872290041717925e+01
1.302244649005062094e+01
1.190635548820476330e+01
1.341680242624963881e+01
1.277761157644593304e+01
1.246750073168303530e+01
1.301076316849865044e+01
1.221585895742803096e+01
1.257094054903731717e+01
1.283120928717149489e+01
1.214324330104787109e+01
1.197854057197814903e+01
1.331202477297663478e+01
1.235524758468253914e+01
1.227642697803417171e+01
1.257778047720680803e+01
1.230563132887407107e+01
1.343292036062755201e+01
1.268427358703610786e+01
1.223695130872321712e+01
1.171552784790677748e+01
1.334574697279944999e+01
1.212655216514491663e+01
1.229856804098340817e+01
1.374575349560898019e+01
1.283826829657478541e+01
1.315635542578972661e+01
1.172279660381365218e+01
1.346964981672451245e+01
1.260693709489753545e+01
1.310954926620796535e+01
1.213292699768483196e+01
1.262049448971469268e+01
1.237163396610274013e+01
1.298611492500795883e+01
1.202985329749386700e+01
1.299726869836656817e+01
1.269196085537891427e+01
1.334722992029868571e+01
1.190337517503648712e+01
1.237747151450430572e+01
1.326761245769134234e+01
1.249949636568842593e+01
1.306627363272622233e+01
1.257602251914371294e+01
1.256295943772890844e+01
1.268171657041273015e+01
1.278725673655805295e+01
1.324534652258785528e+01
1.255904538816166571e+01
1.312064237554640123e+01
1.256782327144054712e+01
1.249975367916193747e+01
1.255388773825371018e+01
1.231530910626039521e+01
1.249523207891675725e+01
1.165561293498925011e+01
1.263383777256030704e+01
1.231772060151900128e+01
1.203369205930287755e+01
1.233403679979684497e+01
1.385677187016164424e+01
1.217831605914220283e+01
1.293535100281839512e+01
1.192786794241953885e+01
1.249264528436525090e+01
1.310182415389991561e+01
1.202174163423405595e+01
1.299333500987747492e+01
1.255153397565596762e+01
1.309004041497486526e+01
1.268839139637604418e+01
1.292145417708605493e+01
1.222143726219053406e+01
1.234806550511200207e+01
1.231492132628539160e+01
1.298116187808635580e+01
1.317034702104877475e+01
1.227801923467873202e+01
1.204922261339959633e+01
1.207832034175231861e+01
1.266246420555364516e+01
1.204665769083269034e+01
1.224874330230123221e+01
1.309533210521852986e+01
1.268694248597049068e+01
1.300040371364934622e+01
1.277935841441758669e+01
1.248030403262569799e+01
1.287861671840162003e+01
1.307665580487956980e+01
1.313296631073888854e+01
1.290604753605148503e+01
1.272280398102697774e+01
1.269369418400938443e+01
1.272555023324246903e+01
1.278401820806768896e+01
1.215070386302455674e+01
1.350753642092295514e+01
1.265668824181728169e+01
1.313307679321692412e+01
1.216622808778435605e+01
1.252914210810956952e+01
1.271353176732780987e+01
1.281236521552864716e+01
1.315385922648574812e+01
1.195171270528934038e+01
1.167255233322397778e+01
1.282729746616495881e+01
1.230462654860470373e+01
1.241528155164002278e+01
1.328034538185069735e+01
1.278707857061003317e+01
1.247547181123520588e+01
1.298065467293139541e+01
1.293590964591452952e+01
1.264087502736947499e+01
1.274682709510280887e+01
1.253984375542578356e+01
1.264893305440081051e+01
1.194209156684567930e+01
1.245657332396991279e+01
1.321728533421769036e+01
1.269929260029851825e+01
1.237824638977752656e+01
1.197522873562363088e+01
1.259207648954558145e+01
1.228940986269167901e+01
1.276203460182272487e+01
1.249738263350512923e+01
1.250840132403255822e+01
1.226390090987736947e+01
1.205635544763740796e+01
1.284390181368531358e+01
1.351773644012507702e+01
1.330483431836300667e+01
1.263019310039154419e+01
1.288124993562786713e+01
1.260137102044768476e+01
1.290323437529192852e+01
1.239472755453493491e+01
1.294564059759283303e+01
1.337297283652574720e+01
1.251730273740716015e+01
1.204746250704132571e+01
1.246368218237329728e+01
1.307345230622498455e+01
1.241123848143440078e+01
1.256994584566837680e+01
1.282444703095099392e+01
1.259849050884358590e+01
1.237370351602592677e+01
1.185054007770043150e+01
1.157248959763158069e+01
1.208531346774120507e+01
1.220949528556755936e+01
1.237552785056579907e+01
1.205939602282825795e+01
1.241670684225349675e+01
1.238405293596169621e+01
1.265205422109870703e+01
1.315951356994181687e+01
1.243434090755768828e+01
1.261492091997549458e+01
1.408906082884354305e+01
1.313281147346069133e+01
1.273778262519985205e+01
1.262453275795483520e+01
1.292629626064245585e+01
1.262194964896365157e+01
1.253935283307195370e+01
1.322705889538343804e+01
1.241539417094311482e+01
1.205951576503666267e+01
1.289189473283104803e+01
1.233626138787676929e+01
1.227980012885046079e+01
1.193676290765021619e+01
1.257762448058984539e+01
1.149697643897300381e+01
1.269313012070347213e+01
1.257390783841936788e+01
1.258531949787889914e+01
1.254142959937684587e+01
1.224777944327661672e+01
1.319542878313024303e+01
1.321285953430701454e+01
1.249649159620643779e+01
1.309051357952087180e+01
1.226485477520767198e+01
1.301816091511726015e+01
1.231179121316495539e+01
1.276121637513306339e+01
1.224976603631422556e+01
1.275520668102815414e+01
1.220423284489055149e+01
1.293934330079520834e+01
1.273390969432356457e+01
1.251758029129121041e+01
1.236288197170675573e+01
1.221666556007175153e+01
1.249665468204239360e+01
1.250063212126443091e+01
1.186931535422383988e+01
1.367904861166170249e+01
1.238011650338720848e+01
1.255958024169358112e+01
1.259031952550544986e+01
1.265753648635479855e+01
1.255405991707281999e+01
1.220274771087668064e+01
1.200734865239549265e+01
1.243278628179893452e+01
1.201772288033646596e+01
1.254651461524818146e+01
1.272417033621332116e+01
1.293123458369625922e+01
1.274348045261788975e+01
1.284769712290381349e+01
1.260083680930954131e+01
1.216569386227424587e+01
1.281539400366650305e+01
1.251309084398810789e+01
1.236868513772181366e+01
1.209885976502175353e+01
1.145620761671871080e+01
1.258594666680355623e+01
1.229476617490642987e+01
1.185993974679576191e+01
1.223308211281239366e+01
1.308485824965677224e+01
1.279103799235894456e+01
1.194686933887408209e+01
1.300714550533055380e+01
1.240611142023055002e+01
1.310871228534663757e+01
1.305632156269218491e+01
1.263870603943582083e+01
1.240090125271526666e+01
1.245222984660994747e+01
1.246650711856196025e+01
1.299945725166145039e+01
1.280831364796674876e+01
1.286068735075188663e+01
1.209865231814250919e+01
1.149235233006010581e+01
1.228394618164623964e+01
1.247485262516187987e+01
1.308163301129077105e+01
1.253681241305702088e+01
1.249455626973304057e+01
1.179071603683890679e+01
1.240431735523236156e+01
1.249205304687622764e+01
1.227269911438863659e+01
1.301603824330653580e+01
1.257585756890306961e+01
1.256028153726866137e+01
1.232134603167577680e+01
1.181671222582153469e+01
1.208026232122087684e+01
1.307536597140298795e+01
1.289401753058400857e+01
1.204805195872038581e+01
1.272833292443139186e+01
1.310961107583881358e+01
1.356480489772152609e+01
1.213396968983311197e+01
1.286917502794720747e+01
1.228260389980032485e+01
1.271656880583663707e+01
1.304069455358133567e+01
1.212932946706825632e+01
1.280565868746824343e+01
1.278159261534254831e+01
1.281009852997673626e+01
1.205744482444771393e+01
1.215147372167739270e+01
1.361798669078467050e+01
1.322367889972228383e+01
1.208775492626423187e+01
1.265213632685190426e+01
1.286451042901279962e+01
1.236154755633730140e+01
1.268851101763537592e+01
1.205905583788447721e+01
1.210766960896069300e+01
1.211689133731612245e+01
1.236071194040097865e+01
1.247770008528866192e+01
1.296925489857241409e+01
1.224938447381247464e+01
1.143343005592011075e+01
1.289712954399538347e+01
1.324700169586686371e+01
1.260229802692698620e+01
1.302518377297124097e+01
1.264374024402847141e+01
1.237507812966482668e+01
1.276585272143129401e+01
1.219192601763249684e+01
1.254720358963190918e+01
1.279778886275975580e+01
1.263203637775352206e+01
1.228989236084506942e+01
1.260010488628752512e+01
1.241851727345738610e+01
1.192580757105355360e+01
1.211317562013903526e+01
1.323834995729357011e+01
1.247063042787023690e+01
1.274115750373388245e+01
1.227828077738936052e+01
1.237249381773491308e+01
1.278236524081862591e+01
1.288437294146446632e+01
1.278287620434635841e+01
1.259558959973383274e+01
1.214030232634872242e+01
1.253650986340749718e+01
1.290099037250055147e+01
1.244233659516487300e+01
1.292126068218217583e+01
1.280623377441190947e+01
1.233730652757832935e+01
1.244597471140514244e+01
1.287527036888988974e+01
1.225240520923521892e+01
1.214561724987242464e+01
1.286661392019728112e+01
1.266858646134419253e+01
1.288092767923017945e+01
1.293428066223975392e+01
1.276676806998887770e+01
1.287693085529049775e+01
1.254655453261401554e+01
1.255155864711345792e+01
1.265266634791761291e+01
1.286092409272153425e+01
1.293601476893493540e+01
1.156297918821045556e+01
1.299945671467130737e+01
1.196237087038507418e+01
1.288411098052896264e+01
1.266274866918974418e+01
1.317815379073825000e+01
1.203975202559447943e+01
1.260564016517940722e+01
1.316513037952971388e+01
1.311217008631144232e+01
1.257881640722076000e+01
1.239412036564757180e+01
1.086101985640992140e+01
1.243473871383967122e+01
1.273022294163156687e+01
1.319978458138240995e+01
1.204710427290372543e+01
1.194606480291772854e+01
1.182986941522075597e+01
1.241042399181866074e+01
1.275746078108184811e+01
1.301688316230540643e+01
1.195725331226816479e+01
1.191298251366021255e+01
1.368186898892365555e+01
1.296302117982616942e+01
1.245785032506703160e+01
1.263739266824751617e+01
1.254875543745867894e+01
1.329009367034402622e+01
1.243550740598795556e+01
1.275759734614124241e+01
1.257529442409845188e+01
1.327992800853493804e+01
1.270277823626042135e+01
1.241158474187544591e+01
1.311303410811407488e+01
1.237960401153849688e+01
1.328152848477763115e+01
1.299479309934210924e+01
1.236010982738072883e+01
1.215095545949563238e+01
1.297773421299404362e+01
1.299670387533953608e+01
1.186294473682198714e+01
1.175876171189473851e+01
1.298823992066452071e+01
1.276952105373014845e+01
1.271360110117718278e+01
1.281883656097934043e+01
1.304454925545324784e+01
1.191685213735384430e+01
1.280570991336011666e+01
1.241602392311721381e+01
1.217374540850736686e+01
1.216728398713897974e+01
1.188434523672379939e+01
1.275978380492962216e+01
1.226659398750330610e+01
1.248496365173864575e+01
1.246996670070284807e+01
1.261988509968741390e+01
1.248293729261119367e+01
1.251334336572500838e+01
1.270748347796401667e+01
1.302776845182892274e+01
1.274595762422759293e+01
1.315629832331635107e+01
1.271646295485481915e+01
1.232847688046254753e+01
1.230567310054237318e+01
1.209356365542038780e+01
1.248727965758198977e+01
1.281351972908461612e+01
1.258161001708624482e+01
1.181509543300731124e+01
1.262661545842687083e+01
1.293563869911826281e+01
1.323177867644982086e+01
1.160048285997936190e+01
1.287968979324193697e+01
1.232323051575131956e+01
1.225714958848860725e+01
1.268521418855548788e+01
1.219864241595323762e+01
1.197873292846748505e+01
1.283018563538209911e+01
1.220592305362544039e+01
1.275569172978056010e+01
1.195826392411434469e+01
1.206336941639399463e+01
1.226016963746032573e+01
1.264863735982211246e+01
1.301983142187867948e+01
1.112317820430644488e+01
1.272305119398635576e+01
1.263273026352667827e+01
1.311643447705647958e+01
1.229596957701164683e+01
1.228583720924577882e+01
1.287049188995475824e+01
1.277267810701486361e+01
1.274909949408110776e+01
1.285194863932667531e+01
1.228533523854445875e+01
1.229297673760542331e+01
1.217589018919813881e+01
1.276450315936181035e+01
1.287613970971083788e+01
1.293857676984192118e+01
1.270695413236138016e+01
1.321332510998570342e+01
1.214359666156892104e+01
1.259899667570466342e+01
1.234461259338420547e+01
1.297521976057245041e+01
1.382651535541122811e+01
1.209804030174054468e+01
1.137648871600592493e+01
1.283373611914826995e+01
1.246126888065282046e+01
1.298375335233887462e+01
1.301162564052467907e+01
1.179962750911351854e+01
1.274400252777210518e+01
1.274754197009385415e+01
1.291245850249965166e+01
1.249126857803662816e+01
1.237144818791440848e+01
1.263449893539986668e+01
1.246930697965435719e+01
1.291210276819825253e+01
1.263226150279070303e+01
1.258638757672880004e+01
1.241404521447091192e+01
1.293594050863564604e+01
1.310471964191041572e+01
1.356278024581952479e+01
1.239442123907488025e+01
1.144972395986475355e+01
1.281604056910095935e+01
1.318718220460629631e+01
1.229685692915372108e+01
1.238330666328087659e+01
1.150616853600153000e+01
1.273852214718751519e+01
1.217010730311962874e+01
1.238524941772122823e+01
1.274845240763326082e+01
1.250921865052349347e+01
1.214209570883831901e+01
1.181259953766561743e+01
1.211498039390197512e+01
1.217440118384079462e+01
1.239593378910383770e+01
1.295467527171635780e+01
1.309808786970627992e+01
1.246138766778927476e+01
1.273946638732946823e+01
1.250056095237947673e+01
1.207841650629963937e+01
1.295401195445759157e+01
1.220007640808079152e+01
1.159920298943524308e+01
1.233912350327183738e+01
1.253285662901268971e+01
1.225815843144073902e+01
1.244915242442117531e+01
1.291344428544334555e+01
1.190578151921405414e+01
1.169701751500926434e+01
1.258778566728939197e+01
1.234835946608854584e+01
1.317267814040469176e+01
1.249930717555865378e+01
1.217617133149270181e+01
1.194941535899944007e+01
1.248865453048880525e+01
1.182503791746945332e+01
1.186551391673494038e+01
1.200236173337643741e+01
1.236558652115753709e+01
1.218026086753188864e+01
1.319600657488304307e+01
1.271173559168820510e+01
1.256305876827196677e+01
1.230255616797595231e+01
1.275167010765796327e+01
1.315192066961701478e+01
1.135615716088370597e+01
1.248795360162948676e+01
1.307147649449073690e+01
1.243979359550895225e+01
1.224887751803891511e+01
1.261195379466628985e+01
1.225753987438312009e+01
1.231462878909229097e+01
1.256896085495600524e+01
1.268049516230188090e+01
1.244339574585904273e+01
1.287471199945497347e+01
1.211050288072147296e+01
1.306081264426289223e+01
1.362637994666980390e+01
1.247615445187973471e+01
1.255580127860859463e+01
1.155377138007494864e+01
1.218344750362480866e+01
1.293123438233056888e+01
1.312878544728992480e+01
1.247746877489787209e+01
1.270797672495077535e+01
1.289012920436890575e+01
1.283997715960995656e+01
1.268483532756683729e+01
1.239108838046970895e+01
1.221410121690725958e+01
1.178659023489275448e+01
1.317339813602447940e+01
1.279090362289819716e+01
1.275608283526273290e+01
1.285208785418583588e+01
1.210082208314709540e+01
1.347790893734575057e+01
1.336038835191563656e+01
1.291647002557019164e+01
1.261977679241987360e+01
1.285250291050246396e+01
1.264673496765581362e+01
1.227247447388200463e+01
1.323513908551802487e+01
1.225012220806810959e+01
1.223120630224082817e+01
1.286118265220354218e+01
1.239048325733046063e+01
1.286888306455722031e+01
1.331955518139522887e+01
1.232111846646605358e+01
1.230884978683613795e+01
1.244417281813129961e+01
1.269772279098076240e+01
1.247445352238690219e+01
1.276590308133210883e+01
1.245597639217605668e+01
1.231722302945372327e+01
1.291844855121865443e+01
1.238565450691125669e+01
1.265051195396503836e+01
1.288424073859009944e+01
1.245238807425895722e+01
1.323447782615357582e+01
1.241769810939227803e+01
1.246674706476706973e+01
1.226475051791459947e+01
1.176188202524212301e+01
1.270865493698727988e+01
1.275070478855792544e+01
1.139878491450505571e+01
1.217603352227519409e+01
1.251704364672632153e+01
1.249312400415354318e+01
1.199766515844018677e+01
1.335180102086247445e+01
1.277707772870438596e+01
1.229251718280037586e+01
1.246012867335830343e+01
1.261697597088426015e+01
1.296581367113322791e+01
1.293173746670944446e+01
1.261504998317692028e+01
1.248545908068286714e+01
1.210860500687850916e+01
1.253265817531485560e+01
1.281336999543652766e+01
1.241895096327294645e+01
1.221827606432495195e+01
1.299884269465315789e+01
1.292512566032172749e+01
1.239099593593407889e+01
1.275866109330588571e+01
1.362259640910490610e+01
1.216369773309982882e+01
1.240969664375496961e+01
1.184487339199920619e+01
1.278011275647315159e+01
1.325394440075663560e+01
1.289465846248694092e+01
1.256163672972764367e+01
1.246120196507113498e+01
1.262072998867750684e+01
1.244442045065292035e+01
1.265527369647363720e+01
1.189496756636994057e+01
1.196808771795672754e+01
1.255941361135275436e+01
1.223484995768450645e+01
1.261811607389333822e+01
1.187326451584069709e+01
1.286628741487620253e+01
1.262148638686562663e+01
1.332653025702333238e+01
1.223588394689326186e+01
1.297075270560854499e+01
1.285230016433203026e+01
1.255612779723007577e+01
1.270501794634142811e+01
1.250598457313133949e+01
1.209069354483623115e+01
1.262596723931325471e+01
1.259093487956979018e+01
1.174760577413756479e+01
1.208001847490797509e+01
1.236823836034996482e+01
1.353132948574665129e+01
1.282603990039714859e+01
1.265808028986769962e+01
1.259596794681772458e+01
1.203501964283826986e+01
1.235361136489314937e+01
1.206375175207155870e+01
1.244101113967690964e+01
1.226153156062232519e+01
1.239131068105612599e+01
1.388283428486561633e+01
1.254358412115219501e+01
1.204171835814834246e+01
1.244153855976840006e+01
1.185000645859063084e+01
1.220628059886125172e+01
1.271455007220627209e+01
1.228155331980958742e+01
1.321288498984916870e+01
1.316304921090823754e+01
1.281631154580816023e+01
1.273827846479755976e+01
1.242450359449546404e+01
1.374021436635422155e+01
1.233655536734764091e+01
1.211800638665503627e+01
1.275978759394046058e+01
1.281284228122239455e+01
1.198805993945111581e+01
1.270744404015125717e+01
1.217942009548171178e+01
1.233297569407236516e+01
1.334452422273725070e+01
1.250268602887395453e+01
1.315083165213719596e+01
1.283037874626427488e+01
1.159220658371256008e+01
1.219704072440420362e+01
1.297470068414531674e+01
1.329024847239709572e+01
1.289516070659316505e+01
1.268840020827124171e+01
1.290401801662024894e+01
1.217345989144261686e+01
1.341011381821967419e+01
1.270651356289851819e+01
1.220781429731143675e+01
1.283571412395860278e+01
1.201707714237318747e+01
1.372532554490131318e+01
1.269225368010827459e+01
1.324198978604884225e+01
1.217525747588860519e+01
1.331275563986250887e+01
1.249492427131708716e+01
1.271379335200988336e+01
1.320325843236285834e+01
1.215166890345684081e+01
1.308268169543942605e+01
1.333638214007630829e+01
1.250812448914980024e+01
1.286695487653679493e+01
1.287650375088782617e+01
1.245531025517167834e+01
1.283633393390601718e+01
1.245657216107972332e+01
1.230067645154559308e+01
1.229344063287384614e+01
1.219059134624034257e+01
1.236813382734404065e+01
1.256899551691791928e+01
1.324293099109116056e+01
1.239368388434661483e+01
1.246453200993106059e+01
1.266957787972631166e+01
1.238113952685429631e+01
1.270138500601531639e+01
1.277610821362881488e+01
1.330795184734976644e+01
1.179030943913638296e+01
1.146247031570515773e+01
1.296376544308448153e+01
1.258080252959303991e+01
1.294664843895260908e+01
1.230592171947635372e+01
1.242019155750517179e+01
1.265709654948824969e+01
1.244852670697635588e+01
1.286873080242544098e+01
1.197642352445292957e+01
1.331403989855757963e+01
1.266346017512857003e+01
1.263310495069033657e+01
1.243963954199480781e+01
1.271175670415975922e+01
1.215704767445578049e+01
1.176439311038223146e+01
1.223956674804693812e+01
1.260994277000462205e+01
1.251164245227473870e+01
1.248037933782387121e+01
1.219160169426435125e+01
1.257869279774464566e+01
1.280515879894112885e+01
1.220493837607473608e+01
1.275373869915110880e+01
1.242867421235417957e+01
1.231837613073665771e+01
1.270436079982967037e+01
1.255237216943990219e+01
1.247679054920427788e+01
1.236472718094319845e+01
1.289661634235205945e+01
1.271888604865242556e+01
1.332493451794001516e+01
1.247829444982222391e+01
1.261213448019042183e+01
1.253576115476866981e+01
1.277565163063565556e+01
1.198201383391572072e+01
1.246241683290296542e+01
1.223635291968541949e+01
1.247498061013925152e+01
1.261462108001837379e+01
1.210493768917620194e+01
1.241206278401319629e+01
1.279749683219717582e+01
1.275493598440903398e+01
1.261143871764627811e+01
1.220850406500359142e+01
1.245377649445735990e+01
1.262467908695664320e+01
1.279135804559860290e+01
1.271922094020484373e+01
1.223788306721416497e+01
1.247098903493228583e+01
1.160787295393927643e+01
1.263998833292723489e+01
1.240083490324570548e+01
1.214222226176006991e+01
1.205621184211244312e+01
1.290036361232420070e+01
1.194057000209718566e+01
1.270318949956925536e+01
1.326655924914310702e+01
1.198916100087815373e+01
1.293081270225212620e+01
1.238460378904690806e+01
1.216928851049989291e+01
1.251690514309746405e+01
1.256443635108782608e+01
1.271088293681237857e+01
1.266751790847137293e+01
1.224191326812774427e+01
1.249770416441616305e+01
1.274802332395053561e+01
1.284176932733977061e+01
1.275052323720719372e+01
1.288884502463552550e+01
1.246543843340566760e+01
1.328395253308605639e+01
1.229913542098247525e+01
1.209894471595704069e+01
1.267523904159020454e+01
1.294390759640702093e+01
1.262521486020309069e+01
1.248210841089009016e+01
1.290202471588064093e+01
1.223730277392225219e+01
1.273410784305716881e+01
1.221647429657706674e+01
1.314413451568450775e+01
1.195746135692149181e+01
1.201243805099934647e+01
1.206526923760791448e+01
1.257542069596041578e+01
1.242067769240996533e+01
1.341320375946048493e+01
1.338753031039938612e+01
1.147309577525780711e+01
1.298765913166432817e+01
1.325715576907985671e+01
1.191662022422351086e+01
1.220906211640634886e+01
1.164443559400837991e+01
1.282968100101464870e+01
1.255271938089091321e+01
1.268367360806835009e+01
1.272747700351230371e+01
1.185233457269604074e+01
1.295121343817484316e+01
1.192176944649113501e+01
1.228796915704786130e+01
1.270760631226255022e+01
1.252369172925004293e+01
1.282278833350120095e+01
1.267149715992487380e+01
1.278639475282324689e+01
1.217193182981983490e+01
1.307745553504941682e+01
1.208621165288997545e+01
1.243625378973467654e+01
1.287561981093929298e+01
1.219615528847932673e+01
1.271706250079440359e+01
1.178890543868458174e+01
1.260853540284816710e+01
1.163873719063924739e+01
1.228141494310864879e+01
1.225907842337409903e+01
1.245749998481255716e+01
1.202362561464635071e+01
1.351588232902528297e+01
1.183166317784888122e+01
1.233551691118691984e+01
1.285665651079956007e+01
1.220340335609290250e+01
1.252204029052987799e+01
1.223855473348773337e+01
1.202836619173413268e+01
1.316542746887726878e+01
1.270991884198672750e+01
1.241496909734145682e+01
1.228772677095634158e+01
1.188639773155254531e+01
1.297861829120664368e+01
1.355238433299792433e+01
1.208382602587125021e+01
1.174412346047968647e+01
1.286577929400239029e+01
1.202836184815940079e+01
1.193508630048549080e+01
1.255992578985927999e+01
1.237627029417698665e+01
1.319895323670512255e+01
1.259265359364259673e+01
1.209678431723682301e+01
1.204777399185830866e+01
1.204551475060161891e+01
1.278192261387561679e+01
1.255295797115625511e+01
1.328195164919154614e+01
1.252048623483572065e+01
1.095274972863103891e+01
1.232391718062202202e+01
1.285360186382173708e+01
1.277855069228091267e+01
1.260761369635262064e+01
1.251597937895317969e+01
1.272236231062191791e+01
1.328631839460930486e+01
1.324611845108699981e+01
1.325773137739545326e+01
1.177041168042578079e+01
1.290941445940451615e+01
1.255264320264222278e+01
1.223085386582462242e+01
1.287965746438548820e+01
1.356033478505242584e+01
1.296646194507736993e+01
1.286067883919274557e+01
1.289253262682168710e+01
1.217311714964454161e+01
1.322428297985852907e+01
1.296882516407484864e+01
1.270032242821804758e+01
1.258809049530285584e+01
1.245038774191719000e+01
1.276997482808067730e+01
1.306129824663138450e+01
1.240410275536582141e+01
1.260888270128129207e+01
1.257628216035176827e+01
1.311838436053360546e+01
1.169715324881434348e+01
1.264510407809244086e+01
1.227060919889165547e+01
1.261003999651641649e+01
1.297025223054361653e+01
1.260557433284752626e+01
1.194657601154670878e+01
1.257782305331663331e+01
1.255401544495478205e+01
1.240626794774254193e+01
1.308640376684227213e+01
1.237946761882262692e+01
1.250468500439515296e+01
1.266761236097179832e+01
1.188826206483534520e+01
1.262661271846681466e+01
1.349187490085463992e+01
1.279334739244682062e+01
1.289135599734274074e+01
1.220808260016818814e+01
1.220075127437272400e+01
1.295198626807594700e+01
1.262588830802536499e+01
1.273700802670003185e+01
1.296385752503029032e+01
1.159882638232095609e+01
1.234714205817603805e+01
1.257827426225735756e+01
1.261478207882809421e+01
1.283345833696181337e+01
1.286477819616496632e+01
1.239624297441901746e+01
1.244711574015300570e+01
1.279057713345483371e+01
1.323527785626139419e+01
1.205509070138848138e+01
1.311459228395030863e+01
1.319700473825661291e+01
1.270789169824789511e+01
1.264908556393802641e+01
1.280612531609366300e+01
1.312841609812855381e+01
1.183673788186035125e+01
1.211324318611204909e+01
1.304076923129275833e+01
1.324697110926206278e+01
1.298092098497896352e+01
1.307450589830103560e+01
1.269387575750461394e+01
1.330274939198011630e+01
1.300778091518946766e+01
1.247056967405936589e+01
1.342638800210850292e+01
1.251975110770820265e+01
1.259526377678343145e+01
1.344021392951097127e+01
1.285984506872466859e+01
1.200470200639301588e+01
1.188695068503633756e+01
1.235137178730324514e+01
1.248060630765365886e+01
1.186718052974144832e+01
1.170556970718115153e+01
1.365571772961993879e+01
1.206419636027513143e+01
1.163686943853491407e+01
1.223662572215650357e+01
1.192326578458431285e+01
1.286886833672623531e+01
1.277102008219882201e+01
1.289532777618997272e+01
1.276729973572023269e+01
1.277363865470729820e+01
1.216510579967899197e+01
1.325806879552241391e+01
1.315365389082585956e+01
1.301089183576771546e+01
1.222686145145664760e+01
1.263760102030797761e+01
1.232038791893975294e+01
1.227989111180973048e+01
1.280632868035177907e+01
1.271145987666031552e+01
1.254237104527516600e+01
1.302711686268756175e+01
1.274224122983288332e+01
1.256594786530732044e+01
1.246417844981794332e+01
1.238891665147041365e+01
1.253345374466993789e+01
1.222989871345866675e+01
1.226349770066641476e+01
1.298599141142044644e+01
1.198072447521951389e+01
1.313435413757173009e+01
1.301116497961873897e+01
1.290991212767924701e+01
1.174586720286436936e+01
1.234495589250144931e+01
1.222275643204173257e+01
1.224917149717472142e+01
1.260494544409381668e+01
1.210653212373450316e+01
1.237803356505894747e+01
1.243146418969293165e+01
1.286975797129794508e+01
1.210226487433599729e+01
1.229897532632632462e+01
1.267129534105139577e+01
1.235253448656226460e+01
1.300685906632729782e+01
1.260416640676332278e+01
1.267419333193572228e+01
1.266147998653095641e+01
1.252359432441464548e+01
1.170481998527450429e+01
1.158988818580841240e+01
1.262240744757009381e+01
1.305865998547971074e+01
1.320269483735508054e+01
1.203508175535062286e+01
1.221322670002111721e+01
1.171407979241674724e+01
1.268086896592310353e+01
1.315045522208002460e+01
1.295404073923457844e+01
1.276746839369034348e+01
1.342090355772377031e+01
1.244352219582214580e+01
1.288723084218142212e+01
1.163572272464386259e+01
1.283329443118300439e+01
1.264969798959193170e+01
1.286682371315338358e+01
1.202163285306204088e+01
1.202385051044218223e+01
1.236823833145890461e+01
1.233272904769585665e+01
1.262398127953861149e+01
1.264632658092105721e+01
1.273651072973844833e+01
1.213995877662832967e+01
1.338244627444786694e+01
1.216118945084354763e+01
1.287009516125831254e+01
1.257757081943850785e+01
1.257603278957203763e+01
1.345028098012832984e+01
1.287395548312331073e+01
1.282771045683892019e+01
1.278459474153124376e+01
1.238975816742050284e+01
1.293516640425028363e+01
1.296706564700655306e+01
1.308356073478930170e+01
1.304934787379711914e+01
1.234670719439251307e+01
1.324844905596506806e+01
1.286551052391263283e+01
1.247898764043686448e+01
1.229949140046085887e+01
1.154593123333010496e+01
1.248567863656497501e+01
1.210720726574092510e+01
1.256171498511420381e+01
1.274149844706847290e+01
1.309214867193072251e+01
1.345906897342062969e+01
1.320729430596875886e+01
1.250286355322740661e+01
1.355186204442776443e+01
1.279587727735397529e+01
1.260411958503256713e+01
1.232850538853852207e+01
1.142638969773386393e+01
1.273454028090673873e+01
1.239735096569628503e+01
1.286393023773463717e+01
1.295444935818496646e+01
1.208273642640918411e+01
1.278451690334514623e+01
1.223516748903026397e+01
1.234656783036532701e+01
1.280210989293305524e+01
1.173191745376010076e+01
1.273094432136892529e+01
1.206692848098646742e+01
1.284642110996966835e+01
1.245190598993313458e+01
1.263186328675408454e+01
1.280614730713367955e+01
1.229887609293239237e+01
1.325250521554277050e+01
1.269067410200615242e+01
1.274129228211781140e+01
1.294475570224449967e+01
1.278318035771930639e+01
1.239875087803707920e+01
1.188167327814047880e+01
1.263417724105613082e+01
1.177918604204638875e+01
1.284256745349077100e+01
1.313606139272421025e+01
1.343396246952711692e+01
1.259147053103178671e+01
1.143113684624786153e+01
1.213993618364469107e+01
1.220413785824449171e+01
1.231881078939479757e+01
1.258184838789510707e+01
1.306399712339038288e+01
1.186487041407920273e+01
1.230293938822931921e+01
1.311089275316703073e+01
1.243273800996774270e+01
1.269726587083935421e+01
1.195448623229334295e+01
1.240134339609946146e+01
1.231687419653175297e+01
1.226806824448208388e+01
1.316662371511828411e+01
1.284603173694002010e+01
1.237095150935919285e+01
1.247360410349517146e+01
1.240089874757590493e+01
1.357208884836979834e+01
1.212742091069903694e+01
1.274712387416040116e+01
1.213334587840216017e+01
1.186098433240565697e+01
1.287363857265416911e+01
1.201644697819626373e+01
1.286152131886489691e+01
1.275624535283865235e+01
1.244585026688930895e+01
1.225708342340076307e+01
1.245523611989555945e+01
1.278410647139565803e+01
1.216118947597811939e+01
1.203518481554153041e+01
1.253493606979495922e+01
1.203321680319810305e+01
1.290291453484679352e+01
1.312320807441236070e+01
1.168045853386000665e+01
1.282951267891751534e+01
1.278880738832891950e+01
1.231563472479046872e+01
1.241403920473184463e+01
1.212803428042294662e+01
1.286043110264077960e+01
1.240596135887238916e+01
1.301834991475108083e+01
1.242273483041364379e+01
1.242804313199391864e+01
1.242667253853960041e+01
1.181855580849799026e+01
1.241570993307931126e+01
1.236050593222817007e+01
1.272751504256067356e+01
1.236282814637179328e+01
1.283988071521209839e+01
1.226193343762078314e+01
1.299889083343985163e+01
1.251107487783932370e+01
1.315655730464259676e+01
1.247408752300360035e+01
1.178357658377825601e+01
1.195257921960837066e+01
1.333015174263206148e+01
1.234634597681025525e+01
1.239306597944866972e+01
1.343995600560856118e+01
1.279029884108880033e+01
1.321222074318241013e+01
1.291868678815236926e+01
1.317438827231009491e+01
1.308807379717894648e+01
1.237395529342585654e+01
1.239845326862563368e+01
1.274439951637671342e+01
1.269025406576128212e+01
1.283117385929605803e+01
1.231015524609021661e+01
1.223878932776427320e+01
1.229619210561561360e+01
1.298705520688956483e+01
1.277093804752470163e+01
1.205967479381051355e+01
1.277249470615326388e+01
1.210809076714649279e+01
1.233734090989161913e+01
1.243065627809310314e+01
1.318005558346413153e+01
1.216704390217421228e+01
1.206783182397648879e+01
1.162698270842039783e+01
1.270895167408117743e+01
1.236495759505888081e+01
1.285588065913643874e+01
1.230833210855869098e+01
1.293884507034637110e+01
1.284512553604882790e+01
1.248815397802685645e+01
1.245367232634986010e+01
1.242938237866753148e+01
1.279425044076656093e+01
1.250313716956754284e+01
1.243312249510178269e+01
1.252683128242123090e+01
1.275763391627811316e+01
1.330243177631685469e+01
1.212484876153827784e+01
1.205736152690033691e+01
1.359297319761799372e+01
1.286076209139567972e+01
1.152538958301292737e+01
1.279033926206050431e+01
1.300889940471507344e+01
1.264704906217707858e+01
1.326126975467142266e+01
1.314345112582615194e+01
