# Variable: deviance
# Sample shape: (2700,)
# Date: 2019-04-12 17:03:19.596314
-4.658926757812500000e+03
-4.657755371093750000e+03
-4.656224609375000000e+03
-4.659526367187500000e+03
-4.649932128906250000e+03
-4.659324218750000000e+03
-4.657953613281250000e+03
-4.659777832031250000e+03
-4.655137695312500000e+03
-4.659129882812500000e+03
-4.655232421875000000e+03
-4.657331054687500000e+03
-4.657678710937500000e+03
-4.656083007812500000e+03
-4.659139648437500000e+03
-4.659916015625000000e+03
-4.656277343750000000e+03
-4.657216796875000000e+03
-4.657206542968750000e+03
-4.660646972656250000e+03
-4.661046386718750000e+03
-4.651149414062500000e+03
-4.657381835937500000e+03
-4.660696289062500000e+03
-4.659712402343750000e+03
-4.659358886718750000e+03
-4.658371093750000000e+03
-4.659332031250000000e+03
-4.652906738281250000e+03
-4.657556640625000000e+03
-4.658951171875000000e+03
-4.656393066406250000e+03
-4.660591796875000000e+03
-4.659051757812500000e+03
-4.660577636718750000e+03
-4.660094726562500000e+03
-4.659664062500000000e+03
-4.660642089843750000e+03
-4.660098632812500000e+03
-4.660657226562500000e+03
-4.660328125000000000e+03
-4.659916503906250000e+03
-4.660873535156250000e+03
-4.656884765625000000e+03
-4.660516113281250000e+03
-4.658464355468750000e+03
-4.655648437500000000e+03
-4.660519531250000000e+03
-4.658856445312500000e+03
-4.660630859375000000e+03
-4.651105468750000000e+03
-4.660835937500000000e+03
-4.658319824218750000e+03
-4.654467773437500000e+03
-4.659014648437500000e+03
-4.654664062500000000e+03
-4.660060058593750000e+03
-4.658161132812500000e+03
-4.659845703125000000e+03
-4.653205078125000000e+03
-4.658943359375000000e+03
-4.659204589843750000e+03
-4.655510742187500000e+03
-4.658480468750000000e+03
-4.660620117187500000e+03
-4.656899902343750000e+03
-4.660571289062500000e+03
-4.655499511718750000e+03
-4.658066894531250000e+03
-4.651708007812500000e+03
-4.656449707031250000e+03
-4.649501464843750000e+03
-4.651892578125000000e+03
-4.656231445312500000e+03
-4.660992675781250000e+03
-4.657994140625000000e+03
-4.658447753906250000e+03
-4.656014648437500000e+03
-4.656924804687500000e+03
-4.657700195312500000e+03
-4.656004882812500000e+03
-4.660952148437500000e+03
-4.649094726562500000e+03
-4.655717773437500000e+03
-4.660418945312500000e+03
-4.659674804687500000e+03
-4.660555664062500000e+03
-4.660208007812500000e+03
-4.659976074218750000e+03
-4.659620605468750000e+03
-4.660285644531250000e+03
-4.657825195312500000e+03
-4.656440429687500000e+03
-4.660225097656250000e+03
-4.659611328125000000e+03
-4.660436523437500000e+03
-4.658166992187500000e+03
-4.648720214843750000e+03
-4.660129882812500000e+03
-4.659627441406250000e+03
-4.658891601562500000e+03
-4.655766601562500000e+03
-4.660579101562500000e+03
-4.657732421875000000e+03
-4.659823730468750000e+03
-4.653329589843750000e+03
-4.660958007812500000e+03
-4.653175292968750000e+03
-4.659567382812500000e+03
-4.653511718750000000e+03
-4.657021484375000000e+03
-4.659046875000000000e+03
-4.660096191406250000e+03
-4.658669921875000000e+03
-4.656622558593750000e+03
-4.657967773437500000e+03
-4.656534179687500000e+03
-4.647062500000000000e+03
-4.659790039062500000e+03
-4.658023437500000000e+03
-4.657784179687500000e+03
-4.658975585937500000e+03
-4.660966308593750000e+03
-4.659359863281250000e+03
-4.657221679687500000e+03
-4.660403320312500000e+03
-4.656997070312500000e+03
-4.658633300781250000e+03
-4.660409179687500000e+03
-4.656733398437500000e+03
-4.660958984375000000e+03
-4.660483886718750000e+03
-4.659274414062500000e+03
-4.657767578125000000e+03
-4.658925781250000000e+03
-4.660348632812500000e+03
-4.658984375000000000e+03
-4.657323242187500000e+03
-4.659854003906250000e+03
-4.660070312500000000e+03
-4.655220214843750000e+03
-4.658217773437500000e+03
-4.658156250000000000e+03
-4.659776855468750000e+03
-4.656780273437500000e+03
-4.654093750000000000e+03
-4.646732421875000000e+03
-4.660301757812500000e+03
-4.659296875000000000e+03
-4.654773437500000000e+03
-4.660372070312500000e+03
-4.659494140625000000e+03
-4.658230468750000000e+03
-4.658462890625000000e+03
-4.656083984375000000e+03
-4.652604492187500000e+03
-4.660531250000000000e+03
-4.660249023437500000e+03
-4.658399902343750000e+03
-4.653090332031250000e+03
-4.656655273437500000e+03
-4.660466796875000000e+03
-4.661021972656250000e+03
-4.651972167968750000e+03
-4.657118164062500000e+03
-4.656441406250000000e+03
-4.660044433593750000e+03
-4.658675292968750000e+03
-4.656324218750000000e+03
-4.659227050781250000e+03
-4.658245117187500000e+03
-4.657788085937500000e+03
-4.658781250000000000e+03
-4.660729492187500000e+03
-4.654555664062500000e+03
-4.659665039062500000e+03
-4.660386230468750000e+03
-4.654692382812500000e+03
-4.654947265625000000e+03
-4.658781250000000000e+03
-4.657123046875000000e+03
-4.657504882812500000e+03
-4.659968750000000000e+03
-4.658660156250000000e+03
-4.658722656250000000e+03
-4.659936523437500000e+03
-4.656693359375000000e+03
-4.657772460937500000e+03
-4.660207031250000000e+03
-4.653528320312500000e+03
-4.658469238281250000e+03
-4.659562011718750000e+03
-4.656405761718750000e+03
-4.660618164062500000e+03
-4.660724609375000000e+03
-4.653232421875000000e+03
-4.654828613281250000e+03
-4.657911132812500000e+03
-4.659995117187500000e+03
-4.659627929687500000e+03
-4.660250976562500000e+03
-4.656263183593750000e+03
-4.660375976562500000e+03
-4.659526367187500000e+03
-4.659317871093750000e+03
-4.658174316406250000e+03
-4.651547851562500000e+03
-4.659549804687500000e+03
-4.658973632812500000e+03
-4.658510253906250000e+03
-4.659229003906250000e+03
-4.656650878906250000e+03
-4.659836425781250000e+03
-4.657036621093750000e+03
-4.657563476562500000e+03
-4.659762695312500000e+03
-4.652426757812500000e+03
-4.657252441406250000e+03
-4.659622070312500000e+03
-4.656610351562500000e+03
-4.654929199218750000e+03
-4.654978027343750000e+03
-4.654668945312500000e+03
-4.660901367187500000e+03
-4.656672363281250000e+03
-4.657140625000000000e+03
-4.659576171875000000e+03
-4.658604980468750000e+03
-4.658918945312500000e+03
-4.659870117187500000e+03
-4.654652343750000000e+03
-4.658830566406250000e+03
-4.660562500000000000e+03
-4.654883789062500000e+03
-4.659905761718750000e+03
-4.660053710937500000e+03
-4.653682617187500000e+03
-4.655512695312500000e+03
-4.660368164062500000e+03
-4.660634277343750000e+03
-4.659710937500000000e+03
-4.658870605468750000e+03
-4.660434570312500000e+03
-4.658251953125000000e+03
-4.655262207031250000e+03
-4.659743164062500000e+03
-4.657483398437500000e+03
-4.653848144531250000e+03
-4.660223632812500000e+03
-4.659777832031250000e+03
-4.657946289062500000e+03
-4.660709960937500000e+03
-4.657530761718750000e+03
-4.659669433593750000e+03
-4.653995117187500000e+03
-4.660152832031250000e+03
-4.658256835937500000e+03
-4.652553710937500000e+03
-4.658662109375000000e+03
-4.659384765625000000e+03
-4.658649414062500000e+03
-4.660996093750000000e+03
-4.654974609375000000e+03
-4.657680664062500000e+03
-4.657742675781250000e+03
-4.658098632812500000e+03
-4.660036132812500000e+03
-4.660826171875000000e+03
-4.660030761718750000e+03
-4.658566406250000000e+03
-4.660415527343750000e+03
-4.659309570312500000e+03
-4.659034179687500000e+03
-4.658459472656250000e+03
-4.660599121093750000e+03
-4.658691894531250000e+03
-4.659411132812500000e+03
-4.648491210937500000e+03
-4.660487304687500000e+03
-4.657903320312500000e+03
-4.658169433593750000e+03
-4.660446777343750000e+03
-4.657306640625000000e+03
-4.656333984375000000e+03
-4.659081054687500000e+03
-4.659219726562500000e+03
-4.659195312500000000e+03
-4.656899414062500000e+03
-4.660063964843750000e+03
-4.659546875000000000e+03
-4.659436523437500000e+03
-4.653196289062500000e+03
-4.658683105468750000e+03
-4.656190917968750000e+03
-4.659982421875000000e+03
-4.649377441406250000e+03
-4.660025390625000000e+03
-4.655108886718750000e+03
-4.659555175781250000e+03
-4.654585937500000000e+03
-4.660459960937500000e+03
-4.657702636718750000e+03
-4.660315917968750000e+03
-4.660535156250000000e+03
-4.660585937500000000e+03
-4.658729492187500000e+03
-4.656796386718750000e+03
-4.660926269531250000e+03
-4.656556640625000000e+03
-4.660713867187500000e+03
-4.660676757812500000e+03
-4.659087890625000000e+03
-4.659991210937500000e+03
-4.655975097656250000e+03
-4.656487304687500000e+03
-4.658078125000000000e+03
-4.659104003906250000e+03
-4.660480468750000000e+03
-4.660410644531250000e+03
-4.659538574218750000e+03
-4.657370605468750000e+03
-4.660718750000000000e+03
-4.657140625000000000e+03
-4.660843261718750000e+03
-4.660291015625000000e+03
-4.659963867187500000e+03
-4.656848632812500000e+03
-4.660227050781250000e+03
-4.659642578125000000e+03
-4.658747558593750000e+03
-4.656393554687500000e+03
-4.658926757812500000e+03
-4.658626953125000000e+03
-4.657572265625000000e+03
-4.659184082031250000e+03
-4.659109375000000000e+03
-4.657975585937500000e+03
-4.656064941406250000e+03
-4.655880859375000000e+03
-4.655222656250000000e+03
-4.655077148437500000e+03
-4.658804687500000000e+03
-4.655871093750000000e+03
-4.656525390625000000e+03
-4.657821777343750000e+03
-4.657511718750000000e+03
-4.660661132812500000e+03
-4.660778320312500000e+03
-4.659236328125000000e+03
-4.658560058593750000e+03
-4.655338378906250000e+03
-4.661058593750000000e+03
-4.660443847656250000e+03
-4.657863281250000000e+03
-4.660684082031250000e+03
-4.660966308593750000e+03
-4.658991210937500000e+03
-4.656901367187500000e+03
-4.659224609375000000e+03
-4.660271484375000000e+03
-4.657928710937500000e+03
-4.658257324218750000e+03
-4.660585937500000000e+03
-4.659426757812500000e+03
-4.659262695312500000e+03
-4.659960937500000000e+03
-4.649576171875000000e+03
-4.653803710937500000e+03
-4.657537109375000000e+03
-4.660621093750000000e+03
-4.660031250000000000e+03
-4.657806640625000000e+03
-4.653533203125000000e+03
-4.656539062500000000e+03
-4.658390136718750000e+03
-4.656168457031250000e+03
-4.659401367187500000e+03
-4.658084472656250000e+03
-4.659101562500000000e+03
-4.659003906250000000e+03
-4.659247070312500000e+03
-4.657973144531250000e+03
-4.657820312500000000e+03
-4.660157714843750000e+03
-4.659548339843750000e+03
-4.659217285156250000e+03
-4.656544921875000000e+03
-4.652191406250000000e+03
-4.659601562500000000e+03
-4.651792968750000000e+03
-4.660127441406250000e+03
-4.657815429687500000e+03
-4.659323730468750000e+03
-4.660018066406250000e+03
-4.658696289062500000e+03
-4.660037109375000000e+03
-4.658789062500000000e+03
-4.654850585937500000e+03
-4.658180664062500000e+03
-4.658505859375000000e+03
-4.657792968750000000e+03
-4.653709960937500000e+03
-4.659205078125000000e+03
-4.659162109375000000e+03
-4.660009765625000000e+03
-4.658916992187500000e+03
-4.659150390625000000e+03
-4.656566894531250000e+03
-4.660618652343750000e+03
-4.660364257812500000e+03
-4.654628906250000000e+03
-4.658852539062500000e+03
-4.658920410156250000e+03
-4.660408691406250000e+03
-4.657733398437500000e+03
-4.659169433593750000e+03
-4.656388671875000000e+03
-4.656647460937500000e+03
-4.660704101562500000e+03
-4.646498535156250000e+03
-4.657125000000000000e+03
-4.660297851562500000e+03
-4.653819335937500000e+03
-4.660679687500000000e+03
-4.658268554687500000e+03
-4.656912597656250000e+03
-4.656224609375000000e+03
-4.657959960937500000e+03
-4.655455566406250000e+03
-4.659735351562500000e+03
-4.660234863281250000e+03
-4.654828125000000000e+03
-4.660029296875000000e+03
-4.658770507812500000e+03
-4.654525390625000000e+03
-4.657759277343750000e+03
-4.660730957031250000e+03
-4.660186523437500000e+03
-4.659880371093750000e+03
-4.660426757812500000e+03
-4.658039062500000000e+03
-4.660884765625000000e+03
-4.653995117187500000e+03
-4.657423828125000000e+03
-4.655524902343750000e+03
-4.660391113281250000e+03
-4.657139160156250000e+03
-4.659717773437500000e+03
-4.659071289062500000e+03
-4.659709960937500000e+03
-4.658735351562500000e+03
-4.658662597656250000e+03
-4.659902832031250000e+03
-4.658964843750000000e+03
-4.658687500000000000e+03
-4.658824707031250000e+03
-4.654839843750000000e+03
-4.661085937500000000e+03
-4.655955078125000000e+03
-4.659385742187500000e+03
-4.655198730468750000e+03
-4.656025878906250000e+03
-4.658768554687500000e+03
-4.653894042968750000e+03
-4.656680664062500000e+03
-4.658504882812500000e+03
-4.660734375000000000e+03
-4.656547363281250000e+03
-4.658727539062500000e+03
-4.660111328125000000e+03
-4.659030761718750000e+03
-4.659628906250000000e+03
-4.660551757812500000e+03
-4.660102539062500000e+03
-4.659514160156250000e+03
-4.660584960937500000e+03
-4.660208496093750000e+03
-4.659144531250000000e+03
-4.656916992187500000e+03
-4.658682128906250000e+03
-4.660604492187500000e+03
-4.659750000000000000e+03
-4.655343750000000000e+03
-4.660449707031250000e+03
-4.659293945312500000e+03
-4.659645507812500000e+03
-4.657543945312500000e+03
-4.654860839843750000e+03
-4.657201171875000000e+03
-4.657077148437500000e+03
-4.658383789062500000e+03
-4.659698242187500000e+03
-4.658381835937500000e+03
-4.657786132812500000e+03
-4.657838867187500000e+03
-4.658999511718750000e+03
-4.658280273437500000e+03
-4.656934570312500000e+03
-4.655526367187500000e+03
-4.659416992187500000e+03
-4.657302734375000000e+03
-4.654678710937500000e+03
-4.658598632812500000e+03
-4.655565429687500000e+03
-4.659577148437500000e+03
-4.661021484375000000e+03
-4.657880859375000000e+03
-4.659996093750000000e+03
-4.659845703125000000e+03
-4.657502929687500000e+03
-4.660324218750000000e+03
-4.656914062500000000e+03
-4.659794921875000000e+03
-4.659264648437500000e+03
-4.652251953125000000e+03
-4.653610351562500000e+03
-4.660549804687500000e+03
-4.660307128906250000e+03
-4.659785156250000000e+03
-4.656177734375000000e+03
-4.659055664062500000e+03
-4.658707031250000000e+03
-4.656589843750000000e+03
-4.660688476562500000e+03
-4.660341796875000000e+03
-4.660785644531250000e+03
-4.657141601562500000e+03
-4.654520507812500000e+03
-4.654996093750000000e+03
-4.658833007812500000e+03
-4.659513671875000000e+03
-4.659530273437500000e+03
-4.657858398437500000e+03
-4.659879882812500000e+03
-4.653254394531250000e+03
-4.654335449218750000e+03
-4.658291015625000000e+03
-4.659826660156250000e+03
-4.659436035156250000e+03
-4.656092285156250000e+03
-4.657160156250000000e+03
-4.659674804687500000e+03
-4.660509765625000000e+03
-4.661138671875000000e+03
-4.660031738281250000e+03
-4.660053710937500000e+03
-4.660816406250000000e+03
-4.659130371093750000e+03
-4.657554687500000000e+03
-4.658224609375000000e+03
-4.658600585937500000e+03
-4.660375976562500000e+03
-4.657937500000000000e+03
-4.657550781250000000e+03
-4.659437988281250000e+03
-4.660126953125000000e+03
-4.660056640625000000e+03
-4.658062500000000000e+03
-4.660274902343750000e+03
-4.658568359375000000e+03
-4.660466308593750000e+03
-4.654358398437500000e+03
-4.656627929687500000e+03
-4.656488281250000000e+03
-4.657162109375000000e+03
-4.658625976562500000e+03
-4.659277832031250000e+03
-4.656242187500000000e+03
-4.659077148437500000e+03
-4.656605468750000000e+03
-4.660173828125000000e+03
-4.658460937500000000e+03
-4.659878906250000000e+03
-4.657839843750000000e+03
-4.658463867187500000e+03
-4.660380859375000000e+03
-4.658935058593750000e+03
-4.657401367187500000e+03
-4.657816406250000000e+03
-4.657698242187500000e+03
-4.658064453125000000e+03
-4.659804199218750000e+03
-4.655458007812500000e+03
-4.659735839843750000e+03
-4.656761230468750000e+03
-4.655722656250000000e+03
-4.660008300781250000e+03
-4.656171875000000000e+03
-4.657123535156250000e+03
-4.658437988281250000e+03
-4.659362304687500000e+03
-4.649088867187500000e+03
-4.660477050781250000e+03
-4.658705078125000000e+03
-4.656907714843750000e+03
-4.658750000000000000e+03
-4.658998046875000000e+03
-4.657726562500000000e+03
-4.660096679687500000e+03
-4.660073242187500000e+03
-4.652730957031250000e+03
-4.659266601562500000e+03
-4.655319335937500000e+03
-4.659101562500000000e+03
-4.659561523437500000e+03
-4.648200195312500000e+03
-4.648619140625000000e+03
-4.659113281250000000e+03
-4.659672851562500000e+03
-4.657117187500000000e+03
-4.656740722656250000e+03
-4.658629882812500000e+03
-4.660357421875000000e+03
-4.658933593750000000e+03
-4.657311523437500000e+03
-4.656594238281250000e+03
-4.655590820312500000e+03
-4.660511718750000000e+03
-4.659560546875000000e+03
-4.656724609375000000e+03
-4.655583984375000000e+03
-4.657777343750000000e+03
-4.658959960937500000e+03
-4.658102539062500000e+03
-4.660073730468750000e+03
-4.657578125000000000e+03
-4.659276367187500000e+03
-4.660894531250000000e+03
-4.655891601562500000e+03
-4.660664062500000000e+03
-4.656775878906250000e+03
-4.652248046875000000e+03
-4.658694335937500000e+03
-4.657987304687500000e+03
-4.660530273437500000e+03
-4.658745117187500000e+03
-4.660544921875000000e+03
-4.661095703125000000e+03
-4.657223632812500000e+03
-4.659715332031250000e+03
-4.659638671875000000e+03
-4.658508789062500000e+03
-4.659192382812500000e+03
-4.659650878906250000e+03
-4.654541992187500000e+03
-4.658749023437500000e+03
-4.658388671875000000e+03
-4.660364746093750000e+03
-4.658852539062500000e+03
-4.656633789062500000e+03
-4.656484375000000000e+03
-4.660822265625000000e+03
-4.657793945312500000e+03
-4.659390625000000000e+03
-4.659756835937500000e+03
-4.655711914062500000e+03
-4.658398925781250000e+03
-4.657387207031250000e+03
-4.656163085937500000e+03
-4.661053710937500000e+03
-4.660343750000000000e+03
-4.660016113281250000e+03
-4.656465820312500000e+03
-4.660357421875000000e+03
-4.660526367187500000e+03
-4.659976562500000000e+03
-4.660339843750000000e+03
-4.660737304687500000e+03
-4.661039062500000000e+03
-4.659065429687500000e+03
-4.654326171875000000e+03
-4.650970703125000000e+03
-4.658593261718750000e+03
-4.653338867187500000e+03
-4.660324218750000000e+03
-4.656541503906250000e+03
-4.660462402343750000e+03
-4.659909179687500000e+03
-4.656131835937500000e+03
-4.657666015625000000e+03
-4.660357421875000000e+03
-4.661120117187500000e+03
-4.656406250000000000e+03
-4.660167480468750000e+03
-4.657546386718750000e+03
-4.653067382812500000e+03
-4.656654785156250000e+03
-4.660959960937500000e+03
-4.660022460937500000e+03
-4.659229492187500000e+03
-4.661045898437500000e+03
-4.656474609375000000e+03
-4.656918945312500000e+03
-4.656985351562500000e+03
-4.659715332031250000e+03
-4.659594726562500000e+03
-4.656979492187500000e+03
-4.656168945312500000e+03
-4.660551269531250000e+03
-4.658893554687500000e+03
-4.659115234375000000e+03
-4.659555175781250000e+03
-4.660104980468750000e+03
-4.653171875000000000e+03
-4.657878417968750000e+03
-4.658166992187500000e+03
-4.660558593750000000e+03
-4.659937011718750000e+03
-4.660928710937500000e+03
-4.661029785156250000e+03
-4.657413085937500000e+03
-4.657583984375000000e+03
-4.660377441406250000e+03
-4.658263671875000000e+03
-4.655794433593750000e+03
-4.654443359375000000e+03
-4.653180664062500000e+03
-4.660419921875000000e+03
-4.656699218750000000e+03
-4.661000488281250000e+03
-4.659970703125000000e+03
-4.658126953125000000e+03
-4.656284179687500000e+03
-4.658036132812500000e+03
-4.657027343750000000e+03
-4.659352539062500000e+03
-4.656260742187500000e+03
-4.657773925781250000e+03
-4.657282226562500000e+03
-4.659944335937500000e+03
-4.658991210937500000e+03
-4.660202636718750000e+03
-4.658796386718750000e+03
-4.659033203125000000e+03
-4.654139648437500000e+03
-4.659551269531250000e+03
-4.657096191406250000e+03
-4.659895019531250000e+03
-4.657314453125000000e+03
-4.657523925781250000e+03
-4.655625000000000000e+03
-4.659786132812500000e+03
-4.659146484375000000e+03
-4.660209472656250000e+03
-4.655290039062500000e+03
-4.656001953125000000e+03
-4.649938476562500000e+03
-4.652353515625000000e+03
-4.656430664062500000e+03
-4.660690429687500000e+03
-4.660265625000000000e+03
-4.660293945312500000e+03
-4.658358398437500000e+03
-4.659608398437500000e+03
-4.651596679687500000e+03
-4.658137695312500000e+03
-4.658166015625000000e+03
-4.655617187500000000e+03
-4.661010253906250000e+03
-4.660846679687500000e+03
-4.658595703125000000e+03
-4.657530273437500000e+03
-4.657299316406250000e+03
-4.659207031250000000e+03
-4.659671386718750000e+03
-4.660848632812500000e+03
-4.659654785156250000e+03
-4.660213378906250000e+03
-4.659752929687500000e+03
-4.657750000000000000e+03
-4.658599609375000000e+03
-4.659447753906250000e+03
-4.653906250000000000e+03
-4.660721679687500000e+03
-4.655220703125000000e+03
-4.656674804687500000e+03
-4.658006835937500000e+03
-4.659796875000000000e+03
-4.655935058593750000e+03
-4.654346679687500000e+03
-4.653006835937500000e+03
-4.657805664062500000e+03
-4.656389648437500000e+03
-4.655958496093750000e+03
-4.657636230468750000e+03
-4.660327636718750000e+03
-4.659508789062500000e+03
-4.658180664062500000e+03
-4.654646484375000000e+03
-4.657825195312500000e+03
-4.655558105468750000e+03
-4.658424804687500000e+03
-4.660753906250000000e+03
-4.658376953125000000e+03
-4.657854492187500000e+03
-4.656784179687500000e+03
-4.659590820312500000e+03
-4.657366210937500000e+03
-4.660617187500000000e+03
-4.660699218750000000e+03
-4.658956542968750000e+03
-4.658055664062500000e+03
-4.660020019531250000e+03
-4.655875000000000000e+03
-4.658933593750000000e+03
-4.655962890625000000e+03
-4.657784179687500000e+03
-4.658633789062500000e+03
-4.660026855468750000e+03
-4.660715820312500000e+03
-4.657471191406250000e+03
-4.657570312500000000e+03
-4.652795410156250000e+03
-4.656545410156250000e+03
-4.656426757812500000e+03
-4.660155761718750000e+03
-4.660908203125000000e+03
-4.659796386718750000e+03
-4.660752929687500000e+03
-4.660230468750000000e+03
-4.660380859375000000e+03
-4.660832031250000000e+03
-4.660399414062500000e+03
-4.657292968750000000e+03
-4.655297363281250000e+03
-4.655897460937500000e+03
-4.660171875000000000e+03
-4.659390625000000000e+03
-4.656669921875000000e+03
-4.658986328125000000e+03
-4.659284179687500000e+03
-4.660815429687500000e+03
-4.659845703125000000e+03
-4.660357421875000000e+03
-4.656359375000000000e+03
-4.659945312500000000e+03
-4.655218261718750000e+03
-4.657842285156250000e+03
-4.657453613281250000e+03
-4.659657226562500000e+03
-4.655665039062500000e+03
-4.658663085937500000e+03
-4.656614257812500000e+03
-4.660490234375000000e+03
-4.657320312500000000e+03
-4.649503906250000000e+03
-4.660375976562500000e+03
-4.660883300781250000e+03
-4.659159179687500000e+03
-4.658793945312500000e+03
-4.660542480468750000e+03
-4.660593750000000000e+03
-4.658170898437500000e+03
-4.645135742187500000e+03
-4.654180664062500000e+03
-4.659620117187500000e+03
-4.658472656250000000e+03
-4.660320312500000000e+03
-4.659994628906250000e+03
-4.654749023437500000e+03
-4.654552246093750000e+03
-4.658572753906250000e+03
-4.658729492187500000e+03
-4.655979980468750000e+03
-4.656338867187500000e+03
-4.658757324218750000e+03
-4.656716308593750000e+03
-4.659319335937500000e+03
-4.659392578125000000e+03
-4.659163574218750000e+03
-4.660208984375000000e+03
-4.659927734375000000e+03
-4.659703613281250000e+03
-4.653210937500000000e+03
-4.657513671875000000e+03
-4.660569335937500000e+03
-4.659252929687500000e+03
-4.657969238281250000e+03
-4.660391113281250000e+03
-4.660711914062500000e+03
-4.660495117187500000e+03
-4.659433593750000000e+03
-4.657643554687500000e+03
-4.658048339843750000e+03
-4.660457031250000000e+03
-4.654921875000000000e+03
-4.658702148437500000e+03
-4.656867675781250000e+03
-4.656454101562500000e+03
-4.660407226562500000e+03
-4.660634765625000000e+03
-4.655882324218750000e+03
-4.657748535156250000e+03
-4.659586914062500000e+03
-4.654189453125000000e+03
-4.658160156250000000e+03
-4.660058593750000000e+03
-4.658414062500000000e+03
-4.657663574218750000e+03
-4.660732421875000000e+03
-4.655320800781250000e+03
-4.658948242187500000e+03
-4.655672363281250000e+03
-4.660316406250000000e+03
-4.660385253906250000e+03
-4.659750976562500000e+03
-4.659723144531250000e+03
-4.659186523437500000e+03
-4.658958496093750000e+03
-4.658403808593750000e+03
-4.657428710937500000e+03
-4.657327148437500000e+03
-4.660796386718750000e+03
-4.658310546875000000e+03
-4.657557617187500000e+03
-4.660880859375000000e+03
-4.656349609375000000e+03
-4.656840820312500000e+03
-4.658290527343750000e+03
-4.660937988281250000e+03
-4.653983398437500000e+03
-4.658156250000000000e+03
-4.658444335937500000e+03
-4.660322265625000000e+03
-4.656109863281250000e+03
-4.657129882812500000e+03
-4.659440429687500000e+03
-4.659720703125000000e+03
-4.659392578125000000e+03
-4.657681640625000000e+03
-4.660206054687500000e+03
-4.656643554687500000e+03
-4.659947265625000000e+03
-4.660259765625000000e+03
-4.658424316406250000e+03
-4.660295410156250000e+03
-4.656518066406250000e+03
-4.657045898437500000e+03
-4.659346679687500000e+03
-4.658541015625000000e+03
-4.659211425781250000e+03
-4.659605468750000000e+03
-4.658888671875000000e+03
-4.660831542968750000e+03
-4.655617187500000000e+03
-4.649657226562500000e+03
-4.659211914062500000e+03
-4.654039550781250000e+03
-4.654912109375000000e+03
-4.660595703125000000e+03
-4.659856933593750000e+03
-4.659963378906250000e+03
-4.660554687500000000e+03
-4.657231933593750000e+03
-4.658975585937500000e+03
-4.655050292968750000e+03
-4.658195312500000000e+03
-4.658614257812500000e+03
-4.660913574218750000e+03
-4.658331054687500000e+03
-4.660235351562500000e+03
-4.652646484375000000e+03
-4.655940429687500000e+03
-4.658956054687500000e+03
-4.659555664062500000e+03
-4.660498046875000000e+03
-4.659660156250000000e+03
-4.657572753906250000e+03
-4.657555664062500000e+03
-4.660272460937500000e+03
-4.655292480468750000e+03
-4.660477539062500000e+03
-4.659166992187500000e+03
-4.660147460937500000e+03
-4.658341796875000000e+03
-4.658632812500000000e+03
-4.660233398437500000e+03
-4.655574218750000000e+03
-4.660406738281250000e+03
-4.656094238281250000e+03
-4.660196289062500000e+03
-4.657243652343750000e+03
-4.659094726562500000e+03
-4.657520507812500000e+03
-4.657869140625000000e+03
-4.660906250000000000e+03
-4.651144531250000000e+03
-4.655374023437500000e+03
-4.659442871093750000e+03
-4.659860351562500000e+03
-4.660964843750000000e+03
-4.655653320312500000e+03
-4.658892089843750000e+03
-4.658872070312500000e+03
-4.660320312500000000e+03
-4.654644531250000000e+03
-4.660319335937500000e+03
-4.660802734375000000e+03
-4.655028320312500000e+03
-4.657586914062500000e+03
-4.659776367187500000e+03
-4.654994140625000000e+03
-4.657255859375000000e+03
-4.660123046875000000e+03
-4.658087890625000000e+03
-4.660839355468750000e+03
-4.660461425781250000e+03
-4.658810058593750000e+03
-4.659168945312500000e+03
-4.659802734375000000e+03
-4.659783203125000000e+03
-4.658727539062500000e+03
-4.659080566406250000e+03
-4.656860351562500000e+03
-4.657199218750000000e+03
-4.660469726562500000e+03
-4.659054687500000000e+03
-4.658217773437500000e+03
-4.660725585937500000e+03
-4.660020507812500000e+03
-4.655235351562500000e+03
-4.660574707031250000e+03
-4.657652832031250000e+03
-4.658456054687500000e+03
-4.658923339843750000e+03
-4.659794921875000000e+03
-4.658545410156250000e+03
-4.653056640625000000e+03
-4.659388183593750000e+03
-4.658953125000000000e+03
-4.652461914062500000e+03
-4.653352539062500000e+03
-4.658963867187500000e+03
-4.659199218750000000e+03
-4.660394531250000000e+03
-4.657167968750000000e+03
-4.658748046875000000e+03
-4.660435546875000000e+03
-4.658101562500000000e+03
-4.657813476562500000e+03
-4.659593750000000000e+03
-4.660370117187500000e+03
-4.660154296875000000e+03
-4.660240234375000000e+03
-4.658530273437500000e+03
-4.659448242187500000e+03
-4.654924804687500000e+03
-4.659049804687500000e+03
-4.660242187500000000e+03
-4.660786132812500000e+03
-4.659484375000000000e+03
-4.657983398437500000e+03
-4.658903320312500000e+03
-4.649679199218750000e+03
-4.654275390625000000e+03
-4.655878906250000000e+03
-4.656555664062500000e+03
-4.660291015625000000e+03
-4.660040527343750000e+03
-4.660423828125000000e+03
-4.656373046875000000e+03
-4.658364257812500000e+03
-4.656165527343750000e+03
-4.655910644531250000e+03
-4.658081054687500000e+03
-4.660581054687500000e+03
-4.658000000000000000e+03
-4.656812500000000000e+03
-4.657834472656250000e+03
-4.657254882812500000e+03
-4.653232910156250000e+03
-4.659637695312500000e+03
-4.659816406250000000e+03
-4.657046875000000000e+03
-4.659082031250000000e+03
-4.654986328125000000e+03
-4.660637695312500000e+03
-4.654912109375000000e+03
-4.659082031250000000e+03
-4.654195312500000000e+03
-4.660899902343750000e+03
-4.657850585937500000e+03
-4.651465820312500000e+03
-4.657134277343750000e+03
-4.657926757812500000e+03
-4.655987304687500000e+03
-4.657804687500000000e+03
-4.647103027343750000e+03
-4.658841308593750000e+03
-4.654492187500000000e+03
-4.659606445312500000e+03
-4.660338867187500000e+03
-4.654801757812500000e+03
-4.658270019531250000e+03
-4.656877441406250000e+03
-4.659091308593750000e+03
-4.660026855468750000e+03
-4.658574218750000000e+03
-4.660157226562500000e+03
-4.659830078125000000e+03
-4.658035156250000000e+03
-4.660517578125000000e+03
-4.660810546875000000e+03
-4.660462890625000000e+03
-4.651619628906250000e+03
-4.657511230468750000e+03
-4.658106933593750000e+03
-4.659172851562500000e+03
-4.654254882812500000e+03
-4.659354492187500000e+03
-4.652476562500000000e+03
-4.658530273437500000e+03
-4.655854980468750000e+03
-4.656229003906250000e+03
-4.660464843750000000e+03
-4.660806640625000000e+03
-4.660880859375000000e+03
-4.660779785156250000e+03
-4.660185058593750000e+03
-4.660684082031250000e+03
-4.657068359375000000e+03
-4.658087890625000000e+03
-4.653146484375000000e+03
-4.656958007812500000e+03
-4.656566406250000000e+03
-4.655822265625000000e+03
-4.660203125000000000e+03
-4.659701171875000000e+03
-4.658873046875000000e+03
-4.660691894531250000e+03
-4.659796875000000000e+03
-4.658766601562500000e+03
-4.658020507812500000e+03
-4.660734375000000000e+03
-4.659791503906250000e+03
-4.657560058593750000e+03
-4.657395507812500000e+03
-4.657501464843750000e+03
-4.657278320312500000e+03
-4.657004882812500000e+03
-4.645937011718750000e+03
-4.660301269531250000e+03
-4.658218750000000000e+03
-4.658529785156250000e+03
-4.657578125000000000e+03
-4.660159179687500000e+03
-4.658894042968750000e+03
-4.659459960937500000e+03
-4.653416015625000000e+03
-4.653860351562500000e+03
-4.655649414062500000e+03
-4.658747070312500000e+03
-4.659300781250000000e+03
-4.660052246093750000e+03
-4.658322753906250000e+03
-4.660111328125000000e+03
-4.657587402343750000e+03
-4.656144531250000000e+03
-4.659803710937500000e+03
-4.658764160156250000e+03
-4.660378906250000000e+03
-4.660487304687500000e+03
-4.660956542968750000e+03
-4.658401367187500000e+03
-4.659069335937500000e+03
-4.659207031250000000e+03
-4.660106445312500000e+03
-4.657652343750000000e+03
-4.656608398437500000e+03
-4.660628906250000000e+03
-4.660385742187500000e+03
-4.659020996093750000e+03
-4.653854003906250000e+03
-4.657621093750000000e+03
-4.660534179687500000e+03
-4.660407226562500000e+03
-4.655731445312500000e+03
-4.660397460937500000e+03
-4.660101562500000000e+03
-4.656559570312500000e+03
-4.658023437500000000e+03
-4.658626953125000000e+03
-4.654785156250000000e+03
-4.656632812500000000e+03
-4.660140136718750000e+03
-4.657099609375000000e+03
-4.645366210937500000e+03
-4.657814453125000000e+03
-4.656845703125000000e+03
-4.659673828125000000e+03
-4.655220214843750000e+03
-4.660364257812500000e+03
-4.658533691406250000e+03
-4.660119140625000000e+03
-4.655374023437500000e+03
-4.660533203125000000e+03
-4.657698730468750000e+03
-4.659229492187500000e+03
-4.652788085937500000e+03
-4.657776855468750000e+03
-4.660611816406250000e+03
-4.655734375000000000e+03
-4.658287597656250000e+03
-4.658302734375000000e+03
-4.657864746093750000e+03
-4.660874023437500000e+03
-4.659891601562500000e+03
-4.659344238281250000e+03
-4.659810546875000000e+03
-4.660246093750000000e+03
-4.659269042968750000e+03
-4.660364257812500000e+03
-4.657929687500000000e+03
-4.660350585937500000e+03
-4.657054199218750000e+03
-4.660760742187500000e+03
-4.657899414062500000e+03
-4.658312011718750000e+03
-4.659086914062500000e+03
-4.660780273437500000e+03
-4.652059570312500000e+03
-4.658854492187500000e+03
-4.659306640625000000e+03
-4.659860351562500000e+03
-4.654997070312500000e+03
-4.660798828125000000e+03
-4.659981445312500000e+03
-4.659127441406250000e+03
-4.654705078125000000e+03
-4.661073242187500000e+03
-4.657867187500000000e+03
-4.657332031250000000e+03
-4.653905273437500000e+03
-4.653021972656250000e+03
-4.654283691406250000e+03
-4.660178222656250000e+03
-4.658563476562500000e+03
-4.660461914062500000e+03
-4.656451171875000000e+03
-4.658578613281250000e+03
-4.657696289062500000e+03
-4.659976562500000000e+03
-4.657104980468750000e+03
-4.660399414062500000e+03
-4.658381835937500000e+03
-4.659268554687500000e+03
-4.659300781250000000e+03
-4.658704101562500000e+03
-4.655761718750000000e+03
-4.660450195312500000e+03
-4.659314453125000000e+03
-4.655062500000000000e+03
-4.650407226562500000e+03
-4.660809570312500000e+03
-4.657561523437500000e+03
-4.659825195312500000e+03
-4.659412109375000000e+03
-4.656212402343750000e+03
-4.660687500000000000e+03
-4.658581054687500000e+03
-4.660352539062500000e+03
-4.660101562500000000e+03
-4.657427734375000000e+03
-4.654935546875000000e+03
-4.655401367187500000e+03
-4.658979003906250000e+03
-4.659479492187500000e+03
-4.659686035156250000e+03
-4.656062500000000000e+03
-4.655736328125000000e+03
-4.659043945312500000e+03
-4.653525390625000000e+03
-4.660445312500000000e+03
-4.654143554687500000e+03
-4.655714355468750000e+03
-4.660485351562500000e+03
-4.659839355468750000e+03
-4.659198730468750000e+03
-4.658455078125000000e+03
-4.657835937500000000e+03
-4.660648437500000000e+03
-4.659855468750000000e+03
-4.658844726562500000e+03
-4.660515625000000000e+03
-4.659425292968750000e+03
-4.654458496093750000e+03
-4.656773925781250000e+03
-4.654471191406250000e+03
-4.659950195312500000e+03
-4.660849609375000000e+03
-4.657505371093750000e+03
-4.660192382812500000e+03
-4.657671875000000000e+03
-4.660126953125000000e+03
-4.660025878906250000e+03
-4.660721679687500000e+03
-4.654146484375000000e+03
-4.654974609375000000e+03
-4.660603515625000000e+03
-4.659703613281250000e+03
-4.659320312500000000e+03
-4.658458984375000000e+03
-4.659469238281250000e+03
-4.660745117187500000e+03
-4.660393554687500000e+03
-4.657348632812500000e+03
-4.656249023437500000e+03
-4.659468750000000000e+03
-4.658993164062500000e+03
-4.655307128906250000e+03
-4.659555664062500000e+03
-4.658808593750000000e+03
-4.656541015625000000e+03
-4.658996093750000000e+03
-4.657996093750000000e+03
-4.660815917968750000e+03
-4.657288085937500000e+03
-4.657022460937500000e+03
-4.658558105468750000e+03
-4.659771972656250000e+03
-4.659265136718750000e+03
-4.658638671875000000e+03
-4.658251953125000000e+03
-4.659597167968750000e+03
-4.659805175781250000e+03
-4.658394531250000000e+03
-4.656835937500000000e+03
-4.660388671875000000e+03
-4.653571777343750000e+03
-4.659339355468750000e+03
-4.659639648437500000e+03
-4.659628906250000000e+03
-4.659530273437500000e+03
-4.660721191406250000e+03
-4.660668945312500000e+03
-4.659524902343750000e+03
-4.656862792968750000e+03
-4.660294921875000000e+03
-4.658619140625000000e+03
-4.659190429687500000e+03
-4.657102539062500000e+03
-4.659835937500000000e+03
-4.659731445312500000e+03
-4.654953125000000000e+03
-4.657848144531250000e+03
-4.653869140625000000e+03
-4.659837402343750000e+03
-4.659059570312500000e+03
-4.654364257812500000e+03
-4.655176757812500000e+03
-4.660665527343750000e+03
-4.657681640625000000e+03
-4.658312011718750000e+03
-4.660297851562500000e+03
-4.657272460937500000e+03
-4.654182617187500000e+03
-4.652935546875000000e+03
-4.659361816406250000e+03
-4.657261718750000000e+03
-4.654782226562500000e+03
-4.660195312500000000e+03
-4.658189453125000000e+03
-4.652998535156250000e+03
-4.658659179687500000e+03
-4.656035156250000000e+03
-4.653541992187500000e+03
-4.660202148437500000e+03
-4.652226074218750000e+03
-4.660823242187500000e+03
-4.656837890625000000e+03
-4.659493164062500000e+03
-4.659562500000000000e+03
-4.660481933593750000e+03
-4.659358398437500000e+03
-4.659636230468750000e+03
-4.657662109375000000e+03
-4.659780273437500000e+03
-4.657124511718750000e+03
-4.657945312500000000e+03
-4.658151367187500000e+03
-4.660576171875000000e+03
-4.660259765625000000e+03
-4.654992187500000000e+03
-4.657806640625000000e+03
-4.659218750000000000e+03
-4.660248046875000000e+03
-4.655359375000000000e+03
-4.655831542968750000e+03
-4.650273437500000000e+03
-4.659213378906250000e+03
-4.660850097656250000e+03
-4.660822265625000000e+03
-4.658312500000000000e+03
-4.660675781250000000e+03
-4.651295898437500000e+03
-4.659969238281250000e+03
-4.661062011718750000e+03
-4.658419921875000000e+03
-4.656866210937500000e+03
-4.660399414062500000e+03
-4.659077148437500000e+03
-4.659229492187500000e+03
-4.660436035156250000e+03
-4.659988281250000000e+03
-4.659584960937500000e+03
-4.658175781250000000e+03
-4.658159667968750000e+03
-4.658383300781250000e+03
-4.655711914062500000e+03
-4.661029296875000000e+03
-4.659386718750000000e+03
-4.660594238281250000e+03
-4.658997070312500000e+03
-4.655163085937500000e+03
-4.658867675781250000e+03
-4.660429687500000000e+03
-4.657867187500000000e+03
-4.660819335937500000e+03
-4.657654296875000000e+03
-4.658964843750000000e+03
-4.658378906250000000e+03
-4.653847656250000000e+03
-4.650836914062500000e+03
-4.659642578125000000e+03
-4.654549316406250000e+03
-4.655367187500000000e+03
-4.657910156250000000e+03
-4.660194335937500000e+03
-4.656997070312500000e+03
-4.658160156250000000e+03
-4.658059570312500000e+03
-4.659702148437500000e+03
-4.659296875000000000e+03
-4.657871093750000000e+03
-4.659897949218750000e+03
-4.656161132812500000e+03
-4.656154785156250000e+03
-4.660368164062500000e+03
-4.659445312500000000e+03
-4.659782226562500000e+03
-4.658802734375000000e+03
-4.660068359375000000e+03
-4.659047363281250000e+03
-4.659953613281250000e+03
-4.660315429687500000e+03
-4.659678710937500000e+03
-4.659067871093750000e+03
-4.658904296875000000e+03
-4.660216796875000000e+03
-4.656833984375000000e+03
-4.659178222656250000e+03
-4.660811523437500000e+03
-4.656027343750000000e+03
-4.658746093750000000e+03
-4.656791015625000000e+03
-4.660926757812500000e+03
-4.659131835937500000e+03
-4.660157226562500000e+03
-4.659034179687500000e+03
-4.660142578125000000e+03
-4.658977050781250000e+03
-4.660101562500000000e+03
-4.658081054687500000e+03
-4.657220214843750000e+03
-4.660549804687500000e+03
-4.658927734375000000e+03
-4.660855957031250000e+03
-4.660065429687500000e+03
-4.651673828125000000e+03
-4.660946289062500000e+03
-4.658881835937500000e+03
-4.654557617187500000e+03
-4.654510742187500000e+03
-4.659824218750000000e+03
-4.660354980468750000e+03
-4.653708007812500000e+03
-4.659375488281250000e+03
-4.658953613281250000e+03
-4.654796386718750000e+03
-4.655585937500000000e+03
-4.661067871093750000e+03
-4.658312500000000000e+03
-4.659269531250000000e+03
-4.658935546875000000e+03
-4.659238769531250000e+03
-4.660410156250000000e+03
-4.652207031250000000e+03
-4.657297851562500000e+03
-4.659119628906250000e+03
-4.657514648437500000e+03
-4.655515136718750000e+03
-4.659073730468750000e+03
-4.656486328125000000e+03
-4.660668945312500000e+03
-4.657826171875000000e+03
-4.656927734375000000e+03
-4.659911132812500000e+03
-4.657650390625000000e+03
-4.659941894531250000e+03
-4.656263183593750000e+03
-4.660118164062500000e+03
-4.658750976562500000e+03
-4.661087890625000000e+03
-4.660162109375000000e+03
-4.659143554687500000e+03
-4.658734375000000000e+03
-4.660362792968750000e+03
-4.656759765625000000e+03
-4.657937500000000000e+03
-4.660151855468750000e+03
-4.658250488281250000e+03
-4.658254882812500000e+03
-4.651308105468750000e+03
-4.659664062500000000e+03
-4.654418945312500000e+03
-4.658009277343750000e+03
-4.660221191406250000e+03
-4.654874023437500000e+03
-4.657529785156250000e+03
-4.656748046875000000e+03
-4.658937500000000000e+03
-4.657883300781250000e+03
-4.660562500000000000e+03
-4.660301269531250000e+03
-4.657785156250000000e+03
-4.660641601562500000e+03
-4.657116699218750000e+03
-4.659709960937500000e+03
-4.658657226562500000e+03
-4.657625976562500000e+03
-4.657650878906250000e+03
-4.658062500000000000e+03
-4.660141113281250000e+03
-4.658797851562500000e+03
-4.657354980468750000e+03
-4.658869628906250000e+03
-4.659132812500000000e+03
-4.659427734375000000e+03
-4.660966796875000000e+03
-4.660700195312500000e+03
-4.660169921875000000e+03
-4.659429199218750000e+03
-4.659615234375000000e+03
-4.650074218750000000e+03
-4.657396972656250000e+03
-4.660995605468750000e+03
-4.658250488281250000e+03
-4.658069335937500000e+03
-4.656431640625000000e+03
-4.655149414062500000e+03
-4.658098632812500000e+03
-4.659582031250000000e+03
-4.659225097656250000e+03
-4.660914550781250000e+03
-4.654153320312500000e+03
-4.659781738281250000e+03
-4.656416503906250000e+03
-4.658875000000000000e+03
-4.656756347656250000e+03
-4.657107910156250000e+03
-4.660093750000000000e+03
-4.656690429687500000e+03
-4.658367187500000000e+03
-4.659812500000000000e+03
-4.656292968750000000e+03
-4.660361328125000000e+03
-4.657217285156250000e+03
-4.660624023437500000e+03
-4.657722167968750000e+03
-4.660730957031250000e+03
-4.659949218750000000e+03
-4.658255859375000000e+03
-4.660533691406250000e+03
-4.658860351562500000e+03
-4.653022460937500000e+03
-4.659944335937500000e+03
-4.657454101562500000e+03
-4.660147949218750000e+03
-4.660324218750000000e+03
-4.660312500000000000e+03
-4.660847167968750000e+03
-4.660711914062500000e+03
-4.648016113281250000e+03
-4.659624511718750000e+03
-4.658187500000000000e+03
-4.655204589843750000e+03
-4.655755859375000000e+03
-4.659983886718750000e+03
-4.659704589843750000e+03
-4.658621093750000000e+03
-4.659997558593750000e+03
-4.659868164062500000e+03
-4.647339843750000000e+03
-4.654782226562500000e+03
-4.660001953125000000e+03
-4.656905273437500000e+03
-4.657826171875000000e+03
-4.658806640625000000e+03
-4.660396484375000000e+03
-4.658136718750000000e+03
-4.660679687500000000e+03
-4.660170410156250000e+03
-4.660433593750000000e+03
-4.658018554687500000e+03
-4.653596679687500000e+03
-4.659713867187500000e+03
-4.656691406250000000e+03
-4.660506347656250000e+03
-4.657488281250000000e+03
-4.658164550781250000e+03
-4.659109375000000000e+03
-4.661132324218750000e+03
-4.657499023437500000e+03
-4.660577148437500000e+03
-4.656140625000000000e+03
-4.647465820312500000e+03
-4.659524414062500000e+03
-4.659245117187500000e+03
-4.660579101562500000e+03
-4.656553222656250000e+03
-4.661064453125000000e+03
-4.659634765625000000e+03
-4.637852539062500000e+03
-4.659302246093750000e+03
-4.659340820312500000e+03
-4.660591796875000000e+03
-4.660745117187500000e+03
-4.658633789062500000e+03
-4.657241210937500000e+03
-4.659803710937500000e+03
-4.654466308593750000e+03
-4.658813476562500000e+03
-4.656579101562500000e+03
-4.660592773437500000e+03
-4.660543945312500000e+03
-4.654954589843750000e+03
-4.658133300781250000e+03
-4.654319335937500000e+03
-4.653860351562500000e+03
-4.659480468750000000e+03
-4.656438476562500000e+03
-4.659908203125000000e+03
-4.660478515625000000e+03
-4.653301757812500000e+03
-4.659788085937500000e+03
-4.660610351562500000e+03
-4.652811523437500000e+03
-4.660554687500000000e+03
-4.658814453125000000e+03
-4.660159179687500000e+03
-4.660269531250000000e+03
-4.658900878906250000e+03
-4.660466796875000000e+03
-4.657822265625000000e+03
-4.655399414062500000e+03
-4.652888183593750000e+03
-4.659398925781250000e+03
-4.660108398437500000e+03
-4.658668945312500000e+03
-4.657416015625000000e+03
-4.660791503906250000e+03
-4.660006835937500000e+03
-4.656246582031250000e+03
-4.660706542968750000e+03
-4.654906738281250000e+03
-4.660225585937500000e+03
-4.650116699218750000e+03
-4.660005859375000000e+03
-4.659466796875000000e+03
-4.657751953125000000e+03
-4.659212890625000000e+03
-4.659291992187500000e+03
-4.654939941406250000e+03
-4.659963867187500000e+03
-4.660608398437500000e+03
-4.652708984375000000e+03
-4.653948242187500000e+03
-4.655685546875000000e+03
-4.658273925781250000e+03
-4.655113769531250000e+03
-4.657235839843750000e+03
-4.659368164062500000e+03
-4.660640625000000000e+03
-4.657206542968750000e+03
-4.659182617187500000e+03
-4.658829101562500000e+03
-4.653541503906250000e+03
-4.658311523437500000e+03
-4.657331054687500000e+03
-4.659574707031250000e+03
-4.656190917968750000e+03
-4.657031738281250000e+03
-4.659548828125000000e+03
-4.659757812500000000e+03
-4.658258789062500000e+03
-4.658737304687500000e+03
-4.655116210937500000e+03
-4.657255859375000000e+03
-4.659525878906250000e+03
-4.656310546875000000e+03
-4.660193359375000000e+03
-4.660291503906250000e+03
-4.656980957031250000e+03
-4.660729492187500000e+03
-4.661031250000000000e+03
-4.658566894531250000e+03
-4.658496093750000000e+03
-4.660485351562500000e+03
-4.659334960937500000e+03
-4.659487792968750000e+03
-4.657980468750000000e+03
-4.658675781250000000e+03
-4.658717773437500000e+03
-4.659390625000000000e+03
-4.658625000000000000e+03
-4.655823242187500000e+03
-4.659724121093750000e+03
-4.655513671875000000e+03
-4.659769531250000000e+03
-4.660576171875000000e+03
-4.660375976562500000e+03
-4.658208984375000000e+03
-4.658365234375000000e+03
-4.659368164062500000e+03
-4.660561523437500000e+03
-4.660949218750000000e+03
-4.658255859375000000e+03
-4.658510742187500000e+03
-4.657196289062500000e+03
-4.648097656250000000e+03
-4.659172851562500000e+03
-4.658316406250000000e+03
-4.660950195312500000e+03
-4.660224121093750000e+03
-4.660128906250000000e+03
-4.659425781250000000e+03
-4.658269531250000000e+03
-4.659724609375000000e+03
-4.657555664062500000e+03
-4.654260742187500000e+03
-4.659791503906250000e+03
-4.660117187500000000e+03
-4.659934082031250000e+03
-4.653535156250000000e+03
-4.658862304687500000e+03
-4.658678222656250000e+03
-4.657878906250000000e+03
-4.659000488281250000e+03
-4.660187988281250000e+03
-4.653875000000000000e+03
-4.660485351562500000e+03
-4.660173828125000000e+03
-4.654444824218750000e+03
-4.656554199218750000e+03
-4.660482421875000000e+03
-4.660586914062500000e+03
-4.658632324218750000e+03
-4.659189941406250000e+03
-4.658330078125000000e+03
-4.659710449218750000e+03
-4.658415039062500000e+03
-4.657745117187500000e+03
-4.660992187500000000e+03
-4.660532226562500000e+03
-4.656708984375000000e+03
-4.660648437500000000e+03
-4.655212402343750000e+03
-4.652688964843750000e+03
-4.660879882812500000e+03
-4.659110351562500000e+03
-4.658909179687500000e+03
-4.660600585937500000e+03
-4.659917480468750000e+03
-4.659352539062500000e+03
-4.658486328125000000e+03
-4.656835449218750000e+03
-4.659121582031250000e+03
-4.660631835937500000e+03
-4.659315429687500000e+03
-4.658303222656250000e+03
-4.655998046875000000e+03
-4.659768066406250000e+03
-4.659649902343750000e+03
-4.658049804687500000e+03
-4.656818847656250000e+03
-4.660666992187500000e+03
-4.660593750000000000e+03
-4.660078125000000000e+03
-4.659405273437500000e+03
-4.654094726562500000e+03
-4.659355468750000000e+03
-4.654678710937500000e+03
-4.659589355468750000e+03
-4.659028320312500000e+03
-4.659608398437500000e+03
-4.656690429687500000e+03
-4.656616699218750000e+03
-4.657893554687500000e+03
-4.660613281250000000e+03
-4.656833984375000000e+03
-4.659289550781250000e+03
-4.656689453125000000e+03
-4.659756835937500000e+03
-4.646024902343750000e+03
-4.657690917968750000e+03
-4.653455078125000000e+03
-4.657132812500000000e+03
-4.653752929687500000e+03
-4.658730468750000000e+03
-4.657182617187500000e+03
-4.656449218750000000e+03
-4.660364257812500000e+03
-4.659833984375000000e+03
-4.658841796875000000e+03
-4.651272949218750000e+03
-4.652086425781250000e+03
-4.659299804687500000e+03
-4.657729492187500000e+03
-4.656660156250000000e+03
-4.660192871093750000e+03
-4.657091796875000000e+03
-4.659900390625000000e+03
-4.660114746093750000e+03
-4.660372558593750000e+03
-4.657787597656250000e+03
-4.661058593750000000e+03
-4.660901855468750000e+03
-4.659773437500000000e+03
-4.659106445312500000e+03
-4.658690429687500000e+03
-4.659293457031250000e+03
-4.660636718750000000e+03
-4.660052734375000000e+03
-4.658770507812500000e+03
-4.658683593750000000e+03
-4.657381347656250000e+03
-4.652017578125000000e+03
-4.659458007812500000e+03
-4.660265136718750000e+03
-4.660964843750000000e+03
-4.660735351562500000e+03
-4.659014648437500000e+03
-4.656993652343750000e+03
-4.651766601562500000e+03
-4.660421386718750000e+03
-4.657730957031250000e+03
-4.653834472656250000e+03
-4.658100585937500000e+03
-4.657864257812500000e+03
-4.658918945312500000e+03
-4.657987304687500000e+03
-4.659006835937500000e+03
-4.660005859375000000e+03
-4.661057617187500000e+03
-4.657309082031250000e+03
-4.659723144531250000e+03
-4.659896484375000000e+03
-4.660155273437500000e+03
-4.659237792968750000e+03
-4.659845703125000000e+03
-4.655266113281250000e+03
-4.660179199218750000e+03
-4.659250000000000000e+03
-4.660308105468750000e+03
-4.656030761718750000e+03
-4.657230468750000000e+03
-4.657405273437500000e+03
-4.658308593750000000e+03
-4.657351074218750000e+03
-4.658185058593750000e+03
-4.653146484375000000e+03
-4.655701660156250000e+03
-4.655899414062500000e+03
-4.658768554687500000e+03
-4.658848632812500000e+03
-4.659911132812500000e+03
-4.654458007812500000e+03
-4.660265625000000000e+03
-4.660352539062500000e+03
-4.660507812500000000e+03
-4.659104492187500000e+03
-4.657210937500000000e+03
-4.660052734375000000e+03
-4.658680664062500000e+03
-4.659051269531250000e+03
-4.649843750000000000e+03
-4.658545898437500000e+03
-4.660078125000000000e+03
-4.658940429687500000e+03
-4.658110839843750000e+03
-4.659882812500000000e+03
-4.660093750000000000e+03
-4.660545898437500000e+03
-4.656236328125000000e+03
-4.659638671875000000e+03
-4.657802246093750000e+03
-4.660153320312500000e+03
-4.656660156250000000e+03
-4.659130859375000000e+03
-4.659002929687500000e+03
-4.656070312500000000e+03
-4.660676757812500000e+03
-4.657699218750000000e+03
-4.657423828125000000e+03
-4.659805175781250000e+03
-4.659515136718750000e+03
-4.660083007812500000e+03
-4.653159179687500000e+03
-4.657872558593750000e+03
-4.652463867187500000e+03
-4.657626953125000000e+03
-4.659521484375000000e+03
-4.660408203125000000e+03
-4.659901367187500000e+03
-4.653438476562500000e+03
-4.660365234375000000e+03
-4.656069824218750000e+03
-4.659837890625000000e+03
-4.659675292968750000e+03
-4.660678710937500000e+03
-4.659035644531250000e+03
-4.660361328125000000e+03
-4.660113281250000000e+03
-4.659873535156250000e+03
-4.658971679687500000e+03
-4.659102539062500000e+03
-4.660531738281250000e+03
-4.656587890625000000e+03
-4.655376953125000000e+03
-4.656603027343750000e+03
-4.654571289062500000e+03
-4.659559082031250000e+03
-4.657694824218750000e+03
-4.657539062500000000e+03
-4.660117675781250000e+03
-4.653733398437500000e+03
-4.660046875000000000e+03
-4.659757324218750000e+03
-4.660308593750000000e+03
-4.658815429687500000e+03
-4.660315429687500000e+03
-4.659272460937500000e+03
-4.654625000000000000e+03
-4.657760742187500000e+03
-4.659939453125000000e+03
-4.660340820312500000e+03
-4.658283203125000000e+03
-4.659570312500000000e+03
-4.659011718750000000e+03
-4.659823242187500000e+03
-4.660214843750000000e+03
-4.655923828125000000e+03
-4.657850585937500000e+03
-4.652645996093750000e+03
-4.655339843750000000e+03
-4.658590820312500000e+03
-4.661090820312500000e+03
-4.658605957031250000e+03
-4.660561523437500000e+03
-4.658510742187500000e+03
-4.656178710937500000e+03
-4.656708496093750000e+03
-4.655837402343750000e+03
-4.657938964843750000e+03
-4.659166992187500000e+03
-4.656959960937500000e+03
-4.656351562500000000e+03
-4.654706054687500000e+03
-4.660604492187500000e+03
-4.653419921875000000e+03
-4.657995117187500000e+03
-4.656599609375000000e+03
-4.660544921875000000e+03
-4.660145996093750000e+03
-4.658323242187500000e+03
-4.661030273437500000e+03
-4.656331054687500000e+03
-4.659960937500000000e+03
-4.660324218750000000e+03
-4.658664062500000000e+03
-4.650007812500000000e+03
-4.660164062500000000e+03
-4.656714843750000000e+03
-4.659279785156250000e+03
-4.657566406250000000e+03
-4.660810546875000000e+03
-4.656934570312500000e+03
-4.660256347656250000e+03
-4.660582519531250000e+03
-4.654588867187500000e+03
-4.659906250000000000e+03
-4.660562500000000000e+03
-4.658969726562500000e+03
-4.659776367187500000e+03
-4.655616210937500000e+03
-4.654244628906250000e+03
-4.660598632812500000e+03
-4.655582031250000000e+03
-4.657402832031250000e+03
-4.659706542968750000e+03
-4.656158203125000000e+03
-4.659462402343750000e+03
-4.660987304687500000e+03
-4.659333984375000000e+03
-4.659195312500000000e+03
-4.660125976562500000e+03
-4.654713867187500000e+03
-4.655527343750000000e+03
-4.655404296875000000e+03
-4.657938476562500000e+03
-4.659663574218750000e+03
-4.660966796875000000e+03
-4.660677246093750000e+03
-4.652209472656250000e+03
-4.655929199218750000e+03
-4.657438476562500000e+03
-4.659601074218750000e+03
-4.661042968750000000e+03
-4.660108398437500000e+03
-4.660176757812500000e+03
-4.659837890625000000e+03
-4.656287109375000000e+03
-4.656133789062500000e+03
-4.658733398437500000e+03
-4.659885742187500000e+03
-4.660124023437500000e+03
-4.656858398437500000e+03
-4.657287109375000000e+03
-4.659977539062500000e+03
-4.657723632812500000e+03
-4.654630371093750000e+03
-4.660739257812500000e+03
-4.659200195312500000e+03
-4.660638183593750000e+03
-4.657614257812500000e+03
-4.660170898437500000e+03
-4.660239257812500000e+03
-4.658684570312500000e+03
-4.660923828125000000e+03
-4.659826171875000000e+03
-4.660377929687500000e+03
-4.659138671875000000e+03
-4.658774414062500000e+03
-4.660568847656250000e+03
-4.659146484375000000e+03
-4.654723632812500000e+03
-4.659822753906250000e+03
-4.659303222656250000e+03
-4.653755371093750000e+03
-4.660140625000000000e+03
-4.659300781250000000e+03
-4.660188476562500000e+03
-4.654753417968750000e+03
-4.658049316406250000e+03
-4.660255371093750000e+03
-4.658067871093750000e+03
-4.661034179687500000e+03
-4.658295898437500000e+03
-4.658831054687500000e+03
-4.660479980468750000e+03
-4.658942871093750000e+03
-4.659578125000000000e+03
-4.658647460937500000e+03
-4.656351562500000000e+03
-4.660541015625000000e+03
-4.660460937500000000e+03
-4.659343750000000000e+03
-4.658791503906250000e+03
-4.659162597656250000e+03
-4.660865234375000000e+03
-4.659101562500000000e+03
-4.655402343750000000e+03
-4.655652343750000000e+03
-4.658685546875000000e+03
-4.657480468750000000e+03
-4.660058593750000000e+03
-4.658212890625000000e+03
-4.660283203125000000e+03
-4.658537109375000000e+03
-4.658833007812500000e+03
-4.657607910156250000e+03
-4.659718750000000000e+03
-4.657810546875000000e+03
-4.658549316406250000e+03
-4.656853515625000000e+03
-4.658847656250000000e+03
-4.659682617187500000e+03
-4.658305664062500000e+03
-4.655781250000000000e+03
-4.657895507812500000e+03
-4.658558593750000000e+03
-4.649753417968750000e+03
-4.657950195312500000e+03
-4.656557617187500000e+03
-4.659623046875000000e+03
-4.658468750000000000e+03
-4.659957031250000000e+03
-4.660693359375000000e+03
-4.656659179687500000e+03
-4.659186523437500000e+03
-4.659245117187500000e+03
-4.657560058593750000e+03
-4.655871582031250000e+03
-4.655348144531250000e+03
-4.655237304687500000e+03
-4.658348144531250000e+03
-4.658014648437500000e+03
-4.657143554687500000e+03
-4.655829589843750000e+03
-4.659610839843750000e+03
-4.658938964843750000e+03
-4.660702148437500000e+03
-4.658833007812500000e+03
-4.659383300781250000e+03
-4.652629882812500000e+03
-4.655633789062500000e+03
-4.658705078125000000e+03
-4.656132812500000000e+03
-4.657457031250000000e+03
-4.660203613281250000e+03
-4.660744628906250000e+03
-4.660098632812500000e+03
-4.659035156250000000e+03
-4.656447753906250000e+03
-4.660664550781250000e+03
-4.660420898437500000e+03
-4.660449707031250000e+03
-4.651106933593750000e+03
-4.660590332031250000e+03
-4.659345703125000000e+03
-4.659153808593750000e+03
-4.660184570312500000e+03
-4.657560058593750000e+03
-4.660928710937500000e+03
-4.658229003906250000e+03
-4.659934570312500000e+03
-4.655895019531250000e+03
-4.659411132812500000e+03
-4.659208984375000000e+03
-4.660224609375000000e+03
-4.654209960937500000e+03
-4.658971679687500000e+03
-4.657588867187500000e+03
-4.657859863281250000e+03
-4.659066406250000000e+03
-4.659954101562500000e+03
-4.657796875000000000e+03
-4.660096191406250000e+03
-4.656806640625000000e+03
-4.660268554687500000e+03
-4.659747558593750000e+03
-4.653899414062500000e+03
-4.656471679687500000e+03
-4.654228515625000000e+03
-4.659159667968750000e+03
-4.658109375000000000e+03
-4.657198242187500000e+03
-4.654313476562500000e+03
-4.661002441406250000e+03
-4.659757812500000000e+03
-4.658574218750000000e+03
-4.656915039062500000e+03
-4.659968261718750000e+03
-4.656266113281250000e+03
-4.660548828125000000e+03
-4.659149902343750000e+03
-4.658714843750000000e+03
-4.655716308593750000e+03
-4.658848632812500000e+03
-4.660843750000000000e+03
-4.656950683593750000e+03
-4.656055664062500000e+03
-4.659993164062500000e+03
-4.660753906250000000e+03
-4.660226074218750000e+03
-4.658870117187500000e+03
-4.659840820312500000e+03
-4.658798828125000000e+03
-4.660562500000000000e+03
-4.659913085937500000e+03
-4.659331054687500000e+03
-4.660614746093750000e+03
-4.658584960937500000e+03
-4.657553710937500000e+03
-4.652739257812500000e+03
-4.656249023437500000e+03
-4.659899902343750000e+03
-4.657542480468750000e+03
-4.659570800781250000e+03
-4.660232421875000000e+03
-4.661093750000000000e+03
-4.659911132812500000e+03
-4.660525878906250000e+03
-4.658831054687500000e+03
-4.653854492187500000e+03
-4.658799316406250000e+03
-4.658745117187500000e+03
-4.659926757812500000e+03
-4.660471191406250000e+03
-4.656622070312500000e+03
-4.654295898437500000e+03
-4.660048339843750000e+03
-4.661100097656250000e+03
-4.658303710937500000e+03
-4.660063964843750000e+03
-4.655283203125000000e+03
-4.656663085937500000e+03
-4.659083007812500000e+03
-4.658229492187500000e+03
-4.660443359375000000e+03
-4.659360351562500000e+03
-4.658930664062500000e+03
-4.660922363281250000e+03
-4.659171875000000000e+03
-4.658625976562500000e+03
-4.660134765625000000e+03
-4.659902343750000000e+03
-4.660143554687500000e+03
-4.658336914062500000e+03
-4.656732421875000000e+03
-4.660212890625000000e+03
-4.660118652343750000e+03
-4.660879882812500000e+03
-4.657687500000000000e+03
-4.656500976562500000e+03
-4.658965332031250000e+03
-4.660067871093750000e+03
-4.658159179687500000e+03
-4.656226074218750000e+03
-4.660675781250000000e+03
-4.659308593750000000e+03
-4.658052246093750000e+03
-4.659914550781250000e+03
-4.660270996093750000e+03
-4.658092773437500000e+03
-4.657563476562500000e+03
-4.659117187500000000e+03
-4.659640625000000000e+03
-4.659855468750000000e+03
-4.660812988281250000e+03
-4.656192382812500000e+03
-4.658378417968750000e+03
-4.659701660156250000e+03
-4.659017089843750000e+03
-4.658049804687500000e+03
-4.660029296875000000e+03
-4.658632812500000000e+03
-4.659619140625000000e+03
-4.654870117187500000e+03
-4.655818359375000000e+03
-4.656536132812500000e+03
-4.658310058593750000e+03
-4.659151367187500000e+03
-4.656280273437500000e+03
-4.657031738281250000e+03
-4.661066406250000000e+03
-4.660157714843750000e+03
-4.659978515625000000e+03
-4.657847656250000000e+03
-4.659471679687500000e+03
-4.659205078125000000e+03
-4.660669433593750000e+03
-4.660547851562500000e+03
-4.658105468750000000e+03
-4.655675781250000000e+03
-4.654504882812500000e+03
-4.659502441406250000e+03
-4.659647460937500000e+03
-4.659636230468750000e+03
-4.660571777343750000e+03
-4.658067871093750000e+03
-4.658831542968750000e+03
-4.658518554687500000e+03
-4.659330566406250000e+03
-4.658728027343750000e+03
-4.659687988281250000e+03
-4.654964843750000000e+03
-4.657521484375000000e+03
-4.659411621093750000e+03
-4.659274414062500000e+03
-4.658871093750000000e+03
-4.655060058593750000e+03
-4.656465820312500000e+03
-4.654216308593750000e+03
-4.659841796875000000e+03
-4.656087402343750000e+03
-4.657897460937500000e+03
-4.659734375000000000e+03
-4.650662109375000000e+03
-4.655782226562500000e+03
-4.658817382812500000e+03
-4.657462402343750000e+03
-4.658679687500000000e+03
-4.656141601562500000e+03
-4.659652343750000000e+03
-4.656845703125000000e+03
-4.658962402343750000e+03
-4.658158691406250000e+03
-4.661106445312500000e+03
-4.659146484375000000e+03
-4.658714355468750000e+03
-4.660721679687500000e+03
-4.660035644531250000e+03
-4.659361328125000000e+03
-4.658337402343750000e+03
-4.660176269531250000e+03
-4.657644531250000000e+03
-4.658541015625000000e+03
-4.660013671875000000e+03
-4.654594238281250000e+03
-4.660765625000000000e+03
-4.656382324218750000e+03
-4.658919433593750000e+03
-4.659881835937500000e+03
-4.658722656250000000e+03
-4.658727050781250000e+03
-4.652905273437500000e+03
-4.656774414062500000e+03
-4.659810058593750000e+03
-4.659424804687500000e+03
-4.659321289062500000e+03
-4.659413085937500000e+03
-4.659724609375000000e+03
-4.659441894531250000e+03
-4.656500488281250000e+03
-4.659179199218750000e+03
-4.651287109375000000e+03
-4.660258789062500000e+03
-4.653572265625000000e+03
-4.658403808593750000e+03
-4.655393554687500000e+03
-4.659502929687500000e+03
-4.656731445312500000e+03
-4.658417968750000000e+03
-4.659118652343750000e+03
-4.658070312500000000e+03
-4.654364257812500000e+03
-4.660478515625000000e+03
-4.658047851562500000e+03
-4.661123535156250000e+03
-4.658888671875000000e+03
-4.656476074218750000e+03
-4.658011718750000000e+03
-4.660542968750000000e+03
-4.660386718750000000e+03
-4.657574218750000000e+03
-4.659426757812500000e+03
-4.646393554687500000e+03
-4.657449218750000000e+03
-4.656643066406250000e+03
-4.660799804687500000e+03
-4.659896972656250000e+03
-4.660174804687500000e+03
-4.660272460937500000e+03
-4.658379882812500000e+03
-4.656711914062500000e+03
-4.658305664062500000e+03
-4.654523437500000000e+03
-4.659291992187500000e+03
-4.659895507812500000e+03
-4.660080078125000000e+03
-4.654993164062500000e+03
-4.656124023437500000e+03
-4.659884277343750000e+03
-4.660570800781250000e+03
-4.660623535156250000e+03
-4.660017578125000000e+03
-4.653700195312500000e+03
-4.658893554687500000e+03
-4.654545898437500000e+03
-4.653682617187500000e+03
-4.658245605468750000e+03
-4.659705078125000000e+03
-4.658817382812500000e+03
-4.659638671875000000e+03
-4.656881835937500000e+03
-4.659785156250000000e+03
-4.657197753906250000e+03
-4.656855957031250000e+03
-4.657754882812500000e+03
-4.659833496093750000e+03
-4.660102539062500000e+03
-4.656196289062500000e+03
-4.659200195312500000e+03
-4.656801757812500000e+03
-4.659827636718750000e+03
-4.653443359375000000e+03
-4.659141601562500000e+03
-4.659439453125000000e+03
-4.660456054687500000e+03
-4.660180175781250000e+03
-4.658844726562500000e+03
-4.658519042968750000e+03
-4.658530273437500000e+03
-4.649893554687500000e+03
-4.659645019531250000e+03
-4.657054687500000000e+03
-4.657099121093750000e+03
-4.659963867187500000e+03
-4.652719726562500000e+03
-4.660350585937500000e+03
-4.657996582031250000e+03
-4.660415527343750000e+03
-4.653950195312500000e+03
-4.659216308593750000e+03
-4.660414550781250000e+03
-4.658929199218750000e+03
-4.654970214843750000e+03
-4.658657226562500000e+03
-4.659257812500000000e+03
-4.657906738281250000e+03
-4.657435546875000000e+03
-4.658778320312500000e+03
-4.657429199218750000e+03
-4.658628417968750000e+03
-4.657952636718750000e+03
-4.657804199218750000e+03
-4.660417968750000000e+03
-4.660256347656250000e+03
-4.656019042968750000e+03
-4.654345703125000000e+03
-4.656257812500000000e+03
-4.658571289062500000e+03
-4.656340820312500000e+03
-4.660217773437500000e+03
-4.659029296875000000e+03
-4.651968750000000000e+03
-4.658279785156250000e+03
-4.656606445312500000e+03
-4.660487304687500000e+03
-4.655661132812500000e+03
-4.657280761718750000e+03
-4.660641113281250000e+03
-4.657086914062500000e+03
-4.660559570312500000e+03
-4.656666992187500000e+03
-4.657570800781250000e+03
-4.658293945312500000e+03
-4.656953613281250000e+03
-4.656499023437500000e+03
-4.654517089843750000e+03
-4.653966796875000000e+03
-4.658328125000000000e+03
-4.653259765625000000e+03
-4.660430664062500000e+03
-4.657185546875000000e+03
-4.659530761718750000e+03
-4.657239257812500000e+03
-4.658634765625000000e+03
-4.659628906250000000e+03
-4.657360351562500000e+03
-4.658977050781250000e+03
-4.654541992187500000e+03
-4.657630859375000000e+03
-4.659364746093750000e+03
-4.653855468750000000e+03
-4.658383789062500000e+03
-4.658961914062500000e+03
-4.660447265625000000e+03
-4.660935058593750000e+03
-4.661065429687500000e+03
-4.654656250000000000e+03
-4.658739257812500000e+03
-4.660295898437500000e+03
-4.658291015625000000e+03
-4.660545898437500000e+03
-4.660677734375000000e+03
-4.659085937500000000e+03
-4.658840820312500000e+03
-4.653738281250000000e+03
-4.655778320312500000e+03
-4.659121093750000000e+03
-4.659477050781250000e+03
-4.659259277343750000e+03
-4.659349121093750000e+03
-4.656407226562500000e+03
-4.659779296875000000e+03
-4.659395996093750000e+03
-4.657117187500000000e+03
-4.659124511718750000e+03
-4.658497070312500000e+03
-4.659131835937500000e+03
-4.660564453125000000e+03
-4.657944335937500000e+03
-4.657800781250000000e+03
-4.660275390625000000e+03
-4.660404296875000000e+03
-4.660153320312500000e+03
-4.658906250000000000e+03
-4.659062988281250000e+03
-4.660253906250000000e+03
-4.659915039062500000e+03
-4.660549316406250000e+03
-4.655255859375000000e+03
-4.653399414062500000e+03
-4.660629882812500000e+03
-4.659749023437500000e+03
-4.658612304687500000e+03
-4.658162109375000000e+03
-4.657911621093750000e+03
-4.655886718750000000e+03
-4.660633300781250000e+03
-4.656754882812500000e+03
-4.659626464843750000e+03
-4.655318847656250000e+03
-4.656281250000000000e+03
-4.654520507812500000e+03
-4.659434570312500000e+03
-4.655535156250000000e+03
-4.660886718750000000e+03
-4.654956054687500000e+03
-4.659348144531250000e+03
-4.659374511718750000e+03
-4.659086425781250000e+03
-4.655838378906250000e+03
-4.660276367187500000e+03
-4.660702636718750000e+03
-4.660740234375000000e+03
-4.660634765625000000e+03
-4.655417968750000000e+03
-4.655659179687500000e+03
-4.657951171875000000e+03
-4.659770507812500000e+03
-4.658578125000000000e+03
-4.661044921875000000e+03
-4.654546875000000000e+03
-4.659067382812500000e+03
-4.659466796875000000e+03
-4.660954589843750000e+03
-4.658925781250000000e+03
-4.658316406250000000e+03
-4.659150390625000000e+03
-4.659921875000000000e+03
-4.651620117187500000e+03
-4.657161132812500000e+03
-4.658444335937500000e+03
-4.660512695312500000e+03
-4.656693359375000000e+03
-4.659913574218750000e+03
-4.655649902343750000e+03
-4.657251953125000000e+03
-4.658081054687500000e+03
-4.660458007812500000e+03
-4.659383789062500000e+03
-4.657195312500000000e+03
-4.654279296875000000e+03
-4.658864257812500000e+03
-4.658605468750000000e+03
-4.655445312500000000e+03
-4.651159667968750000e+03
-4.660909667968750000e+03
-4.658516601562500000e+03
-4.651957031250000000e+03
-4.660793945312500000e+03
-4.660722656250000000e+03
-4.660547851562500000e+03
-4.657471679687500000e+03
-4.658308593750000000e+03
-4.659690429687500000e+03
-4.658809082031250000e+03
-4.659117675781250000e+03
-4.660553222656250000e+03
-4.656729492187500000e+03
-4.660891113281250000e+03
-4.655413574218750000e+03
-4.659282226562500000e+03
-4.659261230468750000e+03
-4.659396484375000000e+03
-4.659676757812500000e+03
-4.659206054687500000e+03
-4.658697265625000000e+03
-4.660237304687500000e+03
-4.660644042968750000e+03
-4.656958007812500000e+03
-4.657486328125000000e+03
-4.659334960937500000e+03
-4.657573242187500000e+03
-4.655172363281250000e+03
-4.657067382812500000e+03
-4.649993652343750000e+03
-4.659380371093750000e+03
-4.654942871093750000e+03
-4.660275878906250000e+03
-4.654368164062500000e+03
-4.659728515625000000e+03
-4.660334960937500000e+03
-4.659729980468750000e+03
-4.656030761718750000e+03
-4.659428222656250000e+03
-4.657666992187500000e+03
-4.655501953125000000e+03
-4.659248046875000000e+03
-4.660515625000000000e+03
-4.660878906250000000e+03
-4.657666992187500000e+03
-4.659992187500000000e+03
-4.657010742187500000e+03
-4.657099121093750000e+03
-4.656283203125000000e+03
-4.659946777343750000e+03
-4.659892089843750000e+03
-4.660799804687500000e+03
-4.656254882812500000e+03
-4.652890136718750000e+03
-4.659988281250000000e+03
-4.660144531250000000e+03
-4.659024414062500000e+03
-4.656389160156250000e+03
-4.658301269531250000e+03
-4.653926757812500000e+03
-4.660814453125000000e+03
-4.660099609375000000e+03
-4.658750976562500000e+03
-4.660253417968750000e+03
-4.653105468750000000e+03
-4.646020019531250000e+03
-4.656096679687500000e+03
-4.657791503906250000e+03
-4.659285644531250000e+03
-4.658074218750000000e+03
-4.659888671875000000e+03
-4.657562011718750000e+03
-4.655418945312500000e+03
-4.659889648437500000e+03
-4.660922851562500000e+03
-4.660422851562500000e+03
-4.652761718750000000e+03
-4.650453125000000000e+03
-4.660699218750000000e+03
-4.659622558593750000e+03
-4.659596679687500000e+03
-4.653343261718750000e+03
-4.654520996093750000e+03
-4.660896484375000000e+03
-4.656583984375000000e+03
-4.655996093750000000e+03
-4.659727539062500000e+03
-4.659772949218750000e+03
-4.659988281250000000e+03
-4.660310058593750000e+03
-4.660322265625000000e+03
-4.657662109375000000e+03
-4.659713867187500000e+03
-4.652507812500000000e+03
-4.656855468750000000e+03
-4.657687500000000000e+03
-4.657383789062500000e+03
-4.656666992187500000e+03
-4.660740722656250000e+03
-4.656436523437500000e+03
-4.657358886718750000e+03
-4.658813964843750000e+03
-4.658357421875000000e+03
-4.660001953125000000e+03
-4.651468750000000000e+03
-4.657704589843750000e+03
-4.659880371093750000e+03
-4.657309570312500000e+03
-4.655572753906250000e+03
-4.660497070312500000e+03
-4.659143554687500000e+03
-4.658935546875000000e+03
-4.655487792968750000e+03
-4.657186523437500000e+03
-4.658781738281250000e+03
-4.660769042968750000e+03
-4.655261230468750000e+03
-4.657975097656250000e+03
-4.659400390625000000e+03
-4.659208496093750000e+03
-4.660337402343750000e+03
-4.657345703125000000e+03
-4.659229980468750000e+03
-4.658459960937500000e+03
-4.655835937500000000e+03
-4.657208984375000000e+03
-4.659652832031250000e+03
-4.659186035156250000e+03
-4.656684570312500000e+03
-4.657661132812500000e+03
-4.660227539062500000e+03
-4.660733886718750000e+03
-4.659953125000000000e+03
-4.657779785156250000e+03
-4.660607421875000000e+03
-4.659875976562500000e+03
-4.660994140625000000e+03
-4.661020019531250000e+03
-4.659131347656250000e+03
-4.649557617187500000e+03
-4.659951660156250000e+03
-4.659588378906250000e+03
-4.654339355468750000e+03
-4.658069335937500000e+03
-4.650740234375000000e+03
-4.660183105468750000e+03
-4.659461914062500000e+03
-4.658380859375000000e+03
-4.658276855468750000e+03
-4.654848632812500000e+03
