# Variable: A
# Sample shape: (3000,)
# Date: 2018-05-02 15:31:34.052922
1.684188192107643900e+01
1.604366343359619407e+01
1.660590979716971205e+01
1.676963051834877305e+01
1.618670265609906878e+01
1.656836755299340069e+01
1.639150781385923850e+01
1.626247450400603611e+01
1.666381569107117500e+01
1.642422855375148316e+01
1.688003530413124764e+01
1.666696278193149539e+01
1.662354763438813521e+01
1.690811331602802525e+01
1.674975932660973399e+01
1.647510628996739257e+01
1.664804139162083985e+01
1.614907520192450363e+01
1.634159755685549342e+01
1.674735450912889689e+01
1.712433431736345923e+01
1.641439492477407569e+01
1.656541374707683190e+01
1.699455056585777157e+01
1.632165356434337866e+01
1.610536209093310589e+01
1.657526061326612776e+01
1.621422537465366887e+01
1.642439834025527290e+01
1.603113203765392569e+01
1.629331490783644654e+01
1.607572902036379148e+01
1.668502592523646300e+01
1.649889034173607172e+01
1.640686207649966732e+01
1.634302715140004025e+01
1.680007325340422852e+01
1.594443452986257981e+01
1.707561034934115440e+01
1.613697758001490357e+01
1.664307287285283721e+01
1.663613943247920091e+01
1.713897606937365481e+01
1.664629148832711536e+01
1.638010134720014577e+01
1.568681384271661017e+01
1.629584167660238592e+01
1.671848496449761967e+01
1.648502064056445349e+01
1.645006119347251783e+01
1.654654102538012594e+01
1.654567467494264577e+01
1.613263925003323607e+01
1.694359593975890377e+01
1.654539992587617547e+01
1.635087360209097440e+01
1.627610133884194354e+01
1.703181195462075337e+01
1.658855944638997570e+01
1.637984546065853309e+01
1.686518053177442056e+01
1.632403340018990434e+01
1.662331796795622907e+01
1.630511925823010699e+01
1.615730019290544917e+01
1.624277863462360472e+01
1.678035868291125254e+01
1.658766280629145484e+01
1.615933987343664313e+01
1.680619470351890143e+01
1.657003072048103576e+01
1.655938299023067017e+01
1.689364432002264493e+01
1.635553905058288393e+01
1.618814750385469736e+01
1.657430869220304359e+01
1.677978130909643539e+01
1.595412444887347014e+01
1.690368200362155804e+01
1.627091034610750597e+01
1.569637300843045757e+01
1.657255202304729380e+01
1.681082731657905782e+01
1.624233424947219717e+01
1.679244166205263156e+01
1.676311977078859172e+01
1.628543706456789408e+01
1.662048137799456526e+01
1.593279302727646041e+01
1.678033609033387208e+01
1.653900132989874550e+01
1.634993175472042637e+01
1.627804345374978112e+01
1.647672123799568311e+01
1.670851981811021503e+01
1.624116385255329931e+01
1.667147626907879499e+01
1.665953467137507715e+01
1.677091611962737971e+01
1.661634661334920082e+01
1.656327874518632370e+01
1.663713605344800683e+01
1.620004317791821791e+01
1.635726333546128330e+01
1.607782566684176118e+01
1.705118437381532459e+01
1.642468638168983119e+01
1.605970428484479129e+01
1.612652366666513259e+01
1.653562273000281735e+01
1.649849155663804723e+01
1.644854960731363747e+01
1.626383983012401657e+01
1.683364998185584227e+01
1.686365953091683068e+01
1.710288042897882477e+01
1.637448577998061694e+01
1.643306384650227159e+01
1.622324516002152350e+01
1.650822088999210635e+01
1.603689241896321604e+01
1.629051578918202381e+01
1.666938285715751888e+01
1.676025132000477313e+01
1.645181625762703348e+01
1.660843904190214460e+01
1.654125235142911166e+01
1.635550693477661000e+01
1.623097210279707525e+01
1.676515971170782393e+01
1.633260424784250731e+01
1.649863815375900344e+01
1.658609182576512353e+01
1.673176867298006343e+01
1.646222903528141401e+01
1.608115626037986345e+01
1.683303024128866454e+01
1.623716426746495145e+01
1.627648407802539765e+01
1.660912133413630798e+01
1.639376589785152660e+01
1.626693602385781290e+01
1.665021616369173429e+01
1.683814767732686235e+01
1.647171226197204419e+01
1.681734612722180700e+01
1.647505292884248362e+01
1.721013525235381536e+01
1.650061466449875169e+01
1.658631265279167621e+01
1.640671812492784909e+01
1.663492121403791302e+01
1.691187161416220519e+01
1.651605464736815776e+01
1.606123026981682500e+01
1.660615969504448231e+01
1.671010213827149826e+01
1.692336655841186399e+01
1.695103823018487788e+01
1.659175549171948560e+01
1.650373638389987718e+01
1.670638121457990266e+01
1.673467402306554419e+01
1.591802562953113309e+01
1.672194288007049323e+01
1.651023463283481973e+01
1.604934018152734509e+01
1.731878275047567328e+01
1.674435473057440404e+01
1.668412227964056171e+01
1.674360844632040468e+01
1.650536077009882518e+01
1.636487772227929227e+01
1.687442775999720368e+01
1.639630977591860983e+01
1.628181060633670896e+01
1.681057239805566184e+01
1.678877259479755324e+01
1.628195176263736599e+01
1.638689455274516149e+01
1.649740508628225300e+01
1.653219376568527110e+01
1.651842433713623493e+01
1.683191148766166378e+01
1.625383580114578663e+01
1.648628457533850167e+01
1.654885536653079470e+01
1.693054022694759908e+01
1.657039381752954910e+01
1.633328042985279538e+01
1.653079566953029200e+01
1.645560452588127376e+01
1.631255439382419681e+01
1.727092166934241746e+01
1.655189381839701923e+01
1.633297162949322967e+01
1.602530291081315994e+01
1.650058708634568561e+01
1.637319998957891443e+01
1.629251006324013673e+01
1.660375352190500919e+01
1.681584285450627547e+01
1.655426387641751518e+01
1.560706533392151840e+01
1.618226989903053692e+01
1.660851491080130415e+01
1.634867291081559060e+01
1.642490161963625539e+01
1.678209866315346233e+01
1.659908862089746151e+01
1.710214475770349551e+01
1.649952660725764630e+01
1.647514481277076115e+01
1.640987006543202753e+01
1.634136107717610642e+01
1.625441676044212613e+01
1.618779995211528089e+01
1.662501895327980606e+01
1.672864342772703239e+01
1.620097770433360651e+01
1.660025841889561704e+01
1.693442321175970378e+01
1.662497483796214937e+01
1.655156169695919033e+01
1.647691980262483469e+01
1.672550584679848740e+01
1.659608234918475489e+01
1.686835507368179421e+01
1.679517136702566660e+01
1.656664021928201436e+01
1.646729858176020755e+01
1.658976582519890997e+01
1.645033488767468199e+01
1.665170702098679101e+01
1.667718656564571589e+01
1.587420108272500840e+01
1.703972192060231805e+01
1.594123252999133555e+01
1.654245680762154080e+01
1.707122848996492692e+01
1.666202498895880169e+01
1.638000689109249919e+01
1.633923537746546728e+01
1.655778150999400467e+01
1.594249550556685691e+01
1.623318599360412406e+01
1.597481765000689791e+01
1.677728259948272793e+01
1.644873909801986400e+01
1.710419844611871909e+01
1.674342360675303354e+01
1.689758340781900614e+01
1.617658441809956926e+01
1.638411042390956496e+01
1.628388643534561808e+01
1.663402774940940176e+01
1.698220299476255590e+01
1.641148369267963858e+01
1.682740765622011736e+01
1.664874761995726971e+01
1.674284776919465401e+01
1.632951602581330164e+01
1.623419171512238535e+01
1.649077982399573372e+01
1.624803242366834866e+01
1.676093014345818233e+01
1.647026792372171045e+01
1.627234293193037118e+01
1.656679494341452141e+01
1.695204278510386331e+01
1.651983097708229664e+01
1.593860130635448513e+01
1.659229042150312239e+01
1.660365526826861071e+01
1.640113465056683140e+01
1.669369554245669818e+01
1.633081592973293183e+01
1.619747036914863969e+01
1.634774323339128088e+01
1.701977936998752128e+01
1.613684696519685247e+01
1.598169979544266361e+01
1.668905859352374677e+01
1.673147163685845484e+01
1.634578413020612686e+01
1.625114860613651402e+01
1.634437055593189569e+01
1.630388264598729009e+01
1.670828880032166808e+01
1.655652694248058054e+01
1.662173142646911117e+01
1.622949372425796000e+01
1.627281895065744877e+01
1.685209878723980736e+01
1.708193850938840441e+01
1.644909814100356726e+01
1.662715741020720728e+01
1.637589029746240854e+01
1.599177537848349573e+01
1.620929327420555310e+01
1.701413247724314104e+01
1.603573671748641871e+01
1.676472096652008048e+01
1.631609097397095809e+01
1.647961728371937085e+01
1.666650063036808049e+01
1.622106265566071315e+01
1.633346718008950660e+01
1.644434102354919602e+01
1.631883585266232828e+01
1.670317929319002914e+01
1.666412833886724698e+01
1.627364530997693848e+01
1.615467268758221309e+01
1.645973273276129945e+01
1.679470646557338753e+01
1.655108521504881480e+01
1.615760396773240970e+01
1.670391065903940842e+01
1.652905979815461990e+01
1.674623880784376695e+01
1.680658863071588272e+01
1.656498757649825748e+01
1.659343713366133954e+01
1.666405366714687375e+01
1.637579107607975715e+01
1.680071035738513174e+01
1.645762657830591991e+01
1.656497303255704168e+01
1.621787296381286936e+01
1.674225215088943841e+01
1.654888202560223931e+01
1.680475275564639404e+01
1.650000109238972712e+01
1.693118464693709058e+01
1.660452145916776701e+01
1.638031184061399159e+01
1.662617248419590510e+01
1.584996836016511246e+01
1.608551336322569369e+01
1.702471787068387954e+01
1.596739268166020409e+01
1.640141823192283255e+01
1.648990565168420375e+01
1.636985554762345174e+01
1.633344666961215808e+01
1.649608609969258666e+01
1.696604879131552934e+01
1.661839237012651083e+01
1.698526510859126404e+01
1.658330340707975381e+01
1.609953349033469649e+01
1.644732544457348311e+01
1.683607562608974817e+01
1.613989304484821119e+01
1.611933561740152854e+01
1.610729265997835924e+01
1.658389447875153877e+01
1.654305904209292422e+01
1.651759756676118229e+01
1.602173614538558866e+01
1.646997343717493933e+01
1.661944783736362297e+01
1.620473496049812567e+01
1.652922858315793420e+01
1.678690656748018384e+01
1.601768210092786404e+01
1.680760603918810858e+01
1.604671708703972044e+01
1.648960998234207764e+01
1.629978717034375890e+01
1.655439348847946945e+01
1.686069402652492144e+01
1.706145149774673087e+01
1.624081448406163730e+01
1.592313553063416975e+01
1.650734744207214533e+01
1.667814180596059970e+01
1.638444263348436891e+01
1.630179491054730079e+01
1.725567533392656472e+01
1.619616973897277745e+01
1.620143932305101941e+01
1.670777024478676154e+01
1.644297367453328818e+01
1.662069810352603483e+01
1.647083517846821010e+01
1.644892708453426167e+01
1.672449109688340130e+01
1.629218094447715615e+01
1.619634326478126596e+01
1.676194648157610345e+01
1.642286196866109904e+01
1.707760140030578455e+01
1.557623724720976277e+01
1.664404881310472817e+01
1.616180161590807529e+01
1.662471100247701017e+01
1.681289176755490544e+01
1.647764570151587193e+01
1.654351879018417293e+01
1.634343063051689171e+01
1.650887968174967924e+01
1.613527193740008769e+01
1.643140365686950233e+01
1.643237824337424158e+01
1.669210423600204152e+01
1.616441759214776752e+01
1.598278229719562660e+01
1.612795386673624165e+01
1.633697208484377583e+01
1.630615152695824221e+01
1.640451947279137102e+01
1.625449834115648429e+01
1.675616404712630825e+01
1.672552074403083111e+01
1.641161105214164451e+01
1.664238423265186029e+01
1.597735239357782966e+01
1.643205337602585558e+01
1.687142180369313138e+01
1.672779442610724487e+01
1.695111389313112937e+01
1.682904317900821312e+01
1.613645910592190802e+01
1.631125171244971028e+01
1.610734253458600662e+01
1.683053406201435465e+01
1.645257833008141191e+01
1.616950785572710814e+01
1.667541540245148823e+01
1.619260038288204839e+01
1.657493783813637123e+01
1.683661547689792570e+01
1.648113318010042860e+01
1.685523424938130788e+01
1.647805516374982560e+01
1.635115679450896309e+01
1.680868580214612962e+01
1.683214963921811602e+01
1.668663181322947153e+01
1.666092430628244614e+01
1.667750920121692815e+01
1.611335857387370751e+01
1.606456011181052190e+01
1.638816816673924492e+01
1.640867636685510433e+01
1.656120074186233637e+01
1.637764768721883613e+01
1.616192738345557345e+01
1.654886313579669377e+01
1.648699606503377524e+01
1.649612312951047244e+01
1.641951425686433907e+01
1.664400042194857576e+01
1.654616779572619123e+01
1.655339292575969168e+01
1.652668887106705498e+01
1.690214495664758587e+01
1.646765734154476135e+01
1.667158602316970573e+01
1.662623180576667892e+01
1.702279191939163994e+01
1.713404789161034714e+01
1.635226287120672239e+01
1.675170971087070981e+01
1.642755411165164148e+01
1.669634511158970369e+01
1.685530443912050202e+01
1.646362436597711820e+01
1.638602532883030349e+01
1.639254192224506923e+01
1.695682867873896882e+01
1.613846942108297000e+01
1.674863528901101972e+01
1.745361859201893395e+01
1.636720431643353990e+01
1.662681850587436472e+01
1.637838542799361718e+01
1.612409387919651493e+01
1.649095723182449547e+01
1.661289507082853945e+01
1.652282128770561442e+01
1.653635733971945498e+01
1.655066226821784525e+01
1.711228488060547193e+01
1.691511108470246683e+01
1.696336647835572720e+01
1.658981648676645904e+01
1.609142605448180063e+01
1.637970859174309979e+01
1.646957302313036209e+01
1.649455278409757852e+01
1.621048959852664950e+01
1.662024608948349069e+01
1.656233072501044390e+01
1.636024289807595267e+01
1.637768602772177573e+01
1.659258325023758829e+01
1.639677795276382710e+01
1.669958064462230141e+01
1.655997451583573721e+01
1.669025986504140491e+01
1.663218512471907928e+01
1.605445789419291103e+01
1.625899191392330678e+01
1.639675061103574549e+01
1.721655247943774469e+01
1.668281580779481033e+01
1.646389175401647975e+01
1.644228981762492481e+01
1.616852902733717556e+01
1.635126604212871371e+01
1.634658221983224635e+01
1.624831984155721543e+01
1.653279697631074896e+01
1.623296393995826747e+01
1.653348806780009639e+01
1.646405744230017021e+01
1.670508722337480734e+01
1.610387739422660758e+01
1.654372915556097823e+01
1.620310653241058318e+01
1.627883176993175240e+01
1.648392216056310033e+01
1.639550953483318096e+01
1.665263142662504947e+01
1.642599709818380660e+01
1.607339342747933131e+01
1.639886622143623995e+01
1.638586367584334624e+01
1.724508844102450311e+01
1.696089848406291622e+01
1.645346321604575834e+01
1.593197254402204699e+01
1.665543669501770196e+01
1.635943290808865669e+01
1.658427256348279499e+01
1.670705323951717602e+01
1.660891747181880973e+01
1.662663677546215624e+01
1.639020564446326844e+01
1.612649669723728962e+01
1.674861007843870908e+01
1.644191964512441473e+01
1.619305076777220620e+01
1.619218345358641642e+01
1.678127111271598082e+01
1.623792439981229307e+01
1.677329341847270427e+01
1.639324243230235467e+01
1.690059825318864739e+01
1.683784557916934332e+01
1.606700589214615960e+01
1.677335782670823505e+01
1.678519122869169067e+01
1.651029947342778925e+01
1.664606612467673941e+01
1.624408764324456556e+01
1.642917207063586460e+01
1.623926116665170127e+01
1.618250115514558374e+01
1.677320466670283494e+01
1.659479839248126609e+01
1.666299127294679749e+01
1.661231301236630387e+01
1.669597556949582895e+01
1.663866344164643252e+01
1.688617547602810731e+01
1.612376076042570006e+01
1.661805146855039439e+01
1.641010011975846083e+01
1.627183240765460326e+01
1.647963504087834963e+01
1.568441901208830025e+01
1.658236112076060209e+01
1.622818443647670250e+01
1.628503212532643118e+01
1.645007312644259301e+01
1.651534540778499505e+01
1.649182173723737677e+01
1.624972827553384747e+01
1.641013054761512180e+01
1.661070384297127944e+01
1.629745420246406340e+01
1.657528384890835582e+01
1.678578042403889015e+01
1.683848320678727006e+01
1.629618967071246871e+01
1.686577468456083650e+01
1.665819706404454337e+01
1.614923922696776160e+01
1.690733870022349095e+01
1.648497739774656523e+01
1.647840583656905622e+01
1.691232403092754666e+01
1.637388263495886065e+01
1.627604024640297098e+01
1.689883966160559226e+01
1.656750286868915367e+01
1.665924269927681678e+01
1.651623771657114759e+01
1.658526134541292762e+01
1.639101069082838080e+01
1.588516356054352663e+01
1.682745904194257136e+01
1.630069907842278454e+01
1.591430471297620031e+01
1.663200839776082773e+01
1.631267364103450035e+01
1.626752509378924216e+01
1.628522524879523203e+01
1.670132964293425815e+01
1.654892846474561452e+01
1.673726597873838529e+01
1.634035434521146612e+01
1.580430454421599507e+01
1.646278122030404134e+01
1.639262100673158074e+01
1.636622731968125066e+01
1.656627962513103469e+01
1.681198011637247092e+01
1.631647171251179884e+01
1.634620017685422511e+01
1.635236035235335805e+01
1.628188734915191205e+01
1.639825850448776734e+01
1.624762969070282637e+01
1.705810721603918267e+01
1.666464372337466315e+01
1.668060331230927318e+01
1.684992902156687578e+01
1.595646175132159605e+01
1.647575953975557539e+01
1.639891389606529870e+01
1.694943866061523252e+01
1.666771204117307192e+01
1.671225275048691827e+01
1.611179254286208717e+01
1.610311053556056038e+01
1.664262442200270797e+01
1.653558752653260555e+01
1.664572815737477640e+01
1.633301259349122958e+01
1.656191863762672511e+01
1.653971858460622713e+01
1.667197557503146399e+01
1.687147862820257416e+01
1.620557178391270980e+01
1.689221381660981081e+01
1.592782326826337425e+01
1.647086736405674046e+01
1.663372990829783404e+01
1.666481829880991938e+01
1.625528124252484119e+01
1.657180435011741437e+01
1.666116514037304697e+01
1.618564634116318501e+01
1.628317306992744662e+01
1.685061649861292565e+01
1.636323005038540046e+01
1.673513913047679935e+01
1.608599373806601918e+01
1.627602246037000455e+01
1.616907087744901972e+01
1.621331448173040357e+01
1.656758755859373267e+01
1.666077314656041608e+01
1.653657379231271918e+01
1.645040052698463739e+01
1.639301304891997901e+01
1.708469992407031057e+01
1.668956208563781729e+01
1.682675901996441681e+01
1.642804863164347040e+01
1.653528946308854231e+01
1.610831306206609170e+01
1.708731137738022454e+01
1.639610605227104756e+01
1.652970890863819164e+01
1.613880642510337537e+01
1.622122084521823027e+01
1.655805345278302099e+01
1.657272726940537666e+01
1.616433864418124600e+01
1.589439054581183086e+01
1.708025771456004094e+01
1.681706880684090066e+01
1.674616669941148217e+01
1.643305047974785182e+01
1.649330214942920492e+01
1.616548117466022205e+01
1.643152568067197805e+01
1.681543343653951794e+01
1.621494561533574696e+01
1.638291714736162774e+01
1.631868898375801891e+01
1.637801538214623776e+01
1.616169300464354208e+01
1.611117060991606920e+01
1.657454440666218431e+01
1.712672268351264293e+01
1.674696749657408290e+01
1.636679177525047990e+01
1.694824245206573821e+01
1.644403889779592731e+01
1.687585047063969057e+01
1.639602480625443448e+01
1.610231094568840504e+01
1.648031724548684451e+01
1.649328431527850469e+01
1.659504999271648984e+01
1.652747855526281739e+01
1.648351702710243316e+01
1.631489713221133542e+01
1.613215973444440365e+01
1.690124284132259547e+01
1.666624827314221591e+01
1.651622384797540732e+01
1.630150641491493957e+01
1.659774400193483856e+01
1.668379924877904230e+01
1.624461546661078515e+01
1.662081647892068048e+01
1.675331018429641361e+01
1.645359821781940113e+01
1.657210332287786869e+01
1.686821046934541002e+01
1.619454317364353457e+01
1.642527098896443150e+01
1.658132915433729693e+01
1.643594722868483160e+01
1.625899715097567366e+01
1.676433995582335257e+01
1.677323666592999984e+01
1.606980257321126970e+01
1.632928482163897499e+01
1.634683601750420578e+01
1.649295324984533195e+01
1.653332467164016251e+01
1.667610019979382940e+01
1.661587395150172952e+01
1.679712896427235336e+01
1.578403541326224868e+01
1.646485840708929871e+01
1.637436597674826544e+01
1.621620135882897884e+01
1.690839621588106922e+01
1.669375336860532499e+01
1.579385935662964791e+01
1.660287386287769706e+01
1.680619030664141178e+01
1.650342041337049892e+01
1.668339064989236320e+01
1.646580745639175092e+01
1.633436683179197146e+01
1.670996627367834364e+01
1.676110741645704749e+01
1.642697629973344675e+01
1.636224720653053311e+01
1.695709794771515178e+01
1.647443180983358957e+01
1.619315338394051551e+01
1.596160409036511929e+01
1.587222545462170409e+01
1.670298231000136369e+01
1.608985166476457351e+01
1.636099054240325046e+01
1.610577307817295178e+01
1.632536464325399095e+01
1.667193038208629474e+01
1.654897395905230795e+01
1.636582443236282103e+01
1.648800570751351202e+01
1.674624496861110856e+01
1.636053148883371122e+01
1.666501557957142765e+01
1.649172898332795612e+01
1.645648071802950696e+01
1.656971018079718760e+01
1.690755594343452017e+01
1.634000841073017085e+01
1.635907348265100580e+01
1.689514877090932643e+01
1.736857274909505833e+01
1.687723676269809658e+01
1.660796800443795007e+01
1.645296810873460913e+01
1.627172064764542725e+01
1.654991460638056822e+01
1.654162206922885403e+01
1.669554961392784875e+01
1.646985878595634745e+01
1.680872992527419285e+01
1.672329789579508130e+01
1.691412132390439993e+01
1.617026218833796491e+01
1.690780842514876170e+01
1.655184815799954379e+01
1.658599742501711205e+01
1.677340514606519761e+01
1.644421883071208512e+01
1.637317347851588067e+01
1.644408032667966424e+01
1.656235211674832186e+01
1.663915040602153184e+01
1.684541866443331770e+01
1.650463509583565269e+01
1.655803967375727126e+01
1.654410374661141603e+01
1.636951092878420511e+01
1.677731374493754757e+01
1.710297724463619318e+01
1.617707173643136187e+01
1.632801423595553203e+01
1.633996129898338268e+01
1.635075012016181972e+01
1.627390175576944742e+01
1.673921287014297121e+01
1.676988132348066429e+01
1.598109112243528251e+01
1.637478409944123925e+01
1.616687410056836782e+01
1.686138555404660622e+01
1.655438113422890822e+01
1.694590732202532735e+01
1.642378444087186296e+01
1.641335246162340056e+01
1.659495457144514319e+01
1.596789647703123016e+01
1.635478085844638585e+01
1.612608899989330880e+01
1.640446777938974066e+01
1.657379170582992955e+01
1.674193296553665533e+01
1.659915817673714855e+01
1.648525192418059504e+01
1.662134268396359360e+01
1.670285212813314857e+01
1.661226020220931332e+01
1.657326917252635567e+01
1.660671786902158686e+01
1.658046200162890571e+01
1.605823254972203884e+01
1.646602584056882534e+01
1.672850730373842154e+01
1.671772106815012293e+01
1.645536523749073154e+01
1.635951670950223047e+01
1.655506092933564943e+01
1.646581463819558522e+01
1.673051074654772208e+01
1.640271136219433856e+01
1.644187638864818624e+01
1.625634507205115753e+01
1.658080197654147270e+01
1.692035007523957546e+01
1.643445555323365781e+01
1.626177622297941738e+01
1.658165788433424837e+01
1.638548765271599805e+01
1.602844897076786168e+01
1.652092932694546334e+01
1.596003914385600631e+01
1.631524831624209426e+01
1.668666832978354009e+01
1.680330372459659927e+01
1.651670013902482381e+01
1.666457209066171785e+01
1.627182917983650157e+01
1.636523810469105555e+01
1.643298917684527538e+01
1.665712581269312409e+01
1.639895011168789907e+01
1.662276724413719009e+01
1.621621217434484663e+01
1.612091213700674430e+01
1.645709389457242011e+01
1.677645419326918130e+01
1.693895263033957121e+01
1.655740020925074774e+01
1.621640255059886115e+01
1.627375172268124359e+01
1.616451836502287165e+01
1.625762839887755007e+01
1.660009063568182697e+01
1.627036283426635066e+01
1.688457038907130325e+01
1.632447606374643456e+01
1.628219758830952202e+01
1.650069840956462386e+01
1.674458945779189634e+01
1.678427575636246871e+01
1.695114530276953246e+01
1.609621924530920012e+01
1.621077492099449557e+01
1.688842862435339853e+01
1.644683317280294332e+01
1.668034883239901234e+01
1.693963385734831562e+01
1.707420650154667285e+01
1.620320997167602783e+01
1.587421615994803226e+01
1.682354694977263065e+01
1.670280176143334216e+01
1.612554733223434766e+01
1.646106899635606524e+01
1.680871689156690252e+01
1.629787701364323027e+01
1.653345638894003855e+01
1.652594275532677415e+01
1.643684494746104008e+01
1.659111382256732625e+01
1.680831254117008200e+01
1.686025825356493613e+01
1.629487014229188802e+01
1.603632756296783768e+01
1.650716628426897969e+01
1.667292471702683443e+01
1.692306798852199634e+01
1.661338706952669497e+01
1.667781847659618677e+01
1.674574039518512691e+01
1.653067869837237325e+01
1.643351072292334791e+01
1.634309953712127239e+01
1.625189374165713119e+01
1.687591662803200876e+01
1.634408117033405006e+01
1.651803941354922145e+01
1.715665799061239483e+01
1.640852093763259489e+01
1.673735311828786010e+01
1.700561535874042107e+01
1.625570314104552949e+01
1.640948405084070316e+01
1.660429159133090948e+01
1.603534205667308754e+01
1.658068485672342973e+01
1.615016075532042805e+01
1.659473829863339844e+01
1.634429002172533885e+01
1.659835217440270227e+01
1.692614954583552844e+01
1.692789358936386535e+01
1.657686730004390441e+01
1.632961756401978448e+01
1.622632951906765797e+01
1.686401887802697530e+01
1.622739316595556502e+01
1.642311181878141824e+01
1.648519457213634709e+01
1.689455862028677302e+01
1.627166750166207621e+01
1.621349555801990405e+01
1.640466900967227559e+01
1.638155570155774754e+01
1.692382678532614193e+01
1.652602003717105461e+01
1.684200257295274028e+01
1.629074764265949327e+01
1.726895021024762400e+01
1.638913782473950675e+01
1.656986625120189416e+01
1.652070064049609144e+01
1.632605923243327339e+01
1.655891959321015250e+01
1.654750784595694668e+01
1.611311244664264208e+01
1.620758676134736120e+01
1.659078219039622226e+01
1.666496220572178544e+01
1.676694262126496682e+01
1.683896572383615009e+01
1.662719557995421837e+01
1.602676669125763809e+01
1.624304910166425131e+01
1.702087826613965404e+01
1.618487814681544634e+01
1.665692531288978628e+01
1.635877769780500302e+01
1.657397554864211742e+01
1.576427531451995279e+01
1.654889437176451850e+01
1.625627266389532366e+01
1.685674140492806217e+01
1.616304473223548044e+01
1.640654691495254625e+01
1.656984486498582498e+01
1.665355769679092646e+01
1.644305887472867056e+01
1.610073274710584101e+01
1.654983067908433725e+01
1.649307849179639973e+01
1.669568353120056869e+01
1.688312285265962842e+01
1.675561701676672755e+01
1.608424097178044221e+01
1.690462887666291891e+01
1.649860561216497601e+01
1.638114215835534537e+01
1.646297734413183633e+01
1.578534757610864681e+01
1.663996312201670591e+01
1.669503625134552749e+01
1.668036936156659067e+01
1.696006263857515606e+01
1.712411152829683303e+01
1.633621702307560497e+01
1.688057803694523784e+01
1.634328442850155483e+01
1.706891533627251079e+01
1.657866142670771126e+01
1.592840908910830144e+01
1.678856796803109930e+01
1.674392112005170929e+01
1.622927244256302259e+01
1.612921341757369120e+01
1.638565415972822947e+01
1.654188480544641138e+01
1.684037631350140884e+01
1.658409914785510963e+01
1.643905528187800869e+01
1.685226576781639807e+01
1.634485780267273825e+01
1.648585160161625751e+01
1.646988830885528898e+01
1.650897144524619975e+01
1.629810253266137110e+01
1.642955360454362079e+01
1.687937090548974339e+01
1.661546587909544570e+01
1.705736749760180970e+01
1.624361730720135455e+01
1.652401130559384512e+01
1.663451886785718870e+01
1.689445823506284228e+01
1.658298084629478453e+01
1.640587400516522720e+01
1.647773265489246697e+01
1.676441437173192384e+01
1.651412960863307333e+01
1.588852769912464069e+01
1.642818719540780492e+01
1.648194934686384627e+01
1.597659142783190767e+01
1.617179003721567909e+01
1.628216084209005032e+01
1.696636405364381162e+01
1.648376269508059266e+01
1.678717325597813925e+01
1.679171282314185376e+01
1.607975605089119853e+01
1.670757512825563040e+01
1.627794210600481861e+01
1.662079518720677029e+01
1.655614898248763467e+01
1.663431562089639471e+01
1.634853083915084326e+01
1.633765382298367541e+01
1.650395888400354849e+01
1.676381834349309585e+01
1.662286458065531747e+01
1.620877020864410767e+01
1.659139975821165791e+01
1.616311732649593225e+01
1.616363429872417967e+01
1.665743938577038108e+01
1.641166377877959803e+01
1.670228823338288748e+01
1.631010180905478180e+01
1.618075195444083647e+01
1.609631835412682932e+01
1.671158500435189609e+01
1.671320371207077216e+01
1.656811558852571054e+01
1.655771202525591690e+01
1.703622409724891185e+01
1.626318246057391903e+01
1.643036983978165111e+01
1.649544059711704946e+01
1.626032389097547082e+01
1.680235831032048566e+01
1.632774614259435353e+01
1.690650171049313499e+01
1.639135049584892201e+01
1.639609493748400837e+01
1.631657352332721445e+01
1.641967145134412576e+01
1.681873626196713900e+01
1.699556975860578589e+01
1.652080330144187315e+01
1.665096065421709781e+01
1.650753370984659441e+01
1.678533349390180973e+01
1.611311608648124150e+01
1.610815983887829717e+01
1.633377931919546455e+01
1.653430121362569238e+01
1.630506239582499006e+01
1.641504563449296228e+01
1.636339154751743408e+01
1.612555422528850357e+01
1.664370459138691061e+01
1.698640024647810520e+01
1.602629282633819230e+01
1.671372866587228501e+01
1.678701193486642751e+01
1.644608022096071309e+01
1.619647676634049560e+01
1.673517898788358593e+01
1.677367892111138659e+01
1.679422400336774146e+01
1.609983655816784420e+01
1.654155969487015554e+01
1.706034864437542709e+01
1.658055827873143429e+01
1.683307424014646614e+01
1.685050844295041372e+01
1.631302510465464906e+01
1.652396116190715247e+01
1.641903106611458085e+01
1.575607001613879454e+01
1.664225919481486926e+01
1.652482565069577447e+01
1.660383454887372778e+01
1.688492246537678909e+01
1.668409304349397004e+01
1.570159738736553301e+01
1.664550743507485109e+01
1.617202552343551147e+01
1.627194552754033907e+01
1.705759067999203893e+01
1.613279725522244945e+01
1.662144844184843251e+01
1.620512551906708865e+01
1.623705662457937748e+01
1.638501551302186954e+01
1.620300358497753734e+01
1.659641802581339931e+01
1.618482470716088173e+01
1.655492178671809000e+01
1.667664077002056544e+01
1.660495493628380714e+01
1.632670858986164220e+01
1.639685605933367540e+01
1.616479460929100753e+01
1.665552772726239539e+01
1.658718270361317337e+01
1.659449730277104607e+01
1.607972601970202930e+01
1.629981807926984061e+01
1.636347084884701886e+01
1.702763325394968774e+01
1.631701704592342494e+01
1.626046733189410531e+01
1.658965336703729321e+01
1.603648231825731330e+01
1.667111578574172981e+01
1.609510260543602911e+01
1.665329331481251529e+01
1.600360914447999150e+01
1.637176177110240261e+01
1.624087849565553299e+01
1.629958868070627531e+01
1.699785510350462658e+01
1.659372619436016905e+01
1.638668718173575201e+01
1.629601014060236963e+01
1.662345360477890210e+01
1.636748836489992698e+01
1.663075839414946344e+01
1.644446915501095319e+01
1.683039476184215388e+01
1.658000622304411564e+01
1.620000325873555269e+01
1.677876362042138680e+01
1.612139272154449898e+01
1.602888367028162619e+01
1.663950559702071530e+01
1.643143298921265938e+01
1.637739345447355177e+01
1.672638458916603810e+01
1.653174222267052684e+01
1.606013919096390907e+01
1.651381660445927935e+01
1.630938473768286912e+01
1.603530113063255413e+01
1.651630285381741459e+01
1.660104498627894998e+01
1.683800189860790653e+01
1.624853653533699216e+01
1.623122333445056142e+01
1.667584915461018014e+01
1.682383348825301894e+01
1.665217670405601780e+01
1.664278836274679563e+01
1.649152163469820565e+01
1.644691571115791007e+01
1.633462960597283242e+01
1.605159262872150450e+01
1.606585806737552957e+01
1.628962636554822296e+01
1.642250886666691301e+01
1.642136869079161698e+01
1.645903007486040792e+01
1.674201105990027472e+01
1.635846119864079995e+01
1.665996381300135454e+01
1.649367785489468119e+01
1.696087459687650068e+01
1.666767142605805319e+01
1.639492468411388870e+01
1.691852426189061731e+01
1.637025772247118383e+01
1.646431956836183019e+01
1.655545276388661691e+01
1.701416813949250439e+01
1.663585137239125800e+01
1.688001046069600619e+01
1.618130440202918408e+01
1.678060733553875394e+01
1.679898361799727269e+01
1.682533819032674671e+01
1.621234626940221801e+01
1.687211389338437684e+01
1.626813473523920806e+01
1.629189308437510775e+01
1.615244255290983943e+01
1.628226384934568571e+01
1.645557322722401139e+01
1.712691591055327223e+01
1.638741994704028215e+01
1.665338350877125961e+01
1.678630751222481265e+01
1.676891768337339528e+01
1.651194386627082977e+01
1.655422828732189799e+01
1.642533848835077848e+01
1.623870167060709946e+01
1.685065409909704925e+01
1.662393900014437520e+01
1.661511218087082753e+01
1.683273450411776295e+01
1.652818354947908830e+01
1.682394446582144454e+01
1.628552738657703003e+01
1.621636744865113755e+01
1.663470794726546842e+01
1.631525564532514494e+01
1.682112190827642806e+01
1.620083328154908742e+01
1.643067129118345449e+01
1.669674437736024331e+01
1.691338713560929108e+01
1.677696690298911619e+01
1.688999798581735590e+01
1.655934780764820147e+01
1.632989998285966138e+01
1.635033255069333435e+01
1.639352241142664468e+01
1.614783329030503367e+01
1.645013374045907284e+01
1.619078409780969707e+01
1.632918261993183151e+01
1.639300394147225859e+01
1.673047514075969033e+01
1.634232570685905728e+01
1.646983395524047822e+01
1.669080155752765648e+01
1.638682926433719445e+01
1.632441731370155580e+01
1.679666619380433445e+01
1.682843621406212620e+01
1.685522625800995300e+01
1.653096918979570518e+01
1.640232609326961821e+01
1.626389635529964650e+01
1.630639873184137301e+01
1.636279951355198037e+01
1.665998073840707150e+01
1.600144463698975983e+01
1.684970324761234295e+01
1.694468993963430847e+01
1.673285666472525079e+01
1.634863632068250539e+01
1.682592083820824413e+01
1.692827288340450664e+01
1.659560292292682604e+01
1.680687348221237798e+01
1.700365525873298012e+01
1.654795213651844321e+01
1.652230287046744550e+01
1.664691398908901121e+01
1.624650598877158814e+01
1.663608319716990280e+01
1.633786710349775007e+01
1.676036622350434513e+01
1.647786862205418146e+01
1.630345862019739300e+01
1.616001551131940062e+01
1.645671531615815653e+01
1.667932923990236560e+01
1.653244159107944355e+01
1.618316788807277717e+01
1.695495000992499612e+01
1.729978498443590240e+01
1.682916393695503032e+01
1.711018734738624048e+01
1.630532524137440120e+01
1.624467189822381030e+01
1.616494343771458730e+01
1.650825052409319227e+01
1.587244252721303006e+01
1.647957418095255733e+01
1.692664297290373554e+01
1.624704888184221474e+01
1.634544357250954505e+01
1.670250835663822997e+01
1.644927676929306060e+01
1.590455994972420939e+01
1.625060599865160071e+01
1.647035303234168779e+01
1.666985525756285469e+01
1.613990641502115153e+01
1.627304986891952865e+01
1.609642729620684420e+01
1.688466570801704592e+01
1.663559726420079699e+01
1.710813455825883977e+01
1.652864926530422807e+01
1.651554687465743143e+01
1.616547148579971349e+01
1.619165780643354680e+01
1.653101909863543995e+01
1.628324206961725196e+01
1.728026146887230396e+01
1.678840335732232703e+01
1.643746415311757048e+01
1.641263467676387933e+01
1.654158388169689431e+01
1.651075168832619866e+01
1.656762937537143188e+01
1.610615404696321917e+01
1.614349888292853308e+01
1.603639127702389189e+01
1.668513534899388517e+01
1.638405068975853851e+01
1.644489314556448889e+01
1.633579415651227507e+01
1.630979308727085453e+01
1.658793220426005632e+01
1.649499943946358016e+01
1.634079000269880311e+01
1.633973339381472556e+01
1.629843266061437390e+01
1.679216421417060445e+01
1.686594923009718627e+01
1.667533461536581996e+01
1.652395031614295817e+01
1.675392943446862049e+01
1.675607643979867589e+01
1.666143751289747499e+01
1.652439895663174596e+01
1.636940633139244383e+01
1.687901625457845611e+01
1.668830168155934857e+01
1.608987356682188619e+01
1.633012310964018710e+01
1.627988294004658698e+01
1.641917378887288947e+01
1.681004340154946419e+01
1.719249670428284915e+01
1.631326503056192578e+01
1.617180013918752124e+01
1.675264965904993630e+01
1.723296389620263014e+01
1.653281231968508891e+01
1.660084481664685185e+01
1.588699234540400163e+01
1.656855285732445537e+01
1.625845043346551577e+01
1.641250360787260121e+01
1.742131085852323835e+01
1.650743076864899450e+01
1.674774517054335021e+01
1.669115279760145398e+01
1.652120817770908445e+01
1.654534296896788703e+01
1.684492509532878302e+01
1.696069452872475836e+01
1.624041567431555322e+01
1.658352553148432307e+01
1.645964339583279212e+01
1.652322977819932959e+01
1.662920675704152274e+01
1.618353203858543310e+01
1.691433831760495110e+01
1.651336605099356447e+01
1.651072859477047672e+01
1.675665588275112938e+01
1.687110918256966130e+01
1.605243151252942013e+01
1.663435423271962321e+01
1.650017244151484519e+01
1.649944888236913698e+01
1.662377480794599549e+01
1.640902983161068462e+01
1.654794461018850882e+01
1.690675089558822464e+01
1.663768849420423024e+01
1.682553556892387192e+01
1.642715100809806472e+01
1.649692809030878493e+01
1.617150695739319488e+01
1.631784902311264318e+01
1.663558277071269842e+01
1.670178805217512874e+01
1.642357721625109690e+01
1.640685304504332365e+01
1.652966198132797970e+01
1.640717086553384263e+01
1.640855120383376331e+01
1.629347304121286300e+01
1.689890400983813379e+01
1.677118566085889029e+01
1.667338812205257881e+01
1.658438059932686670e+01
1.635682977002556626e+01
1.650999499525847369e+01
1.685051173563631721e+01
1.662136747220020538e+01
1.683502941086846150e+01
1.656750948220804531e+01
1.650475897792669144e+01
1.606193800763269053e+01
1.655481881432021041e+01
1.651142898496187428e+01
1.649522795761658145e+01
1.621895459768759551e+01
1.711567081066271356e+01
1.694776597603463131e+01
1.613891244275463066e+01
1.635189843496272744e+01
1.664160227946150883e+01
1.640227330453618038e+01
1.669718432016849619e+01
1.627992785293590217e+01
1.692499461063472666e+01
1.640402420104647163e+01
1.698385891315158602e+01
1.676787442209566947e+01
1.680172114789432314e+01
1.683025296543113569e+01
1.616636152766990264e+01
1.678288089806044781e+01
1.678440047136726321e+01
1.610086509854405534e+01
1.639707597727461419e+01
1.622397725333060592e+01
1.649399521539637448e+01
1.628518895283646728e+01
1.654934378965710451e+01
1.653573221932717274e+01
1.643170930398496310e+01
1.624520420098503237e+01
1.689317322364335183e+01
1.620992725665247391e+01
1.659941575841234851e+01
1.613086266282596881e+01
1.606842186239734716e+01
1.640478266346167757e+01
1.645743471459714158e+01
1.656260141965534061e+01
1.656897406923373239e+01
1.661898448689193586e+01
1.650971690807084968e+01
1.628825718302070769e+01
1.629083951411719866e+01
1.692803214187373229e+01
1.595514563167980704e+01
1.623737827013075830e+01
1.710182073227910848e+01
1.662177687133968007e+01
1.643554585514468158e+01
1.632586979182336151e+01
1.627124141124528833e+01
1.629833802077755323e+01
1.679681477887909935e+01
1.627701920425585058e+01
1.624075675689766385e+01
1.638288567883061120e+01
1.664786413527150444e+01
1.649888243139301380e+01
1.672897714739406183e+01
1.641195785704175591e+01
1.653813618210298486e+01
1.650348522797225570e+01
1.641226159826502595e+01
1.666002446601482134e+01
1.683557276679480808e+01
1.609753891940952641e+01
1.671467507143631792e+01
1.625665237382682093e+01
1.655850641078738761e+01
1.684887715569929512e+01
1.684820839674337023e+01
1.559189199201589560e+01
1.635867480197845936e+01
1.631165568520535913e+01
1.628517479256905887e+01
1.654420873405052106e+01
1.650402402870068741e+01
1.669890811218898463e+01
1.642653052907404643e+01
1.660451257948707848e+01
1.640409217958749366e+01
1.603935895060568839e+01
1.662242400153238364e+01
1.650205235934283010e+01
1.676069585262769834e+01
1.627214948861401567e+01
1.607982265433560443e+01
1.645810926089172455e+01
1.621821896000787078e+01
1.679036242548015068e+01
1.659182745752392663e+01
1.669048388854522358e+01
1.635654073919365814e+01
1.610263720512347518e+01
1.666252903850521250e+01
1.658007988152440504e+01
1.658456566761633155e+01
1.661271174553937158e+01
1.673137921690916485e+01
1.628554726774305550e+01
1.671499430223000360e+01
1.643335877670029177e+01
1.667589077806620068e+01
1.621813512068439067e+01
1.677810434494579184e+01
1.571134415648985438e+01
1.647924294531255995e+01
1.703411856168812477e+01
1.673616573115767991e+01
1.622230443405887002e+01
1.665279137217663674e+01
1.655147878883575530e+01
1.667903830774088902e+01
1.635466272007330346e+01
1.641862301740587071e+01
1.660753590113753830e+01
1.631992652595355864e+01
1.617618936022174836e+01
1.638296829822067124e+01
1.659963574011476695e+01
1.620900588354216865e+01
1.649437874968873885e+01
1.610981508632912096e+01
1.689194308429883762e+01
1.641941328650145238e+01
1.672031070588436563e+01
1.635555906717107888e+01
1.590276803060593913e+01
1.631466131896564775e+01
1.658883586638565077e+01
1.669853700702824995e+01
1.663143033225001588e+01
1.660742076230843978e+01
1.646179517761650501e+01
1.618470943288599173e+01
1.702424950239321433e+01
1.682317842432704325e+01
1.671243612525694289e+01
1.660053668699556439e+01
1.625982743783048790e+01
1.637613159496169857e+01
1.654920999414333238e+01
1.643842282879582228e+01
1.643787257943935032e+01
1.659278549378673873e+01
1.650648946649224769e+01
1.651365010042532333e+01
1.698922721213670428e+01
1.692281343311669062e+01
1.617769049773723111e+01
1.649063252235050570e+01
1.614128584010514800e+01
1.645868792661448410e+01
1.638098609244548598e+01
1.655085183759333134e+01
1.662970248269807172e+01
1.630759466095735988e+01
1.651758545994923821e+01
1.688436759050808078e+01
1.650526983075452492e+01
1.607597648798715184e+01
1.631251548528338802e+01
1.615466029014434923e+01
1.627339700613181250e+01
1.659326993488898694e+01
1.662877366560445580e+01
1.655054005667511419e+01
1.711368671520027007e+01
1.634080131365571731e+01
1.630430076948528750e+01
1.659889167491551731e+01
1.625291710619979924e+01
1.683114555326191208e+01
1.634486594673398940e+01
1.652690291659704158e+01
1.641391195121321900e+01
1.610492880285275419e+01
1.618227422212340372e+01
1.664247394522517354e+01
1.715329187047460024e+01
1.625356500441641572e+01
1.702113228782706855e+01
1.707254798600292744e+01
1.633701731274370417e+01
1.642320720339494500e+01
1.680523391805455802e+01
1.568513309647928011e+01
1.652677592566063680e+01
1.633225593054281433e+01
1.627542584904935907e+01
1.661631998734177529e+01
1.672748231594968260e+01
1.655046748055805850e+01
1.672103887642383668e+01
1.628397451796788431e+01
1.637987285471520948e+01
1.698242167267932956e+01
1.682323612706609239e+01
1.634089977210288680e+01
1.649383304120195959e+01
1.628654936662229247e+01
1.662742927748022481e+01
1.681621921531545993e+01
1.627453644776346309e+01
1.628229650654525074e+01
1.655032559708378415e+01
1.639922460520531899e+01
1.707835958384555042e+01
1.605282940740345410e+01
1.621740291149163937e+01
1.705229144178394307e+01
1.685547556266167746e+01
1.657876066656576697e+01
1.619554594353367349e+01
1.625882320738675446e+01
1.675545445305765213e+01
1.636913932898254487e+01
1.613687705342043088e+01
1.612330227957822970e+01
1.637551568289832105e+01
1.640030415808578113e+01
1.608826413968500191e+01
1.660791678486486589e+01
1.588056556361947536e+01
1.692876820248380554e+01
1.661648553551290419e+01
1.582230964263270856e+01
1.632094766429782240e+01
1.658152096323105340e+01
1.615057373717623790e+01
1.659949934304912844e+01
1.697299660919303577e+01
1.680804975672202062e+01
1.606461009931954109e+01
1.618368623610854229e+01
1.592369520908253122e+01
1.653984003410468162e+01
1.606961081586553419e+01
1.685640323766448390e+01
1.644614898185685092e+01
1.640347004844909051e+01
1.661746689706444968e+01
1.716734828282753966e+01
1.657226391466144477e+01
1.631047255941443908e+01
1.676606902221422857e+01
1.603861971776287731e+01
1.633922964483557649e+01
1.673641333809905163e+01
1.667719100257175668e+01
1.665793471830138373e+01
1.686304144994437948e+01
1.634494141335870054e+01
1.652780776442440214e+01
1.643535089373220615e+01
1.680595130976093898e+01
1.648147472825273496e+01
1.661464824663600837e+01
1.636781228855251769e+01
1.676231643518143954e+01
1.685854126386572105e+01
1.637082556216398288e+01
1.686134805169848505e+01
1.666439272541405003e+01
1.593195998565035865e+01
1.653279691512550187e+01
1.599946731432457980e+01
1.679465583778144122e+01
1.648086051582087208e+01
1.670807857178454015e+01
1.663408179785480456e+01
1.626656673219344995e+01
1.659317248121906019e+01
1.627036567074966911e+01
1.609949996580495579e+01
1.662072923587169981e+01
1.655837197120583681e+01
1.671310493808097064e+01
1.643345822135744427e+01
1.634041989713751519e+01
1.647927149406329406e+01
1.659141208688246039e+01
1.643684035427002144e+01
1.686039630492635766e+01
1.655324663359517601e+01
1.656421120695955906e+01
1.665440693671691719e+01
1.662911722029155825e+01
1.662571724631934700e+01
1.644146861685741712e+01
1.675056428337675740e+01
1.637207874239290462e+01
1.660765621925375868e+01
1.649156847553079785e+01
1.653837166574561834e+01
1.634829289204997593e+01
1.656732319962441125e+01
1.614228246794207067e+01
1.665535299175211748e+01
1.641675065781871723e+01
1.661883968739499551e+01
1.639233017460608366e+01
1.597713732710921342e+01
1.688916875831093733e+01
1.637448045518478068e+01
1.645441360500519679e+01
1.651288820718868422e+01
1.647835582819809019e+01
1.657444355520684454e+01
1.648635979571035648e+01
1.693710915161741681e+01
1.622351696028400880e+01
1.685814977396858083e+01
1.635603022004054097e+01
1.653237653031428067e+01
1.672737938775593847e+01
1.661943142650874350e+01
1.671755657391525318e+01
1.636776459396400796e+01
1.601619127153242417e+01
1.682290125821447191e+01
1.675290239705581641e+01
1.632462973567754716e+01
1.650409846247624301e+01
1.632085019848434726e+01
1.650426025765818849e+01
1.670485335213918887e+01
1.619755283647599597e+01
1.606086583883822527e+01
1.606589988869288277e+01
1.594402881810412254e+01
1.651551623405276104e+01
1.635885153901426392e+01
1.672098485146697655e+01
1.636576827754785768e+01
1.659192146469052176e+01
1.646383712043865799e+01
1.629283129853787315e+01
1.590214420862607447e+01
1.644797885217079525e+01
1.694118015281859968e+01
1.693722513656207695e+01
1.607592447509454558e+01
1.659628978857397996e+01
1.671790747031605662e+01
1.658626531430127571e+01
1.658951016210446738e+01
1.662724286382070460e+01
1.683238373378377872e+01
1.642363709319300824e+01
1.611679752421043688e+01
1.659282640571276346e+01
1.646740695409875599e+01
1.647427178911553369e+01
1.613322875584872307e+01
1.627296471754121754e+01
1.648171758971164991e+01
1.636318343803894493e+01
1.668188816709569267e+01
1.660554156201646947e+01
1.630057766045049661e+01
1.642680365937115994e+01
1.660162950008859184e+01
1.646982056373156666e+01
1.612761534234368455e+01
1.663421354284730924e+01
1.667350722718795097e+01
1.617953924659751408e+01
1.645445452322595870e+01
1.615513726157474039e+01
1.612134931253373082e+01
1.598005311035799991e+01
1.632329683213133720e+01
1.649295879474727400e+01
1.662543587272991985e+01
1.685707197101472232e+01
1.652755965858559506e+01
1.688171901347626758e+01
1.628138084603402902e+01
1.672924439996205592e+01
1.671543907440847576e+01
1.643028403108555580e+01
1.676327526469839313e+01
1.672745887659482733e+01
1.646224632764796780e+01
1.689920813284327394e+01
1.640040904534627231e+01
1.702804583894131696e+01
1.644381278273541014e+01
1.658213822047736485e+01
1.681987597484082286e+01
1.652988165377124474e+01
1.662281693868799692e+01
1.633187302083954151e+01
1.662477377862646577e+01
1.620500525236040090e+01
1.643816195398973434e+01
1.650904861889748076e+01
1.671118873120119375e+01
1.620713944323156142e+01
1.647194711966313818e+01
1.668116811858420689e+01
1.679872315556775675e+01
1.680257318264329314e+01
1.604418810953355035e+01
1.667397592119875682e+01
1.668384095705723880e+01
1.629908956203748005e+01
1.699768884947819103e+01
1.653466456048586863e+01
1.646155942469705380e+01
1.659027798408862253e+01
1.671525024571839779e+01
1.635552684859094441e+01
1.605943609088013702e+01
1.653762559788673414e+01
1.657189324346786208e+01
1.643923999512443501e+01
1.630255151834628435e+01
1.625071778107535536e+01
1.688204776717739719e+01
1.643337521852831173e+01
1.660633345000116279e+01
1.645210940245089759e+01
1.686895031693600444e+01
1.654354439750109407e+01
1.639385987739802886e+01
1.621155342013591749e+01
1.676054370625806200e+01
1.626944072752955961e+01
1.675007311944331789e+01
1.676749034767235003e+01
1.671450670780252423e+01
1.698229156050383182e+01
1.654790065235913943e+01
1.659316989128678088e+01
1.643375064166492194e+01
1.665863447154924160e+01
1.660916607536556810e+01
1.604969078609801514e+01
1.671143380140138746e+01
1.701410131331717324e+01
1.640744192497788845e+01
1.682246550975644794e+01
1.688875871388277616e+01
1.641397473230223270e+01
1.692991069215629096e+01
1.609699554171115210e+01
1.677203926827755964e+01
1.681622259815395637e+01
1.649083285479510153e+01
1.606520293798927668e+01
1.664904227764944977e+01
1.639109324128748213e+01
1.685310378799164255e+01
1.629374583410320909e+01
1.667261423283737898e+01
1.640114843095074448e+01
1.615995997302592002e+01
1.648968410258977002e+01
1.615256660230203067e+01
1.660442528862997946e+01
1.663967879018911233e+01
1.703367299491386788e+01
1.639142765993761230e+01
1.652899239563727107e+01
1.674808009810406162e+01
1.651175343211941993e+01
1.656385971798892598e+01
1.659658896331663769e+01
1.654094887318700913e+01
1.616791348746911794e+01
1.652035566650832266e+01
1.699843403523705732e+01
1.617034560693886291e+01
1.669061028120612633e+01
1.712856888957672652e+01
1.667461235775736839e+01
1.567947706271522712e+01
1.643270741299938464e+01
1.644194369568996095e+01
1.679579645495620710e+01
1.651223807403259514e+01
1.655682416824821601e+01
1.617355693981779652e+01
1.617662557299938442e+01
1.621081321542715870e+01
1.670697835059333158e+01
1.647636347842991000e+01
1.621885309920242690e+01
1.654444327419962235e+01
1.661822725513788512e+01
1.642663410465989315e+01
1.607465331346237747e+01
1.662906614981450559e+01
1.673445461540735479e+01
1.645053637536098279e+01
1.616852410156570130e+01
1.640319782391130587e+01
1.643108058180163766e+01
1.675602652465189735e+01
1.629183754737871226e+01
1.647986765436463230e+01
1.651485358532074699e+01
1.658082174431402578e+01
1.649531174235152520e+01
1.685780304640034188e+01
1.653453513230892113e+01
1.640185958269977107e+01
1.682084077919566312e+01
1.683803424033265372e+01
1.664331515375623027e+01
1.655562256243720398e+01
1.644326433513936792e+01
1.633669815129402636e+01
1.646153355949540753e+01
1.684125178530135258e+01
1.689661287328493344e+01
1.642356861075576191e+01
1.681979070357415651e+01
1.645617181629993198e+01
1.648821956194313998e+01
1.694304453905814611e+01
1.686200460636699816e+01
1.633774988336257650e+01
1.677755138812742786e+01
1.659231037959782640e+01
1.657441367317679592e+01
1.608052937764913892e+01
1.672767608323371746e+01
1.691335787147412972e+01
1.679742590896584531e+01
1.642230751787285925e+01
1.650020673188793197e+01
1.706626933511019928e+01
1.703964193065579380e+01
1.647762483112887111e+01
1.648539361901587696e+01
1.661823979536959328e+01
1.617256865992643711e+01
1.626841924992752908e+01
1.655300848394339042e+01
1.615616195417019796e+01
1.662715818869366657e+01
1.651504137813177309e+01
1.635837858261318800e+01
1.653838052140381265e+01
1.617292855735844626e+01
1.681186880223011926e+01
1.631363535796267783e+01
1.654763269742847598e+01
1.607988327995656519e+01
1.700200073089202135e+01
1.577228590278981635e+01
1.688711831643265171e+01
1.629994547715091002e+01
1.677449908141804613e+01
1.681171702640066101e+01
1.674467619851189681e+01
1.609834671993035116e+01
1.686491006008608196e+01
1.656620477313606088e+01
1.665288541161772073e+01
1.682429742083680679e+01
1.665610466297731307e+01
1.703324520722184587e+01
1.669032265961670802e+01
1.683693225390323533e+01
1.688418031332343716e+01
1.653447180128659966e+01
1.698871359111392820e+01
1.632228021220449676e+01
1.661218137738773848e+01
1.674949940011673633e+01
1.678428685563558531e+01
1.628585729086708511e+01
1.655397625158147434e+01
1.664440738343175852e+01
1.624730704141327919e+01
1.638634507172874066e+01
1.606048231547680771e+01
1.662851934271289167e+01
1.608420364038154915e+01
1.637556521598808956e+01
1.671240317046615331e+01
1.615065010097388765e+01
1.672494996877797035e+01
1.617100055406396564e+01
1.659714064279423695e+01
1.626872183148661932e+01
1.644905126812837537e+01
1.667049733767564845e+01
1.662320882365770558e+01
1.613511991377679777e+01
1.627783887428612175e+01
1.652397671543002389e+01
1.649693009406847821e+01
1.649546642001184793e+01
1.649794914267183188e+01
1.615519546883313140e+01
1.644548840312331350e+01
1.661804969980235924e+01
1.672268729156182587e+01
1.622869040398687090e+01
1.582371767619434699e+01
1.613754888953896227e+01
1.649930689110295390e+01
1.617670964923317456e+01
1.656398407240171622e+01
1.689112870773608677e+01
1.619724692779958630e+01
1.642862899629092155e+01
1.643033521117676798e+01
1.621413978884737617e+01
1.646118131090016234e+01
1.616593031553360049e+01
1.624610358950250699e+01
1.649501278862850029e+01
1.659279211466681758e+01
1.639153031303247232e+01
1.636878531116781232e+01
1.689874121643193305e+01
1.645274385107523329e+01
1.647570536258506024e+01
1.631071921567444960e+01
1.617211723078662189e+01
1.619263345295994228e+01
1.674309784023836656e+01
1.667233634616090754e+01
1.582877443442257359e+01
1.642968710492472439e+01
1.652807342747123442e+01
1.611829681487746413e+01
1.642657750718771936e+01
1.612255343361699289e+01
1.692931776337886163e+01
1.671476920052193904e+01
1.653300367867117870e+01
1.630883880267600361e+01
1.612121026927813716e+01
1.628620157592729356e+01
1.634581715198532237e+01
1.649613926683908005e+01
1.625926214202104703e+01
1.629230964928215286e+01
1.644766951254575460e+01
1.639456245592499428e+01
1.658890764043163557e+01
1.649421567063124883e+01
1.681694573542714366e+01
1.642336787698483747e+01
1.650641879917678878e+01
1.681263556006824089e+01
1.642666206651361804e+01
1.637514076946803954e+01
1.637928099365051793e+01
1.628916251045927055e+01
1.696527380453573386e+01
1.650890272643801993e+01
1.642787503287605233e+01
1.655930209268918318e+01
1.648608316974976873e+01
1.664029134959080025e+01
1.623595975879235809e+01
1.637309277972034494e+01
1.670362821265192466e+01
1.694018731178850601e+01
1.592466991661463283e+01
1.655085715787970813e+01
1.645192391973781554e+01
1.672459510243892566e+01
1.680768614620122392e+01
1.607475661636388153e+01
1.590799524725739822e+01
1.660460403867298851e+01
1.652955270238173213e+01
1.654750977849672466e+01
1.651036641174577824e+01
1.628493763572872055e+01
1.659727598593148556e+01
1.652098099187616853e+01
1.625228880255500030e+01
1.652063724290477609e+01
1.685785326855543076e+01
1.653470559007571339e+01
1.644343856970136741e+01
1.702426255218106732e+01
1.685969335881519626e+01
1.656442342971477544e+01
1.666101885388793136e+01
1.665128723438251157e+01
1.680754158699694756e+01
1.642596980364528036e+01
1.609910665960947185e+01
1.625197048214332796e+01
1.702893812303811671e+01
1.658345872345006455e+01
1.653993208419361949e+01
1.604175503733015162e+01
1.673375604206074740e+01
1.628915465358242187e+01
1.635376100222860529e+01
1.633959275044908566e+01
1.654113857071847349e+01
1.637336702610074468e+01
1.668989326956146257e+01
1.621488394276430256e+01
1.560855398595819743e+01
1.657520425803090092e+01
1.673996465445969406e+01
1.617181022974143545e+01
1.663202150993632955e+01
1.608852427548693242e+01
1.642338554334192935e+01
1.651142125105784331e+01
1.654327424202561758e+01
1.693871520274582565e+01
1.671522685911901362e+01
1.612365102695999752e+01
1.680270002369661597e+01
1.660806631926764965e+01
1.628360110466128674e+01
1.618270443286824545e+01
1.656292477050171641e+01
1.695164013589924323e+01
1.631016972760607331e+01
1.659046175349753938e+01
1.644950003630370361e+01
1.611434124832335257e+01
1.662091917254847218e+01
1.652968053267825610e+01
1.668601190211451524e+01
1.680831440178432601e+01
1.614140363920998311e+01
1.680522937279872409e+01
1.681171990661156812e+01
1.622586014967136592e+01
1.624501159238346304e+01
1.643818283873681096e+01
1.624813556292062344e+01
1.628021440178549994e+01
1.615813249093956472e+01
1.640753844779874271e+01
1.669409080930564215e+01
1.577481946472336460e+01
1.654917405601116798e+01
1.665769709925128694e+01
1.624305724342284307e+01
1.663509921326005880e+01
1.686267728693196588e+01
1.623153898443461429e+01
1.661325070119065117e+01
1.642523772190723008e+01
1.642974572014691148e+01
1.636831010383881946e+01
1.610115788975397066e+01
1.606000301281784104e+01
1.653438454422254722e+01
1.643358736114331009e+01
1.677211538221823517e+01
1.632527406069337772e+01
1.666424077397039838e+01
1.677279027775281151e+01
1.630993310065651514e+01
1.600826842515005666e+01
1.674262075636078961e+01
1.617571598816031653e+01
1.605268656227724478e+01
1.662689235411683342e+01
1.669377947869353562e+01
1.622594096949712394e+01
1.602279014508109967e+01
1.667321471981655634e+01
1.628158563644324630e+01
1.603384736487835482e+01
1.611235090684823490e+01
1.675995314361483324e+01
1.619800791748682300e+01
1.701525626284202630e+01
1.669855766901246241e+01
1.629346119926811198e+01
1.652151175252438975e+01
1.616945734922147793e+01
1.652734362338049934e+01
1.688554648176346262e+01
1.642226670775460562e+01
1.653123247100151261e+01
1.700891552767763315e+01
1.651851150686797709e+01
1.665649778649433799e+01
1.653948626980762882e+01
1.679795129459626324e+01
1.620356463642327327e+01
1.692280016534096632e+01
1.641085640596776685e+01
1.645612024256399408e+01
1.688388281739890573e+01
1.637171482464409777e+01
1.680153033424357290e+01
1.601284255735655648e+01
1.626747736110293019e+01
1.665470283964858211e+01
1.620172933221216383e+01
1.691597018874938385e+01
1.654680971578692450e+01
1.642678291710617344e+01
1.677006274084045501e+01
1.640507659785749084e+01
1.650952984891730679e+01
1.659852538502848418e+01
1.618586267727174999e+01
1.582982440483128705e+01
1.674422574806624908e+01
1.691485332454694301e+01
1.661475583747320783e+01
1.626892227863531559e+01
1.658028759000107044e+01
1.633566422187855949e+01
1.654264547249362494e+01
1.617187037041686182e+01
1.667430027947797200e+01
1.635271618179309883e+01
1.679860456824411941e+01
1.622260534216328054e+01
1.643058346970002859e+01
1.652020655165321372e+01
1.635579378103752290e+01
1.651425830125063143e+01
1.669447226145389607e+01
1.650026725083341006e+01
1.688347677100063393e+01
1.648612026415238674e+01
1.627641101390634759e+01
1.669669697856567225e+01
1.670923426718952243e+01
1.652201189914593371e+01
1.667136240306676598e+01
1.629069541105251773e+01
1.706397024579504063e+01
1.603925752231611312e+01
1.675512700485157325e+01
1.688860833937453876e+01
1.655072365898989517e+01
1.686798100968767855e+01
1.641917155338380141e+01
1.685693915213037641e+01
1.655419465814066982e+01
1.644207776396691756e+01
1.661149754546098833e+01
1.685639267882782732e+01
1.667938993555256744e+01
1.634225188521245187e+01
1.638361025667816051e+01
1.617272713176865295e+01
1.719351002268397366e+01
1.621097963586646884e+01
1.611451383384140001e+01
1.655876353773467713e+01
1.678534471330941003e+01
1.641635825279961125e+01
1.707950353170075175e+01
1.656902306388916202e+01
1.659172961478542163e+01
1.631351890695427542e+01
1.685337655857237849e+01
1.703900623049185725e+01
1.649895023903257041e+01
1.640975468167286166e+01
1.628301736468605654e+01
1.710084752484716475e+01
1.646240333135683898e+01
1.627854888773763520e+01
1.641448746985622265e+01
1.651156085907672022e+01
1.618945619347509890e+01
1.688252388115921931e+01
1.650785306215847115e+01
1.624834914625509086e+01
1.631176260543034928e+01
1.639930281671521684e+01
1.628940155012682567e+01
1.684382455078488050e+01
1.643872662904834314e+01
1.684584046468198437e+01
1.632602906391941033e+01
1.672454656821936680e+01
1.638597306528257747e+01
1.676981701277405179e+01
1.649083078508769162e+01
1.620452636547387471e+01
1.656805332265770758e+01
1.630491476495978986e+01
1.636699042562049300e+01
1.681874167073933535e+01
1.657785482736365523e+01
1.674292401374179917e+01
1.598347760931027572e+01
1.635926717299538069e+01
1.694365546784160870e+01
1.595145584628648550e+01
1.650850954326236320e+01
1.656786365646040338e+01
1.617234461146411562e+01
1.647444627248174598e+01
1.702060952194313970e+01
1.681804882020810510e+01
1.672673992444905977e+01
1.631260133746866714e+01
1.630698659114029780e+01
1.693037576750898054e+01
1.660306889542816222e+01
1.592863863887214038e+01
1.655935275956100128e+01
1.647366778935361964e+01
1.649195110187938340e+01
1.657475637673926272e+01
1.663450063060507134e+01
1.682631011112143327e+01
1.680935831677769698e+01
1.624047198681865467e+01
1.688156277643496139e+01
1.675010546137602674e+01
1.617875254525008799e+01
1.711826413701605176e+01
1.688483124144038428e+01
1.662944920938839388e+01
1.665684733456697586e+01
1.688794550761954838e+01
1.692602296071230583e+01
1.643289040853349547e+01
1.653500973609506630e+01
1.638286021657239999e+01
1.617631731328978617e+01
1.653269536434415343e+01
1.702427394433900787e+01
1.662925045118153022e+01
1.671746912810024099e+01
1.640790421632023310e+01
1.694328025877753774e+01
1.629287645711528043e+01
1.664717163401486388e+01
1.631072182640185275e+01
1.629629282240125931e+01
1.616383842704991025e+01
1.639928605914148818e+01
1.631144372607864312e+01
1.645452656618106957e+01
1.625312529671157336e+01
1.577754267365813412e+01
1.626133455315178011e+01
1.662415476708137874e+01
1.661607590156927117e+01
1.623712011581648795e+01
1.647554487231963805e+01
1.607522836887272177e+01
1.640853803149594015e+01
1.659812536778517966e+01
1.699120006301004082e+01
1.651117670924508118e+01
1.649052794071978667e+01
1.684204452342151015e+01
1.633452737287807466e+01
1.642372211999150267e+01
1.645580127260810244e+01
1.658322894155088534e+01
1.660891872087140442e+01
1.622687575101956270e+01
1.650814444955678084e+01
1.675467142875958615e+01
1.700406227732360875e+01
1.673730833182381872e+01
1.642639987358179710e+01
1.649234358559385072e+01
1.689791530421980781e+01
1.683248885034338471e+01
1.635342388810303049e+01
1.680879991919390548e+01
1.672830970191939670e+01
1.694711252812447810e+01
1.693998032080891036e+01
1.682443836795340886e+01
1.677693110315797043e+01
1.688169384915524418e+01
1.629923609785325311e+01
1.654387262804095471e+01
1.659111354505497005e+01
1.643600822323681854e+01
1.707010246975759671e+01
1.609082526038873340e+01
1.650341988048585051e+01
1.628945994117723117e+01
1.638106384045142505e+01
1.696042823545814571e+01
1.629059164081245115e+01
1.704961168622172707e+01
1.618008934675238919e+01
1.674931439635830444e+01
1.663896607496837987e+01
1.704383012685127952e+01
1.656658962459988871e+01
1.669963411964885580e+01
1.704590710630906969e+01
1.645468582614523356e+01
1.672536513110469514e+01
1.661771286718328255e+01
1.665447525346574054e+01
1.629805651961674329e+01
1.661687562196184231e+01
1.671215142754432037e+01
1.663511991448238803e+01
1.681265557796250931e+01
1.636434555641382715e+01
1.684839258956738206e+01
1.605536034410183888e+01
1.636156709266477804e+01
1.648508158416442626e+01
1.620597145103998571e+01
1.661036668111950121e+01
1.654588637679839280e+01
1.638282005658479079e+01
1.640795746548647216e+01
1.667857325308477456e+01
1.667308268198039656e+01
1.659477403510913618e+01
1.628584393711708600e+01
1.646712937473142091e+01
1.655340952490266204e+01
1.650786675217200639e+01
1.674047012560694370e+01
1.667797367217605853e+01
1.675809845607044579e+01
1.660643032370600736e+01
1.721026893753484543e+01
1.648143328614978742e+01
1.634076555226289784e+01
1.631890314029104161e+01
1.596094934697416967e+01
1.677755520903694730e+01
1.698117881726383871e+01
1.673894431120126924e+01
1.625521045330759051e+01
1.665515041541155483e+01
1.660538402352248610e+01
1.651820742302988521e+01
1.642969299360265722e+01
1.654099458365138986e+01
1.638095514396567154e+01
1.686132253529797964e+01
1.649560035593479768e+01
1.648013481556701620e+01
1.667938662070334743e+01
1.642436058064565785e+01
1.630070088174422338e+01
1.627095229793406617e+01
1.670444281864753933e+01
1.616159110658816545e+01
1.676130990594892722e+01
1.642749308681077736e+01
1.611456048315941203e+01
1.645876934119894486e+01
1.673471922273798995e+01
1.592154930590447570e+01
1.615237394526538139e+01
1.622036968710058957e+01
1.655062803570878671e+01
1.637723415711462849e+01
1.650834978655095142e+01
1.644105507927711329e+01
1.673903007815400557e+01
1.646922306936365743e+01
1.657851493394431230e+01
1.640815712268686610e+01
1.694786181798413693e+01
1.651290384581504611e+01
1.643820944516990323e+01
1.632393083875049555e+01
1.684341611478531675e+01
1.692806774732352793e+01
1.658312962401280544e+01
1.696108989409945522e+01
1.674578195413845805e+01
1.699624291619119987e+01
1.665103974593012737e+01
1.649407647143785383e+01
1.626607903923438414e+01
1.626850505453799656e+01
1.696856669823483799e+01
1.681074546789601598e+01
1.656809236453548806e+01
1.635134684149347351e+01
1.660102263545775614e+01
1.678272476378352351e+01
1.650233112680309588e+01
1.660127619192374127e+01
1.655007839827890237e+01
1.632961659700767854e+01
1.628485827359923732e+01
1.682260128682320044e+01
1.615895466827763727e+01
1.631342499300130910e+01
1.703793036450999665e+01
1.623155575499205483e+01
1.706882440135187906e+01
1.658492729966290469e+01
1.679439809347487156e+01
1.658981759420294111e+01
1.642512178146588298e+01
1.662678536914860317e+01
1.646116511406587080e+01
1.661790193456202047e+01
1.638062826498189040e+01
1.649826258228590348e+01
1.583921419454089374e+01
1.668537156638863905e+01
1.620409339966166584e+01
1.625216488003243498e+01
1.672561979037899249e+01
1.619977568621985498e+01
1.664666877898367048e+01
1.608962090616224216e+01
1.647928818459029188e+01
1.668372739325102572e+01
1.664666575827474659e+01
1.643463360794269335e+01
1.658312439388205561e+01
1.636497335742433279e+01
1.685354308788318534e+01
1.660687096777849092e+01
1.683250774414446838e+01
1.658829988507644160e+01
1.598692543237344132e+01
1.640470555969023181e+01
1.642559227935887023e+01
1.697797845369964520e+01
1.692787562932632994e+01
1.647737039451364538e+01
1.667174145580238331e+01
1.634714176803529639e+01
1.630115030041342550e+01
1.644696658678761025e+01
1.665704658747326405e+01
1.652622664290829135e+01
1.603008386245939221e+01
1.629849842082115075e+01
1.610303360721517407e+01
1.615487837704977281e+01
1.681846935677600641e+01
1.689083223447208582e+01
1.683810423101940046e+01
1.685621264846270861e+01
1.706754182230494266e+01
1.638023398847946765e+01
1.616106674213648731e+01
1.609119200783038650e+01
1.655822135056821054e+01
1.680196201600993433e+01
1.691378591273954157e+01
1.626839695571071687e+01
1.674581102565770863e+01
1.677006448325329302e+01
1.646215624730414007e+01
1.662007957285806015e+01
1.646456251847466135e+01
1.599065954236130160e+01
1.657391827343843715e+01
1.634001709762739196e+01
1.621728603993946294e+01
1.667940696468398443e+01
1.687554269455126388e+01
1.658094624088790781e+01
1.587801601835432130e+01
1.669642623116872571e+01
1.652188909259960070e+01
1.696880646246114566e+01
1.632334228880330329e+01
1.657165151016053528e+01
1.705967882570735838e+01
1.598703687352680092e+01
1.650497485926305785e+01
1.659712218463221589e+01
1.661211911820744547e+01
1.656134330290832679e+01
1.631306252557991243e+01
1.650096451254037078e+01
1.691278660676966439e+01
1.669760181621494510e+01
1.668322094342763506e+01
1.637332944754398056e+01
1.722587769835743288e+01
1.675125157600297499e+01
1.684843921737617833e+01
1.654220899294917757e+01
1.672135904740841994e+01
1.662018210257036444e+01
1.661952491042745450e+01
1.688628037985076347e+01
1.690952052022133500e+01
1.641034390585319613e+01
1.673597159359103514e+01
1.665608595704976835e+01
1.637448678888923226e+01
1.623760263837742457e+01
1.619174178884994575e+01
1.663860645210870715e+01
1.692706404766935435e+01
1.694578549012318192e+01
1.640136748406989753e+01
1.653922345614272160e+01
1.709572873718606800e+01
1.642783471108233684e+01
1.657412999252306918e+01
1.648985048580913926e+01
1.659707423534511861e+01
1.647465203628835084e+01
1.629451360412167205e+01
1.650909495218798639e+01
1.624731852152275025e+01
1.634327560557765935e+01
1.635133403623953896e+01
1.674028590310248887e+01
1.632722044452461319e+01
1.698617141721707213e+01
1.626339101213537930e+01
1.683147828363236087e+01
1.606798296711969698e+01
1.663093534690482400e+01
1.644890995086674934e+01
1.657417762092083535e+01
1.662580336165337869e+01
1.613828484625186377e+01
1.623414903341571147e+01
1.663327437584582569e+01
1.644632676722198283e+01
1.669299286793477677e+01
1.652868580216874861e+01
1.609288532005979278e+01
1.644420513286736707e+01
1.656462627025577916e+01
1.638583352635777501e+01
1.654219588814157049e+01
1.664188073160885750e+01
1.676418223522331274e+01
1.642143578329728726e+01
1.654108286290369279e+01
1.676741104151522777e+01
1.625046312980796515e+01
1.633032754096186068e+01
1.659553488334591975e+01
1.613527866168412217e+01
1.666994245496817229e+01
1.656677644100329871e+01
1.631851832580418460e+01
1.623676831680034027e+01
1.622342425166053204e+01
1.648779491537187880e+01
1.665504091455344238e+01
1.637057942593378712e+01
1.662356879131456466e+01
1.611490331130554665e+01
1.639009400865468535e+01
1.646281659755093330e+01
1.636239817956192155e+01
1.633035618082904961e+01
1.622214418660045609e+01
1.652376183242056840e+01
1.691892538254234069e+01
1.655823672038575012e+01
1.566986973795681415e+01
1.624669812610593311e+01
1.646155824886513841e+01
1.711400410961581997e+01
1.688919731100724775e+01
1.655591339680453800e+01
1.619486599433481899e+01
1.605113392694987695e+01
1.583618461650983100e+01
1.677035841541905370e+01
1.616982091895487983e+01
1.691578798346149881e+01
1.640108516587527276e+01
1.647912677331339637e+01
1.679409650300210899e+01
1.691945580084501444e+01
1.679172013714452305e+01
1.639420012687572026e+01
1.678333043142469094e+01
1.659056833023535660e+01
1.660329422914929154e+01
1.669923188058007923e+01
1.632038327995418570e+01
1.624783242907220782e+01
1.658475813096241325e+01
1.684726057629874063e+01
1.694264284774027729e+01
1.622929174437877364e+01
1.719217902243947904e+01
1.667859980865246783e+01
1.626685113103553704e+01
1.644132231064131133e+01
1.632353732839673555e+01
1.638000350373069125e+01
1.632435302060729754e+01
1.620709435082527961e+01
1.703069840475247076e+01
1.660776576284968442e+01
1.659378801011823512e+01
1.646135211634600992e+01
1.602744384616599405e+01
1.661743807834884024e+01
1.615092454153585066e+01
1.714929322277093249e+01
1.642140595714017692e+01
1.687139908372088470e+01
1.656368333183423047e+01
1.640770772910592612e+01
1.615883602212295145e+01
1.606757565701566648e+01
1.664551408100184915e+01
1.680348121629650748e+01
1.643135284128475604e+01
1.641694600897292489e+01
1.689140878116118927e+01
1.617573425571693591e+01
1.603166173544816431e+01
1.662619120582428422e+01
1.652193273102563964e+01
1.663478998675049425e+01
1.650096808912914881e+01
1.647535494712438364e+01
1.682262371476005214e+01
1.685816667669856983e+01
1.611717155661289880e+01
1.622221911207353173e+01
1.633390884699121059e+01
1.672003438634366290e+01
1.631220587287731050e+01
1.634074236610922171e+01
1.644219392887583808e+01
1.660871093411113009e+01
1.583390648013581803e+01
1.647532132816181516e+01
1.653411267495171799e+01
1.677709643986034749e+01
1.660180078517662494e+01
1.636132805674607482e+01
1.627363907391800169e+01
1.689545470405826677e+01
1.665882890714598830e+01
1.677583268038120679e+01
1.682375836627635479e+01
1.683456201872281000e+01
1.619255426510962437e+01
1.643181625193695794e+01
1.675140515196373414e+01
1.675746516744997194e+01
1.621305429899684114e+01
1.643348336143966293e+01
1.667570370406234659e+01
1.626335979493767070e+01
1.679604140121178446e+01
1.627224381326847436e+01
1.669071003444449985e+01
1.652482244706143888e+01
1.660520363525152732e+01
1.663044700457802705e+01
1.659548036834344131e+01
1.661264451383773988e+01
1.660186122226354399e+01
1.651818051759801165e+01
1.634880345559603754e+01
1.614954457551782596e+01
1.650366067137840531e+01
1.701992810694528657e+01
1.663522418409650427e+01
1.632833323991100016e+01
1.642287076993835626e+01
1.639838165908080114e+01
1.634971786035006858e+01
1.603360169776010835e+01
1.669652023673884500e+01
1.708876014874819305e+01
1.682956731496370750e+01
1.650108522451654025e+01
1.620276934222056298e+01
1.665202924466550982e+01
1.684169367722304145e+01
1.690147120991307972e+01
1.635956983894397254e+01
1.643464088166789239e+01
1.719471117906734392e+01
1.601139362719872850e+01
1.634389965789890198e+01
1.609449722767793745e+01
1.660570489283464113e+01
1.678270963821998762e+01
1.632913646251430606e+01
1.646935793722478181e+01
1.677329609535382815e+01
1.609498541351057810e+01
1.640339294938643278e+01
1.676146784464760486e+01
1.687117150821197598e+01
1.710454605979654019e+01
1.653803243954730462e+01
1.624597241843265749e+01
1.584580552155549782e+01
1.641009303505400752e+01
1.674980635066888368e+01
1.688890242680862386e+01
1.686868051842032301e+01
1.680160869890796960e+01
1.658484936770835816e+01
1.639455856760466901e+01
1.663096464025279886e+01
1.694764765562860376e+01
1.634098018710247047e+01
1.633106177029030803e+01
1.675867738047227462e+01
1.654450445802933345e+01
1.634908260094802657e+01
1.652559531297624318e+01
1.619095905364639165e+01
1.665024738855487740e+01
1.654517190474526700e+01
1.645391026909545928e+01
1.678302264982657377e+01
1.606140692453029928e+01
1.631971413312675168e+01
1.638270897731052145e+01
1.666701581176969071e+01
1.680476434368728178e+01
1.578882807015967948e+01
1.638088387209333519e+01
1.621507490629914017e+01
1.663512359292879239e+01
1.664608068918998995e+01
1.662737085364312861e+01
1.677310324885780801e+01
1.635182360933116996e+01
1.631495444357019764e+01
1.645250596559095513e+01
1.633305208852384638e+01
1.666286967613205405e+01
1.675749282744264335e+01
1.625705417632364913e+01
1.670930015458335305e+01
1.618059699014710873e+01
1.665076574840536239e+01
1.648663782013542090e+01
1.641486998044963741e+01
1.643649529404524046e+01
1.613059010852023789e+01
1.658610654234511372e+01
1.742965842318979952e+01
1.630044123922912291e+01
1.659315840723462898e+01
1.654658396447650759e+01
1.658915324492184951e+01
1.646986286648841968e+01
1.691497299860279924e+01
1.661351231389335936e+01
1.649870840806676142e+01
1.696002357326495158e+01
1.665782761900355524e+01
1.622090137275299071e+01
1.647019469020601079e+01
1.674480147539719255e+01
1.662643695242237030e+01
1.665560499006293682e+01
1.663583372853227615e+01
1.612005291733354895e+01
1.619015070123463218e+01
1.612706997651319796e+01
1.639492912403434843e+01
1.673102580026725050e+01
1.667394157532363153e+01
1.654711605105195460e+01
1.644337661676895834e+01
1.666059629245033591e+01
1.649665787546222617e+01
1.638124476852519962e+01
1.646606866298768068e+01
1.655209444756938097e+01
1.688158394567697584e+01
1.676508521676435493e+01
1.658919371423154843e+01
1.634674552619351573e+01
1.653332828371694418e+01
1.682059421196994364e+01
1.658153448758335813e+01
1.692748445559421810e+01
1.679239447400758323e+01
1.644854781437280522e+01
1.695582758152827196e+01
1.657042000686970340e+01
1.641316168659422914e+01
1.669059301442248255e+01
1.667093557023983053e+01
1.597972132437517523e+01
1.666470343650829022e+01
1.667271572854918205e+01
1.649398337007950488e+01
1.672571359081355169e+01
1.692452219373963374e+01
1.668040160469357147e+01
1.653160481101831536e+01
1.678517985306830695e+01
1.655670667405194862e+01
1.605158099245724301e+01
1.679096863049273836e+01
1.666052585182470835e+01
1.642795991948080214e+01
1.673177372619853998e+01
1.646464947203999785e+01
1.661112602969858543e+01
1.650314106381639689e+01
1.663389334840417533e+01
1.657233458022429318e+01
1.600697081300417679e+01
1.668875381491259802e+01
1.644660437656234109e+01
1.689469484833980317e+01
1.689050543553858930e+01
1.703001891663252465e+01
1.663553163002974600e+01
1.683338192862719040e+01
1.653690541149609672e+01
1.676648306182380921e+01
1.641316546284111055e+01
1.703243113400542441e+01
1.654302908801410865e+01
1.684396988268199635e+01
1.663989597685977984e+01
1.653200529377956585e+01
1.687985298179735238e+01
1.655212696463157585e+01
1.614821399577621008e+01
1.639852980781024883e+01
1.676579132156939167e+01
1.652011800767183303e+01
1.658012963877919432e+01
1.694995567829793970e+01
1.659808698825995421e+01
1.670727974576680808e+01
1.661059825374178089e+01
1.684694594805846890e+01
1.664728396938167521e+01
1.627240821551937344e+01
1.606337522711693211e+01
1.664527176975123979e+01
1.671573012282878068e+01
1.637494920556802214e+01
1.601053371832254157e+01
1.666442032745258928e+01
1.643342397057557491e+01
1.680336942119073029e+01
1.653310208573849494e+01
1.634614740358779628e+01
1.648475452595081947e+01
1.654473684252659282e+01
1.626547982362795253e+01
1.630181199470392528e+01
1.637023687430226460e+01
1.667755463728025589e+01
