# Variable: B
# Sample shape: (3000,)
# Date: 2018-05-02 15:31:34.062935
8.405136441956932991e-01
8.355863808399948134e-01
8.409452317902721408e-01
8.353109925669337521e-01
8.599614723596226140e-01
8.481411774795638570e-01
8.318482084941957178e-01
8.672654106373930416e-01
8.530714598467926679e-01
8.385435456721039849e-01
8.372217757564952567e-01
8.394233177506472687e-01
8.485931570510746313e-01
8.491097097099840063e-01
8.399937944448636618e-01
8.517665340964288845e-01
8.347648810827688060e-01
8.261717509017396655e-01
8.611747367541988663e-01
8.353497259537795427e-01
8.340000377215613936e-01
8.348479990046783206e-01
8.363414098311345857e-01
8.388685401664899288e-01
8.503049422016741854e-01
8.506976149491286554e-01
8.485150316370470014e-01
8.505494144520979738e-01
8.270585464358994887e-01
8.564273649290325974e-01
8.481918126254948120e-01
8.490132826467619021e-01
8.450278092438523458e-01
8.394792831680535361e-01
8.523275690379059633e-01
8.521070146878544360e-01
8.388004584328674351e-01
8.634456183599724666e-01
8.215868847297658206e-01
8.476151454966783794e-01
8.458370323432899962e-01
8.499631520244977922e-01
8.335238364973036607e-01
8.555919008632467682e-01
8.634011381654534967e-01
8.902393492926139462e-01
8.397944315326291154e-01
8.423360217394189053e-01
8.498044743676803625e-01
8.452352855145985888e-01
8.375220101704217157e-01
8.324389266300836754e-01
8.485644136039146579e-01
8.403854006032986934e-01
8.438550382932930027e-01
8.609129663732898452e-01
8.509718780706894137e-01
8.194777337349608004e-01
8.443261725360030612e-01
8.583718803188375990e-01
8.281044498792008435e-01
8.528261329789860179e-01
8.443455308158811512e-01
8.690841787289983467e-01
8.562311568961122887e-01
8.448827295970309237e-01
8.445681591231246621e-01
8.576524748347260640e-01
8.523875830439847645e-01
8.451880625320873364e-01
8.514426269571798711e-01
8.365566476037811228e-01
8.250605356415958713e-01
8.604623785328775476e-01
8.554432588900270362e-01
8.441190815780302836e-01
8.257730978443410530e-01
8.447403641319807255e-01
8.289566042873671714e-01
8.564719763869594882e-01
8.730099409219133078e-01
8.299294928123392978e-01
8.519398513080115309e-01
8.639395746714196855e-01
8.413044919278992451e-01
8.517798424575355742e-01
8.343172710962032390e-01
8.440608843690440288e-01
8.621626596280682620e-01
8.289315799835451637e-01
8.488622711751864225e-01
8.481034569100576181e-01
8.216324277929745179e-01
8.398385387208170405e-01
8.443450027970224037e-01
8.524320657093836795e-01
8.312310693337915390e-01
8.441741815210760391e-01
8.269361246490714024e-01
8.248147948535762275e-01
8.370362783163395326e-01
8.429545554095264626e-01
8.564501102735562199e-01
8.513101032165262261e-01
8.487346032146699804e-01
8.381490779249367584e-01
8.540538702678303062e-01
8.521846791305343061e-01
8.506550780824967406e-01
8.411575856932643758e-01
8.399557827447245995e-01
8.461245137466635313e-01
8.473406208189619981e-01
8.254316665773664408e-01
8.232593293344764307e-01
8.327742105022382102e-01
8.410680806784044394e-01
8.364170673462782979e-01
8.565405474011261733e-01
8.473167043395563036e-01
8.483510648694664313e-01
8.514781086818790090e-01
8.471791811675908335e-01
8.449861617431571048e-01
8.441259826224956075e-01
8.526721437096301814e-01
8.361251130197385750e-01
8.560961109046393291e-01
8.589029898493032444e-01
8.537349031036479685e-01
8.527671407169866713e-01
8.568355036318644480e-01
8.314290998346689499e-01
8.395978307822010711e-01
8.444127535688131792e-01
8.433303860958298870e-01
8.338992059492571496e-01
8.380859229907205998e-01
8.451742595073510333e-01
8.391030630039851834e-01
8.583910280888144007e-01
8.416241701570221778e-01
8.399380980164755650e-01
8.225932520687985194e-01
8.363234574101320318e-01
8.416335020066325612e-01
8.429346967949614688e-01
8.374636952185018357e-01
8.471653764276266818e-01
8.344180130353949787e-01
8.332664611692220946e-01
8.457070878215442455e-01
8.348008092429503035e-01
8.394894018058468577e-01
8.555992292926205556e-01
8.392484745945114621e-01
8.456986116551299393e-01
8.385061269407754203e-01
8.333964269752434095e-01
8.596479538580857893e-01
8.742333130432714539e-01
8.439490718005633330e-01
8.347067884549277395e-01
8.700451797333959014e-01
8.480122436408161768e-01
8.359811209943487365e-01
8.552686105308130449e-01
8.325597766469593486e-01
8.350247510654614791e-01
8.202631173321777158e-01
8.204343952967522169e-01
8.479681351123249389e-01
8.403251662468113059e-01
8.398956564900139643e-01
8.443336959015301790e-01
8.558407394076612551e-01
8.421633898748585034e-01
8.421371956462978536e-01
8.512617857718268732e-01
8.254651972982740560e-01
8.463453635729720759e-01
8.443996182558825003e-01
8.531959622137262889e-01
8.343770681133837464e-01
8.423178401974414919e-01
8.596788781822102266e-01
8.491972231841811158e-01
8.314655343392050035e-01
8.245762839680877976e-01
8.489455812814321600e-01
8.516478984913112837e-01
8.298140185289988313e-01
8.524197942878176670e-01
8.218777281937958978e-01
8.615602597205271884e-01
8.484339654832808719e-01
8.636199424457029483e-01
8.427055377312392404e-01
8.407805702366645262e-01
8.491646930567038343e-01
8.327443752524286147e-01
8.487845391428278097e-01
8.491128285006743770e-01
8.535383585054590050e-01
8.374147085032603854e-01
8.441277731993759303e-01
8.430385313088398780e-01
8.480290971414214951e-01
8.532149364736608677e-01
8.363043690194799096e-01
8.425019352171648768e-01
8.466869150732928562e-01
8.385228978265887312e-01
8.566460961604454027e-01
8.415418756618219254e-01
8.483633558065163394e-01
8.458056238677625904e-01
8.501772919906873671e-01
8.391128937341945093e-01
8.450464187613857536e-01
8.359728896953262378e-01
8.394123877643159259e-01
8.359820879867382315e-01
8.432335922788682936e-01
8.454029038234903703e-01
8.707025294134009830e-01
8.423627771133918030e-01
8.425616945811168490e-01
8.404343890306713583e-01
8.331341516750314646e-01
8.267362365325799933e-01
8.448469048923865632e-01
8.504998343322482945e-01
8.464809190047698495e-01
8.260302831135172275e-01
8.524875830215912220e-01
8.515126765591992664e-01
8.506455479751533488e-01
8.341885018817827291e-01
8.172348277938283889e-01
8.414948126234883530e-01
8.615811487156325166e-01
8.518373439009566672e-01
8.427133410635992972e-01
8.583960621216871756e-01
8.583994350339273494e-01
8.609883006999153876e-01
8.562839820327914353e-01
8.444535392172870525e-01
8.358069801694796297e-01
8.389039666567512654e-01
8.304634979165615993e-01
8.403801037632306903e-01
8.391977678831802345e-01
8.439662888034725752e-01
8.450832622923690751e-01
8.246175968142838153e-01
8.341762606928023738e-01
8.281424104116320573e-01
8.403770779685371117e-01
8.505183923340312591e-01
8.490978326529110554e-01
8.382640227943579658e-01
8.471431008947204466e-01
8.587145950037645692e-01
8.346404094166419707e-01
8.511008533923283270e-01
8.594130090950714562e-01
8.462768651904759576e-01
8.213985890330225415e-01
8.415834082242661385e-01
8.591394832674825732e-01
8.438725800425213031e-01
8.247765069077510613e-01
8.493649885834870794e-01
8.422428705709728014e-01
8.465056197635250079e-01
8.473100117298384415e-01
8.385729782989200798e-01
8.361960474065944782e-01
8.436868471348735188e-01
8.507724187524047244e-01
8.552892966421650200e-01
8.330653251526887182e-01
8.584526746061020841e-01
8.559216150475212892e-01
8.400265452680211187e-01
8.410714220517706563e-01
8.339429598668794963e-01
8.415768423920796382e-01
8.469128788261508500e-01
8.621801118692493660e-01
8.515360296051900368e-01
8.386253870148050460e-01
8.191700818805895956e-01
8.490684143664214423e-01
8.383105143370288559e-01
8.537909899541908931e-01
8.417684525902636716e-01
8.641193240878629611e-01
8.287084285201228306e-01
8.717376235399686424e-01
8.531334849875880089e-01
8.516690496452328230e-01
8.562524660909864860e-01
8.356553601117165941e-01
8.538691780228359063e-01
8.450600013835424251e-01
8.377101969440410301e-01
8.535576316717505829e-01
8.427344772349348867e-01
8.406844652852940580e-01
8.440945742422917286e-01
8.582781377530901423e-01
8.563425789907898045e-01
8.488983020410550973e-01
8.393952934786335085e-01
8.449476782833199584e-01
8.387633661406314056e-01
8.626130788805569383e-01
8.469662884430964045e-01
8.412678456143370953e-01
8.538971810361410952e-01
8.360139033868368985e-01
8.474302252464758212e-01
8.594017501258702785e-01
8.445704570737716521e-01
8.418979787089866385e-01
8.552744161002933110e-01
8.347913909890657402e-01
8.278756313720493365e-01
8.644949852191305961e-01
8.413745852346425913e-01
8.500324099634152253e-01
8.401541359418963628e-01
8.361981679563553760e-01
8.546683769400774677e-01
8.590197953351473847e-01
8.473447244550819102e-01
8.510878324625392732e-01
8.323721533294667907e-01
8.573364783949872781e-01
8.493720897030888617e-01
8.151028138929385936e-01
8.473064654508267735e-01
8.505177300542197116e-01
8.485981316505528671e-01
8.293770805686666581e-01
8.448230806760126388e-01
8.346282893549797910e-01
8.350217222385413196e-01
8.500170479560833492e-01
8.487016587147064861e-01
8.397450948835457618e-01
8.700685538729528989e-01
8.634720504318526002e-01
8.583540028398377597e-01
8.439718279746899476e-01
8.447565178274180075e-01
8.398818061935195978e-01
8.670454505653214516e-01
8.582452523839824154e-01
8.365547015241778794e-01
8.342859908635200661e-01
8.481928584619901068e-01
8.280056595926540419e-01
8.569236963850458411e-01
8.417003628173513885e-01
8.625519608267392391e-01
8.424130836540962841e-01
8.491513911582870833e-01
8.424534819577943479e-01
8.446907103975250797e-01
8.446050193840644038e-01
8.458904043522167404e-01
8.666771350426085707e-01
8.599526070335002936e-01
8.427453401521546317e-01
8.505676952713872030e-01
8.564539854459277679e-01
8.157815192586610475e-01
8.600196411551532805e-01
8.594956214976413600e-01
8.365108184338931885e-01
8.287383311972424949e-01
8.450584070750486454e-01
8.442890536007254809e-01
8.451407259926702054e-01
8.494525466356439569e-01
8.381693620967037850e-01
8.649249931693546722e-01
8.303564282595139456e-01
8.350862119010957763e-01
8.365632755855630931e-01
8.603728316378386198e-01
8.358979290618780977e-01
8.555268521881220778e-01
8.326768363678878071e-01
8.483658354497105591e-01
8.368837899884435938e-01
8.666204992759711789e-01
8.480663632208934599e-01
8.413825766576421561e-01
8.733604096486498047e-01
8.405678325859325950e-01
8.434834897353843397e-01
8.405328617056372353e-01
8.490384016827032809e-01
8.518164312814985317e-01
8.511534582987769770e-01
8.502074210285561762e-01
8.574148694246296332e-01
8.460025407040023815e-01
8.456243437032500143e-01
8.356035747488469445e-01
8.687137813478009729e-01
8.364317894682016252e-01
8.546397007392221301e-01
8.530015400503848655e-01
8.367189533087507902e-01
8.337484609966552274e-01
8.451596073898328676e-01
8.264355936646805567e-01
8.257525901630481391e-01
8.563525041745446709e-01
8.427528434999744800e-01
8.655247762002802325e-01
8.485624486781035980e-01
8.506812231439885297e-01
8.635340433827477513e-01
8.532147779646251928e-01
8.552762557814240774e-01
8.474522527723102883e-01
8.345845414106423110e-01
8.541405506790219482e-01
8.506525954602347506e-01
8.308131086219239236e-01
8.506714701992201810e-01
8.648623490948535997e-01
8.363349550549015188e-01
8.313900933970650442e-01
8.365521043698457282e-01
8.342362891498064092e-01
8.352129169590303270e-01
8.531626605140706365e-01
8.622332313820743055e-01
8.414582650178499268e-01
8.492130217309769025e-01
8.478977726810660309e-01
8.561822913396534007e-01
8.378696707873886096e-01
8.481578588967049193e-01
8.444378823404832257e-01
8.539784091523884291e-01
8.409025306623625351e-01
8.417805815118771795e-01
8.391895896991471426e-01
8.246870699326865894e-01
8.267797543236189428e-01
8.572888322749122603e-01
8.206395762978396791e-01
8.346208700587540719e-01
8.535776255521795308e-01
8.375989281016089638e-01
8.546838189770407102e-01
8.385315352417124224e-01
8.453015141167387059e-01
8.304540053915168141e-01
8.303089443790392377e-01
8.476163485739939274e-01
8.594772353857595970e-01
8.480690575358279526e-01
8.430377065522531854e-01
8.573607213867615595e-01
8.436545799839555437e-01
8.161073927050446208e-01
8.451350035247587877e-01
8.329991706602452028e-01
8.375759371568629597e-01
8.571176388044506878e-01
8.623978919931923892e-01
8.317151940112886832e-01
8.534113429059690947e-01
8.552497138549024491e-01
8.464114925306247539e-01
8.369516638176145440e-01
8.417273578607935569e-01
8.398857056979465163e-01
8.418569328671705598e-01
8.527040188213836913e-01
8.511976310382961541e-01
8.469869360329230767e-01
8.489261177224870503e-01
8.389726890577864360e-01
8.313254226311935779e-01
8.385609238946414301e-01
8.540881874505469318e-01
8.544545937234622190e-01
8.365308336597145900e-01
8.383010466235066849e-01
8.263141364146247003e-01
8.410951491985382278e-01
8.458163025522201783e-01
8.366653569338335927e-01
8.561232164982744974e-01
8.521108124089384894e-01
8.614787413611781908e-01
8.289670740519676784e-01
8.370123280672279176e-01
8.585189736356569901e-01
8.494011067975221208e-01
8.619896039555096090e-01
8.506774222956032805e-01
8.593015181654676260e-01
8.439245949829459192e-01
8.577412515044720021e-01
8.565353689904746659e-01
8.279619516685099434e-01
8.424392788195091963e-01
8.295440615073725876e-01
8.572051977801109501e-01
8.451032238838079858e-01
8.457916345052838292e-01
8.668041452055229579e-01
8.351536891380694216e-01
8.512777476174706592e-01
8.497534260547409124e-01
8.476266307452151594e-01
8.557905525908480193e-01
8.497321324151120292e-01
8.398408685815428321e-01
8.393288289648749290e-01
8.247296056169577394e-01
8.161834511923041768e-01
8.595385183023352971e-01
8.446825833265569905e-01
8.446370647032200862e-01
8.328083887620785219e-01
8.432405728754726049e-01
8.567910270991305755e-01
8.454259476555153752e-01
8.623138991851349022e-01
8.625380340553566727e-01
8.355007193151574585e-01
8.445398171547482402e-01
8.449986949814738413e-01
8.649623721268522303e-01
8.450603623845169832e-01
8.261366352966074134e-01
8.446347298841250240e-01
8.495714868380775942e-01
8.349095369825386692e-01
8.225126344451229032e-01
8.643846673064310426e-01
8.532128617114926872e-01
8.408159287983006935e-01
8.519241541125815997e-01
8.648222013180504320e-01
8.618761305925343175e-01
8.385240692000545115e-01
8.441179082137187928e-01
8.402632580597390044e-01
8.587916009915985693e-01
8.381249502291148179e-01
8.384416204686900853e-01
8.320868292672540800e-01
8.466345283109190101e-01
8.195416039355768456e-01
8.252013002856437573e-01
8.701782520145919797e-01
8.517944611278747136e-01
8.317186654971245874e-01
8.590509125838577953e-01
8.385599680742796824e-01
8.563915871141796199e-01
8.548432500716554028e-01
8.563633250134776720e-01
8.523588393498497950e-01
8.455303743243982595e-01
8.383106746105698504e-01
8.546131000807395406e-01
8.638381503443142151e-01
8.663458690129299811e-01
8.342981828112157050e-01
8.687512563198021009e-01
8.508328141556773527e-01
8.492263189943655144e-01
8.317976351328973950e-01
8.599020646126130929e-01
8.333227435826091600e-01
8.332121247451459434e-01
8.551642050823151653e-01
8.386702355172936940e-01
8.240210580184187394e-01
8.261522758570215563e-01
8.400771131123291324e-01
8.473285203459570702e-01
8.395847399595385285e-01
8.345830093428944219e-01
8.488478406174035928e-01
8.323938966164964315e-01
8.485831236617571438e-01
8.392308458994981457e-01
8.445591251778125086e-01
8.583283705910993433e-01
8.405366704878249884e-01
8.420143465513496572e-01
8.538758297325138580e-01
8.416121549305058958e-01
8.403927387113303560e-01
8.472744686663931102e-01
8.403532560683361075e-01
8.348778564653851486e-01
8.521495585770965109e-01
8.257098112415809377e-01
8.398744637112475209e-01
8.503055659535845301e-01
8.498040071278289975e-01
8.490797799941292023e-01
8.447502884297301007e-01
8.437262987356684008e-01
8.318366414101061590e-01
8.519437371120426317e-01
8.467428415259216079e-01
8.529586422324509920e-01
8.686007173659009428e-01
8.543947901476240947e-01
8.324328655829312806e-01
8.267424247999370923e-01
8.470195477381649019e-01
8.312476190170873247e-01
8.302660753674173666e-01
8.599848539294437932e-01
8.505082466301782107e-01
8.426691688251183310e-01
8.326426178243482301e-01
8.497512038188345107e-01
8.200769121474846823e-01
8.570366694112665495e-01
8.540343472222499122e-01
8.326654767742972529e-01
8.601270693662104172e-01
8.303926285798191032e-01
8.475637794927352031e-01
8.450691647322206013e-01
8.535845606818012188e-01
8.281948183866585378e-01
8.297766530752198610e-01
8.452390298030805216e-01
8.286265526106382229e-01
8.555398109426863851e-01
8.390388429535742265e-01
8.227081629417576369e-01
8.440669195660779334e-01
8.427028429229339590e-01
8.337873995705683550e-01
8.295318240529830911e-01
8.537083416058459662e-01
8.538726269966019355e-01
8.189358757562179569e-01
8.375372342347737753e-01
8.360842517349327263e-01
8.437551123960328470e-01
8.564751040934436288e-01
8.538607334786997294e-01
8.503953510494780543e-01
8.499334261652078393e-01
8.380024317120918775e-01
8.457042263136819171e-01
8.604094712305416781e-01
8.406296007972113848e-01
8.257866568548665187e-01
8.451830302278298124e-01
8.415931461851305917e-01
8.458130640254051258e-01
8.147641846088069517e-01
8.544874229009220556e-01
8.372981050115816393e-01
8.382427616421732619e-01
8.352300153307040675e-01
8.469206462991158979e-01
8.450880001077519799e-01
8.310829185203942870e-01
8.566436469471033766e-01
8.477887959090636416e-01
8.648751182264750037e-01
8.364365541440965668e-01
8.374456104111048793e-01
8.398700498907722967e-01
8.297077799596228598e-01
8.293171950377119517e-01
8.830719191712401717e-01
8.500972791541546725e-01
8.507450304846420064e-01
8.445388359906449427e-01
8.553073639309995979e-01
8.340136999040876908e-01
8.572633353843143178e-01
8.649627199788134657e-01
8.445130979649174696e-01
8.225839483969760169e-01
8.366292071295569066e-01
8.529796093548751568e-01
8.446888346150811522e-01
8.427094396204791726e-01
8.534510284449590145e-01
8.475349661097896226e-01
8.401598084952590639e-01
8.688496607079950751e-01
8.316825636475915218e-01
8.559770465862652777e-01
8.384410994072517553e-01
8.644653644473491161e-01
8.321601208094052682e-01
8.511735567204961050e-01
8.477040721473210194e-01
8.496749264917116129e-01
8.333936796766573396e-01
8.197726533965556950e-01
8.577624602421369815e-01
8.427858353118131696e-01
8.172079562183737211e-01
8.556519971167501071e-01
8.455350442079098139e-01
8.420368590236514406e-01
8.407290107230452891e-01
8.381885166421235711e-01
8.419489289498759410e-01
8.432862604700083198e-01
8.458160292415541903e-01
8.511357015745278920e-01
8.461392442330246677e-01
8.343725608739259725e-01
8.447857147714836756e-01
8.487377515434836317e-01
8.542159861506004592e-01
8.438973230041129092e-01
8.435490748882084056e-01
8.408414597068105678e-01
8.327662461710313435e-01
8.333433534698061473e-01
8.534543608597626729e-01
8.344865747868633887e-01
8.674456402548863521e-01
8.333631233132092753e-01
8.394465450684203134e-01
8.657409297505506141e-01
8.475471124067557316e-01
8.336303468603483147e-01
8.631668566590711134e-01
8.385317049903557862e-01
8.386933065998517511e-01
8.377132690303601414e-01
8.532340849465597232e-01
8.444789604157657559e-01
8.449540352927413789e-01
8.367557801094883674e-01
8.255009185862467458e-01
8.490630550746401939e-01
8.417094976316806809e-01
8.189368297210286585e-01
8.299464255700003124e-01
8.509046504531433408e-01
8.676832771404501266e-01
8.661244143095645498e-01
8.596753491351216692e-01
8.547734449159717363e-01
8.434162589382298014e-01
8.565960594042061338e-01
8.498059281009837651e-01
8.477579329100154437e-01
8.483090766561821594e-01
8.510693604817419766e-01
8.576834984924636140e-01
8.406217140329295123e-01
8.612497817944199108e-01
8.487922311990756530e-01
8.456095738244916449e-01
8.420295714278553945e-01
8.431803400307432694e-01
8.444118889053172650e-01
8.521441942356308141e-01
8.469266072474460616e-01
8.355383217064936696e-01
8.337023933989680113e-01
8.528310875443491090e-01
8.566445233164851070e-01
8.416135132124487050e-01
8.575363864145809645e-01
8.205469640104906537e-01
8.279607819327974294e-01
8.424890382043007664e-01
8.417050704080518697e-01
8.596699096324693645e-01
8.452350644483773712e-01
8.271570652957255243e-01
8.402771796789597625e-01
8.422247389171755305e-01
8.485523098169348577e-01
8.513600765495259459e-01
8.424455169488047623e-01
8.295099405114031432e-01
8.470114918785836000e-01
8.407426695834482322e-01
8.422224141162628630e-01
8.483674456895400340e-01
8.336903578386617442e-01
8.656404339519117030e-01
8.311230051583041734e-01
8.388649076047859365e-01
8.395020557929214755e-01
8.352605272904699563e-01
8.169882024692368683e-01
8.414601037034522557e-01
8.422571085141711267e-01
8.448477312941078399e-01
8.402498957210955410e-01
8.448110485346110865e-01
8.226330948502423857e-01
8.559090857506747030e-01
8.517904110811169716e-01
8.529818977576933969e-01
8.461942180791985901e-01
8.370466187620976273e-01
8.366549052550656951e-01
8.419496729101647592e-01
8.585243531674542350e-01
8.443508716750411924e-01
8.429578001668931453e-01
8.527690946124769633e-01
8.508814755937035290e-01
8.546457037513796040e-01
8.430482298401826835e-01
8.304491561864184579e-01
8.368004777411239825e-01
8.583351731479933466e-01
8.465622923066961070e-01
8.484767190549804550e-01
8.410798881578143149e-01
8.340403071402372470e-01
8.437380575498323321e-01
8.434903369180302146e-01
8.357341307910536310e-01
8.548661393402031683e-01
8.324440686114126242e-01
8.390858410438847281e-01
8.222622281084216445e-01
8.305150675610342148e-01
8.433203824777774082e-01
8.577768366878705253e-01
8.490387228724827207e-01
8.294220940444981816e-01
8.461192283814706894e-01
8.271981754189766667e-01
8.322326978229526162e-01
8.353457708946911975e-01
8.325750748134783663e-01
8.420937969442066073e-01
8.555809723954449497e-01
8.415492952085067424e-01
8.464065181889264267e-01
8.538407034392114792e-01
8.546058576089547998e-01
8.718381662743110994e-01
8.588860921633785228e-01
8.529735498188437681e-01
8.435450579680959793e-01
8.588286688053378137e-01
8.424679442814856367e-01
8.617083102518040549e-01
8.633651221358583649e-01
8.434143050177836942e-01
8.441684434079401722e-01
8.380360661237418185e-01
8.281337651962470403e-01
8.473314248351642153e-01
8.430909496724388053e-01
8.358797826098013362e-01
8.479459037901708740e-01
8.263054134177512111e-01
8.504470486393124196e-01
8.496716070091696604e-01
8.514050010353682030e-01
8.379704707509881834e-01
8.430945202501273217e-01
8.576161529886613399e-01
8.494447014428908593e-01
8.398955125266810429e-01
8.510403660969585449e-01
8.480632634835894024e-01
8.474925601180647305e-01
8.361540217811977982e-01
8.466249750691351439e-01
8.292735048482039462e-01
8.605751441604345686e-01
8.450557522206002536e-01
8.392388552783506261e-01
8.431773182964518165e-01
8.408255380585520911e-01
8.560675187384668705e-01
8.212559284077443067e-01
8.484272969426259747e-01
8.751121434331623483e-01
8.204097485459664885e-01
8.389570504105827720e-01
8.478832740096593490e-01
8.551958068870807450e-01
8.361232484809083543e-01
8.668307547736645580e-01
8.604606339967818540e-01
8.293008919193722850e-01
8.470477333490853411e-01
8.468573615655800024e-01
8.423576782543675812e-01
8.536223327129258687e-01
8.386014007419138050e-01
8.544965797690317055e-01
8.431007808951289650e-01
8.423724613869720823e-01
8.438030334320327785e-01
8.317748346983278029e-01
8.498689615613995718e-01
8.536992957260401971e-01
8.346545934706950387e-01
8.580708608758716993e-01
8.515250805877707663e-01
8.539287637109381768e-01
8.355984294193725681e-01
8.373306573613708004e-01
8.413275671879492101e-01
8.185033742070270124e-01
8.338206248968197398e-01
8.153280368276880630e-01
8.373612981571849634e-01
8.690399254739398227e-01
8.370941130315240342e-01
8.563132100508191735e-01
8.629030931431533880e-01
8.536681185922694315e-01
8.703446461692215808e-01
8.292478929219360140e-01
8.409387717408434160e-01
8.546024532151815789e-01
8.507656089832075219e-01
8.343975452740843846e-01
8.310005141268889117e-01
8.281054784453573125e-01
8.530641496863948792e-01
8.616200676393228619e-01
8.428367276851821410e-01
8.462407622417706943e-01
8.505451336540158502e-01
8.395510943755336575e-01
8.449227961844335555e-01
8.281398063200424708e-01
8.380631547792940506e-01
8.312347706213865095e-01
8.401657729437379540e-01
8.516565375534965732e-01
8.387780939650580914e-01
8.412731755882558726e-01
8.308149985869190957e-01
8.531761371006443273e-01
8.368636747133241238e-01
8.430361888244005675e-01
8.562142095106511919e-01
8.298499282415158218e-01
8.518930723110080816e-01
8.606908650799000027e-01
8.511639453143596823e-01
8.443274276268403211e-01
8.410129979969936942e-01
8.236764722193803401e-01
8.490545482017473056e-01
8.426803573692414062e-01
8.646692447263231163e-01
8.509073063615473220e-01
8.451622187037799439e-01
8.545811888742488316e-01
8.498777417693477165e-01
8.483363737913445224e-01
8.482505686476147222e-01
8.473055949566141720e-01
8.424567772117163011e-01
8.560288177336080606e-01
8.424349617475784813e-01
8.546845012935483377e-01
8.531315494703636260e-01
8.558939300284188478e-01
8.259124521614418235e-01
8.592276906191101959e-01
8.651878653030137256e-01
8.534699930040926530e-01
8.615178903169519176e-01
8.481325748242043439e-01
8.405886038087599932e-01
8.340080023617808536e-01
8.532864827458824797e-01
8.296051319163731952e-01
8.507392747812217992e-01
8.292627653086913631e-01
8.490220893673519065e-01
8.567897619566393619e-01
8.361025580097637411e-01
8.480383065558522171e-01
8.538799302858726126e-01
8.460200388411304173e-01
8.270640515074529908e-01
8.514562803706937633e-01
8.452947907484120726e-01
8.459892946640975575e-01
8.207576624404886445e-01
8.409001101145278101e-01
8.711747783576740956e-01
8.444267662471930391e-01
8.427945186714305148e-01
8.431337870563391235e-01
8.440455006007794303e-01
8.262845849020504785e-01
8.266780991753162056e-01
8.457501297873253332e-01
8.413793158462981037e-01
8.468263968557030452e-01
8.322274364493191801e-01
8.424013853189272760e-01
8.418600359060680605e-01
8.426306380136904250e-01
8.710152202098070395e-01
8.512727704607514490e-01
8.436514168670270486e-01
8.440226571553494095e-01
8.451234121281206990e-01
8.303709571339817908e-01
8.578074686511765190e-01
8.344516263804213629e-01
8.335917569858899423e-01
8.497454997416750144e-01
8.500614010903907447e-01
8.372748470484940864e-01
8.370864423858351833e-01
8.431357697947838847e-01
8.441238215790347610e-01
8.695035247082851804e-01
8.546501973682799624e-01
8.404648817376256797e-01
8.396298516670923640e-01
8.492166977597049859e-01
8.556055097931563047e-01
8.318776504377115577e-01
8.430391282883361592e-01
8.329368974310378260e-01
8.458439277549267832e-01
8.431776998599235240e-01
8.406399740070787940e-01
8.366918075931129017e-01
8.437576979568536251e-01
8.490634921880017005e-01
8.509490258536438478e-01
8.500020380419297528e-01
8.378297467591856451e-01
8.552272153303730473e-01
8.275580590808342407e-01
8.607198573177594625e-01
8.444483844698082997e-01
8.355643580647259538e-01
8.544248302063708334e-01
8.472725478240303865e-01
8.458215104682149654e-01
8.482134831614895898e-01
8.460630134680114933e-01
8.554392303180810009e-01
8.565348329245789927e-01
8.499397159797843493e-01
8.400975541459216878e-01
8.671870392995955079e-01
8.498114514640680017e-01
8.369540903247760788e-01
8.196463358943009148e-01
8.375380377690346823e-01
8.415582952919501425e-01
8.422039030195439535e-01
8.511675796481803502e-01
8.410333725919437731e-01
8.592319330563437108e-01
8.431181393287616732e-01
8.433604994142279709e-01
8.537875098171625599e-01
8.403193648242797131e-01
8.569924903913419545e-01
8.328286398582368522e-01
8.344257204464786692e-01
8.482726729782288366e-01
8.542000554790024625e-01
8.323031985572452163e-01
8.424000493676414569e-01
8.453362413145504295e-01
8.472958027307726514e-01
8.518080093499649230e-01
8.460711099920801281e-01
8.564050558927290835e-01
8.503483446587088990e-01
8.464912738450992569e-01
8.605626434167954475e-01
8.283147365828565922e-01
8.267327750383872687e-01
8.418586352542196671e-01
8.454228397124531336e-01
8.216945963284442156e-01
8.471066550826058528e-01
8.432075391070126269e-01
8.410273023679533111e-01
8.227842254402691902e-01
8.370324001894943189e-01
8.410640666397225518e-01
8.552715405058207709e-01
8.187663154679745148e-01
8.582820444685870243e-01
8.420544133528033992e-01
8.381819129917734701e-01
8.438750968075920955e-01
8.616915784737428918e-01
8.726332918521503279e-01
8.699770230681516114e-01
8.466281828451446279e-01
8.357653539237700491e-01
8.253403857152078471e-01
8.401404636202832732e-01
8.398945383814540033e-01
8.692049546237544666e-01
8.249693638453118316e-01
8.656078237893364280e-01
8.469475487319418905e-01
8.336068662701215937e-01
8.560055908266271940e-01
8.360128134293030033e-01
8.577730748555051354e-01
8.559477759967789590e-01
8.494941334626192608e-01
8.378982878893926900e-01
8.388989081796451863e-01
8.590374096459254538e-01
8.395013860627861257e-01
8.273900886974997482e-01
8.221412627952803254e-01
8.454919843569862481e-01
8.493428366815619635e-01
8.647141903978620148e-01
8.519296003699569075e-01
8.605306519343463023e-01
8.332749581511469383e-01
8.443159910706540261e-01
8.507274001405956687e-01
8.614611455650332816e-01
8.438113229358563672e-01
8.520405116605187512e-01
8.506958203108149208e-01
8.472012764057785805e-01
8.537442414754988773e-01
8.360862392879054861e-01
8.398061601435775625e-01
8.334933450918191600e-01
8.519924576287002393e-01
8.517035485692829866e-01
8.471554388793478552e-01
8.423025484442551170e-01
8.344691897123727164e-01
8.497551468575844646e-01
8.493368724172165596e-01
8.560344459680082618e-01
8.491488198533660992e-01
8.411509113960825568e-01
8.441647377342856862e-01
8.450072346736835494e-01
8.354714680177870445e-01
8.435482490857815208e-01
8.463483682611719905e-01
8.486276638861359745e-01
8.547937306266502056e-01
8.642379023193559329e-01
8.493354364000889056e-01
8.433087540161053886e-01
8.542473379508624953e-01
8.187756583574636871e-01
8.367150643830469914e-01
8.530011178920930970e-01
8.411753510581952975e-01
8.681680448699592434e-01
8.506239475958061735e-01
8.358337597513031403e-01
8.397412204287582060e-01
8.396388388531426106e-01
8.499902877670322265e-01
8.552215569943030227e-01
8.405300240411960333e-01
8.293943167283071016e-01
8.399888580942065364e-01
8.516383388655719422e-01
8.462638808442271010e-01
8.332109947736789923e-01
8.428983950386590429e-01
8.559922248867108951e-01
8.734808658907804446e-01
8.578130135445144466e-01
8.397812383127540858e-01
8.511324084392558609e-01
8.358098508751845568e-01
8.505436943303864572e-01
8.505616290888537989e-01
8.444663077775629301e-01
8.445859061104070697e-01
8.319521041195365729e-01
8.437113845774205645e-01
8.364244000831444481e-01
8.292963694642738748e-01
8.355922741434980150e-01
8.304694224541319114e-01
8.513775346114957898e-01
8.248909503464619819e-01
8.484367027572597975e-01
8.300261834288112928e-01
8.425369140506968613e-01
8.483943941610733175e-01
8.501717584479838719e-01
8.362859921052636647e-01
8.571414446441787405e-01
8.286122914350034785e-01
8.455979038307978035e-01
8.538435616086267332e-01
8.534734544652651245e-01
8.435650748142602406e-01
8.575960968415318186e-01
8.328760587637354940e-01
8.461892512968824942e-01
8.382643034881829269e-01
8.275746938347470216e-01
8.418754155087843083e-01
8.723826274724795216e-01
8.259984443404069232e-01
8.612924580399167196e-01
8.520760949819414787e-01
8.424184549171365166e-01
8.361494019893198626e-01
8.312437441684091821e-01
8.376972503827105898e-01
8.504799623956211807e-01
8.586667276485215883e-01
8.770062087999928035e-01
8.423765115593145891e-01
8.327199078520370890e-01
8.431534718115709648e-01
8.390762831663389765e-01
8.626326741075882598e-01
8.626843794172995850e-01
8.293862247182919312e-01
8.263503890282337672e-01
8.430649139784299750e-01
8.470361153103744822e-01
8.357803543265672763e-01
8.419262540874995482e-01
8.359028346333220449e-01
8.485300611445268926e-01
8.495803308005048793e-01
8.559532938025820048e-01
8.548554886151639165e-01
8.287377881175288508e-01
8.334942177360433746e-01
8.539755412386113020e-01
8.273742380120217010e-01
8.297084237495842007e-01
8.521009648970790940e-01
8.460102964241427159e-01
8.477933372282961955e-01
8.392204200082018506e-01
8.245709926029854975e-01
8.311426622510138529e-01
8.406485076568110948e-01
8.428426580768542120e-01
8.601436261665846850e-01
8.489704025939458498e-01
8.263760183551013272e-01
8.450947524171934511e-01
8.586274195008902765e-01
8.470857691413800072e-01
8.372767479010057023e-01
8.527481581487189599e-01
8.370739964436303415e-01
8.425529311532080623e-01
8.131226340300333755e-01
8.324442375448034559e-01
8.442286085564556508e-01
8.253678042628967981e-01
8.467706209720569088e-01
8.358064264630118423e-01
8.443563344921405367e-01
8.567615615511418037e-01
8.507161735638560929e-01
8.429517149028372680e-01
8.432320733940770197e-01
8.471011751518354727e-01
8.326303116079885047e-01
8.606305137080605405e-01
8.291680337602624906e-01
8.424518895241213112e-01
8.295920359589091797e-01
8.493333751059404246e-01
8.384375050880834568e-01
8.317429705067819201e-01
8.386320730416645386e-01
8.176419430769141794e-01
8.622477788650206865e-01
8.479201101881538305e-01
8.492784947642307847e-01
8.419484554156632106e-01
8.777272764833442542e-01
8.708146077259033557e-01
8.277414081373738464e-01
8.550119051884221832e-01
8.486536137572912031e-01
8.281848671088947178e-01
8.429250429604764339e-01
8.402369973066836639e-01
8.582613678817896385e-01
8.452879888767619310e-01
8.372406056061278967e-01
8.828339668754030534e-01
8.327059029109076249e-01
8.540347815361462036e-01
8.330530490797832810e-01
8.422443228768141665e-01
8.261511715919205301e-01
8.412590186826538474e-01
8.455451592233101943e-01
8.591895447163334643e-01
8.448560674046000640e-01
8.388427642484840296e-01
8.566201132381066063e-01
8.185467910106826173e-01
8.313227018619652187e-01
8.523728897153194373e-01
8.747915721948547052e-01
8.342331321547118428e-01
8.540516959734119062e-01
8.669368045141083723e-01
8.672120829030216527e-01
8.350076635834202676e-01
8.497702067954848726e-01
8.397483221135286779e-01
8.213279002954244623e-01
8.575245352715427094e-01
8.493602834214571962e-01
8.470980142160619009e-01
8.487539767325380513e-01
8.402047330497793842e-01
8.541216438918376452e-01
8.423587452860719083e-01
8.258681866166034391e-01
8.444101980586691258e-01
8.402196886385534524e-01
8.546027936832425453e-01
8.350096581654207206e-01
8.427686576802534413e-01
8.242804637976276494e-01
8.428197369047132348e-01
8.372617980106545899e-01
8.412387855473425491e-01
8.383194117653699484e-01
8.374050375157816584e-01
8.677448289320781605e-01
8.504547685577866778e-01
8.522065439886029603e-01
8.461339804102960827e-01
8.349605155252877164e-01
8.275486314987023917e-01
8.427390619636111468e-01
8.296192423825442530e-01
8.231743878098369827e-01
8.332239564233064888e-01
8.538505902608393150e-01
8.446202622005095639e-01
8.580444647059891627e-01
8.421158662322817401e-01
8.536130512689161787e-01
8.446363188315383352e-01
8.328166775744558770e-01
8.390793926300856853e-01
8.350082808155392389e-01
8.445484144205841481e-01
8.307992788587849065e-01
8.379669526914094169e-01
8.385747029374069905e-01
8.481851086605992629e-01
8.582493362914281887e-01
8.547039034954989623e-01
8.517045659030633153e-01
8.500547600930502545e-01
8.376074843024857719e-01
8.640262682374293401e-01
8.283170697310333619e-01
8.458279953275300578e-01
8.356998494841963998e-01
8.231362368242929328e-01
8.402194760606913615e-01
8.513831179571722529e-01
8.402292328642669839e-01
8.514428294643745510e-01
8.319484220762261018e-01
8.363763718475728526e-01
8.459611096863661750e-01
8.451300127062870704e-01
8.489124930325248064e-01
8.530797538153285231e-01
8.377570789148003350e-01
8.478214431960856556e-01
8.545940098114462868e-01
8.621953914094222515e-01
8.449127354497286690e-01
8.139571623502244169e-01
8.372302148611535655e-01
8.440345015549284291e-01
8.534410724507277557e-01
8.224969172170076837e-01
8.412306178551973712e-01
8.510107693879676027e-01
8.518629979913794337e-01
8.426328164180997282e-01
8.464250634882035662e-01
8.499380066584060200e-01
8.471506812262590280e-01
8.493226094274892723e-01
8.466903452229858074e-01
8.274228921106979717e-01
8.399448013394429369e-01
8.287546676545709534e-01
8.422652314523748629e-01
8.216106002605005898e-01
8.404881434551575436e-01
8.334225996607789178e-01
8.542465348475377640e-01
8.545061815189634036e-01
8.495223139087116904e-01
8.574831629970971481e-01
8.290332418321157970e-01
8.549213495606832192e-01
8.648154900372954090e-01
8.340068945180192372e-01
8.475687806821801118e-01
8.493009596725797916e-01
8.559575425577576890e-01
8.395962492323816306e-01
8.368326237379828392e-01
8.390088624345395374e-01
8.342298048515974784e-01
8.442573897748437695e-01
8.288841495653362923e-01
8.484457972037057205e-01
8.323498636921372595e-01
8.317814065123626532e-01
8.537354885433342533e-01
8.540836635041901825e-01
8.403231326520880229e-01
8.352742620955686537e-01
8.490658947322716754e-01
8.354789862039035953e-01
8.544011079497187966e-01
8.473599811388277114e-01
8.513706614430935904e-01
8.376325610208887884e-01
8.333610703843054024e-01
8.423376199472382142e-01
8.449267665600340704e-01
8.511293581724237445e-01
8.333490878096289078e-01
8.535423078579588152e-01
8.270713966717279098e-01
8.320584648700166674e-01
8.417080291927829805e-01
8.478642196810988185e-01
8.557660672955846870e-01
8.579498762708190895e-01
8.379990862125156204e-01
8.602190053742728715e-01
8.379571946145941697e-01
8.251635618969234143e-01
8.456646379491812304e-01
8.472191853918248361e-01
8.615291576349867197e-01
8.364810336278429848e-01
8.579745217810155200e-01
8.412042605409247864e-01
8.611203755215046662e-01
8.426727938145022190e-01
8.611339183744692871e-01
8.443918494064108771e-01
8.582153869884208142e-01
8.423377558245240815e-01
8.287373396469031039e-01
8.386594878708019118e-01
8.576540210817132914e-01
8.428863033244463621e-01
8.237925780957027211e-01
8.466544382547079861e-01
8.528961205181143646e-01
8.604993917680822113e-01
8.536556851992305184e-01
8.456459613152219612e-01
8.471096948268020954e-01
8.291944679672591523e-01
8.783342663410903528e-01
8.346153767361170761e-01
8.619267261385156198e-01
8.628304054910762577e-01
8.498872225311550066e-01
8.507271795472667320e-01
8.333790924917363618e-01
8.432060041464316535e-01
8.425568360659532186e-01
8.444488953674311738e-01
8.539507784983759731e-01
8.525114138284342058e-01
8.426629209732839909e-01
8.166314806857105646e-01
8.455134627209425213e-01
8.580589713391080231e-01
8.368006958204838863e-01
8.628460737388088386e-01
8.337215753573410382e-01
8.449144906616051776e-01
8.445532412838262504e-01
8.445058589298717333e-01
8.485080044364162744e-01
8.403510628217533140e-01
8.326918557677429611e-01
8.472010088046519893e-01
8.476941476614726634e-01
8.438053994712705341e-01
8.484664614741328492e-01
8.427196015198672452e-01
8.436898038166333880e-01
8.336597619667845960e-01
8.543656644576904657e-01
8.239361688567159447e-01
8.659666392904372678e-01
8.361916000178273300e-01
8.318812010303650029e-01
8.311551405351268462e-01
8.578964304922234163e-01
8.361431909896760439e-01
8.283211148342989327e-01
8.269543708497828494e-01
8.465714122650055407e-01
8.374282552867073903e-01
8.388453331673364488e-01
8.518443036404623747e-01
8.656107155021720567e-01
8.375047788883307476e-01
8.249530777124508552e-01
8.468344241711187603e-01
8.701580099179521133e-01
8.612126681278350349e-01
8.280643289205613655e-01
8.486335413793733018e-01
8.549392975730437660e-01
8.614177171747838813e-01
8.652478127279149556e-01
8.531507144480381388e-01
8.435388742466820577e-01
8.411232968242152719e-01
8.231369082499787604e-01
8.304379578223443081e-01
8.325421798635076476e-01
8.559224924425750114e-01
8.259879168603063704e-01
8.433994280464512938e-01
8.484561344246024372e-01
8.434050632023816219e-01
8.508569103233188935e-01
8.377788521443090275e-01
8.393911712387347457e-01
8.441800216025747705e-01
8.477832427862553866e-01
8.073949142526164469e-01
8.393090960903618614e-01
8.466124537388848292e-01
8.228638359341231556e-01
8.296261034889382824e-01
8.465588201738168950e-01
8.392934470535395874e-01
8.521924082019715074e-01
8.383592099338105230e-01
8.351191825684723957e-01
8.484785861004745522e-01
8.491142724217940474e-01
8.487957642981441841e-01
8.669927302364944799e-01
8.449986018029762569e-01
8.495578465868126594e-01
8.626475467221483839e-01
8.454263018995709089e-01
8.505145769174433656e-01
8.528533365681143508e-01
8.295161968006015130e-01
8.485193479658946769e-01
8.362199103900234132e-01
8.502058368616854933e-01
8.668183238773803367e-01
8.551983181069945372e-01
8.482507766114418812e-01
8.566841832218050623e-01
8.490501608109143339e-01
8.536150048900147391e-01
8.329887741082572239e-01
8.419424691187969989e-01
8.577052309496751015e-01
8.735066173801359080e-01
8.459682069244539582e-01
8.445993482130709218e-01
8.450833555041519229e-01
8.488137912967748111e-01
8.278053710008389521e-01
8.463689319711453773e-01
8.443224786087947242e-01
8.381574316015281134e-01
8.676208711231682136e-01
8.476397385267807616e-01
8.414597063686153344e-01
8.360609912760416096e-01
8.314193284251535365e-01
8.344609606092181497e-01
8.507439372955548640e-01
8.434594327667946922e-01
8.462320885712675267e-01
8.460526755309784042e-01
8.395542926546643026e-01
8.548855853206068778e-01
8.462332000372531082e-01
8.340566663549840998e-01
8.431060960186503861e-01
8.450422763845175655e-01
8.505287169466047015e-01
8.586329427996365338e-01
8.408681361411823874e-01
8.322625970015067320e-01
8.496339520715791016e-01
8.392366639402024653e-01
8.592062194938584474e-01
8.576681034523264691e-01
8.380708921255741739e-01
8.227093865310853849e-01
8.426977723707012036e-01
8.524053288224305858e-01
8.506606127243655502e-01
8.545754553436645251e-01
8.517069891692666816e-01
8.593713435583475446e-01
8.389178817759788132e-01
8.465373443293171540e-01
8.387932700634337380e-01
8.506147423601548851e-01
8.228639766162612057e-01
8.517025368294374177e-01
8.353199975537765054e-01
8.429516632432533241e-01
8.701645426607881317e-01
8.664445004310330489e-01
8.313255179942981021e-01
8.453778618094949238e-01
8.529142989412883402e-01
8.342958588171693890e-01
8.419401949661400320e-01
8.558722441494212019e-01
8.493285191549849733e-01
8.570701975056334021e-01
8.602912673377646202e-01
8.496742144311667522e-01
8.432147984277168495e-01
8.374457876061753847e-01
8.460062146358714452e-01
8.449659064716236179e-01
8.281919902715313420e-01
8.489581481101351468e-01
8.322876509595943384e-01
8.344156723252704744e-01
8.616837103385411867e-01
8.484107031125269760e-01
8.536242208615022475e-01
8.427773455912206391e-01
8.348357594031968754e-01
8.306869038740496425e-01
8.356568510140440775e-01
8.564539986098298474e-01
8.337982296067006915e-01
8.329860970634107575e-01
8.322789474355338779e-01
8.456245143876507386e-01
8.514833368934315860e-01
8.310388434882931552e-01
8.371987557239789490e-01
8.456292245018081077e-01
8.421814016683362158e-01
8.493950717072014100e-01
8.484221540163726649e-01
8.534532701840753521e-01
8.493651479370895041e-01
8.476167412261901291e-01
8.427724340334197262e-01
8.320700589996082863e-01
8.539057523304325326e-01
8.621468773653692130e-01
8.389091504273245015e-01
8.519899574186082791e-01
8.569365912321287304e-01
8.437123287409404870e-01
8.345970405827832783e-01
8.474146555759174415e-01
8.372336430330025170e-01
8.488182101437620197e-01
8.393256575675921427e-01
8.307251253442579086e-01
8.408801079027102832e-01
8.508507420176082414e-01
8.556856841458877483e-01
8.387140106665569306e-01
8.423448679851164300e-01
8.425068536754380943e-01
8.447445400671034221e-01
8.420693696472252299e-01
8.248871503999644084e-01
8.510546809946006874e-01
8.498962899704888274e-01
8.608634572702650312e-01
8.379890450581707340e-01
8.569738954316133972e-01
8.365590178161588231e-01
8.547145772261914853e-01
8.394657439430707191e-01
8.548089290881885072e-01
8.307407850522999793e-01
8.458629563223519776e-01
8.651967148106316507e-01
8.318238796832845283e-01
8.325727510154067312e-01
8.666543170732682322e-01
8.434822734208474726e-01
8.468373055912293834e-01
8.523603348523025591e-01
8.415707398623504254e-01
8.336713640974011685e-01
8.393241323826566846e-01
8.226848246187297153e-01
8.623871721343235874e-01
8.564317791393109003e-01
8.395184958116477247e-01
8.405758801986680240e-01
8.308423978514076769e-01
8.346702925348492563e-01
8.484072859570093161e-01
8.345183340811962447e-01
8.453884977807250012e-01
8.356830130493940745e-01
8.502121501736502607e-01
8.465294539144273545e-01
8.336324723445899254e-01
8.432553475555540912e-01
8.564677954955616235e-01
8.632402965566867703e-01
8.482782466283222966e-01
8.463225828724416644e-01
8.417099436218149489e-01
8.533517869389830590e-01
8.403116419603419152e-01
8.525099185523130618e-01
8.440328729926965812e-01
8.497680932608859816e-01
8.557618020130522973e-01
8.607772897592353978e-01
8.497365205901834528e-01
8.422074238322105888e-01
8.431742614874500052e-01
8.483858581039572799e-01
8.403094763946152845e-01
8.420306793323055761e-01
8.555370057036971732e-01
8.355560498236561662e-01
8.330767466934506649e-01
8.260461081636829572e-01
8.514676688251437975e-01
8.612198038932149524e-01
8.401567418862776471e-01
8.439189367662379704e-01
8.497879986502807625e-01
8.670958945894867709e-01
8.447475847443184360e-01
8.333193219024199738e-01
8.424285023678553808e-01
8.326287018178061272e-01
8.458757799736603689e-01
8.585309058489000167e-01
8.439500023558255126e-01
8.427305975166606844e-01
8.525698101970546894e-01
8.735755372059235135e-01
8.354284451383935384e-01
8.555267726477815415e-01
8.520130015790120526e-01
8.496456484273883225e-01
8.561378281278896329e-01
8.466347746885448666e-01
8.609749868096177039e-01
8.408835291587193339e-01
8.347996185513671952e-01
8.508803485464166982e-01
8.365554522280614913e-01
8.464960481895333899e-01
8.394528367908008493e-01
8.599486148274908537e-01
8.466974208758033527e-01
8.485443110290800117e-01
8.443558796787208331e-01
8.506325242814013476e-01
8.363067048199489539e-01
8.281321752424707361e-01
8.274777192235843737e-01
8.425427824135179877e-01
8.309744802991947399e-01
8.358765655317326182e-01
8.213613784621349723e-01
8.402210543915724639e-01
8.360124153523299517e-01
8.533815171907069841e-01
8.433808440600311096e-01
8.536393590487085792e-01
8.319405871644091066e-01
8.460118246694836586e-01
8.528044284191107494e-01
8.399234479086725713e-01
8.423234814382154489e-01
8.419872134576034117e-01
8.279019997288765698e-01
8.426599927868623219e-01
8.270006874637712002e-01
8.421479934898679076e-01
8.193040779158969888e-01
8.473642753374455161e-01
8.499002543661818843e-01
8.334065546637396960e-01
8.550794437584869900e-01
8.445687006277855513e-01
8.402263149904012351e-01
8.326522123631683314e-01
8.536715213775907252e-01
8.603323989102956704e-01
8.590451680612267715e-01
8.475721124271100582e-01
8.343939673677851498e-01
8.507585613036711125e-01
8.272120476910881370e-01
8.411146578392527662e-01
8.413404369028412155e-01
8.297038876105073957e-01
8.303118061799245053e-01
8.466868279237326211e-01
8.362470116288682753e-01
8.464791605966425214e-01
8.355936917656960894e-01
8.437380296642729149e-01
8.518951577347504411e-01
8.563540240685892924e-01
8.371626240764983296e-01
8.534548311543309618e-01
8.386333172662372437e-01
8.577698352710202423e-01
8.528903898052196952e-01
8.602241108774457690e-01
8.416111359916650381e-01
8.340204358947698182e-01
8.436082414162099363e-01
8.404525302007501697e-01
8.162902757373581286e-01
8.582322160048913018e-01
8.318206440352055031e-01
8.277675024575338325e-01
8.449333637604822256e-01
8.509819411996313310e-01
8.768219520707143388e-01
8.590931916500936794e-01
8.445871336172552368e-01
8.384382791043166749e-01
8.441919152019532469e-01
8.631079357568601784e-01
8.487730069955226053e-01
8.277768236872278251e-01
8.422780252694435088e-01
8.353375244617911033e-01
8.640755550539596097e-01
8.527721707772091264e-01
8.387341782265963497e-01
8.530164151408625717e-01
8.385307079413804043e-01
8.401047844357737437e-01
8.176878798710922602e-01
8.450106627011113591e-01
8.360469859402199777e-01
8.362828749736543887e-01
8.381827002294736095e-01
8.355055921974273714e-01
8.435987421366155647e-01
8.266109829942404064e-01
8.605657918978136811e-01
8.359064514341794094e-01
8.232179895711309037e-01
8.368657678007758172e-01
8.528521824978555488e-01
8.281540609913251583e-01
8.503464841113587136e-01
8.735728454380693453e-01
8.518812460747291482e-01
8.447495636473881797e-01
8.419492091436691084e-01
8.541055843975444706e-01
8.386155374863005774e-01
8.475660642316037441e-01
8.438253711741192653e-01
8.417522033155232508e-01
8.361882074242821261e-01
8.399658856110843175e-01
8.526723488379848170e-01
8.310315186285128775e-01
8.294676417914450539e-01
8.476422576362138139e-01
8.615530932410787601e-01
8.350643537562626451e-01
8.384018381019535671e-01
8.539560597240369866e-01
8.325204480647573346e-01
8.654760731653046157e-01
8.393969451512293123e-01
8.455754722441864990e-01
8.400593313175148680e-01
8.382201333434907697e-01
8.516452590469451023e-01
8.468582911073653241e-01
8.395067653936943985e-01
8.393005261649741922e-01
8.342433651775477133e-01
8.566117020108933167e-01
8.409627339050752548e-01
8.286151586393719626e-01
8.585220748117790013e-01
8.366993822890823607e-01
8.447929538177754161e-01
8.489360027272800924e-01
8.607060459429076715e-01
8.337748859826065173e-01
8.440794996349724189e-01
8.317391141553580614e-01
8.503652753125894304e-01
8.481725086994282847e-01
8.454978351980592111e-01
8.543908802300576033e-01
8.340424834819414324e-01
8.588220520452470863e-01
8.383919979230527453e-01
8.413820024568915423e-01
8.352629619000981887e-01
8.579732452191261016e-01
8.188498417088458936e-01
8.269165323827216696e-01
8.363969701756894803e-01
8.438218265160053466e-01
8.673435497334164301e-01
8.214635423208223042e-01
8.315719105073473560e-01
8.491809731569655018e-01
8.498991687790857785e-01
8.347049901740639655e-01
8.530601435471452110e-01
8.451383392465532385e-01
8.372686608876500625e-01
8.646999790773600703e-01
8.252060941076232448e-01
8.338692282383464160e-01
8.553396446177546908e-01
8.416762466916591912e-01
8.701961357380000317e-01
8.428285095705277952e-01
8.504380511833238288e-01
8.279225863456197709e-01
8.500259878652586254e-01
8.325847141544900909e-01
8.507941436905721577e-01
8.414428361965434755e-01
8.380782370090781308e-01
8.527613962322158070e-01
8.340627325076650500e-01
8.440114448112228107e-01
8.404315992965618598e-01
8.253662494821345508e-01
8.375618960809120273e-01
8.379092126990729250e-01
8.401212635907625570e-01
8.697077692775334601e-01
8.262332146241614383e-01
8.503654871064071363e-01
8.439900784421904278e-01
8.327067795444190734e-01
8.334825998343614595e-01
8.549733853743792800e-01
8.432124744610745015e-01
8.520753222288728335e-01
8.340710792698704523e-01
8.320384097355190134e-01
8.462717946430949878e-01
8.447685281765121568e-01
8.553744022206664077e-01
8.429657756439342675e-01
8.368024997566430034e-01
8.599821204784600104e-01
8.385168579488536666e-01
8.486478728921401649e-01
8.246344080757154194e-01
8.408271011598834610e-01
8.592302853987398015e-01
8.449850166756845971e-01
8.589670491306241606e-01
8.321606310809471774e-01
8.526878419722893065e-01
8.592125066078022400e-01
8.439088886807475376e-01
8.272565825466698941e-01
8.390088915687582416e-01
8.541775700131423177e-01
8.212093988798159216e-01
8.384328585325730998e-01
8.446102702352559222e-01
8.335587774431365560e-01
8.545962481460893656e-01
8.548484819509361010e-01
8.558411230313921481e-01
8.522727855132388175e-01
8.369469719456449353e-01
8.644946580585265439e-01
8.416981046382392417e-01
8.423722723599393891e-01
8.447273120583470574e-01
8.445245800246259371e-01
8.347794209196012227e-01
8.527294717393490986e-01
8.546377355714369628e-01
8.388091654987351875e-01
8.593962454356240954e-01
8.402603759764092350e-01
8.677194441914376499e-01
8.499711504882611068e-01
8.430680462171670220e-01
8.397271484685636667e-01
8.457016362290142864e-01
8.381657871362998558e-01
8.308156095188534707e-01
8.499036066393733657e-01
8.487600494625439085e-01
8.508538475652578370e-01
8.484972234234867683e-01
8.431929674094186256e-01
8.510662690759609461e-01
8.294005427469312020e-01
8.519285205164200958e-01
8.487306538215886320e-01
8.517090781400922239e-01
8.574218447346674266e-01
8.511687491192607702e-01
8.471724092336336831e-01
8.518220172214224784e-01
8.670340200190109758e-01
8.593521469661250523e-01
8.407443823201377064e-01
8.531984837792115917e-01
8.503766825383247685e-01
8.481060614093218764e-01
8.591386509712549691e-01
8.591100505279464228e-01
8.404565148761025117e-01
8.445260506344586249e-01
8.351884260377469005e-01
8.268459460696447882e-01
8.525807019768820716e-01
8.408824687182849811e-01
8.391499372963107106e-01
8.448268530477250904e-01
8.285437121616547884e-01
8.446340744755812535e-01
8.325458188130144821e-01
8.331318530619514773e-01
8.440590674653131176e-01
8.331134904486200421e-01
8.316411393291641696e-01
8.447026235648438242e-01
8.408155060377376921e-01
8.481900031992520850e-01
8.439653902834579613e-01
8.317810148522758462e-01
8.532291039823695078e-01
8.417836235378213239e-01
8.393350044505535346e-01
8.495323227989163284e-01
8.453642038373099243e-01
8.508442667240763146e-01
8.170503713538888046e-01
8.430443337432483863e-01
8.567953111432740076e-01
8.569031544625536068e-01
8.608528040519534130e-01
8.412108164317183556e-01
8.456029993158068470e-01
8.480195654116057247e-01
8.534430739553410250e-01
8.484005239140172128e-01
8.591364037807428522e-01
8.558144939275996732e-01
8.216068408536310042e-01
8.338929223685563885e-01
8.504477459887800350e-01
8.410602564280527105e-01
8.155185931529427279e-01
8.395095750190686434e-01
8.366669502226290467e-01
8.554976511082956758e-01
8.447670535767811684e-01
8.403286793701314483e-01
8.535158172035391955e-01
8.497136714728922291e-01
8.514592362623560895e-01
8.287566693843969601e-01
8.566747214827076240e-01
8.347861779823116946e-01
8.627860323614378046e-01
8.381775335298600194e-01
8.513991636233479987e-01
8.554817918759936024e-01
8.404190368093072960e-01
8.541555780967428069e-01
8.540659716377492217e-01
8.468668285745981628e-01
8.498683018069367323e-01
8.568174895536716518e-01
8.465123551146485070e-01
8.406300085749078832e-01
8.651793195907375722e-01
8.356130823096639126e-01
8.682294470358147276e-01
8.590107550120197333e-01
8.444668484403625719e-01
8.495895230102955553e-01
8.406052522505889080e-01
8.437622581622784557e-01
8.462946604612225920e-01
8.420557738270852965e-01
8.394095148051610167e-01
8.433200604168953340e-01
8.682156095258827255e-01
8.507468985154870156e-01
8.386965090966738146e-01
8.154622601574795793e-01
8.339676361179398922e-01
8.533330920985457979e-01
8.544775810046536524e-01
8.528356693983186743e-01
8.321730296481218980e-01
8.484449776079602268e-01
8.382246650721020265e-01
8.383655526021411841e-01
8.357736524585038795e-01
8.175011878765333639e-01
8.708944113818145594e-01
8.528905429037462183e-01
8.248738846527245983e-01
8.382000201878744283e-01
8.527851654518321389e-01
8.539939411835759664e-01
8.332507585678355921e-01
8.513079757177189899e-01
8.503727222216090897e-01
8.523009428627766892e-01
8.327902011930908843e-01
8.534099406198677462e-01
8.470648901013090315e-01
8.371909845768054081e-01
8.526687106500183688e-01
8.536968042766789333e-01
8.469274164377226244e-01
8.435166446319189992e-01
8.329861204944593034e-01
8.664534748321303104e-01
8.527871214438914604e-01
8.364728735165695150e-01
8.477303658228294569e-01
8.268954872620487562e-01
8.452994093593755309e-01
8.483230375994607053e-01
8.435556985066492430e-01
8.458459184770433792e-01
8.491972226757542597e-01
8.397423010502385043e-01
8.613152122540863598e-01
8.545013994391008616e-01
8.502236904380507942e-01
8.339880521012134063e-01
8.486151154358891890e-01
8.555137835372133015e-01
8.220192861024859798e-01
8.540158826559052230e-01
8.448271467074081054e-01
8.506763375258086235e-01
8.335791074893413866e-01
8.477198116762784119e-01
8.371884226013764918e-01
8.393583756216729252e-01
8.367833998646406757e-01
8.268949016398532414e-01
8.393074772584161458e-01
8.674909447020933140e-01
8.278266352616289181e-01
8.660749532373190895e-01
8.423354040063244508e-01
8.255750306602441801e-01
8.537374436485832829e-01
8.376349858090029743e-01
8.537604092891095675e-01
8.337255164903022431e-01
8.391181455825940105e-01
8.238939397376244811e-01
8.503820188353730103e-01
8.488580000966335914e-01
8.260821736976867724e-01
8.538015426440009881e-01
8.511206102832261644e-01
8.561831302173260605e-01
8.489948888527752979e-01
8.281303360378253764e-01
8.466198573214823719e-01
8.498457340486920142e-01
8.515610457313003145e-01
8.623068269867137925e-01
8.219589100824314931e-01
8.396421131357563183e-01
8.255407296472326850e-01
8.483681307431915064e-01
8.541630787358758248e-01
8.534555861222902218e-01
8.466218411313715109e-01
8.372251584968494198e-01
8.234455798050527298e-01
8.487800283573677662e-01
8.487249848970213062e-01
8.472148240686502296e-01
8.528226305209606339e-01
8.642271280714837189e-01
8.321574397341849894e-01
8.381784858815821693e-01
8.477184860249328269e-01
8.399798052010464255e-01
8.553492278665206783e-01
8.458462522432462771e-01
8.508785135471369498e-01
8.520408778916481740e-01
8.425664216613512059e-01
8.412246072133197083e-01
8.361840459829460448e-01
8.529284861575349153e-01
8.375188609498103176e-01
8.405759916221220429e-01
8.315732772723130051e-01
8.313836792130528952e-01
8.411777405495522997e-01
8.503753697391266408e-01
8.254432675515731566e-01
8.504405960685139654e-01
8.440880643870513067e-01
8.429232951116606420e-01
8.644430962948348451e-01
8.300922529226395508e-01
8.371214252735554862e-01
8.247095656524350282e-01
8.557304645234846685e-01
8.450784759669502932e-01
8.325538464692855412e-01
8.404548012905748156e-01
8.487034015506329521e-01
8.455764372738883150e-01
8.527426304526107836e-01
8.558879284307063795e-01
8.408990528969496614e-01
8.457958675501506818e-01
8.561952367982738066e-01
8.396284030653194952e-01
8.380478269727165141e-01
8.346139113453086011e-01
8.248523684111154219e-01
8.429425460009589699e-01
8.285499293376873409e-01
8.581737971435305923e-01
8.384980799425443276e-01
8.252454242510451898e-01
8.514635985592500234e-01
8.342517521728096686e-01
8.481019126907921590e-01
8.102630831694873637e-01
8.151185232267854630e-01
8.351638071317851741e-01
8.512206881748579645e-01
8.518989269781518381e-01
8.484461935538082367e-01
8.349330382472041068e-01
8.581323446952888734e-01
8.558171509220582340e-01
8.568387830182708775e-01
8.411125871630763529e-01
8.444525930891736420e-01
8.191985715800388368e-01
8.270023187501507334e-01
8.447307494990781152e-01
8.432697764358118020e-01
8.373387847953253083e-01
8.345612794341222829e-01
8.430848289874576240e-01
8.395026323480880848e-01
8.428407622780511588e-01
8.424165269384663590e-01
8.522322635299860449e-01
8.601044041644926308e-01
8.232003022991176699e-01
8.377551071495287216e-01
8.612231565737886729e-01
8.437715700311859690e-01
8.397722471521402721e-01
8.067366624293232924e-01
8.424644172739474968e-01
8.517899377904505354e-01
8.597933755318684090e-01
8.472008014412296673e-01
8.379533861531500705e-01
8.393590861549128368e-01
8.308924327328442994e-01
8.338107122476513533e-01
8.274927849811374303e-01
8.522611197217555556e-01
8.466339974575536331e-01
8.429328485736544696e-01
8.480292820791971442e-01
8.477183893723518882e-01
8.634172606074007605e-01
8.565349610680661474e-01
8.376993449823393334e-01
8.289488274448438831e-01
8.228943658909398939e-01
8.347589761888354332e-01
8.463233654151790519e-01
8.241350406734747613e-01
8.526023074118755929e-01
8.535956945924788597e-01
8.223766263917283714e-01
8.389109362682904969e-01
8.507739934722127195e-01
8.424331894988951186e-01
8.385705639491646268e-01
8.385627208822529211e-01
8.558595140025463399e-01
8.403988250635826551e-01
8.524036963893037999e-01
8.564788567030405808e-01
8.406594563441984747e-01
8.218850738566260139e-01
8.434300964382003274e-01
8.506389444277234757e-01
8.439160006426873473e-01
8.248783810258552007e-01
8.386081294145459886e-01
8.437443476509070006e-01
8.570383147346476438e-01
8.506808089580772947e-01
8.524797558424365151e-01
8.471365744738845738e-01
8.549351791322842287e-01
8.215211701129649935e-01
8.530783853991582566e-01
8.473137913507278185e-01
8.581524692669624255e-01
8.459216596364413920e-01
8.613733716236363636e-01
8.305196611214255009e-01
8.396557812947920141e-01
8.585568830008747376e-01
8.392700272541656625e-01
8.421832418311815394e-01
8.369151388071177644e-01
8.404218994280727717e-01
8.305266311422562220e-01
8.550974556456583109e-01
8.449611512218101472e-01
8.436348406976377223e-01
8.406500186195124957e-01
8.484960631661788710e-01
8.555253981816435260e-01
8.571627021474406138e-01
8.588649121025486721e-01
8.325137680932651607e-01
8.518419930594841594e-01
8.391628660637316939e-01
8.257716584865512077e-01
8.361399230512388536e-01
8.241768891529576146e-01
8.307016329551778488e-01
8.575972423618117846e-01
8.303206052504756851e-01
8.510657336676846763e-01
8.229388035787004174e-01
8.137495398491212395e-01
8.366067078693472103e-01
8.297304034118533345e-01
8.417548895288419208e-01
8.463635218126573934e-01
8.430967135222607878e-01
8.605057352267958537e-01
8.418450359185829512e-01
8.437476869251739897e-01
8.482541415991504685e-01
8.364895595064562039e-01
8.490563014076227821e-01
8.387015060798790334e-01
8.480197467755504759e-01
8.497263992702751567e-01
8.353450104716729774e-01
8.389435541570403609e-01
8.242567500165518535e-01
8.469421618547472441e-01
8.395333611035058485e-01
8.658176957808638718e-01
8.464277320140906058e-01
8.398907195525022740e-01
8.479272882630038977e-01
8.361053213498630399e-01
8.231187792679273141e-01
8.527292641944456131e-01
8.478265975825940437e-01
8.358779798910463965e-01
8.325724668073155588e-01
8.532335393166982085e-01
8.482413379850821666e-01
8.508861573617914065e-01
8.391968166115217898e-01
8.548013001705370151e-01
8.280469271391026620e-01
8.527911326745306608e-01
8.429999876080572774e-01
8.355923234347345518e-01
8.381185325079568704e-01
8.468931719077467113e-01
8.396767213043817568e-01
8.619496976857540238e-01
8.255718205034949797e-01
8.482124897924390172e-01
8.370469592989617791e-01
8.504257113363643539e-01
8.589786972727296854e-01
8.485497955517032898e-01
8.162636790930970498e-01
8.474419593659081595e-01
8.501971033990632920e-01
8.376877850012731663e-01
8.278016998061811238e-01
8.502373665760293298e-01
8.302111802011611363e-01
8.411558001636232351e-01
8.368990629282003768e-01
8.342246314886536673e-01
8.466881446274738821e-01
8.388272755491819055e-01
8.602368613144288911e-01
8.545338112442480982e-01
8.366161749933849201e-01
8.196600344473909949e-01
8.336425853061456559e-01
8.405740977057005736e-01
8.588368048907419894e-01
8.388948077006984638e-01
8.529700852789993126e-01
8.430867493193437978e-01
8.423239592071212201e-01
8.556669128995466611e-01
8.433276993704550417e-01
8.390209403327957283e-01
8.453978133749878721e-01
8.524077057960703918e-01
8.368416202465788212e-01
8.531200694401399609e-01
8.465843472316303409e-01
8.309001400430958695e-01
8.532867204443560505e-01
8.500828491113023855e-01
8.540207187935160427e-01
8.545612588566587897e-01
8.519322100931363551e-01
8.469489813724626615e-01
8.621696933021647524e-01
8.385659272061793956e-01
8.406593376658122452e-01
8.559946188817623147e-01
8.481489617346505971e-01
8.595006627854863135e-01
8.411646311900198292e-01
8.467719348069980834e-01
8.676316069037069978e-01
8.453135397524534911e-01
8.386351606240147749e-01
8.356506410355672987e-01
8.361519962932901784e-01
8.204096532128600794e-01
8.374061348824570761e-01
8.125124629564877132e-01
8.597386506277640006e-01
8.537324160827802766e-01
8.527090290504656389e-01
8.382901558480004844e-01
8.352821179552167852e-01
8.368929003388868582e-01
8.331697424422517262e-01
8.323579481358374110e-01
8.385589923396997714e-01
8.466095153829776843e-01
8.446773980085549027e-01
8.420464196729655626e-01
8.589123547112254009e-01
8.638798967107359505e-01
8.455551167656734091e-01
8.317461730440942613e-01
8.538891706912307145e-01
8.462677428122049594e-01
8.404118394671076242e-01
8.598148816948881779e-01
8.327211558254633550e-01
8.456710986364212035e-01
8.365092848437896134e-01
8.430927669351959697e-01
8.375565241530616989e-01
8.377581974389592956e-01
8.516898685336264929e-01
8.310855529675748032e-01
8.392917089085143445e-01
8.466985848734603914e-01
8.609631156344462743e-01
8.179574521783753438e-01
8.773947091793937725e-01
8.672437431966097954e-01
8.371758078454434315e-01
8.489540819479099998e-01
8.334072841079241956e-01
8.654376171164310794e-01
8.351476707691389834e-01
8.350864139497522487e-01
8.244231701550801539e-01
8.358924803235660006e-01
8.336932844054156799e-01
8.353917592257372737e-01
8.544250017955675736e-01
8.514589183870963085e-01
8.357614055608401094e-01
8.413513119349655955e-01
8.537491813642099636e-01
8.351666785129596704e-01
8.518189015790541552e-01
8.258441594414506204e-01
8.389111157245595640e-01
8.473441808617245830e-01
8.149109871946282890e-01
8.510504662089273253e-01
8.484198129051716553e-01
8.603563959293981656e-01
8.305775186917098152e-01
8.340065400224448977e-01
8.461968569333470080e-01
8.595521433477845141e-01
8.618954738187670772e-01
8.577102829367821979e-01
8.359535871969901999e-01
8.329093809276569838e-01
8.352021045878765815e-01
8.270478476483114072e-01
8.371417050556703154e-01
8.545169778591585885e-01
8.516137058064974230e-01
8.655647644321341483e-01
8.464079565771618352e-01
8.475739434612163947e-01
8.231055657287839056e-01
8.504272629940465844e-01
8.376024041303895551e-01
8.444976000208742617e-01
8.474684447657881980e-01
8.376337100218390619e-01
8.625891663564547729e-01
8.561126461438433033e-01
8.324754389538755461e-01
8.413791434505412115e-01
8.385792199059687313e-01
8.411445123122591738e-01
8.307601555738488575e-01
8.254396060974569238e-01
8.543824103236916656e-01
8.403798567312849022e-01
8.562791296235425786e-01
8.439695590826170601e-01
8.371450190590770113e-01
8.354274373155921030e-01
8.305308485217867132e-01
8.401670227265426449e-01
8.457307830771635393e-01
8.369539863553785430e-01
8.365871339754683556e-01
8.492401830314060263e-01
8.468034554332815045e-01
8.579825876820956765e-01
8.405351612291753760e-01
8.605278547241216325e-01
8.382641246912087007e-01
8.496313966395268036e-01
8.321825427849575130e-01
8.364634188154979055e-01
8.233145877660419387e-01
8.330566791587060704e-01
8.254555964245711142e-01
8.482624937463542070e-01
8.343412702473674836e-01
8.364353731251187307e-01
8.460564317826736458e-01
8.389357944238432507e-01
8.270835978365413954e-01
8.341050520040169669e-01
8.516327480503302905e-01
8.671448902913320156e-01
8.582749296911212911e-01
8.405835056193204924e-01
8.395867147457040103e-01
8.439038823802533784e-01
8.468591123532928089e-01
8.504927555035527442e-01
8.446114280247009054e-01
8.667187970920117168e-01
8.529923951833160434e-01
8.394179911985980569e-01
8.515994173735839112e-01
8.440952568441750792e-01
8.594787101047497435e-01
8.390958005944312292e-01
8.613909043714832459e-01
8.374452030684707005e-01
8.449568550008624834e-01
8.352477595835836599e-01
8.378877202208521169e-01
8.364305078731971710e-01
8.513521079467470942e-01
8.492393990189590625e-01
8.378445958529447957e-01
8.368711312589189877e-01
8.288608573404691038e-01
8.367227800724295061e-01
8.261018984764447737e-01
8.468098737648795948e-01
8.593181936897006379e-01
8.409371431688331677e-01
8.405801441149244324e-01
8.427411159095393733e-01
8.454098735205853865e-01
8.492334894697790570e-01
8.574934304246095707e-01
8.476563965827620395e-01
8.519912185961695528e-01
8.300730083026883754e-01
8.409221887443095733e-01
8.391899180926487567e-01
8.467703909245433147e-01
8.407406564107966496e-01
8.300611141733060805e-01
8.456985195000517042e-01
8.477203427369778277e-01
8.393184230839810800e-01
8.664141981713183727e-01
8.518038386218487190e-01
8.396648736687409853e-01
8.343382058998517481e-01
8.489365021062961203e-01
8.556898593143567044e-01
8.565560716901901017e-01
8.465295097508943600e-01
8.542483393986574081e-01
8.283244950590228362e-01
8.450638004025012862e-01
8.323690698267551813e-01
8.595821713688305277e-01
8.351449741060936738e-01
8.563954173038544893e-01
8.586537954660287131e-01
8.492625716719566231e-01
8.332650100716750829e-01
8.363804955715119505e-01
8.591702230012627783e-01
8.544836294855187031e-01
8.442499476405288528e-01
8.336274203823235140e-01
8.365259594383647190e-01
8.557445388671582887e-01
8.425896453966379429e-01
8.602827954140958022e-01
8.530624210918579253e-01
8.410568531616674504e-01
8.628146364214106523e-01
8.281977150125907627e-01
8.595849651487157406e-01
8.351276527615325573e-01
8.282129897672233509e-01
8.525959229792287042e-01
8.294993773472220111e-01
8.541752264612682000e-01
8.457012794949539947e-01
8.580026209465271281e-01
8.501850885143000802e-01
8.370147403162851996e-01
8.497220340550408757e-01
8.535055190176157325e-01
8.528342821875487534e-01
8.298662037423357729e-01
8.354357221700535741e-01
8.213145149283417323e-01
8.323330856692499058e-01
8.434332260462807929e-01
8.506627264549440071e-01
8.543683524133885987e-01
8.396093720787073389e-01
8.361443438805190587e-01
8.446656707254552865e-01
8.390852800078459905e-01
8.297255814229387294e-01
8.531532344482551933e-01
8.332149244564827084e-01
8.471637504698842358e-01
8.592298895152938876e-01
8.404992664228256860e-01
8.539023903793391268e-01
8.409780281220565756e-01
8.588053971414503218e-01
8.578111906472358772e-01
8.342306726957162688e-01
8.368220817240068499e-01
8.420122387581188139e-01
8.681303732004651552e-01
8.567010212312408113e-01
8.538615943261356200e-01
8.452374554678907526e-01
8.426248120543501363e-01
8.417546074405229950e-01
8.475717255341752576e-01
8.583209460139334945e-01
8.462318749546491325e-01
8.261011378113433112e-01
8.331212871513121732e-01
8.381461000324073041e-01
8.396776575049171853e-01
8.336484870712103090e-01
8.363872816352808659e-01
8.545070107364167722e-01
8.338828526271756525e-01
8.414613763250596845e-01
8.539392424922993552e-01
8.611561850371199922e-01
8.628325552542349675e-01
8.463949081420829579e-01
8.291437537764486665e-01
8.414573964104506976e-01
8.335841063665548889e-01
8.311201221404678208e-01
8.496941976612502057e-01
8.424744345661169254e-01
8.318634583772150926e-01
8.443359976817930157e-01
8.455338268105884181e-01
8.488733946105708750e-01
8.421292438012005777e-01
8.317911304850348353e-01
8.356906176103777728e-01
8.648955291456705829e-01
8.382162233643426497e-01
8.456769738554242855e-01
8.224949406311639066e-01
8.482620279729182755e-01
8.529533523234834602e-01
8.430710502907422521e-01
8.406220756353480761e-01
8.346690751783749640e-01
8.424941059820924005e-01
8.302140038896180796e-01
8.473917064432699986e-01
8.352457621166325952e-01
8.416924041540265744e-01
8.444376630872757472e-01
8.399495177785221145e-01
8.517618301826501703e-01
8.527168296290167371e-01
8.442443708249387502e-01
8.319551839333118037e-01
8.540061886193881513e-01
8.297156364347052504e-01
8.316023938516307057e-01
8.487608396228543128e-01
8.407530471393204197e-01
8.685485369479454265e-01
8.520413984788296480e-01
8.478981166392650648e-01
8.505925662069424575e-01
8.295670920431302831e-01
8.304917395543698344e-01
8.414810161722894311e-01
8.344060516295488394e-01
8.462118663757038917e-01
8.458373689033363840e-01
8.385414868153975299e-01
8.436441691917963004e-01
8.450010033008691357e-01
8.371146756003972067e-01
8.586849808432184261e-01
8.419118913867302822e-01
8.588951049211223099e-01
8.446256978470726429e-01
8.459272231319067137e-01
8.459981356807851904e-01
8.277874676652318131e-01
8.274309537343997878e-01
8.536895933300553407e-01
8.595986531624737470e-01
8.312453935081103307e-01
8.405218332864410336e-01
8.440024112136689238e-01
8.554239429813943474e-01
8.585655386322094129e-01
8.729069420260038292e-01
8.462052073087854565e-01
8.503373432200351800e-01
8.452683032039981503e-01
8.326297182320908652e-01
8.396788869710493097e-01
8.429485413305889407e-01
8.482004201414254929e-01
8.286599605435732707e-01
8.343229560806949552e-01
8.351829233738992109e-01
8.391270621284325770e-01
8.466243748536269598e-01
8.392330220420251008e-01
8.465721638028428364e-01
8.400566765111918688e-01
8.531976640462842765e-01
8.595469012134739906e-01
8.443024266906856701e-01
8.441389397350355095e-01
8.347004059023630518e-01
8.372190732900216537e-01
8.352636846523602276e-01
8.429040985577624934e-01
8.558873564940803202e-01
8.428956602422318367e-01
8.539060817528197900e-01
8.569286054229938721e-01
8.518444661504589455e-01
8.455513860452962271e-01
8.519868932221141833e-01
8.268244800808695061e-01
8.348166500037218496e-01
8.525864699245521150e-01
8.602671556221631599e-01
8.352610255821280028e-01
8.499619472128437936e-01
8.470113786631553454e-01
8.385426321233423463e-01
8.488108290581806159e-01
8.403993277577430643e-01
8.503753349959757291e-01
8.347314551874458477e-01
8.454360194379461069e-01
8.486054209832466499e-01
8.473693266326421947e-01
8.406948447092427168e-01
8.394979804351961894e-01
8.298286160201646666e-01
8.655312041097643627e-01
8.599806220993501116e-01
8.300654710787839230e-01
8.551277877981914299e-01
8.448854848552235230e-01
8.368129992220739721e-01
8.480428005611071463e-01
8.459262878532416430e-01
8.436954055482869252e-01
8.309793722244500636e-01
8.401857607728729915e-01
8.444587840868593709e-01
8.486373252168954995e-01
8.199571836391494895e-01
8.294849062534876971e-01
8.403546186917950633e-01
8.486079524547993636e-01
8.335025929020414281e-01
8.506971130175073892e-01
8.277085892459822292e-01
8.411812793623296702e-01
8.557542546905370084e-01
8.485006319278128872e-01
8.301526512401435909e-01
8.538395210811403624e-01
8.418443287263951413e-01
8.549020415642972770e-01
8.297416271506874441e-01
8.425792177679860551e-01
8.496586178788879673e-01
8.384288161195690980e-01
8.438360986119385343e-01
8.544614060755189033e-01
8.463765524130071327e-01
8.318884168483394737e-01
8.346452363017895504e-01
8.469218470780170982e-01
8.530851060648878548e-01
8.382372697809457041e-01
8.419565900600799457e-01
8.512095362359325401e-01
8.367067864904121910e-01
8.528269384971620681e-01
8.263214692303348929e-01
8.509992002622088769e-01
8.402957459004772867e-01
8.421148222183162391e-01
8.352920938716489330e-01
8.463537604581362617e-01
8.422102173791089497e-01
8.492769749975834781e-01
8.472160088216270646e-01
8.321104970811690205e-01
8.340673490863592665e-01
8.678416386652382242e-01
8.357474375073249417e-01
8.335629805958034710e-01
8.586731649554780743e-01
8.375073492620471738e-01
8.513785365889399159e-01
8.563890818782536885e-01
8.486644837125368879e-01
8.538548272235688685e-01
8.513920693011371998e-01
8.497724758649650711e-01
8.346189000392728596e-01
8.498457822499936309e-01
8.395214661617007579e-01
8.507265902267909796e-01
8.261337159423068899e-01
8.347934337913192060e-01
8.336607174807181275e-01
8.364878647099890374e-01
8.487572772787648212e-01
8.318079349257380128e-01
8.304962409259036837e-01
8.229816118330620656e-01
8.449216918300127555e-01
8.509452868277860293e-01
8.491039724726607840e-01
8.243146520896383889e-01
8.447770703887979016e-01
8.573370302976421886e-01
8.389890534238498843e-01
8.415298652181785188e-01
8.417130689496820084e-01
8.495864630382727878e-01
8.423770239381521696e-01
8.394448742456858126e-01
8.368480749224305182e-01
8.505089348281031914e-01
8.180108709180035076e-01
8.170412863948796067e-01
8.485842051084347970e-01
8.531312082107475048e-01
8.386608190098434612e-01
8.362266132843252375e-01
8.627090297537233221e-01
8.535836991744054636e-01
8.381661019934822932e-01
8.447613290396271957e-01
8.328140716287035783e-01
8.593731454632616007e-01
8.505739131540476228e-01
8.421835514143124479e-01
8.322906177742713796e-01
8.520197705633283380e-01
8.546068050634898494e-01
8.439802226652555195e-01
8.434422594230204240e-01
