# Variable: A
# Sample shape: (2500,)
# Date: 2018-11-21 10:29:13.008254
1.925342408602908506e+01
1.918412244019331681e+01
1.924319884883978560e+01
1.930020363616591439e+01
1.929110474040761858e+01
1.920760947336907165e+01
1.921703101936154923e+01
1.924384616768791290e+01
1.932594721967286588e+01
1.922471598574590246e+01
1.929878809776765536e+01
1.922880798734854579e+01
1.923537939006883946e+01
1.923780250505997103e+01
1.923048209690361077e+01
1.923438101288583013e+01
1.920601764977826420e+01
1.932773645253013584e+01
1.921837502268856213e+01
1.920585460919507170e+01
1.919341936761255951e+01
1.932927588878317593e+01
1.922934453447198422e+01
1.924503035648955773e+01
1.925464811971980694e+01
1.919682247309156864e+01
1.919780532815666163e+01
1.919308116819595966e+01
1.925075892872018102e+01
1.932226228921576805e+01
1.925478524909726019e+01
1.925132454115186675e+01
1.926642616058380497e+01
1.922034217124197752e+01
1.923939820300232739e+01
1.928507860817865449e+01
1.932584532054304916e+01
1.922181721872823346e+01
1.918803424370358357e+01
1.919500977080910076e+01
1.921029647435013388e+01
1.925066209792349881e+01
1.926619140096269689e+01
1.929641407817683785e+01
1.928207428923907329e+01
1.922402418556078629e+01
1.927603070943678887e+01
1.926115823962578233e+01
1.920872140224324554e+01
1.925366270511135625e+01
1.924544927162560626e+01
1.924596115507064553e+01
1.922421344146961886e+01
1.923344605796279794e+01
1.928500951623643900e+01
1.917040417574535027e+01
1.920274043868770519e+01
1.921912363886088571e+01
1.930427916229909968e+01
1.925606456420371160e+01
1.916254295376473138e+01
1.927193134783738770e+01
1.927308648790523904e+01
1.924138123254200750e+01
1.922692649887737204e+01
1.921890101882427260e+01
1.918811389730515415e+01
1.925351104469184804e+01
1.922958531202057486e+01
1.924441565907402563e+01
1.919614123898616498e+01
1.924832278976304067e+01
1.922939861762492697e+01
1.925303928936835263e+01
1.919235617709986386e+01
1.919128502280599946e+01
1.921721995481378897e+01
1.921737995799236387e+01
1.920625367505559566e+01
1.925488587951474173e+01
1.922042149202426486e+01
1.923618382397926396e+01
1.922930554514317336e+01
1.924097616823256018e+01
1.925587124717484144e+01
1.923420565237966784e+01
1.926653985006097614e+01
1.920780143877411561e+01
1.925972372643058961e+01
1.923833148282847105e+01
1.923466108326297785e+01
1.927986296969883284e+01
1.917774531859032905e+01
1.921304532390107056e+01
1.923195155898723385e+01
1.925557184235986341e+01
1.920097274763895001e+01
1.921760118081784441e+01
1.924053493881013210e+01
1.923153715741918290e+01
1.928937167662424557e+01
1.924358260944107357e+01
1.929946773412495276e+01
1.923427200984737695e+01
1.925018155771829953e+01
1.921871638708389440e+01
1.924123464818065443e+01
1.919134621430634269e+01
1.921342174489766208e+01
1.927917595685294216e+01
1.924873551315463871e+01
1.924795033801303390e+01
1.920445267125933952e+01
1.932161063427102476e+01
1.923007930294999568e+01
1.925977711803976078e+01
1.932466977364348182e+01
1.926412664369477667e+01
1.927225714480656293e+01
1.923936068635331509e+01
1.918198979878008714e+01
1.920849177038560285e+01
1.921871807890703820e+01
1.920331074688408179e+01
1.918873460495423799e+01
1.926815922727647745e+01
1.922333142164401565e+01
1.925220575077009144e+01
1.925088407347698194e+01
1.924883993564899498e+01
1.924177165003855450e+01
1.921289642250535579e+01
1.921236998374298821e+01
1.920471698854819564e+01
1.928565101569256512e+01
1.924496348556733238e+01
1.919847531665677920e+01
1.922026495631718390e+01
1.926056551465832101e+01
1.925868825968541387e+01
1.929701289834988742e+01
1.924749712669337498e+01
1.923145010674113209e+01
1.925619121109977883e+01
1.925499936768388665e+01
1.923431853454361118e+01
1.925532779226531233e+01
1.920607382468360669e+01
1.923617089176005379e+01
1.928038336637585815e+01
1.925378721479508215e+01
1.928289753518858163e+01
1.921450121726385518e+01
1.922186233687039092e+01
1.917653436511050558e+01
1.920707023247915046e+01
1.918504710877038733e+01
1.922274764656080492e+01
1.923340154440931471e+01
1.922807338963224311e+01
1.924455741910351847e+01
1.927426764175834961e+01
1.920935034967007482e+01
1.917894888803946785e+01
1.924549951468445030e+01
1.929433582023310834e+01
1.922247715658587808e+01
1.923651661128771906e+01
1.922542533702704404e+01
1.925615177878869844e+01
1.920490327601642733e+01
1.924250732275467257e+01
1.918634758814679486e+01
1.918117778759433634e+01
1.925266561081865646e+01
1.913937978236001314e+01
1.929054432547512121e+01
1.927534297034218014e+01
1.931680999017416411e+01
1.920935650527431449e+01
1.920789175512262759e+01
1.917919753789144721e+01
1.912767539565037822e+01
1.924639983719951530e+01
1.924602060000285064e+01
1.922330369120738425e+01
1.924933204576165835e+01
1.927137832944827878e+01
1.923812145660432193e+01
1.928627633856924817e+01
1.928614190858375821e+01
1.922940977893119552e+01
1.917428479400419405e+01
1.917948104423860300e+01
1.921493543910876056e+01
1.925983596862983305e+01
1.928365982751747509e+01
1.924886639945317413e+01
1.921338727255645651e+01
1.924764222835791472e+01
1.920154448000897318e+01
1.926874212430173827e+01
1.923760187368732133e+01
1.921891157156641228e+01
1.927484328090885413e+01
1.924499907074715921e+01
1.926465405814093756e+01
1.915011620780214585e+01
1.924289524575148747e+01
1.925570436275272357e+01
1.919288895301393438e+01
1.930179292850886696e+01
1.927539732421246654e+01
1.922270098952198580e+01
1.930460558383961001e+01
1.920140823867825830e+01
1.924405015528766683e+01
1.924738980782395714e+01
1.920170102626656217e+01
1.921498581866515210e+01
1.927041069391818695e+01
1.930034530105756474e+01
1.924646047661128989e+01
1.928120832641403837e+01
1.921294674428452964e+01
1.916820922086228052e+01
1.921255531535329553e+01
1.919671396627913396e+01
1.921549528305662591e+01
1.924048091855813780e+01
1.924475944484963463e+01
1.923401280875425456e+01
1.921233092477642401e+01
1.920634901763986591e+01
1.923012116065651966e+01
1.926058694120379755e+01
1.930622755614255226e+01
1.928994092400809279e+01
1.923025173942693655e+01
1.917360308324753149e+01
1.922340450223680364e+01
1.921032715012032455e+01
1.924598648933608303e+01
1.927225548239129793e+01
1.929012874458379301e+01
1.930435517537938850e+01
1.920087477158976697e+01
1.929054796560903640e+01
1.926470076696337941e+01
1.923328868873499076e+01
1.928045226842931470e+01
1.924576427599393114e+01
1.925441561997435613e+01
1.926535570059611047e+01
1.919834072412314185e+01
1.923630692931766362e+01
1.922520621493880100e+01
1.926889806206789046e+01
1.922582089903076508e+01
1.925911850244808932e+01
1.915985898394025710e+01
1.926332346601875045e+01
1.918909841391004534e+01
1.928335086304569046e+01
1.925234032372422632e+01
1.925435585032650110e+01
1.919474099905848519e+01
1.925582385946348651e+01
1.921136937350589591e+01
1.920145081945926790e+01
1.926986346884962842e+01
1.919101055797914057e+01
1.926246228481340950e+01
1.915260616321323184e+01
1.927700632098310507e+01
1.917099850975921171e+01
1.926468380336964259e+01
1.920609009017001512e+01
1.924035003335482941e+01
1.917738050777442282e+01
1.923435947988209804e+01
1.916123237817670955e+01
1.929167933398457890e+01
1.926207255739678814e+01
1.926602860824054986e+01
1.922417316691212363e+01
1.922987313482957816e+01
1.923196520646927254e+01
1.918668223323670929e+01
1.927855706760024290e+01
1.922628922703473719e+01
1.926568670580253340e+01
1.921829815263463459e+01
1.922006864753764788e+01
1.921648588577523498e+01
1.921902779022937935e+01
1.919789444177260762e+01
1.917044631153433798e+01
1.930138083210088951e+01
1.930390899363903046e+01
1.911550302938412926e+01
1.931263933443675285e+01
1.926107605059005223e+01
1.917597887464777884e+01
1.926453128550891236e+01
1.922782577231328816e+01
1.925304793233430445e+01
1.921635848333127683e+01
1.922208457630651779e+01
1.920686100930221230e+01
1.924516424393019065e+01
1.918989897121455357e+01
1.921912890478742142e+01
1.918448288541744873e+01
1.925863752728233180e+01
1.917220087432771436e+01
1.922765775595255988e+01
1.927360754604672621e+01
1.921692367650242161e+01
1.920512704934287740e+01
1.922792255095647462e+01
1.925895918172905752e+01
1.921272023718871225e+01
1.922495973345029796e+01
1.917444561859493390e+01
1.928237381471939216e+01
1.922773444531755160e+01
1.923102606646959956e+01
1.913269834797226920e+01
1.922590769211200623e+01
1.927809680087601407e+01
1.921276149518847021e+01
1.927858238736624585e+01
1.924136307034600080e+01
1.925095311360512795e+01
1.919576390218423256e+01
1.920664411433573804e+01
1.920266449388526198e+01
1.917912849422959809e+01
1.920873340450364708e+01
1.923079664544856726e+01
1.922897483013534270e+01
1.919423838699270846e+01
1.928537828456659398e+01
1.922307048687244091e+01
1.916241877385563086e+01
1.920126658551220089e+01
1.923357393828281658e+01
1.920556642070675224e+01
1.919621365266388580e+01
1.929801315244482041e+01
1.925592878935029262e+01
1.924478106313289771e+01
1.920108297086748905e+01
1.917120255363258963e+01
1.922618243378095215e+01
1.923722883933073646e+01
1.923365200124606744e+01
1.923163531299817564e+01
1.917197431516973793e+01
1.929243695547870274e+01
1.931719363466659445e+01
1.919219130381419447e+01
1.917631439683281869e+01
1.920750597884748245e+01
1.927473462944954363e+01
1.927327009130084079e+01
1.928346117275301452e+01
1.923947439945628446e+01
1.926910951894847202e+01
1.919048325873046679e+01
1.928076026129404852e+01
1.918153128043722333e+01
1.926031298601515829e+01
1.922829548807977673e+01
1.926094365642404682e+01
1.927100306667068708e+01
1.933787667184940773e+01
1.921059720479932054e+01
1.923948711369785158e+01
1.924643817733965179e+01
1.921342457286912619e+01
1.918000063980463921e+01
1.922966878077015096e+01
1.921199247101660390e+01
1.922119984421310335e+01
1.926635318719333156e+01
1.931333401283180251e+01
1.926432386165797439e+01
1.932594709745970007e+01
1.918663677500840947e+01
1.922187285809248536e+01
1.924907275569790599e+01
1.923357877147625672e+01
1.910741238926536312e+01
1.921619338520401499e+01
1.923701339080878014e+01
1.933165555281662762e+01
1.921924744355145620e+01
1.923612057516685425e+01
1.920454356046944966e+01
1.923329638586934465e+01
1.919061726166131621e+01
1.924740393759600110e+01
1.926478580672351271e+01
1.924709741224871351e+01
1.926185878343044422e+01
1.918932075984523422e+01
1.925189735633854937e+01
1.925619139729011664e+01
1.927739333133372313e+01
1.921915091179515045e+01
1.922980734962727922e+01
1.922449827295103120e+01
1.913917820270961911e+01
1.922622625518916095e+01
1.926436801671711763e+01
1.925219501962296320e+01
1.927754168563590298e+01
1.915078692461062460e+01
1.919485797401755889e+01
1.928567097219757542e+01
1.924956866451395143e+01
1.919747743820399322e+01
1.920942777395445944e+01
1.927664633139909967e+01
1.924067501232933708e+01
1.925081415134032170e+01
1.925832389245482901e+01
1.918635639748968558e+01
1.916628224339336128e+01
1.928716768738682674e+01
1.922506409542232220e+01
1.926937311350794957e+01
1.914692709348214450e+01
1.924514953953681484e+01
1.922110206796042675e+01
1.923622048001395157e+01
1.928056327929447633e+01
1.918601925117920715e+01
1.925190867441006048e+01
1.929517008721953175e+01
1.924706816296782463e+01
1.920687640188779000e+01
1.927168875591776853e+01
1.921753494829553333e+01
1.920404261785692412e+01
1.924045871902215410e+01
1.920455254335953299e+01
1.916362090190523304e+01
1.920783910760989954e+01
1.927769089342504927e+01
1.918244391719752784e+01
1.921605137614042746e+01
1.923917943673971465e+01
1.924937473944385147e+01
1.927318767064441118e+01
1.925650538480316953e+01
1.923197927695104070e+01
1.920916580882345670e+01
1.919651277396696543e+01
1.922649107951001213e+01
1.925394583557270423e+01
1.927247713005022689e+01
1.920677262338772451e+01
1.920336357280873685e+01
1.921041956179350052e+01
1.927286887095616308e+01
1.925399003782294827e+01
1.927718130171279043e+01
1.927118385562242509e+01
1.924014997035417807e+01
1.922631419432428501e+01
1.923784931409957366e+01
1.921999049856506403e+01
1.920846240811401273e+01
1.924423406026837213e+01
1.921267976917608777e+01
1.922685319488371292e+01
1.915392622719430094e+01
1.931952531197823220e+01
1.928643307168045240e+01
1.926629045277546481e+01
1.926615291576706923e+01
1.932794807696409833e+01
1.918251609361169230e+01
1.921952516642227238e+01
1.929893403085437242e+01
1.928309004878923716e+01
1.922541423074330069e+01
1.921956574998607081e+01
1.930529467356041451e+01
1.919390312451283620e+01
1.921988700326910049e+01
1.926136470047451255e+01
1.924403315929747293e+01
1.920063886956282317e+01
1.929281757196302749e+01
1.919817842141761588e+01
1.931238610503582365e+01
1.923678958402994965e+01
1.915598861441012701e+01
1.918425663376453016e+01
1.928615800567208538e+01
1.926976181342436689e+01
1.920045499995380922e+01
1.926347674017473111e+01
1.920903229344849095e+01
1.919717015888920741e+01
1.920596693685073575e+01
1.923369016520377528e+01
1.914294565344921395e+01
1.927602961433832007e+01
1.917436489714407344e+01
1.915678211194332192e+01
1.915876804540805622e+01
1.926020229276891982e+01
1.923421592749033593e+01
1.928166098705580822e+01
1.924121748674481580e+01
1.918673955857938651e+01
1.923903274568304766e+01
1.919238870256545937e+01
1.921794205656233956e+01
1.922243101157076239e+01
1.919170196999834843e+01
1.915386978954455444e+01
1.926790652044369523e+01
1.927280111784091687e+01
1.924653477304187632e+01
1.914393717202777978e+01
1.922477483262804654e+01
1.925476162453059104e+01
1.924230225705635888e+01
1.922126763653728077e+01
1.922298749121510753e+01
1.924803318985376421e+01
1.930022688531029829e+01
1.920903812992665394e+01
1.922682418839833929e+01
1.932847711051373807e+01
1.926593375054666168e+01
1.927932936976059608e+01
1.919378948608441249e+01
1.920497803049795493e+01
1.926919945029330350e+01
1.919987869990563212e+01
1.920945898385443584e+01
1.923840615501876528e+01
1.921603943775008361e+01
1.928964879316142955e+01
1.924766137858028259e+01
1.922305615532510004e+01
1.924928323211842240e+01
1.929516232092822037e+01
1.921374866971064321e+01
1.916670023103640119e+01
1.918210105705545132e+01
1.924496573870138860e+01
1.925550102115431272e+01
1.921805003927618927e+01
1.917737211356493177e+01
1.920705164443617008e+01
1.930561623201723620e+01
1.926869685655110942e+01
1.918073749244558357e+01
1.922553180545402185e+01
1.926305740064438510e+01
1.921854045371149411e+01
1.929166307584330653e+01
1.920160123011843467e+01
1.923163303296042059e+01
1.922105011764558569e+01
1.925026523484274676e+01
1.921200603667539397e+01
1.917126197997510317e+01
1.924948950816908777e+01
1.921869867436026524e+01
1.920748214028381540e+01
1.926731781323642423e+01
1.916006515047060432e+01
1.927707700727332352e+01
1.925282587656355915e+01
1.920641958793324022e+01
1.925975840447786425e+01
1.931656096690662849e+01
1.917602252191716516e+01
1.926269518213671361e+01
1.927568065406539688e+01
1.930309074639410483e+01
1.925336553279121432e+01
1.919677146051677141e+01
1.924360711819705472e+01
1.926081081765099512e+01
1.925980097193626506e+01
1.917587161874891066e+01
1.929291532941241627e+01
1.920309720754081795e+01
1.926857281677132860e+01
1.929216295404620851e+01
1.922971682200219234e+01
1.921818567392748633e+01
1.919127243582961029e+01
1.929338597913873343e+01
1.928294899454383682e+01
1.922324264527829385e+01
1.926245040188089774e+01
1.918918985178870429e+01
1.926792871782910765e+01
1.921262448743755513e+01
1.926642813332279403e+01
1.921436599841507586e+01
1.924915780398857734e+01
1.920507620147564865e+01
1.924625308712001726e+01
1.921093931097136931e+01
1.919471379348045303e+01
1.929436621932562801e+01
1.926473328085056735e+01
1.925681457179198475e+01
1.916491334001033664e+01
1.916517531121934326e+01
1.924501138628547992e+01
1.920651667819069885e+01
1.920436484547669664e+01
1.929717334776092486e+01
1.920825790174472303e+01
1.927848633514866705e+01
1.922237872201552022e+01
1.921037443837154868e+01
1.927226053632628577e+01
1.922796500181456736e+01
1.929795751419949568e+01
1.922732635426361369e+01
1.918912809912073669e+01
1.923564455155101882e+01
1.918074361370339176e+01
1.921699823590506639e+01
1.922570691999685266e+01
1.922757213891696537e+01
1.926683614844557013e+01
1.921074059018270574e+01
1.914173485138876174e+01
1.927338624007168377e+01
1.926329712813519990e+01
1.923228586988376421e+01
1.925742870400976869e+01
1.921548309173967084e+01
1.922920528641571991e+01
1.926994881927506142e+01
1.925965733185178763e+01
1.927864401817158324e+01
1.921182297784757864e+01
1.922867894729791516e+01
1.924407997240139068e+01
1.915140975903679887e+01
1.923200724089205593e+01
1.922751805472184472e+01
1.920989902764990731e+01
1.923372176804706157e+01
1.928522471110283831e+01
1.919927011242451798e+01
1.926832772184657117e+01
1.917385486291804142e+01
1.920639315863587271e+01
1.921189990246246282e+01
1.918249342066102869e+01
1.922276707001844542e+01
1.917327619388139581e+01
1.922623373416048409e+01
1.928089097004945529e+01
1.930276163134594469e+01
1.927250928367210392e+01
1.921456510586688893e+01
1.921679145628624497e+01
1.923796074883062346e+01
1.927735054149880156e+01
1.920468924305513525e+01
1.920973234933638807e+01
1.928158602358417539e+01
1.922448371933741740e+01
1.926687403139113997e+01
1.923847976021187733e+01
1.916414920715310188e+01
1.922905867050761231e+01
1.924270323714306485e+01
1.922580189788228822e+01
1.930425202035151599e+01
1.921922185039253250e+01
1.921907564544536129e+01
1.917634114122841638e+01
1.927971400253910161e+01
1.923400106022494427e+01
1.923428149021199474e+01
1.922090528767479611e+01
1.923147847428511525e+01
1.923138170375991862e+01
1.924966057063325309e+01
1.915950787157445845e+01
1.924087786012102796e+01
1.928447262886121649e+01
1.927509504668500284e+01
1.921850587069330629e+01
1.921650854333070058e+01
1.927833190621122483e+01
1.920499790587508215e+01
1.927316159201096113e+01
1.925714688239959216e+01
1.924742859771084724e+01
1.922777651651762199e+01
1.920371324892914444e+01
1.924602823341676938e+01
1.923889555286542574e+01
1.920647967835045833e+01
1.921788169843088312e+01
1.922094447422598051e+01
1.926552194267796381e+01
1.917814760762899695e+01
1.919473984321126991e+01
1.922238428337998783e+01
1.925233625930626857e+01
1.923772187632307507e+01
1.924149247505837579e+01
1.924607648029668638e+01
1.919256403564323676e+01
1.927728860870536565e+01
1.922801695570768743e+01
1.920554739231556596e+01
1.930063513796437746e+01
1.921472196438059754e+01
1.919501450817842070e+01
1.920446175257059451e+01
1.924943056792742624e+01
1.918727041593125193e+01
1.922697198851499678e+01
1.922680516055202560e+01
1.921862358240175439e+01
1.927252027816397728e+01
1.926355805606158356e+01
1.924459564435062831e+01
1.913085196876878769e+01
1.923802105081237812e+01
1.929711699113644841e+01
1.924818931675354960e+01
1.924633096658519094e+01
1.925917489104632452e+01
1.925409822576189001e+01
1.917778135065094958e+01
1.921382474601541546e+01
1.926482973843785018e+01
1.920911588116581115e+01
1.917884926109875110e+01
1.923890434194656507e+01
1.919770365635488574e+01
1.926261073685691017e+01
1.922998808244974001e+01
1.921508182526567765e+01
1.926428433195586720e+01
1.928845042263545295e+01
1.922568269359838311e+01
1.920906060922890290e+01
1.915535235066598574e+01
1.923642407974651292e+01
1.919352890113098198e+01
1.919980691752830282e+01
1.913293115662199995e+01
1.920958824241327534e+01
1.927622846974028903e+01
1.923298584228835750e+01
1.928405896261305230e+01
1.924625491440803771e+01
1.927794561479939617e+01
1.925276713334892165e+01
1.925710121492118887e+01
1.924600678430372369e+01
1.927239043656758355e+01
1.922379200047345904e+01
1.922016125540053721e+01
1.924238622857092906e+01
1.925212241781946432e+01
1.925103796383404742e+01
1.923915216471061740e+01
1.926413529013957415e+01
1.927021201320690480e+01
1.922817378363623320e+01
1.924907949484502723e+01
1.933753308287367290e+01
1.923223504926382788e+01
1.930019468392589133e+01
1.927079080586721815e+01
1.919791242818598676e+01
1.930482840509666431e+01
1.927372786010159089e+01
1.922943590257597890e+01
1.927608339848937646e+01
1.929985717935511147e+01
1.922013350475164728e+01
1.918761452804458045e+01
1.921566520874910466e+01
1.923950221263607574e+01
1.917579114515279670e+01
1.925872176669879821e+01
1.914684455664880502e+01
1.926132137479868689e+01
1.922043571586066690e+01
1.919907357700437700e+01
1.923247617440701518e+01
1.926749944156563643e+01
1.921461365835740409e+01
1.923332123194637688e+01
1.920178320331262967e+01
1.924779505588040251e+01
1.925989514189357621e+01
1.918691986864223864e+01
1.928081351246166619e+01
1.927378707658369095e+01
1.931274467077730961e+01
1.921278946398689058e+01
1.918143375047637278e+01
1.924844533322017881e+01
1.925678709189721971e+01
1.924878189923566296e+01
1.924280877620589081e+01
1.921559522468425030e+01
1.928023312191468008e+01
1.925438288656427588e+01
1.931897718013155796e+01
1.924882429387140448e+01
1.921055236328241023e+01
1.919623715707036027e+01
1.928113715614670909e+01
1.920056959565923904e+01
1.923251319564497663e+01
1.926777967820514093e+01
1.919226884710086978e+01
1.920124348775637557e+01
1.923157475077560363e+01
1.923217443068821808e+01
1.922348630570627037e+01
1.916156262945337119e+01
1.920527658588972031e+01
1.922562127903925955e+01
1.919245036712619878e+01
1.925596316200384095e+01
1.925993686272193983e+01
1.921688497777381244e+01
1.925484563666985949e+01
1.921093029583187928e+01
1.926112921656972432e+01
1.927457201580743629e+01
1.920338994009297906e+01
1.923201586830434451e+01
1.921298273004048340e+01
1.920772246799439031e+01
1.920374687104211020e+01
1.926524080161573949e+01
1.924170863303867307e+01
1.922654825749522089e+01
1.924973142348305899e+01
1.924113132575599394e+01
1.919320620344808148e+01
1.925895375103457141e+01
1.918917850236667277e+01
1.921028094733737035e+01
1.922645129220321536e+01
1.924131884240710377e+01
1.927129373083671737e+01
1.924325951010185065e+01
1.923922237733178875e+01
1.927944583972120540e+01
1.928017367055240783e+01
1.919194388580553579e+01
1.919813459217828822e+01
1.921982886333060492e+01
1.928209105304228999e+01
1.925207435214705143e+01
1.923133951472302172e+01
1.926453700104038802e+01
1.918792301831765457e+01
1.923514937259210456e+01
1.926741423537522380e+01
1.918334501529684033e+01
1.924827385339759545e+01
1.920254978519302114e+01
1.925268712150359107e+01
1.921572441789020402e+01
1.919864912120970502e+01
1.927150228841157187e+01
1.922297932577403046e+01
1.925411199882762148e+01
1.918713500136241024e+01
1.918370322226661884e+01
1.931444828345462028e+01
1.922053264730984523e+01
1.920117410087614473e+01
1.926947502621111497e+01
1.916153073435051368e+01
1.923075316858789563e+01
1.928221849443925606e+01
1.930136929677788871e+01
1.926242577114246401e+01
1.922846327914874820e+01
1.921385937925407461e+01
1.920054739731295967e+01
1.920902182646509004e+01
1.923901747767257930e+01
1.924721720722032359e+01
1.922943154291246515e+01
1.926456341310024811e+01
1.926233068166367346e+01
1.926023404761341595e+01
1.926082561024077222e+01
1.924283169402519533e+01
1.927821194998453080e+01
1.918260171720274698e+01
1.922804805101165115e+01
1.926467516099535615e+01
1.922393126927212492e+01
1.922006105024318501e+01
1.927774931442440831e+01
1.921150838463791288e+01
1.922786534642030887e+01
1.924336963304901005e+01
1.917056648503066185e+01
1.931883541597459342e+01
1.922890304472504752e+01
1.917508430310432743e+01
1.920753028208585889e+01
1.919670051887252882e+01
1.920236932042212530e+01
1.922285697511101077e+01
1.922221661584171315e+01
1.923757107793735344e+01
1.922645691367215193e+01
1.928514941922384907e+01
1.927487981302835962e+01
1.926351255562256526e+01
1.921873988054373683e+01
1.914024855818513515e+01
1.924876296054784675e+01
1.922673955933579037e+01
1.925605944845667850e+01
1.925024720340445583e+01
1.921423339540154629e+01
1.927940258574805199e+01
1.918726182310729911e+01
1.917438708308217343e+01
1.928853911598382354e+01
1.926417743799159155e+01
1.923835239378991346e+01
1.920084282382340390e+01
1.921735498068969861e+01
1.928561413919240053e+01
1.916699021847530915e+01
1.923974423421590885e+01
1.921724484864352078e+01
1.924446020090744369e+01
1.916959694928865687e+01
1.922370639039650797e+01
1.916761343888097358e+01
1.925950645602481615e+01
1.922318615833551192e+01
1.919599320145303167e+01
1.929867714447611959e+01
1.927401283155864675e+01
1.924855551697185874e+01
1.923255122716028254e+01
1.923174034971897939e+01
1.921833996445941395e+01
1.917009728075816355e+01
1.917067030705537078e+01
1.929329870693887372e+01
1.927911620447333974e+01
1.920717788956113381e+01
1.921648245362907304e+01
1.923370872059167169e+01
1.921881046527515124e+01
1.926313685332152303e+01
1.926216601656699012e+01
1.925208355024877704e+01
1.924152665770373005e+01
1.921697162593246233e+01
1.927361087849358867e+01
1.925151006521452146e+01
1.913051217248324676e+01
1.915567719033222005e+01
1.923468099307676482e+01
1.925393310162005278e+01
1.924087356182124253e+01
1.919135541802969769e+01
1.924509577111735226e+01
1.921433570333631735e+01
1.923865086420827097e+01
1.931653875437499579e+01
1.924277669028449012e+01
1.919693804846366447e+01
1.926009649920591471e+01
1.930775626957186475e+01
1.921483131738195738e+01
1.923931171581972066e+01
1.924749645617301042e+01
1.924423722220848276e+01
1.921331550768981700e+01
1.918087248743271189e+01
1.922549111385575671e+01
1.919892781335142118e+01
1.920202339121362911e+01
1.924146186989766960e+01
1.927246563256079170e+01
1.920851470504439718e+01
1.930630814775502202e+01
1.922318910905871547e+01
1.924545666619711426e+01
1.918634796063251002e+01
1.924452136839822813e+01
1.920753694765758368e+01
1.923433628021965092e+01
1.930559106105672385e+01
1.928651407115621197e+01
1.929475136375235422e+01
1.924351233196869160e+01
1.920724527020200867e+01
1.926164194348433867e+01
1.918985887557182579e+01
1.926565582418652411e+01
1.929380502074459613e+01
1.925149625781013185e+01
1.932360213783256242e+01
1.925798691731599632e+01
1.927774389118797771e+01
1.925153463656263497e+01
1.918484627865228376e+01
1.926017841468144098e+01
1.915105088183100435e+01
1.920454766139057057e+01
1.927926640478600007e+01
1.916702770706774217e+01
1.926007404229314801e+01
1.923921165160025026e+01
1.926924207230592856e+01
1.916897265597557976e+01
1.927471740890560525e+01
1.922052217889162762e+01
1.924656565417893361e+01
1.926074766453248799e+01
1.919077768488597613e+01
1.926226234217136835e+01
1.922221006574863011e+01
1.920221681625010390e+01
1.924341467355535684e+01
1.920847522149927755e+01
1.923804644237111106e+01
1.922004469120132697e+01
1.932855962151115392e+01
1.923444059030905251e+01
1.923375307869304152e+01
1.928351574222092779e+01
1.929000369885418564e+01
1.927223608915611308e+01
1.924447862364788975e+01
1.924091574837783014e+01
1.921376544875855430e+01
1.923652883216080411e+01
1.925070815490894915e+01
1.927883740400599422e+01
1.927775042081305656e+01
1.925560577554475827e+01
1.928646140682690913e+01
1.922070357829136000e+01
1.925849155909301658e+01
1.929713791860595862e+01
1.919955977785993184e+01
1.922998943058338028e+01
1.927779851674685219e+01
1.924237707891608196e+01
1.922656185676687102e+01
1.924221353162866421e+01
1.921183946078019389e+01
1.926419338667156822e+01
1.923039931328650454e+01
1.923529065877260535e+01
1.916599648902814579e+01
1.923344367279306866e+01
1.925603514607536937e+01
1.928185223792209158e+01
1.923164342827719153e+01
1.921844502283206779e+01
1.925165072130593558e+01
1.913889212742714463e+01
1.927717776348131906e+01
1.930265497706941602e+01
1.926093578788988836e+01
1.918355662582312604e+01
1.926198607520264616e+01
1.926188353861396152e+01
1.922394382457811801e+01
1.927686536419533425e+01
1.921589211350789483e+01
1.922917479995586376e+01
1.919212417672765980e+01
1.923202604561068796e+01
1.924004581891589183e+01
1.920583603068492451e+01
1.918866529341786276e+01
1.922079172236430722e+01
1.919240703157771932e+01
1.928401630120667321e+01
1.922213589107563791e+01
1.917719347819821607e+01
1.929376698111767041e+01
1.923797420635764155e+01
1.926165416802793473e+01
1.924540412177045567e+01
1.925501929920900679e+01
1.920237369305477770e+01
1.926243616264081382e+01
1.923550801202823735e+01
1.922270298417328505e+01
1.930990524357644489e+01
1.925927117004825817e+01
1.924941895811101489e+01
1.924648851351763668e+01
1.925399039561090575e+01
1.923391924916111151e+01
1.919281312253341198e+01
1.920086174939053691e+01
1.923755296375070145e+01
1.928220935949130421e+01
1.920664131494578797e+01
1.922126715125360619e+01
1.927258536512209020e+01
1.928199364723197817e+01
1.924991888852159505e+01
1.917738843951027405e+01
1.924924681431883045e+01
1.920255448647019847e+01
1.914535967170602859e+01
1.926607581818682036e+01
1.923824023647269144e+01
1.929551575308682132e+01
1.927298120930828773e+01
1.919795572924287796e+01
1.926482459600201835e+01
1.922571131564554392e+01
1.931063560279033453e+01
1.926599643730567735e+01
1.923905406287761721e+01
1.921652334218684288e+01
1.917471390537223641e+01
1.920797442023279444e+01
1.919287517626505846e+01
1.924899815081322885e+01
1.920476693848558725e+01
1.927239180918918393e+01
1.924958786524720722e+01
1.921076711554874450e+01
1.921876694748136316e+01
1.926099311338318287e+01
1.913230236434555565e+01
1.924475369303605987e+01
1.924474104710829181e+01
1.927284597461103033e+01
1.917911385184188688e+01
1.924508811351721960e+01
1.919238145748012769e+01
1.919977314812988922e+01
1.914915419772872696e+01
1.929624344546719428e+01
1.924382350071478953e+01
1.919952053730670727e+01
1.919682906003741607e+01
1.921176092492142828e+01
1.925402286404189311e+01
1.920781510293191729e+01
1.929984525189350464e+01
1.923454823778917344e+01
1.928109907451560545e+01
1.922482863056210078e+01
1.925435537879315362e+01
1.934532303448265722e+01
1.931500399052974615e+01
1.918122514597183326e+01
1.921763633033286567e+01
1.925164396111774323e+01
1.933774062805144567e+01
1.918667118477050337e+01
1.928052267775779427e+01
1.926528174264543836e+01
1.922413569989068804e+01
1.916802625830298723e+01
1.916174931145374671e+01
1.926521907286317514e+01
1.928336164989120149e+01
1.929740017778811989e+01
1.921877945136594334e+01
1.921404513333613551e+01
1.920766424538392769e+01
1.926953216939060809e+01
1.920573560432136517e+01
1.921960858730677302e+01
1.929090508255935177e+01
1.921609556871034030e+01
1.925819156721945546e+01
1.926356629091989703e+01
1.923721011769705669e+01
1.925889120413589950e+01
1.921989566719275899e+01
1.925325484201864512e+01
1.931191157352762389e+01
1.923869222891263320e+01
1.924351607498663341e+01
1.921101771957478732e+01
1.928306198798789950e+01
1.918288194008548331e+01
1.920284408882034199e+01
1.924918576820621396e+01
1.923851340307565039e+01
1.927883601137302350e+01
1.924240186244925610e+01
1.923612751051328473e+01
1.928278507465854830e+01
1.919137707460010489e+01
1.920163766857348975e+01
1.923439812645420943e+01
1.922659192752366764e+01
1.922266317173179573e+01
1.922405218912138736e+01
1.932898667444273144e+01
1.921725225907647783e+01
1.927744547546931031e+01
1.923438427960503816e+01
1.922987500755784751e+01
1.924682273234214591e+01
1.921650031891162058e+01
1.919720489900888438e+01
1.923630939336841195e+01
1.921162278900822074e+01
1.927554771098098030e+01
1.920331242005191896e+01
1.925694851155774145e+01
1.927062690794209487e+01
1.924819427473249078e+01
1.924096771184076715e+01
1.919035072252615137e+01
1.921937233149073165e+01
1.924983267846103629e+01
1.919068516694667892e+01
1.921597026621875770e+01
1.922292436324435272e+01
1.918142799670741638e+01
1.922360916168367240e+01
1.927906953800135881e+01
1.916767006438311682e+01
1.924932595148710845e+01
1.926183872577693990e+01
1.921085814849056561e+01
1.918413970652507672e+01
1.916652513640919864e+01
1.924757441824309723e+01
1.919250763321651831e+01
1.923266685136744769e+01
1.919715793059402387e+01
1.925804512022138937e+01
1.920626687776436725e+01
1.921511322003821931e+01
1.922654898110296884e+01
1.911987468646144706e+01
1.927445606213255402e+01
1.922218376181264077e+01
1.922763004305898349e+01
1.919058299183458871e+01
1.924784674194918921e+01
1.917114975060133020e+01
1.921043075888774609e+01
1.928379975446108929e+01
1.927529792239525008e+01
1.926944428984263169e+01
1.923806197353239611e+01
1.927249236787745801e+01
1.933761828925535298e+01
1.926710652285985148e+01
1.925478686538149020e+01
1.924650908761189783e+01
1.923814468016231416e+01
1.924679885660933820e+01
1.918350296314520875e+01
1.922609797330738246e+01
1.927497790963638380e+01
1.917419411316452127e+01
1.925387489273249741e+01
1.924113544205142645e+01
1.921078812296028460e+01
1.924758410275901355e+01
1.923878470417213293e+01
1.922678893298130731e+01
1.928311762935078733e+01
1.925257466573991394e+01
1.921233223837769089e+01
1.922181649297506212e+01
1.923403663213978376e+01
1.928984600632013624e+01
1.927525234246460784e+01
1.924118317956994417e+01
1.919318959953374559e+01
1.925877805569048817e+01
1.928606765443398530e+01
1.922144150664522044e+01
1.922124571806406479e+01
1.920878243207095082e+01
1.929874430821477915e+01
1.925598862936234923e+01
1.919387501548244401e+01
1.921839160673372859e+01
1.922747212932021199e+01
1.927536104099798919e+01
1.925414698408319580e+01
1.927763174764447385e+01
1.923912121603323300e+01
1.923689283562842789e+01
1.922005318945168995e+01
1.929995603543120453e+01
1.928050650756635065e+01
1.924065990915827484e+01
1.917118269507228590e+01
1.921223730123417184e+01
1.923956306375558256e+01
1.929510395913714405e+01
1.925655367909575588e+01
1.927956212976917882e+01
1.921197097721160318e+01
1.923295925562873876e+01
1.924966764472164016e+01
1.924673416576293405e+01
1.922761948286710876e+01
1.925800013791041465e+01
1.921357361228412231e+01
1.925840123758920797e+01
1.923895644563093654e+01
1.927522228630073542e+01
1.914818427114371602e+01
1.924261119042841628e+01
1.924750714365442050e+01
1.927974680026400733e+01
1.923715848150007091e+01
1.930261827846718248e+01
1.928896883536147300e+01
1.924780647359369112e+01
1.923896195361026429e+01
1.924611458320333313e+01
1.924109508552265524e+01
1.919270778151319590e+01
1.922487089383457715e+01
1.919121618072858126e+01
1.920535728941874964e+01
1.923961890013293896e+01
1.926228684119230650e+01
1.920532440609937552e+01
1.922575016080991617e+01
1.925260760708539109e+01
1.920569209579257475e+01
1.924491234705217479e+01
1.925813837359850211e+01
1.930980325936268471e+01
1.923830376440058387e+01
1.918722003826176703e+01
1.920858731506710626e+01
1.923571202257096502e+01
1.920254855684453332e+01
1.926966115728483331e+01
1.926253000324502196e+01
1.921511483805715415e+01
1.920142165155163738e+01
1.927743770347638730e+01
1.923216779867290072e+01
1.918060709214672599e+01
1.922804652336665754e+01
1.925904872690028924e+01
1.917141587662102964e+01
1.924447845770876597e+01
1.920871213220420515e+01
1.926957423517298196e+01
1.925680037836006875e+01
1.926019423122800234e+01
1.924267140273026655e+01
1.926787937649873683e+01
1.925110005630603638e+01
1.923833670202553137e+01
1.925855682357572363e+01
1.923889452745677531e+01
1.920942471995270040e+01
1.923953424440208337e+01
1.930279289209910232e+01
1.924180632704747040e+01
1.930479996636854167e+01
1.914009976593025542e+01
1.927325339937330995e+01
1.925515506728355675e+01
1.914572848890531631e+01
1.925265389157278051e+01
1.920051850620592049e+01
1.916344641068020138e+01
1.921699842797186619e+01
1.918983888287607797e+01
1.922903352074442296e+01
1.921251317076949761e+01
1.926470958567034941e+01
1.914155998345869136e+01
1.924380501370022856e+01
1.922967977851003951e+01
1.919674934157059809e+01
1.917701325193258910e+01
1.923730668153595147e+01
1.923139866894896954e+01
1.921387372047790976e+01
1.923522194404873531e+01
1.925291243424592480e+01
1.926042827584987194e+01
1.921682483040153144e+01
1.925235049508108176e+01
1.928475754423793020e+01
1.930456327566978558e+01
1.924801378884876613e+01
1.926132605284722743e+01
1.925206483243916011e+01
1.921288856857908200e+01
1.922479552979109130e+01
1.929090177100819403e+01
1.925963520784885574e+01
1.935213199485007607e+01
1.918770472793561055e+01
1.920638912459385850e+01
1.931880074869227570e+01
1.916468638024615601e+01
1.927429094772303131e+01
1.922973355511589943e+01
1.921153918232660729e+01
1.921019814678361470e+01
1.920272305477048391e+01
1.925111160060495408e+01
1.927040325722677139e+01
1.916004932306597297e+01
1.916673334996139388e+01
1.924786341376468002e+01
1.930855638124394602e+01
1.922068735211310297e+01
1.925117311294641453e+01
1.921719865066859612e+01
1.918968107258996270e+01
1.927668440456290000e+01
1.922402791505997399e+01
1.925086787206484118e+01
1.921047147619817963e+01
1.919255729251551301e+01
1.923141066302495616e+01
1.928928912070138324e+01
1.922723944842275046e+01
1.928154090873686144e+01
1.923051901282974541e+01
1.922767905215593132e+01
1.919509320491623328e+01
1.927529974180697536e+01
1.914753622411432943e+01
1.925036806141305945e+01
1.917061883335931327e+01
1.918877360752344785e+01
1.924482918389850283e+01
1.922331900886917211e+01
1.919752243253903501e+01
1.920606167983472190e+01
1.923480307804215528e+01
1.924505954988095269e+01
1.920657345830462148e+01
1.928375957397283003e+01
1.927279374733516448e+01
1.926400768912433747e+01
1.917963429653522667e+01
1.926127245989221848e+01
1.926212452504848116e+01
1.929034370138555943e+01
1.925532257228806188e+01
1.915819321911909512e+01
1.923397917451890038e+01
1.927605049546902904e+01
1.922157172665861324e+01
1.921543906047580919e+01
1.919437621098312263e+01
1.919958983592827551e+01
1.919828861669651943e+01
1.922431922346671129e+01
1.922859436604916183e+01
1.917854585978847837e+01
1.924469510476833634e+01
1.922212459022254194e+01
1.926231202843148793e+01
1.921652626846631406e+01
1.924117720182487901e+01
1.920844290618122585e+01
1.922443268677207584e+01
1.924546604707442299e+01
1.917470135753325167e+01
1.926847665275921884e+01
1.921183970155745513e+01
1.919087997208584895e+01
1.920265805630045364e+01
1.927086663299007085e+01
1.925232163518912287e+01
1.927611264623539356e+01
1.921728104611634080e+01
1.919184813178981841e+01
1.924215833658381669e+01
1.923270336589143881e+01
1.921531923003399811e+01
1.921935227595337992e+01
1.919354019876436368e+01
1.926107982261621743e+01
1.927341949300546986e+01
1.928255123207310717e+01
1.919589910271571753e+01
1.923751680657616703e+01
1.920389140755160540e+01
1.923863982086563240e+01
1.921425265111166070e+01
1.924523069802445718e+01
1.919376912339640739e+01
1.920312122573828262e+01
1.921627737768421085e+01
1.923743601684577342e+01
1.914428439113258307e+01
1.927010189595356593e+01
1.921709742094377305e+01
1.918162681649807411e+01
1.932837623997734156e+01
1.925961083211299396e+01
1.922311453687418492e+01
1.927421139616839696e+01
1.920730390383540964e+01
1.920679531358710079e+01
1.926029582368164839e+01
1.926898750932946314e+01
1.928812732931683982e+01
1.920172358327835127e+01
1.919818396719885456e+01
1.922627326340795406e+01
1.925938506209068635e+01
1.928184744669285422e+01
1.921498383983396252e+01
1.922149430955650473e+01
1.924316207820191593e+01
1.919426811224617069e+01
1.931164454110766471e+01
1.922277029791442260e+01
1.932072186293988025e+01
1.926715258022459309e+01
1.923714227698128099e+01
1.925054708427425254e+01
1.923480776246365309e+01
1.929423050123033789e+01
1.929558053429308373e+01
1.926335977694793655e+01
1.923156104498389496e+01
1.929743821446489349e+01
1.918747955251852844e+01
1.927542102932729762e+01
1.923638944291193553e+01
1.922884682321145888e+01
1.925804979437717535e+01
1.922491566001147234e+01
1.926966854163051224e+01
1.925523104773654381e+01
1.924659686922783308e+01
1.924525904558961642e+01
1.931630938231561245e+01
1.929163376809090380e+01
1.924701266093196850e+01
1.921030959643429270e+01
1.926407197053514508e+01
1.925776805488018439e+01
1.922005762290351072e+01
1.916777981030757161e+01
1.922530891187261659e+01
1.926209550106080215e+01
1.918937786909564380e+01
1.928486771229497876e+01
1.921301958074108640e+01
1.919506519689501189e+01
1.918490966557953570e+01
1.923035185468151909e+01
1.925394488346452349e+01
1.922259882161299060e+01
1.923901248830702926e+01
1.911480489583460951e+01
1.922799452618448157e+01
1.919223226973845442e+01
1.923059523267721360e+01
1.927153221371255398e+01
1.926270194199832275e+01
1.922759552763102064e+01
1.922768920867424214e+01
1.920337852646339982e+01
1.933420540363720619e+01
1.922046121628367388e+01
1.920093125813045987e+01
1.926825575891231779e+01
1.919282526821945822e+01
1.923957706513787258e+01
1.924805615909738776e+01
1.920236223633326134e+01
1.920142634409200255e+01
1.926188400419912838e+01
1.924131786409172307e+01
1.924501435795107085e+01
1.925489426077828981e+01
1.921060238820350463e+01
1.923811383309753609e+01
1.920300800646215222e+01
1.926896578109880664e+01
1.918722128248478853e+01
1.924056801202012679e+01
1.923887688260978024e+01
1.924133747554403229e+01
1.922289210334016829e+01
1.925846183910213938e+01
1.923436534525881214e+01
1.921820178480895080e+01
1.923102180600206523e+01
1.930065872662989435e+01
1.926174428095436042e+01
1.923777423473540438e+01
1.927221828737731713e+01
1.925909724538439605e+01
1.927108933219167852e+01
1.924427170322574554e+01
1.924503765743348893e+01
1.929722639155779262e+01
1.923982039317506221e+01
1.923010562150130554e+01
1.925820848238421945e+01
1.923455916945471955e+01
1.920774809529099514e+01
1.919088224913547336e+01
1.922689610293847906e+01
1.914826323121087981e+01
1.926766721503479474e+01
1.920659272278253482e+01
1.925931592090456590e+01
1.926738375959448035e+01
1.924740250675445452e+01
1.926628367092716232e+01
1.926514976931229484e+01
1.926794592529336825e+01
1.925062933939405241e+01
1.925866951649907932e+01
1.919869470750294127e+01
1.926972321558073276e+01
1.926552866704652445e+01
1.920751735847746033e+01
1.923670078833000119e+01
1.920993697336315620e+01
1.921887390326953948e+01
1.923156274280514566e+01
1.931597886736139813e+01
1.919499171877527388e+01
1.922465325861143626e+01
1.920060760558753543e+01
1.918304033734544234e+01
1.925228462664570372e+01
1.925974689018402231e+01
1.925618505167400230e+01
1.920402102853375936e+01
1.919687128541692900e+01
1.925072732105531870e+01
1.920715923009947090e+01
1.922285481935338325e+01
1.927095813002870983e+01
1.920076866059157794e+01
1.914444911883722611e+01
1.919709328275245852e+01
1.919841210951090460e+01
1.925755178330560824e+01
1.922709564392460280e+01
1.926843415790536440e+01
1.924598017076145240e+01
1.928867610755296980e+01
1.922459791955586184e+01
1.925819613638450534e+01
1.928200784356104691e+01
1.926627586847484608e+01
1.923536716198904273e+01
1.922100046675878104e+01
1.917555509320142093e+01
1.932953138920503378e+01
1.925762580363355525e+01
1.921333269257516818e+01
1.922455593424435705e+01
1.920647318081658028e+01
1.917330455809166168e+01
1.919016376820928471e+01
1.927182903955156590e+01
1.924089130606292031e+01
1.921143742032676016e+01
1.921975554623297100e+01
1.918522628155547238e+01
1.913807641490734568e+01
1.920243011146265388e+01
1.921754882305652501e+01
1.926890279189699839e+01
1.919230703712124964e+01
1.924216876617266792e+01
1.919386603324291229e+01
1.928324738272759831e+01
1.923433766119687505e+01
1.919122403870496640e+01
1.918538944241643662e+01
1.925479149590833572e+01
1.921949232682454323e+01
1.926313412096742539e+01
1.923496487527560816e+01
1.931831086682622711e+01
1.916328879204699476e+01
1.925907829866697440e+01
1.919741610871698256e+01
1.926004909259493303e+01
1.932955271902628880e+01
1.921683371695669962e+01
1.917152535321188722e+01
1.923683296865960912e+01
1.923668232311742798e+01
1.928882233831590653e+01
1.916149046660666144e+01
1.926759311196335034e+01
1.922791076807874333e+01
1.924035281263028807e+01
1.922411369273827830e+01
1.921444711661598959e+01
1.923095677934919223e+01
1.925178799547978770e+01
1.919875866443613432e+01
1.925082214403778380e+01
1.921407766527239147e+01
1.929147611491545433e+01
1.923302997010979354e+01
1.926161046682347688e+01
1.926570334652452132e+01
1.921593899540638262e+01
1.932402419583933906e+01
1.924807311849254887e+01
1.922030659832688926e+01
1.924540652114707484e+01
1.929243904554721212e+01
1.927120014293120676e+01
1.922151512361071113e+01
1.923743406780000242e+01
1.919829967669179283e+01
1.928697668449105862e+01
1.925545202213768547e+01
1.922525767061858559e+01
1.916055433678046072e+01
1.930604165860094312e+01
1.917389215240902800e+01
1.928569335614373870e+01
1.922652328416342371e+01
1.926525634837464906e+01
1.924268866120551635e+01
1.920281268278464282e+01
1.921445643467211895e+01
1.920436138717320063e+01
1.924451529617434176e+01
1.929289709621976456e+01
1.922675504490887377e+01
1.924534635697963481e+01
1.925699959021681806e+01
1.919753005187539685e+01
1.924144594397673913e+01
1.919824775019692709e+01
1.920335441803890930e+01
1.927244439646417717e+01
1.920304702907140282e+01
1.919401888090055053e+01
1.921611571036256549e+01
1.918886968549934124e+01
1.922670971080322744e+01
1.924529041795886641e+01
1.922076063317560113e+01
1.926916448769142320e+01
1.927220921920616092e+01
1.923442511451559511e+01
1.929491676545531220e+01
1.929803210928834289e+01
1.925956924202380449e+01
1.919847623435043360e+01
1.924964397000477945e+01
1.916201662388026605e+01
1.926462191958149361e+01
1.918485876823381986e+01
1.925059154592084099e+01
1.925924358285296378e+01
1.916426679533491040e+01
1.928677614104844906e+01
1.919322567103612442e+01
1.925160346011269752e+01
1.919256607191854158e+01
1.922688176772247459e+01
1.914955787367155438e+01
1.926445682605739407e+01
1.927176212364108210e+01
1.921839699456290163e+01
1.926214730984583312e+01
1.923251789133188083e+01
1.931659615209551362e+01
1.928868094157611424e+01
1.912851048175598478e+01
1.925162321054855497e+01
1.921990627282826480e+01
1.923704771446321615e+01
1.927665925974845962e+01
1.917168032502361186e+01
1.926522892681832744e+01
1.928952988394064150e+01
1.926397924898484604e+01
1.927959035442563618e+01
1.925031548091696720e+01
1.921596836558629207e+01
1.917441683074648751e+01
1.922591879466749276e+01
1.923963799952555220e+01
1.928804052379127754e+01
1.922852602530464594e+01
1.928246905446683712e+01
1.922931309868515015e+01
1.922845120687738785e+01
1.922127418639625063e+01
1.919950842010282699e+01
1.918219906904186089e+01
1.922719459622580018e+01
1.927222226431943497e+01
1.920188058602075643e+01
1.921622421603841957e+01
1.920353401941035898e+01
1.920335017364015684e+01
1.926706758313823542e+01
1.919480122208745954e+01
1.919700734110543650e+01
1.924365920192395407e+01
1.921114208019186265e+01
1.922271297031444703e+01
1.922346571703079832e+01
1.922622627280154717e+01
1.925436163868418049e+01
1.926520175613195818e+01
1.925343609354433383e+01
1.925734148676948010e+01
1.923202310351290123e+01
1.921315637109736585e+01
1.918112199358254699e+01
1.924321777549161894e+01
1.923387764507083730e+01
1.931002725469680925e+01
1.921462451022195594e+01
1.926077599457600442e+01
1.920792483096992953e+01
1.929564409020852267e+01
1.921001735231907759e+01
1.926803361016526495e+01
1.928709387718066992e+01
1.917293674535277859e+01
1.930843492569437814e+01
1.928223340453356371e+01
1.918560083157733231e+01
1.926587618318246342e+01
1.927137295579286302e+01
1.921612186509291575e+01
1.926734945174233360e+01
1.922700103410322825e+01
1.919471809138472551e+01
1.922383206701399061e+01
1.922488381502388322e+01
1.923681118425157166e+01
1.927446524089042512e+01
1.923303404012143503e+01
1.923388365984089887e+01
1.919562272355939569e+01
1.928437171889577328e+01
1.930150695727908072e+01
1.916571902517653569e+01
1.919873852351891941e+01
1.919999622614131241e+01
1.926577903374779765e+01
1.921770505223647874e+01
1.923882326485680494e+01
1.924757356770270889e+01
1.926020801471630506e+01
1.925760851509022231e+01
1.921313397598494532e+01
1.933306743412239825e+01
1.922370369088859832e+01
1.921144501730868370e+01
1.925004776702411746e+01
1.921896524978299681e+01
1.925386583676314700e+01
1.926840594975958254e+01
1.923744525568085706e+01
1.928039875134994219e+01
1.925931242191882831e+01
1.920423320786780153e+01
1.920837527320900406e+01
1.926886335195069933e+01
1.926095772389066596e+01
1.920527042978543975e+01
1.915288046847210879e+01
1.921424900725764573e+01
1.919823420378297030e+01
1.927748140561392276e+01
1.920471216663255731e+01
1.918761048944863035e+01
1.928288825228309378e+01
1.921093437407817106e+01
1.922994171190560664e+01
1.921474891737017998e+01
1.922495633558541428e+01
1.926229553644498438e+01
1.924152944319797243e+01
1.923327308618000941e+01
1.924670757611079353e+01
1.917812445121162668e+01
1.926490845785193784e+01
1.917597825954404556e+01
1.924171254776822693e+01
1.920289221598980944e+01
1.926047592221388172e+01
1.926650134253379321e+01
1.921209221400724587e+01
1.924801848157640904e+01
1.923343869952896057e+01
1.924633973815267041e+01
1.920280420428427348e+01
1.922496770531013510e+01
1.919445321345294175e+01
1.921534631733310761e+01
1.927663126113305125e+01
1.927453235281531008e+01
1.918945596482392091e+01
1.919509228360878694e+01
1.922279311153639370e+01
1.916091370253530002e+01
1.921586729130040183e+01
1.923991245994075072e+01
1.925910548048748083e+01
1.926962721855394989e+01
1.923718892797958446e+01
1.917946713451024010e+01
1.922400042059246417e+01
1.926132830266535123e+01
1.917464971900517412e+01
1.918481447802842510e+01
1.926990910984007499e+01
1.923171000987752777e+01
1.925270993063056224e+01
1.924505052519483783e+01
1.922990507880802724e+01
1.924549346975801711e+01
1.924611584999733083e+01
1.921238731378974762e+01
1.925819792940787778e+01
1.924197334578102314e+01
1.922423356873492395e+01
1.922651264204738197e+01
1.926849233443342158e+01
1.926109547798087362e+01
1.918929806846181663e+01
1.923824395778336083e+01
1.926535868183880140e+01
1.921289938598437175e+01
1.922608253713818272e+01
1.924397583921395949e+01
1.925806688846004988e+01
1.922753050274353370e+01
1.923835637752984695e+01
1.922341955836210303e+01
1.926263913404640959e+01
1.929718042348288520e+01
1.919424139749256852e+01
1.923082324838047796e+01
1.923747779350733467e+01
1.924396691097471646e+01
1.921397667172304224e+01
1.925126364450018812e+01
1.930276564694396058e+01
1.925323957620799575e+01
1.926237617481786302e+01
1.929912962570439205e+01
1.917379353753663551e+01
1.923313897337729017e+01
1.920096936769895990e+01
1.926554680861458024e+01
1.926398888317361369e+01
1.928520702611900361e+01
1.922400131029673176e+01
1.924305279912042010e+01
1.919175486347701209e+01
1.928940684222944313e+01
1.926842770573283659e+01
1.923251332723034679e+01
1.922947315552511327e+01
1.924495276617541606e+01
1.919608673888656014e+01
1.924104945906384501e+01
1.927857127610151977e+01
1.923679885710124182e+01
1.925607449040676755e+01
1.925991560994322427e+01
1.923981776499886465e+01
1.932067992670804202e+01
1.925914569799794052e+01
1.917467578383349291e+01
1.925282976040099570e+01
1.922243415898137897e+01
1.926946509112282158e+01
1.924937422206880200e+01
1.929262623804069676e+01
1.924490900645715641e+01
1.923728877599180365e+01
1.923633904516665538e+01
1.921474853890581613e+01
1.924657675382263733e+01
1.922228835859782947e+01
1.923672360827769268e+01
1.921311925338379467e+01
1.927531450691560266e+01
1.923985734412858406e+01
1.922796438309406497e+01
1.924472116593648252e+01
1.919588055183239206e+01
1.927366601106076871e+01
1.919887019854639476e+01
1.919499600419000274e+01
1.928867053489764771e+01
1.926366746318936052e+01
1.925674519141054830e+01
1.920262683606727450e+01
1.922760219450438157e+01
1.926516568413492791e+01
1.916406354874587592e+01
1.922722082258176357e+01
1.921912015491270864e+01
1.916760731698924403e+01
1.923138837600599516e+01
1.925097819044428960e+01
1.926121414876633509e+01
1.918205106883554478e+01
1.927489848922571269e+01
1.925368819537685638e+01
1.929135497520511677e+01
1.921276469838748824e+01
1.933035206803923955e+01
1.925787684548316747e+01
1.918392867366906529e+01
1.928101046877059233e+01
1.922284313004296052e+01
1.922169238719494899e+01
1.915276250239905309e+01
1.927168331004180857e+01
1.930094767728446570e+01
1.923871018151203316e+01
1.923632759101785439e+01
1.925994609961462345e+01
1.928056785895083891e+01
1.923804473803570048e+01
1.920384857915527377e+01
1.920729394559941738e+01
1.923360164286917851e+01
1.919490624420037861e+01
1.929403563464605753e+01
1.919497331292621567e+01
1.921882587045803703e+01
1.929976391110281497e+01
1.926832176292266396e+01
1.928034787692654106e+01
1.922891893773368466e+01
1.930574179514841049e+01
1.923623775665786795e+01
1.927658302868835705e+01
1.925292515705614349e+01
1.922370485043892074e+01
1.917945791433955804e+01
1.922454226501029595e+01
1.922063718804423971e+01
1.923418672851967415e+01
1.921269389146929285e+01
1.927206286210785890e+01
1.923655115621400569e+01
1.932367017827527178e+01
1.922123193518392625e+01
1.924083302337326273e+01
1.923107953116559443e+01
1.924324437056097636e+01
1.928567851941285483e+01
1.922605941882418534e+01
1.923166467868166407e+01
1.917034629016286118e+01
1.926971192155096446e+01
1.925642222226373690e+01
1.925560184427954269e+01
1.922351354494357167e+01
1.921320662760716758e+01
1.923851225579465307e+01
1.925588702769562843e+01
1.927910805071231692e+01
1.924683841919769733e+01
1.925075131421982633e+01
1.924213109435230962e+01
1.925953931513669559e+01
1.921984045409625708e+01
1.928311463865410502e+01
1.925027361571422446e+01
1.924742731353075342e+01
1.924035469395175824e+01
1.927941338175564923e+01
1.922359213269153244e+01
1.925372694874702617e+01
1.916492295444625071e+01
1.917124690789628261e+01
1.926628132078583633e+01
1.921915680143524341e+01
1.918386637289778918e+01
1.923130592720022847e+01
1.921764270526953666e+01
1.927619417660800494e+01
1.921950338147780712e+01
1.922623723107522054e+01
1.921742077936180593e+01
1.916048294446285993e+01
1.916884165312833588e+01
1.926945823242158440e+01
1.924120658178051002e+01
1.920090136603985798e+01
1.928103026726888203e+01
1.922526963081212514e+01
1.924347066658275551e+01
1.927504610930410323e+01
1.924102993426265940e+01
1.920085297392401458e+01
1.921421018978918838e+01
1.923314783621011870e+01
1.925745591445058480e+01
1.925736138026217503e+01
1.919677465585425225e+01
1.927473823371518336e+01
1.929210137007966708e+01
1.926140489158841973e+01
1.921846298820766563e+01
1.927006939151219811e+01
1.918118791277566260e+01
1.922928036632062287e+01
1.932335978522367625e+01
1.919466645872828536e+01
1.921250543217587747e+01
1.923669876655909050e+01
1.922677356819145800e+01
1.928454063881656921e+01
1.924810673624664403e+01
1.927077824328872424e+01
1.921121282156333265e+01
1.925604442996962007e+01
1.924668423492518343e+01
1.921938277662722783e+01
1.924125321919688503e+01
1.918767406730335523e+01
1.923563109093174361e+01
1.927129507842497702e+01
1.924857668490826512e+01
1.921422010048831908e+01
1.917307296846820108e+01
1.926689986743017968e+01
1.921947573801724829e+01
1.917970806321040911e+01
1.929001449250788269e+01
1.925155553282404242e+01
1.927779676780311391e+01
1.925540559956473885e+01
1.917226784180245858e+01
1.924787081370154596e+01
1.932085315792943803e+01
1.929595860140988250e+01
1.930129680411327797e+01
1.922040453543435490e+01
1.919423499048555826e+01
1.918647799145586674e+01
1.925734503863763436e+01
1.924545540638620267e+01
1.922361770148375371e+01
1.923233272665390814e+01
1.923859650887413153e+01
1.919907507448780137e+01
1.925863993702183663e+01
1.928198257864489307e+01
1.924586842636511719e+01
1.925527689710330037e+01
1.924627616659302731e+01
1.923895026458801283e+01
1.926564962461618080e+01
1.922492086203839534e+01
1.921925921558083772e+01
1.918552333344935690e+01
1.921019374623755027e+01
1.923872783058291702e+01
1.932018695060564539e+01
1.923041412093668256e+01
1.929086010068541768e+01
1.921717807208836604e+01
1.923401280743530606e+01
1.921385975186039019e+01
1.921994994725557149e+01
1.921355024629706776e+01
1.925873744612471583e+01
1.927629176225526564e+01
1.921237603737647248e+01
1.920125245796632640e+01
1.922684030061392946e+01
1.913818009759916450e+01
1.920169395372506926e+01
1.924009001799883478e+01
1.921467354104381187e+01
1.932012264599455520e+01
1.916480036751358540e+01
1.922812550061664538e+01
1.926241552314620264e+01
1.921949837469471589e+01
1.924749165920607297e+01
1.917959493492666212e+01
1.918977803746551913e+01
1.924736147374692052e+01
1.923559315250810897e+01
1.924066207800802530e+01
1.921622858771121045e+01
1.918961143475726416e+01
1.929734428268001878e+01
1.926418443790150192e+01
1.931103163822978530e+01
1.922595945958752850e+01
1.920196060247405256e+01
1.923425472099819089e+01
1.923141189785467731e+01
1.925042184919668387e+01
1.918052706640063576e+01
1.921846696214221240e+01
1.918574207410174637e+01
1.924176901198725886e+01
1.923759293677397508e+01
1.925048369136490578e+01
1.921785410496020674e+01
1.923668024578830682e+01
1.925666406112460294e+01
1.930141730415136081e+01
1.924573735924132833e+01
1.918337407801828220e+01
1.930510058219597980e+01
1.933487338863667304e+01
1.921395007388122522e+01
1.921588097472452716e+01
1.925324941667249590e+01
1.927168536231236118e+01
1.918004015251357686e+01
1.921767195047132049e+01
1.921298184988101809e+01
1.921918838158239495e+01
1.925512222306371157e+01
1.925767077757180346e+01
1.923855713321276895e+01
1.923681454786312628e+01
1.921396509551230025e+01
1.925351077061122140e+01
1.916406069804488510e+01
1.922282061895631955e+01
1.919049347696886443e+01
1.926280624488691018e+01
1.927110563139057930e+01
1.919993911746575677e+01
1.923117268134528146e+01
1.923687022748032405e+01
1.929853253617070763e+01
1.923653735507913609e+01
1.923567921855997298e+01
1.922623973328002833e+01
1.922547084458100741e+01
1.921884802782035351e+01
1.919657552904804376e+01
1.925542210618822736e+01
1.920869580855363168e+01
1.921219636186720692e+01
1.929608684625365100e+01
1.927765155805121111e+01
1.923928084117024184e+01
1.924184175737973135e+01
1.925357999184402402e+01
1.919571224428948142e+01
1.926060589387320121e+01
1.923570661207396171e+01
1.925738642096623110e+01
1.924562035036590402e+01
1.927052288004224323e+01
1.924580110363459085e+01
1.930114664463483010e+01
1.920439465246439426e+01
1.921215790910509824e+01
1.924715304750555589e+01
1.931167983239278385e+01
1.925264719529910806e+01
1.923826285262110858e+01
1.920787080654839230e+01
1.922495699126175950e+01
1.920499339463770028e+01
1.918639939121562676e+01
1.928588787253756820e+01
1.923983305157520363e+01
1.922726804732251438e+01
1.918528267752102323e+01
1.919412617133051668e+01
1.918643548360879336e+01
1.921145316135518044e+01
1.920795584967673975e+01
1.923451176119259642e+01
1.925033838341253301e+01
1.924335883357851174e+01
1.921905739190400908e+01
1.925673631006881337e+01
1.928044424306471072e+01
1.928799254991468359e+01
1.930805840317364641e+01
1.916805013120854184e+01
1.920770957098596199e+01
1.921940985516653910e+01
1.920736824645370433e+01
1.925815824854026204e+01
1.921756332303949932e+01
1.917652580782516836e+01
1.919370432059947973e+01
1.931671480373088912e+01
1.927940136568997787e+01
1.925678025976618102e+01
1.921893343065875115e+01
1.921655213172986620e+01
1.919061603429962304e+01
1.921980929166380392e+01
1.926033519169082808e+01
1.921303555915249817e+01
1.931054028263760713e+01
1.918089978547885721e+01
1.921192702759875814e+01
1.924901758437560773e+01
1.923901661156532938e+01
1.927881482817197423e+01
1.925503127201699627e+01
1.922661806514254934e+01
1.920075315204017130e+01
1.923579699812379573e+01
1.918437244509404849e+01
1.922928419689326418e+01
1.920552214307372552e+01
1.917484251899719183e+01
1.921200184269111233e+01
1.927029409848491426e+01
1.923606925225512754e+01
1.921428093450205665e+01
1.928349076866095757e+01
1.921613540632386474e+01
1.925261877853346348e+01
1.918949627611618425e+01
1.926401143871798638e+01
1.924257983187207444e+01
1.919647339196761848e+01
1.923918091540580022e+01
1.920124150331737312e+01
1.927658267873667697e+01
1.926933854174518146e+01
1.921981756529550722e+01
1.926692605429802185e+01
1.925159756850905168e+01
1.923024517891041540e+01
1.926099729345150635e+01
1.924284430918841338e+01
1.926151984860422672e+01
1.918627586643772887e+01
1.918855329443723789e+01
1.920915031495583847e+01
1.915772784816973129e+01
1.925108546342892524e+01
1.920875078223025412e+01
1.917277836088948106e+01
1.926821017025373806e+01
1.929817937633464098e+01
1.921870085629675273e+01
1.919608925117415765e+01
1.918114744218056700e+01
1.922509815709348402e+01
1.928559508211432671e+01
1.924639801231996827e+01
1.922370162014230388e+01
1.927152238195377620e+01
1.926213417110014703e+01
1.922001299226064575e+01
1.919901123944679000e+01
1.921348205963574074e+01
1.924514679161923780e+01
1.924249551400338376e+01
1.927262670888015350e+01
1.923541381193611954e+01
1.917990811629215386e+01
1.925788118189369058e+01
1.923614873051749541e+01
1.920827651174725759e+01
1.916263636337600573e+01
1.920821015166622914e+01
1.923474480400881959e+01
1.922813207614005293e+01
1.926523217526221643e+01
1.924946657557378771e+01
1.924272517271269578e+01
1.921806208619930345e+01
1.919649205075746679e+01
1.918683463974817016e+01
1.918462990309888383e+01
1.924860105791524134e+01
1.926233495263445761e+01
1.926259872525541184e+01
1.920412662346061694e+01
1.924246328661542549e+01
1.920589265747625163e+01
1.926987420182571142e+01
1.925053412450518309e+01
1.920418301871747957e+01
1.932190138374811994e+01
1.926445141320097676e+01
1.926358032427848954e+01
1.923463101787334040e+01
1.920898921211607657e+01
1.923917482712881721e+01
1.923446773706276147e+01
1.921385787699378866e+01
1.926455747960147136e+01
1.917109322203858213e+01
1.928480635904412921e+01
1.925657775733015953e+01
1.919187587992670885e+01
1.926485369327293995e+01
1.922514759449805410e+01
1.922501567767417541e+01
1.929149330112208816e+01
1.929026122170025914e+01
1.915933961929860274e+01
1.925881406865205037e+01
1.928244684292013034e+01
1.919751583278869589e+01
1.925421450081466901e+01
1.921005289795635917e+01
1.924877700296566374e+01
1.921536130404125231e+01
1.932641427084680075e+01
1.923568590524208943e+01
1.918579326239734328e+01
1.919791208026449425e+01
1.923580204151523176e+01
1.922713136782659049e+01
1.916680557547862662e+01
1.921089480935905769e+01
1.928095088014683256e+01
1.925306823085168162e+01
1.914784983339042057e+01
1.919909023667971937e+01
1.923217923338559743e+01
1.922300920420000381e+01
1.930463351266564587e+01
1.925496314562587585e+01
1.921382747739814434e+01
1.930066703275124596e+01
1.921545755109696785e+01
1.926378677666701122e+01
1.925327372158004735e+01
1.919028802685764745e+01
1.931179447642501401e+01
1.922191859051661211e+01
1.925807800701764450e+01
1.924107856273567663e+01
1.923654973366706855e+01
1.919424154498296886e+01
1.918724241647171169e+01
1.924107760380988807e+01
1.924666419636248804e+01
1.920104259552930515e+01
1.925653508893492827e+01
1.924946706551379449e+01
1.920460078103146273e+01
1.922663978711885946e+01
1.927307134373686281e+01
1.921462833384514113e+01
1.925839705181509487e+01
1.921391579859793453e+01
1.926035389608577830e+01
1.918819292794165676e+01
1.922299738163662397e+01
1.927952662635614445e+01
