# Variable: A
# Sample shape: (2700,)
# Date: 2019-04-12 16:57:18.831226
1.319939383222961382e+01
1.420806675490465310e+01
1.368331377587005271e+01
1.388904654904395208e+01
1.387283426589108615e+01
1.281055376601916862e+01
1.360415607455972342e+01
1.330529474091289366e+01
1.376156868706567060e+01
1.401516466043898035e+01
1.412164172654236083e+01
1.404621535556057843e+01
1.368286099472410378e+01
1.332841329098508965e+01
1.369918726667400932e+01
1.355866357717052395e+01
1.396423711851141114e+01
1.357355396733615649e+01
1.396921219629831690e+01
1.380822161586499419e+01
1.290108167409744944e+01
1.319655542585304708e+01
1.408883615299956027e+01
1.380158753402040972e+01
1.456585975843233349e+01
1.288238172689696803e+01
1.394503417915904286e+01
1.462985721098261749e+01
1.373409729337913454e+01
1.387050778010315000e+01
1.323613452097753829e+01
1.343618652014061787e+01
1.403238955635734264e+01
1.291375938071342588e+01
1.352163811086675871e+01
1.325956906118591760e+01
1.333180204161105031e+01
1.370760581504148590e+01
1.356496581240813626e+01
1.343602022506403060e+01
1.357169680528579825e+01
1.369149406347647790e+01
1.448473738384866749e+01
1.416992828441347463e+01
1.278146473907312597e+01
1.371162308787042505e+01
1.356800079921353763e+01
1.401726957987230548e+01
1.374434853819380464e+01
1.413914914215241048e+01
1.378797129680379818e+01
1.338336587627600949e+01
1.331685083061411312e+01
1.347673566675103984e+01
1.420726572045296798e+01
1.362825962130615132e+01
1.443606318185915605e+01
1.392642948417639026e+01
1.404989943565416866e+01
1.465654814664245720e+01
1.374080047377688452e+01
1.368244155477636603e+01
1.420794658730980409e+01
1.378262388466196775e+01
1.382037555641425897e+01
1.288068976500658991e+01
1.299974683737358383e+01
1.349171751559646992e+01
1.384726867006855500e+01
1.317536853626653048e+01
1.362267045997655579e+01
1.340859167176406253e+01
1.306471888575144469e+01
1.340815062960134796e+01
1.426881634778198915e+01
1.402764053931833210e+01
1.347963895618939567e+01
1.365134268347535063e+01
1.311748906747951615e+01
1.328651828510243149e+01
1.451416791973513654e+01
1.348765450656740938e+01
1.365595434958981080e+01
1.350429556606954762e+01
1.297901063093337193e+01
1.429217526572787911e+01
1.304703630765730082e+01
1.395823883582348302e+01
1.378408544624243781e+01
1.425656928372903209e+01
1.433419170391622011e+01
1.407290726748404452e+01
1.382891243403134851e+01
1.369265327562162327e+01
1.371524452110947223e+01
1.347989760783496749e+01
1.407757151554429598e+01
1.257125946097843361e+01
1.299552128002247997e+01
1.394614507879290777e+01
1.337700681217142851e+01
1.405505549117962616e+01
1.352582468031581797e+01
1.246507870289766196e+01
1.320294102274981540e+01
1.416537865148710829e+01
1.385428525396275568e+01
1.357053487120020563e+01
1.372640988793667560e+01
1.348607706318455612e+01
1.338507448261072952e+01
1.377133442541955866e+01
1.355224560800130007e+01
1.415406087104251753e+01
1.315146300967951376e+01
1.382849325968151710e+01
1.359451872465032274e+01
1.337311662699514869e+01
1.386926944860459265e+01
1.411952114931986912e+01
1.464620177908593490e+01
1.285433258429426218e+01
1.425331562596426771e+01
1.433588775060553289e+01
1.310005645866461599e+01
1.358825094991632731e+01
1.342102531115812702e+01
1.372132119046969123e+01
1.407306849230481660e+01
1.458077074421310648e+01
1.297438770845604772e+01
1.364946401713763890e+01
1.441027866783670497e+01
1.422303621009993968e+01
1.379553909162323144e+01
1.405480692675756060e+01
1.399426419322834114e+01
1.348816800391169224e+01
1.359643011201143459e+01
1.328846191815527611e+01
1.303088113615412169e+01
1.332138909620273992e+01
1.368210237920417249e+01
1.434101237444387955e+01
1.462350720662026582e+01
1.338390053367321464e+01
1.393106421848698062e+01
1.412082529998547820e+01
1.335821458035676912e+01
1.329384264632252055e+01
1.400574656176290489e+01
1.354213466384471865e+01
1.269315858466910463e+01
1.359106297494618865e+01
1.252427190584998584e+01
1.412074042676586849e+01
1.428168853823060935e+01
1.258219248617127128e+01
1.321763551763364397e+01
1.384139752642291832e+01
1.407546105634453504e+01
1.324782941741294806e+01
1.314932205510098839e+01
1.473160502076731149e+01
1.297993585997625310e+01
1.404976676556234594e+01
1.364528544671632382e+01
1.367714209076842913e+01
1.235408281752118853e+01
1.373031539737493745e+01
1.348293998767857538e+01
1.378842056148210560e+01
1.430859204391687101e+01
1.285413606395993469e+01
1.339833014440886849e+01
1.414645974887457491e+01
1.351365306931545085e+01
1.352011480475726124e+01
1.420001489075611545e+01
1.367629934334952679e+01
1.315547262759312019e+01
1.399710170243393570e+01
1.379037177799083658e+01
1.431440478969017072e+01
1.390828792068847619e+01
1.411430692639915208e+01
1.344040494766523075e+01
1.428437135167294869e+01
1.391517856096880656e+01
1.375911906617534619e+01
1.367799165774005665e+01
1.405542526507743339e+01
1.433530393730317876e+01
1.373634150074334492e+01
1.351599094030364157e+01
1.287224630113732893e+01
1.417005257355271830e+01
1.332716048770738304e+01
1.442245066730369807e+01
1.285117208844935810e+01
1.361481916621554511e+01
1.395359806621442722e+01
1.306199295467872190e+01
1.405490303075669978e+01
1.443671133121038075e+01
1.508697888947636834e+01
1.404053718994414623e+01
1.341287150768014591e+01
1.262202696636044763e+01
1.325078258094569073e+01
1.326492044705280193e+01
1.340778805783202898e+01
1.281202251388589808e+01
1.334814620876495006e+01
1.452798316413561253e+01
1.334566699041146265e+01
1.341201826060327207e+01
1.297592776628472322e+01
1.339412293643507645e+01
1.391707647057888764e+01
1.360857458197000902e+01
1.350165789763498303e+01
1.368130386330067871e+01
1.405876015787649713e+01
1.488851069977564379e+01
1.476696872738569155e+01
1.262600158918054127e+01
1.379495216578858496e+01
1.327898803995960719e+01
1.325140048433189044e+01
1.336591996774284574e+01
1.379383953058498946e+01
1.285945350681732080e+01
1.332162110767384178e+01
1.343327669734778063e+01
1.420571762751781009e+01
1.389820687180407965e+01
1.390218875376669061e+01
1.296171985995886011e+01
1.349192258122955401e+01
1.379988137354829014e+01
1.302783801158047972e+01
1.407084711333405380e+01
1.397431309751508088e+01
1.376526236539845094e+01
1.462540475342108870e+01
1.421665463164870502e+01
1.324739747405356738e+01
1.460580651154682030e+01
1.317763168375425664e+01
1.390083688835173348e+01
1.321996107845866675e+01
1.348099115584672170e+01
1.384494966909913138e+01
1.424853102158825102e+01
1.383109041878168988e+01
1.437432011752026284e+01
1.339927600133662722e+01
1.245048117315136693e+01
1.381085336335755898e+01
1.363897570202832199e+01
1.424451312945204862e+01
1.401932299335400245e+01
1.348331995379836457e+01
1.375048675169111689e+01
1.410983142796407108e+01
1.417691605577888403e+01
1.431401895584610173e+01
1.359898395238748670e+01
1.400311207786475798e+01
1.339714811401455030e+01
1.385927613164111527e+01
1.384304240296873445e+01
1.377012854259432473e+01
1.340427400823101500e+01
1.376134075590673866e+01
1.309998302195365838e+01
1.330220670165591557e+01
1.365458489014666554e+01
1.346633347990805163e+01
1.430456252776181358e+01
1.274018027191026725e+01
1.406336419411238836e+01
1.331407351483070478e+01
1.371914570652887022e+01
1.431119238951666617e+01
1.323916938056724568e+01
1.385236831749541153e+01
1.358215344410686853e+01
1.334596457432118477e+01
1.378214746811247338e+01
1.276509515941433293e+01
1.373717581088188666e+01
1.465198376115295353e+01
1.426312406527850385e+01
1.357712390261226254e+01
1.283520848355198041e+01
1.383123056250659566e+01
1.447025689570609686e+01
1.413937724241903382e+01
1.344813998270918454e+01
1.355218804228788798e+01
1.351574505918961577e+01
1.429170990224128346e+01
1.380880744296833207e+01
1.326103381228159073e+01
1.484917621781215935e+01
1.399448122954359697e+01
1.463197438720003696e+01
1.341705584113000604e+01
1.330421589480688205e+01
1.425114173817551233e+01
1.396979952863188679e+01
1.314352245325012980e+01
1.344326661624175223e+01
1.350633308266015042e+01
1.427324909799018471e+01
1.390686028738919511e+01
1.420777937545197211e+01
1.407491609555093959e+01
1.333046379644059876e+01
1.436503683013781973e+01
1.361775673048001778e+01
1.340620117515977405e+01
1.373592354521642989e+01
1.429892394878075024e+01
1.415199354582563629e+01
1.264501630194238579e+01
1.303448631534492286e+01
1.448593963042944743e+01
1.334932762618030999e+01
1.315310740871954920e+01
1.489154681305537586e+01
1.402713963207357750e+01
1.340438107315415195e+01
1.362219275265034391e+01
1.311588075583600421e+01
1.383618660564722269e+01
1.326263591342984505e+01
1.303465487293001779e+01
1.398647780728031798e+01
1.390526553054014158e+01
1.400243287297212014e+01
1.375000543325550240e+01
1.348216745303194486e+01
1.333103215074709702e+01
1.409473186088322194e+01
1.375697025885867042e+01
1.363068854094500004e+01
1.428049777575043677e+01
1.387613875528033169e+01
1.185258205851619806e+01
1.376750321124922394e+01
1.311069799640580769e+01
1.334587186665200953e+01
1.375338223389301362e+01
1.420163258950978502e+01
1.388937575002901603e+01
1.339503438116542000e+01
1.284487161974652736e+01
1.419361296316199805e+01
1.423239683858648874e+01
1.493005124456569988e+01
1.373909582560732368e+01
1.254032470633953622e+01
1.337451359323489797e+01
1.405038531626446208e+01
1.404231674300407207e+01
1.316641590621948943e+01
1.353283213726121659e+01
1.373372692545926377e+01
1.354688139413138792e+01
1.332565523831901366e+01
1.366095967467054884e+01
1.347477285469697605e+01
1.388525143800747763e+01
1.350335323414107158e+01
1.343185104734498303e+01
1.468042866899238419e+01
1.361944395631655169e+01
1.253168301580043220e+01
1.376327700490515760e+01
1.307271553615654192e+01
1.331219337841336703e+01
1.316404389124729235e+01
1.384350898423668319e+01
1.417984694006583979e+01
1.352320126105322018e+01
1.336318974450651353e+01
1.326349367937782198e+01
1.440863839293138859e+01
1.405111315066987565e+01
1.336245713032568894e+01
1.418572773948656085e+01
1.424672554695142956e+01
1.343754494342980266e+01
1.290030652830691160e+01
1.310374961073455147e+01
1.395952868720341122e+01
1.369225482279250450e+01
1.457773396908896046e+01
1.390867091903347408e+01
1.386325097316152544e+01
1.356111490018309240e+01
1.331548008143438722e+01
1.310598565958542139e+01
1.422111539798171442e+01
1.406009579168458856e+01
1.350582389146674345e+01
1.363402560406138342e+01
1.418740879332806593e+01
1.368084159937807875e+01
1.385549323220747553e+01
1.348780997093801126e+01
1.337542073209501226e+01
1.320705422255239725e+01
1.345834886770678551e+01
1.387299164085269432e+01
1.428652629942592611e+01
1.393100343591292400e+01
1.422119390728059685e+01
1.243740304760912352e+01
1.370984231377635965e+01
1.440805406113543974e+01
1.444045234404543976e+01
1.398514094309096301e+01
1.414603144766510567e+01
1.314134087110194393e+01
1.413469226615459640e+01
1.362304692701348507e+01
1.333962336527115333e+01
1.349101858737253856e+01
1.358959660424648597e+01
1.308477394374274638e+01
1.308959425751118744e+01
1.350415987270729978e+01
1.369615712580825573e+01
1.320773863805468729e+01
1.323094080246361415e+01
1.325486339981947914e+01
1.306554429551119156e+01
1.393800105313788862e+01
1.388127289759449567e+01
1.340312071858212661e+01
1.297001356905031955e+01
1.322569012660244070e+01
1.449233693687424385e+01
1.364760077056521936e+01
1.335084832666996846e+01
1.383294131284007378e+01
1.362780512608742001e+01
1.377173336066895182e+01
1.277274886347070826e+01
1.396329393415587994e+01
1.386485318259465771e+01
1.330775109901288822e+01
1.378226043598266770e+01
1.284505747768772110e+01
1.357550510971376667e+01
1.377002492349353169e+01
1.368354630905780311e+01
1.341747428340665316e+01
1.373425511453241832e+01
1.393799557954869606e+01
1.300066169668539295e+01
1.376416102103740613e+01
1.306571514257727173e+01
1.290929196121599531e+01
1.432092623720696878e+01
1.447493464418273845e+01
1.394325726551259237e+01
1.417714090178458619e+01
1.254380273308311189e+01
1.371702813629288364e+01
1.409705077307502918e+01
1.313024094702063671e+01
1.396681764456082142e+01
1.390695812655025243e+01
1.343653666947674807e+01
1.390517571196874691e+01
1.427805338800333246e+01
1.429457468459242975e+01
1.404000663600830201e+01
1.421985916527650140e+01
1.436419291909328066e+01
1.288047052178476903e+01
1.366105161005627977e+01
1.308114404623156091e+01
1.386368716401372225e+01
1.447478507556324168e+01
1.288564225069028168e+01
1.376048515884070333e+01
1.421270178374735238e+01
1.365085129345797377e+01
1.435113146196032474e+01
1.386812918685359719e+01
1.334249484594135815e+01
1.409603915921788619e+01
1.402407165641172782e+01
1.334491681337949842e+01
1.288678461607757697e+01
1.404355316783227892e+01
1.315088011999314688e+01
1.281783942610406868e+01
1.356997661861677251e+01
1.354199560760113030e+01
1.301009532417382353e+01
1.291568859419431270e+01
1.290947492299557098e+01
1.292585760956327690e+01
1.354695048708845206e+01
1.405471854354225947e+01
1.445295286098340526e+01
1.301571370798217586e+01
1.355575359200973296e+01
1.339773446247835587e+01
1.374207806781188879e+01
1.408288738562649733e+01
1.313948287226679312e+01
1.381639381626536434e+01
1.342185644793625343e+01
1.376658886144818972e+01
1.394583961848124787e+01
1.465988747005816784e+01
1.472788170300993116e+01
1.319949092159355608e+01
1.388798385882810038e+01
1.385107177491432040e+01
1.422303211981027182e+01
1.465480487470467885e+01
1.347715526812277176e+01
1.278551637622624959e+01
1.337130001124313061e+01
1.452474173950601077e+01
1.372888786446804410e+01
1.383889638879340467e+01
1.394034168950458685e+01
1.377153984052780444e+01
1.321874722840630234e+01
1.350822453580322957e+01
1.392020106008806835e+01
1.437612178435993115e+01
1.349395428220185522e+01
1.412195498276219752e+01
1.317439871816870145e+01
1.349736852424231337e+01
1.401586465831037565e+01
1.401341381701365485e+01
1.357903539205372923e+01
1.372611977311411557e+01
1.345516260472259695e+01
1.395199517882426399e+01
1.353067677388295387e+01
1.395707948745945970e+01
1.322554037026561069e+01
1.377695574335773898e+01
1.398491445358881080e+01
1.373664365642366647e+01
1.299295341922366909e+01
1.380651252534485884e+01
1.448452412949461277e+01
1.410521483326560954e+01
1.331986481295171743e+01
1.460641845980193843e+01
1.367884638100121997e+01
1.385273357406396677e+01
1.387612433541278101e+01
1.391398179610736463e+01
1.397068141121784635e+01
1.343720218042891723e+01
1.366175137320399102e+01
1.355759416785561022e+01
1.370237465168065683e+01
1.355877852899851987e+01
1.443970247448923949e+01
1.442989185102757688e+01
1.301128588460375113e+01
1.415946805148497489e+01
1.382804184175401829e+01
1.331695494859916629e+01
1.426270124948755580e+01
1.312621705190665011e+01
1.379820339706003729e+01
1.344903521135859670e+01
1.299273101324451751e+01
1.347259007819414123e+01
1.365980429403268381e+01
1.407362779885377790e+01
1.300716988200303170e+01
1.421320589211225816e+01
1.350680149223702209e+01
1.300779326617801246e+01
1.380409775079577095e+01
1.376504580691134016e+01
1.299945890419218131e+01
1.311536433673707158e+01
1.403552186082609410e+01
1.443744418072154190e+01
1.326975444696014073e+01
1.325098657946255720e+01
1.301406564351573891e+01
1.321405969754391307e+01
1.336190272138565582e+01
1.378970484400250207e+01
1.343332799173732717e+01
1.367068600919321320e+01
1.451456747314981044e+01
1.404049136607357440e+01
1.377005764729477555e+01
1.362754048851420485e+01
1.335845244285815880e+01
1.405951414346434625e+01
1.338769637476704766e+01
1.341744110029179815e+01
1.320844662437734485e+01
1.399015080382650567e+01
1.420979081408432698e+01
1.321636713974995558e+01
1.334097567551303065e+01
1.354179948938326383e+01
1.437280374054010679e+01
1.334075943908524309e+01
1.429928408217451974e+01
1.380390376535023478e+01
1.491912461958476577e+01
1.415804932768402580e+01
1.389730858083140141e+01
1.313234966241318880e+01
1.384964136890545028e+01
1.398919234009019341e+01
1.390371986810879079e+01
1.438847641792414578e+01
1.429879618587953516e+01
1.329099053354068438e+01
1.379963425489260054e+01
1.374805670275113911e+01
1.398594535056638577e+01
1.406484391713033411e+01
1.391484567027141672e+01
1.359432847751950746e+01
1.423818154827324278e+01
1.309088277651291499e+01
1.294120066901382948e+01
1.440798763506800739e+01
1.358904603568526426e+01
1.262890283554733628e+01
1.346845280830315339e+01
1.352041860975905863e+01
1.422600610518014541e+01
1.325969260413106809e+01
1.361894551178328783e+01
1.300666237440904105e+01
1.466423824039204860e+01
1.353682282918218860e+01
1.403880241812937690e+01
1.377537449243884105e+01
1.417338424096998573e+01
1.401047979026868973e+01
1.394086603048495299e+01
1.337300325694403647e+01
1.371558253773947555e+01
1.357634259147889288e+01
1.377008539232901008e+01
1.425766084209535833e+01
1.381841526958183586e+01
1.394977565590644630e+01
1.399511723247105266e+01
1.368255255447053464e+01
1.440955137310831624e+01
1.429768176383948308e+01
1.401819137183107067e+01
1.422361703008633782e+01
1.265179558866382337e+01
1.359339074402343961e+01
1.361585806363046025e+01
1.365297464456420151e+01
1.359086056512413876e+01
1.396201899745332220e+01
1.368760221693849033e+01
1.506113413972004089e+01
1.329446197696044685e+01
1.413554112321998346e+01
1.452209236319526475e+01
1.263163610477416654e+01
1.370939077732700540e+01
1.357454216844549144e+01
1.326874587984655562e+01
1.252987036739721916e+01
1.371490532421784181e+01
1.337518691615686350e+01
1.438320336730850357e+01
1.308709084575183113e+01
1.399570542452577904e+01
1.406844392864147153e+01
1.452205158033507892e+01
1.397031612444937210e+01
1.389973251765495377e+01
1.424354290731637285e+01
1.320772670342889477e+01
1.389069809172249492e+01
1.397342475200009737e+01
1.285938199794030368e+01
1.348104872357178685e+01
1.350610115527860522e+01
1.404334128494724432e+01
1.397238784266214573e+01
1.357439415338969368e+01
1.272312956629749614e+01
1.471811007961940909e+01
1.377481309573306767e+01
1.387440424280142359e+01
1.356279229734813541e+01
1.416197942409068489e+01
1.335417109125494228e+01
1.284876541098576475e+01
1.337867995112391029e+01
1.318055507892623268e+01
1.328332450095802564e+01
1.442850908122604636e+01
1.335262686198126048e+01
1.377402077756078214e+01
1.398535124551325204e+01
1.370406393867937922e+01
1.415004119021885742e+01
1.365614536090935793e+01
1.373990672063647089e+01
1.393857824496618214e+01
1.457334745741781568e+01
1.402554089839016349e+01
1.310131812089005265e+01
1.371978330323856277e+01
1.392036778033411615e+01
1.357742025259830321e+01
1.372339674163682233e+01
1.350909430815862500e+01
1.436977064666205450e+01
1.287925834391019819e+01
1.328314667424599094e+01
1.372923340449825957e+01
1.370197168712297753e+01
1.333692375220058501e+01
1.419696298111733590e+01
1.269022750447277836e+01
1.305759609784459663e+01
1.372497623176369252e+01
1.394902731184037847e+01
1.408274807519018701e+01
1.317856276754051947e+01
1.372011656930551027e+01
1.317231144169811330e+01
1.382436949393181003e+01
1.344568685438207289e+01
1.428880987067043939e+01
1.364940539049355195e+01
1.263856570342988483e+01
1.439850027940960686e+01
1.311841435719462012e+01
1.433957630664878025e+01
1.325996999217522188e+01
1.289723030050563679e+01
1.436157721175277935e+01
1.404998304789024921e+01
1.383912805359784670e+01
1.344903901049430317e+01
1.348451155047610861e+01
1.347331840538042869e+01
1.379916457074019220e+01
1.353645616352429926e+01
1.384208226998591762e+01
1.321308892512131372e+01
1.369105685300475095e+01
1.401311646877765860e+01
1.429407439065767171e+01
1.386832603241719042e+01
1.367038107444951756e+01
1.393363487170638493e+01
1.371488768665846436e+01
1.350776870472348890e+01
1.391203298986985182e+01
1.348522310946894898e+01
1.360463345173090666e+01
1.444970664416918282e+01
1.326026941385119784e+01
1.287467378783648364e+01
1.311423566060134860e+01
1.297000250800897625e+01
1.369310043796734000e+01
1.340143498082941242e+01
1.371506341692843378e+01
1.425156985240642449e+01
1.236435715991929563e+01
1.357155111030598249e+01
1.372311635024240317e+01
1.337294075276905758e+01
1.385453415703821456e+01
1.282042816910663419e+01
1.392809871423123269e+01
1.357560425919728608e+01
1.421506231824228905e+01
1.329934004660196578e+01
1.337229752412278927e+01
1.323583344347960100e+01
1.291382311138752392e+01
1.385314329979795467e+01
1.397049038288473710e+01
1.350805862699127857e+01
1.338657647723249511e+01
1.384724268448976758e+01
1.296951934488845559e+01
1.396731653618098967e+01
1.367298709416608204e+01
1.377799860051444014e+01
1.422986912915183133e+01
1.457783085640707732e+01
1.325148604246834516e+01
1.401025483055393828e+01
1.346400193709048310e+01
1.342207841212568731e+01
1.386333802648247726e+01
1.336831999009038263e+01
1.355372485389175452e+01
1.370943336571938076e+01
1.335106578599667593e+01
1.298613833678934348e+01
1.361711705265316041e+01
1.362362588435606270e+01
1.361818678032317997e+01
1.453352051315491344e+01
1.425633191776637965e+01
1.440011050117441549e+01
1.448254856739708885e+01
1.325591429779460384e+01
1.357095907871208773e+01
1.384051262473839117e+01
1.338890351991927474e+01
1.348418182640949503e+01
1.454266224681502706e+01
1.408061787864476422e+01
1.332737642792970334e+01
1.391293990109701717e+01
1.353925920440304154e+01
1.375831816450787137e+01
1.391533981883170057e+01
1.345682614154528878e+01
1.385459151342213069e+01
1.373316015414881797e+01
1.408764691930047519e+01
1.369417825852375081e+01
1.312885855842914928e+01
1.365098838294584027e+01
1.415950317879563691e+01
1.352008865896537237e+01
1.348376280438970909e+01
1.344705739175682702e+01
1.319823408990013647e+01
1.377844482977217666e+01
1.396063231298563423e+01
1.363635551046709793e+01
1.389941598488569419e+01
1.319480900939865009e+01
1.383761485683016090e+01
1.364650350033368120e+01
1.330632321535243356e+01
1.450627590722971050e+01
1.329820648944580519e+01
1.366338955423654689e+01
1.325320873726779247e+01
1.354232270043142172e+01
1.328197516863922267e+01
1.458662489712565424e+01
1.330760791206600935e+01
1.375638660170580607e+01
1.321338836272083661e+01
1.287632386535195295e+01
1.389609334342319968e+01
1.397568925616934798e+01
1.350466864474679873e+01
1.445230891361087977e+01
1.366446236353534260e+01
1.455933125958411445e+01
1.358808628266928409e+01
1.386466332012598635e+01
1.323816837934814750e+01
1.451555314140673403e+01
1.398169242149302782e+01
1.303974049429609572e+01
1.327998951124810922e+01
1.384932847420403412e+01
1.407834076043276283e+01
1.321119462818393409e+01
1.381782503226504311e+01
1.385660654215615573e+01
1.362593006769521153e+01
1.388618003796811351e+01
1.425170274403643944e+01
1.318845577552681547e+01
1.352382228665467601e+01
1.409855638520406451e+01
1.403884639939299284e+01
1.459995593640910094e+01
1.462801044581560816e+01
1.364347052949624661e+01
1.370477111896860833e+01
1.358909434778821712e+01
1.443640417679054089e+01
1.381407417676028437e+01
1.421215427300752232e+01
1.384891935332575486e+01
1.431786822234803580e+01
1.372427466312509736e+01
1.368349939091256928e+01
1.378579717998423071e+01
1.324471142807083268e+01
1.438961711075822691e+01
1.347268787117618771e+01
1.393391659730096066e+01
1.360640928668055416e+01
1.345050708194245637e+01
1.360050496628480055e+01
1.369950074874612511e+01
1.340224645273373127e+01
1.357854900940664855e+01
1.361710220443918118e+01
1.343362667122866583e+01
1.376364465296358475e+01
1.365247851951364488e+01
1.380629759527667666e+01
1.361585655353395730e+01
1.419561702133552217e+01
1.408355164282470895e+01
1.344419249145201789e+01
1.393664423162932486e+01
1.420141487583399709e+01
1.338380460511972458e+01
1.380050206731617912e+01
1.402930044919277641e+01
1.366484080938478129e+01
1.389711762914055448e+01
1.289387385814580611e+01
1.333130980995622750e+01
1.274499078161704979e+01
1.425903961190157077e+01
1.400391241739461456e+01
1.277575440290362074e+01
1.386929330064714705e+01
1.352618492142044460e+01
1.386263796867288889e+01
1.404815039274205724e+01
1.283851445354381582e+01
1.384006056857150035e+01
1.419636315035164564e+01
1.380213665400306411e+01
1.408613312194500189e+01
1.360110487183408345e+01
1.368419646543562429e+01
1.266999301244672615e+01
1.359135106629531009e+01
1.325972933979412538e+01
1.270714882236421417e+01
1.390605855589842932e+01
1.427801767751830653e+01
1.410489619194843947e+01
1.316364779540723795e+01
1.361824687034899029e+01
1.370243900328955711e+01
1.287532118956029770e+01
1.337523593172487146e+01
1.395525365027483744e+01
1.400997515210378808e+01
1.358248431329416661e+01
1.302524020244123548e+01
1.298037743831413415e+01
1.438651128872750462e+01
1.395193895071775891e+01
1.413012117115104260e+01
1.390142290289200488e+01
1.431943545330897472e+01
1.370147136219518558e+01
1.393733973430065198e+01
1.325837531317481321e+01
1.421914348803940875e+01
1.423351591242599845e+01
1.389336627843463390e+01
1.372735540436174162e+01
1.315519357744782880e+01
1.424002640971590772e+01
1.380094372475079822e+01
1.224590797369663875e+01
1.440299170342319357e+01
1.343264242135356490e+01
1.335262071907620296e+01
1.334356946169651614e+01
1.384851471526739886e+01
1.405823206405995407e+01
1.320139579315801726e+01
1.372845360330314435e+01
1.356220055518844170e+01
1.359637535169817468e+01
1.350921366490222830e+01
1.456516224793961634e+01
1.355235533790014557e+01
1.464172720751654211e+01
1.388232233395126691e+01
1.458567509219523295e+01
1.371953430776537886e+01
1.354648005838196312e+01
1.336667175895147786e+01
1.438999373782174906e+01
1.383539200187856899e+01
1.441626469514295827e+01
1.433948661099580058e+01
1.348852268601659610e+01
1.316771882415474693e+01
1.322386871350299486e+01
1.334481314904560989e+01
1.428828897572613243e+01
1.334645599861304888e+01
1.388000259630240052e+01
1.382939395193882604e+01
1.333384835392357104e+01
1.400580350448710476e+01
1.428230282599226086e+01
1.300137825618443976e+01
1.366751559273109784e+01
1.353648102737608205e+01
1.425321166497019298e+01
1.368316017742917445e+01
1.306256448367366829e+01
1.389912823119646212e+01
1.337853752014184572e+01
1.482812237237669351e+01
1.318763566865282577e+01
1.394988390296708580e+01
1.407033780682080959e+01
1.396431128474446837e+01
1.351264734307018855e+01
1.328646284891295259e+01
1.317228733235879901e+01
1.406664966113505955e+01
1.437589134708760596e+01
1.348230283794832651e+01
1.312373719075347012e+01
1.404633425269683400e+01
1.435870709857409722e+01
1.320248300258652563e+01
1.400310507570333485e+01
1.317669887514014704e+01
1.342267710727995578e+01
1.356803450496647301e+01
1.427809989816022096e+01
1.351512718137545477e+01
1.390312548748683419e+01
1.433206614932007561e+01
1.430808084451868112e+01
1.310775153267256066e+01
1.317726726743477883e+01
1.346285247009545216e+01
1.380760768405538741e+01
1.420847127669748744e+01
1.313828160983988269e+01
1.308746275034089201e+01
1.350244855277654388e+01
1.400840795676760386e+01
1.422285129850393481e+01
1.361732416534256274e+01
1.293875048526550842e+01
1.290873698296584848e+01
1.416636611304394755e+01
1.360033932342588514e+01
1.362146967585460544e+01
1.332514993642477208e+01
1.429461883333567052e+01
1.397224005786045531e+01
1.293559897671118364e+01
1.401389152125467774e+01
1.383917461789916814e+01
1.377415126857510153e+01
1.387848315585264913e+01
1.268497049783331221e+01
1.401331770585115422e+01
1.326128001304094539e+01
1.434408931798866149e+01
1.366504710992837168e+01
1.286912936439033217e+01
1.338911126211303504e+01
1.467950127675588590e+01
1.356907492634667456e+01
1.340686772448668407e+01
1.378636429580453715e+01
1.334776661216050364e+01
1.384629024954613463e+01
1.317443130355675507e+01
1.447292474853439259e+01
1.348605026628636949e+01
1.425377934529444701e+01
1.363897735003406808e+01
1.324430186497138351e+01
1.360815552421116159e+01
1.364857160308578621e+01
1.258238840455660679e+01
1.383380586515659161e+01
1.402673058952750296e+01
1.348022935345326623e+01
1.350756203376982612e+01
1.344191540860223633e+01
1.456152183158621227e+01
1.305252493717303430e+01
1.387513125972827410e+01
1.365957322283249553e+01
1.338033655433658176e+01
1.437548352614880187e+01
1.381926967822750640e+01
1.394273304168134153e+01
1.373507707577283554e+01
1.314202036133920792e+01
1.364739191091837789e+01
1.393167945204670133e+01
1.357914664397847559e+01
1.458573011280081211e+01
1.329649666196776892e+01
1.350503816036514060e+01
1.434640908412030669e+01
1.360651212765134055e+01
1.414848273899107056e+01
1.370278612875788227e+01
1.455660518397503544e+01
1.267669721066658894e+01
1.340001803174749817e+01
1.396053689750723592e+01
1.330550238034669341e+01
1.396261291010965166e+01
1.374021993418188536e+01
1.458234967025285833e+01
1.316182715410972648e+01
1.401398279284008019e+01
1.397845602114605157e+01
1.397249119287343433e+01
1.369603168395327231e+01
1.409156800035378332e+01
1.335457491410860342e+01
1.375007402288575165e+01
1.362548758326242648e+01
1.331106862463677842e+01
1.262938189340191641e+01
1.378840323815668079e+01
1.319982657058981879e+01
1.352787089818514588e+01
1.378450052140862780e+01
1.319430553501967829e+01
1.382749741626338924e+01
1.448344551113973111e+01
1.335158787549900339e+01
1.422609900788421555e+01
1.333927557625611904e+01
1.421193478189867143e+01
1.336943163006389312e+01
1.453204014537398692e+01
1.364658270801462692e+01
1.415829917623672429e+01
1.265817461742698669e+01
1.414356581785379774e+01
1.285382177120507663e+01
1.260671613154542747e+01
1.235350442573661667e+01
1.339027268867249809e+01
1.352117355178921798e+01
1.458221489641094060e+01
1.378374531753806487e+01
1.350887947907147435e+01
1.348229089051194052e+01
1.340189556241696422e+01
1.308365365842315420e+01
1.375421046930811997e+01
1.379741495299446541e+01
1.271445424649920319e+01
1.387481423103846545e+01
1.374539428621813997e+01
1.424407849483317534e+01
1.395706898402163176e+01
1.291497643856970612e+01
1.398334039402673667e+01
1.437166935071263119e+01
1.490871442008493908e+01
1.419230657520634509e+01
1.397124517181890724e+01
1.342489165523662287e+01
1.399349342180110867e+01
1.385381034370697861e+01
1.423995363470139353e+01
1.341432403256670369e+01
1.326533647672698990e+01
1.444885057425276464e+01
1.371948309599393845e+01
1.391582234670709184e+01
1.315199468474492051e+01
1.400281052815435423e+01
1.360874556971821114e+01
1.431574261215853383e+01
1.338192667869313190e+01
1.443891327988052531e+01
1.398253564161969464e+01
1.448069798643474471e+01
1.367403093239433431e+01
1.444902936860646037e+01
1.326569059942953466e+01
1.329487094768974309e+01
1.276259337754056489e+01
1.341457301718352113e+01
1.393188636757636978e+01
1.288687732490002347e+01
1.322388456056754258e+01
1.369227899270009274e+01
1.385053109819822659e+01
1.400274000921565154e+01
1.326892095610163480e+01
1.291597644743340823e+01
1.332415134019104208e+01
1.214791881490531011e+01
1.351397846783731715e+01
1.354040821237291148e+01
1.344006739251339688e+01
1.300066300949194975e+01
1.443830725198942133e+01
1.343047506586101214e+01
1.385379971128046606e+01
1.244083339065880445e+01
1.405841509895369335e+01
1.357848461271451868e+01
1.328746683045164190e+01
1.392225217532775972e+01
1.402638757085203736e+01
1.430517183012410953e+01
1.387262980923239830e+01
1.349776226781469823e+01
1.367760232834616474e+01
1.340004441660761891e+01
1.398972215102690875e+01
1.326763000851069307e+01
1.308871007563192457e+01
1.359892149498377378e+01
1.406608355062500415e+01
1.352877663398029107e+01
1.428013711307853839e+01
1.323856887877236232e+01
1.343408157103588429e+01
1.316656557260310478e+01
1.293933781778526360e+01
1.356627214059643016e+01
1.423884626549879506e+01
1.432873625721562938e+01
1.295297316055965453e+01
1.445510350899544427e+01
1.376252591482193921e+01
1.401222495422819492e+01
1.412057587485415233e+01
1.434763221370778652e+01
1.321503523819970383e+01
1.417375942716790860e+01
1.382903672288432340e+01
1.380834399256777800e+01
1.367854920345663494e+01
1.326243381890745177e+01
1.373973482576942651e+01
1.346720854263647205e+01
1.422020624212954409e+01
1.383628526965779137e+01
1.462968029558149929e+01
1.347532677301288651e+01
1.263287009924405879e+01
1.290034426780125010e+01
1.314687278152168481e+01
1.373337601685791398e+01
1.346948766631033934e+01
1.378741619569086474e+01
1.386174640306541761e+01
1.343475998167278895e+01
1.443962515975302452e+01
1.357498856504850870e+01
1.453181711607209436e+01
1.459589749697165040e+01
1.381008519584069028e+01
1.435115663130838826e+01
1.350532175246281064e+01
1.381484690086220546e+01
1.325431384918308453e+01
1.383872361858980504e+01
1.367402895949809150e+01
1.402759498109336889e+01
1.407123825324831401e+01
1.407671940512000042e+01
1.376431155839020271e+01
1.371432051926837126e+01
1.403464539121102206e+01
1.367580245270820072e+01
1.307294024648656006e+01
1.405318406709267443e+01
1.424119729463841466e+01
1.375433682966382776e+01
1.418832711567115545e+01
1.296906456713492339e+01
1.494644925828437110e+01
1.310919938498688531e+01
1.408428676054143835e+01
1.392028594077807746e+01
1.285376719291665815e+01
1.357824404598644463e+01
1.428887858584606363e+01
1.294032345894296299e+01
1.356909734136644730e+01
1.395746713807626094e+01
1.429008389319786332e+01
1.333311639331510889e+01
1.367156450825266312e+01
1.366861170915218260e+01
1.460477882439645825e+01
1.327495086275809300e+01
1.405822203777682411e+01
1.340092150562024109e+01
1.449914619028373686e+01
1.352622037132976374e+01
1.300943200531995636e+01
1.336561690138685776e+01
1.359006556386422382e+01
1.311822675470573252e+01
1.384166696100679061e+01
1.331701700023765689e+01
1.416249210144189519e+01
1.396154315676496616e+01
1.334198795528336845e+01
1.373193206982482018e+01
1.294042420796593973e+01
1.339268067199999201e+01
1.443909636215835057e+01
1.355655931364624500e+01
1.275863090707277614e+01
1.414919050707478654e+01
1.396624813326563519e+01
1.243956357310046990e+01
1.456320879587894446e+01
1.331268077843388475e+01
1.460963878409574868e+01
1.321375932493881677e+01
1.360943669401783929e+01
1.437427813895025075e+01
1.363000186064189556e+01
1.392020296740475871e+01
1.371332877207305501e+01
1.326593639505960454e+01
1.414402064365951972e+01
1.384088353545089056e+01
1.346563900095305222e+01
1.336353896607570313e+01
1.406992451469084315e+01
1.450915819944438745e+01
1.393259748251041330e+01
1.344336816233988863e+01
1.315756957154179396e+01
1.318404998486152380e+01
1.448411679545253961e+01
1.327974035248193907e+01
1.400482819035145532e+01
1.354163074696717572e+01
1.367014719181338656e+01
1.384939389372845220e+01
1.491189276532359997e+01
1.420554434345823758e+01
1.326189589632348564e+01
1.434704604620191049e+01
1.386227580650932723e+01
1.296788207542028282e+01
1.360582533178872566e+01
1.403294954085955659e+01
1.432772683725938379e+01
1.286216018230955704e+01
1.339903785133989800e+01
1.428108794521346248e+01
1.409000730497230869e+01
1.346439727174122147e+01
1.328519003438854007e+01
1.239551345683075390e+01
1.304839559427811757e+01
1.400889655206196061e+01
1.485710685118800711e+01
1.339369761043160167e+01
1.417087358711223644e+01
1.448709872328052484e+01
1.370128043080025115e+01
1.402518145037192809e+01
1.419320131421738118e+01
1.392350878617986965e+01
1.353486423206507716e+01
1.366633860683732138e+01
1.371176393167952234e+01
1.386088969233240498e+01
1.351088231101328496e+01
1.386380454676225504e+01
1.364346171050352652e+01
1.417480002651298499e+01
1.307549745247702333e+01
1.359610315495083377e+01
1.383608921406862891e+01
1.348794244949117882e+01
1.312174730726257366e+01
1.376615040744209395e+01
1.353836005253082497e+01
1.427102286543620835e+01
1.281290901053840514e+01
1.335933834814373711e+01
1.334088949464888785e+01
1.406210321219427328e+01
1.362803229405445116e+01
1.456181669811565271e+01
1.346222037608878885e+01
1.448343147908648021e+01
1.363162601783453809e+01
1.402211174140136940e+01
1.423365679249669746e+01
1.378173112807724188e+01
1.332870999057751504e+01
1.322681083195625718e+01
1.386625199048196144e+01
1.318879786049889091e+01
1.304715626955063357e+01
1.335303181297492436e+01
1.455878657094439177e+01
1.312638387184624023e+01
1.361702281846037366e+01
1.353970860873105053e+01
1.392019034676774858e+01
1.314906490945253026e+01
1.245318187635827378e+01
1.407367483155421084e+01
1.333377883483671766e+01
1.280138057597057433e+01
1.368424947931327296e+01
1.326085948712950646e+01
1.385877169376059470e+01
1.398564956460534425e+01
1.393589791956176427e+01
1.397560791171509287e+01
1.424817304661417161e+01
1.401064994312577916e+01
1.422896157202869105e+01
1.422333414164593357e+01
1.317532960546188647e+01
1.342243186207580941e+01
1.287036924658529813e+01
1.316621966015611989e+01
1.309744285165578148e+01
1.371500876157947246e+01
1.326286142934209522e+01
1.319061740513009084e+01
1.435838160170941258e+01
1.394336168273679988e+01
1.344099139466714199e+01
1.332773248023685042e+01
1.379109329421621766e+01
1.369198662812885381e+01
1.381993891904710559e+01
1.472558148684304058e+01
1.383783571518142885e+01
1.376836502591281608e+01
1.413846929158240684e+01
1.396172066142236368e+01
1.324594006901141263e+01
1.379316727158445666e+01
1.445163184825714353e+01
1.334124612093702922e+01
1.385092208311354156e+01
1.349920785116946043e+01
1.348169307602877964e+01
1.355476927343253735e+01
1.394343006595474677e+01
1.322370439740397607e+01
1.472876890916833936e+01
1.355882290250178812e+01
1.257792262327892274e+01
1.375799915248335381e+01
1.440224768432338109e+01
1.454931076885494079e+01
1.418232158719493796e+01
1.377788662342330994e+01
1.386999927270240462e+01
1.399960474539787825e+01
1.330182172972603993e+01
1.378765766393710201e+01
1.374017553525748880e+01
1.314788609018050280e+01
1.382526384773462880e+01
1.339523384562222041e+01
1.385352499916538349e+01
1.404786444595431050e+01
1.369682023053155362e+01
1.269674136048957536e+01
1.367934026716578799e+01
1.399594716051809762e+01
1.530116490851784228e+01
1.356850810821937081e+01
1.349129720137252697e+01
1.398528707686047845e+01
1.384307278046195222e+01
1.360704783833029730e+01
1.373315979856325875e+01
1.370757013019674453e+01
1.353636481414320158e+01
1.381737930931718061e+01
1.233140365466612742e+01
1.393455043252000891e+01
1.410508638316911778e+01
1.381447148997701468e+01
1.354735098838154528e+01
1.376119063650083518e+01
1.349504737605919580e+01
1.313783499371917074e+01
1.377758506522580184e+01
1.459689867646616968e+01
1.325409727454962372e+01
1.430670874670552450e+01
1.383569043199300452e+01
1.374413907757987552e+01
1.360496860441170597e+01
1.388287581349723965e+01
1.347208184729707803e+01
1.390469903724163991e+01
1.332400419078010856e+01
1.343655617432507832e+01
1.421077850198691550e+01
1.370568962728382800e+01
1.456721121857195911e+01
1.332597355262176109e+01
1.442724106819690988e+01
1.490669858367994927e+01
1.322361579503383133e+01
1.395579222702128952e+01
1.368673951283403234e+01
1.406520299293051757e+01
1.352999725965642241e+01
1.348971233661327673e+01
1.366786814108828452e+01
1.361560953580025846e+01
1.287021258555100189e+01
1.390959433862033912e+01
1.320396629956333534e+01
1.416235721117356938e+01
1.336038403062913638e+01
1.374945297596168992e+01
1.348594694113442927e+01
1.390393701419764838e+01
1.416574996264879616e+01
1.314650195976416747e+01
1.319570910180128998e+01
1.393303840844438746e+01
1.383621286010307294e+01
1.360792374132643978e+01
1.373408767189791746e+01
1.388208705216029060e+01
1.329251601494088142e+01
1.369223251174311251e+01
1.428904206466330606e+01
1.369901821537441933e+01
1.409610373413645945e+01
1.408472649222448325e+01
1.297716290473712064e+01
1.375245186605035741e+01
1.376168576898986373e+01
1.316866561215197962e+01
1.360000527479314236e+01
1.417362942647219093e+01
1.399758010203889391e+01
1.314458357322055804e+01
1.349773898015699025e+01
1.339796446496540128e+01
1.409359830238329003e+01
1.351286399921719372e+01
1.326069207268823114e+01
1.385752997797857056e+01
1.280544566586857691e+01
1.348308694123450202e+01
1.323852523540562665e+01
1.400060538321174164e+01
1.350445929566322079e+01
1.280816095087127238e+01
1.390262484631271178e+01
1.396369790913996844e+01
1.418434804906367930e+01
1.417924001593990724e+01
1.371624884437980896e+01
1.286998230363462881e+01
1.357782789037266014e+01
1.408362921006049184e+01
1.429610215107505056e+01
1.382266060134841901e+01
1.298871393061171986e+01
1.313578937040205830e+01
1.319863004386455785e+01
1.355859208172317842e+01
1.351127666737901123e+01
1.443904062036070890e+01
1.362465174713290317e+01
1.393322863796431399e+01
1.394994464538426016e+01
1.341004890840194363e+01
1.397325539548921647e+01
1.397271450619124167e+01
1.358781480699543209e+01
1.394627303131000318e+01
1.382440092104156015e+01
1.323604114425811851e+01
1.373819353690227274e+01
1.442586634731938844e+01
1.336200836703275563e+01
1.342655604754494192e+01
1.294427746341033725e+01
1.403270276035480535e+01
1.457230893560884688e+01
1.305750145961296305e+01
1.340694314458595571e+01
1.402804513654912455e+01
1.380946583081250623e+01
1.357905880669566479e+01
1.331157399808416208e+01
1.501756708348851355e+01
1.326903204155146554e+01
1.369708744491069297e+01
1.424258822103314159e+01
1.316798222197981438e+01
1.413274063885186216e+01
1.372601424020435879e+01
1.383479271425084889e+01
1.359776653347414133e+01
1.409775530311693004e+01
1.370370413783646235e+01
1.436690743098846390e+01
1.450278417581143486e+01
1.482948314303211923e+01
1.372741845719816745e+01
1.357679245913999821e+01
1.334378940313586703e+01
1.489471337653167282e+01
1.430687860999615424e+01
1.403410368322712998e+01
1.394877210046551141e+01
1.364325132415472375e+01
1.423606189577557402e+01
1.367299863603009236e+01
1.398999349402744841e+01
1.366265140780139831e+01
1.420393248130089781e+01
1.358744881457212372e+01
1.305068974897096723e+01
1.316961647269207170e+01
1.326871719700510965e+01
1.408276454480873596e+01
1.338869552700958998e+01
1.474466385760062792e+01
1.361713983304506748e+01
1.409792843343404911e+01
1.365023134487390521e+01
1.344634013326314381e+01
1.290997384936958348e+01
1.329082746323936703e+01
1.424392595370685122e+01
1.363336123940424116e+01
1.336068246024896844e+01
1.374175678844428106e+01
1.401244095629023434e+01
1.339591221470463189e+01
1.437782421094032870e+01
1.469076878505695660e+01
1.334297597414339798e+01
1.409035979990788512e+01
1.422156086101017181e+01
1.371289056396232020e+01
1.369585644838887362e+01
1.379674402918543841e+01
1.321966283741227954e+01
1.423014785401144344e+01
1.395725412389742104e+01
1.319994130721828185e+01
1.388744627487648309e+01
1.413425746148833007e+01
1.387608222545401127e+01
1.369842886163094420e+01
1.426953290472432201e+01
1.259397523900837434e+01
1.426804999090814441e+01
1.371634876664613323e+01
1.401421233586524018e+01
1.412367718964135044e+01
1.326172154208809140e+01
1.345076636533184633e+01
1.387978747882386088e+01
1.405513278394213117e+01
1.436497208995744401e+01
1.327314083558598945e+01
1.340639649729275540e+01
1.261596087018783230e+01
1.415153721086910288e+01
1.344252842240841872e+01
1.415352360438607171e+01
1.409534530371667493e+01
1.407654831756875424e+01
1.414882134221830334e+01
1.310527661841214986e+01
1.358378220685344573e+01
1.370395418625318840e+01
1.298587700414043589e+01
1.362593570154293054e+01
1.369982272971058990e+01
1.294969425772371352e+01
1.405750471216535757e+01
1.414410844894481656e+01
1.353047937613640528e+01
1.367499824268606012e+01
1.381486740137841984e+01
1.404611674430478807e+01
1.398301314389156502e+01
1.419393715337663942e+01
1.315945460386006438e+01
1.415972966607056094e+01
1.332050300029901635e+01
1.369191106782271206e+01
1.447226069017069960e+01
1.314384160764824472e+01
1.396826172897952034e+01
1.371732199222618931e+01
1.363750637842834479e+01
1.384544954854806953e+01
1.425687161650768964e+01
1.403736318955148121e+01
1.442267156253714866e+01
1.362375926027299400e+01
1.417587958634719136e+01
1.254742791758325815e+01
1.443486059377460684e+01
1.284825720730751719e+01
1.429170932812032824e+01
1.453737605883817885e+01
1.364449105050806565e+01
1.334880121140605880e+01
1.345974900867046031e+01
1.372895568778881703e+01
1.445591197369585323e+01
1.376742953155005011e+01
1.342849703526923300e+01
1.269869650850982978e+01
1.387682069590063705e+01
1.258594151582400045e+01
1.311322312690649206e+01
1.277576501492417904e+01
1.451212661760449407e+01
1.412054987414663465e+01
1.379092055856663279e+01
1.299374469750130956e+01
1.377370064147863360e+01
1.332049528192630916e+01
1.403864974949171085e+01
1.356022119983807883e+01
1.376273920650789329e+01
1.401964547243034964e+01
1.473242802845838995e+01
1.327319972654080615e+01
1.397502580391246951e+01
1.433915608064682345e+01
1.408475588416137469e+01
1.412359361357346010e+01
1.365590005602597046e+01
1.433690985323885414e+01
1.382629379475689291e+01
1.432316032000881023e+01
1.389972836159081915e+01
1.332169082073788502e+01
1.360224481628345927e+01
1.324157513272010078e+01
1.375320250938231226e+01
1.294407990274084419e+01
1.357232272192759126e+01
1.358200965296060225e+01
1.412528556011628567e+01
1.372838395557774760e+01
1.337444470719890965e+01
1.314347966983198113e+01
1.346900796420234592e+01
1.357838090930847130e+01
1.459162613005859832e+01
1.311399362662456802e+01
1.384448268072400445e+01
1.379710226543793539e+01
1.417268925142765568e+01
1.424355470609487639e+01
1.353647951500978586e+01
1.339480570293157946e+01
1.280985545613788368e+01
1.320552465976856915e+01
1.363531308639863759e+01
1.272932235965192405e+01
1.315069795848688017e+01
1.332060253020383023e+01
1.254659556981069635e+01
1.466844480950740071e+01
1.302224671796806810e+01
1.340165917799826723e+01
1.380703143334568317e+01
1.376644234873176309e+01
1.325256015869505788e+01
1.400238726936345834e+01
1.366034617033606757e+01
1.337178788533177887e+01
1.332147777971966640e+01
1.413098354377244803e+01
1.373348082645350843e+01
1.354030058409391479e+01
1.344847086215393794e+01
1.427693942629714563e+01
1.423437091322339221e+01
1.372179129104409689e+01
1.320166840973600664e+01
1.341406992136279719e+01
1.369484025148410211e+01
1.371507308609471032e+01
1.377300715459591451e+01
1.332238259283172965e+01
1.398537389512060791e+01
1.352739105159522026e+01
1.345665030338346391e+01
1.392593443868789116e+01
1.411708949339482011e+01
1.370133878222685375e+01
1.362250655651621223e+01
1.432701791687012438e+01
1.376008700126988948e+01
1.344976976853747175e+01
1.335677024487729803e+01
1.371518902980209553e+01
1.381467654933569733e+01
1.314403395580553990e+01
1.439334767575364182e+01
1.311298842980262513e+01
1.376482410555296632e+01
1.288898415330282177e+01
1.367618770268122042e+01
1.363394091382426510e+01
1.315857189133793170e+01
1.379469725089251675e+01
1.460765569075067560e+01
1.289635410392738812e+01
1.404738144516996989e+01
1.347389082463706167e+01
1.345738415768490448e+01
1.351789147269130176e+01
1.374225572838049203e+01
1.352238434217248120e+01
1.332099278326695035e+01
1.397938886709193618e+01
1.327749304542419040e+01
1.435760292391113957e+01
1.503581637193892639e+01
1.423500180601371135e+01
1.350688903054371615e+01
1.366396525662792705e+01
1.404842867523192673e+01
1.304206433337100890e+01
1.334014946215813424e+01
1.394198314136139771e+01
1.289823986732139360e+01
1.442357575385704394e+01
1.362210147839591023e+01
1.321115354842265077e+01
1.395841564275582591e+01
1.444616831986157202e+01
1.461613890665659454e+01
1.331847148787226764e+01
1.367343599096834161e+01
1.294679469561754992e+01
1.416496167482296187e+01
1.276832090505046935e+01
1.349551238409620169e+01
1.324818731641683378e+01
1.408365660353836368e+01
1.365337821305232602e+01
1.397734394875062236e+01
1.351789437152586792e+01
1.385034838980419458e+01
1.345006225618580231e+01
1.449057064084665924e+01
1.372300823438803441e+01
1.395241402149006760e+01
1.385804801227587646e+01
1.294594268041367968e+01
1.395329261057114323e+01
1.368514652533481701e+01
1.340810820415671323e+01
1.337752444350847192e+01
1.370295155504231843e+01
1.347026291305394174e+01
1.336924983677374890e+01
1.391853185853916663e+01
1.421625363041947487e+01
1.443556680767875555e+01
1.383568303752615591e+01
1.408480454716436192e+01
1.342827520605765379e+01
1.372822370284021964e+01
1.426705249001542519e+01
1.381320069195939126e+01
1.384586327297575181e+01
1.405117964835833000e+01
1.338861940681585239e+01
1.383583704287030969e+01
1.333657618520599186e+01
1.395895751186391642e+01
1.351415224551996452e+01
1.429498505735012337e+01
1.367888774761093984e+01
1.338815020536114808e+01
1.311429037969332079e+01
1.410979267144343829e+01
1.297533925309814684e+01
1.256149631525336297e+01
1.345118308255667650e+01
1.296809578365034810e+01
1.311761162599431429e+01
1.318145287108128549e+01
1.414113198998079035e+01
1.450771443948782746e+01
1.395811927312265688e+01
1.368502288460601157e+01
1.298681565054342357e+01
1.322829732868826191e+01
1.369461001005980627e+01
1.437264299772133214e+01
1.428427812667141694e+01
1.395992589347024548e+01
1.353566669100298725e+01
1.430637345573400054e+01
1.378344068101357678e+01
1.416353637327962822e+01
1.335230080717570367e+01
1.401561062437076188e+01
1.375670888455602636e+01
1.302834518167650479e+01
1.314949582115226967e+01
1.330001206846440276e+01
1.430290788752076026e+01
1.378566442146674653e+01
1.389793550351740770e+01
1.390200328798723817e+01
1.438719061302515634e+01
1.323216063675676679e+01
1.343170808134001781e+01
1.350840128644453131e+01
1.415371415648240117e+01
1.412173458004178528e+01
1.346512193170385707e+01
1.374717045687590655e+01
1.354950890867262459e+01
1.459987683961634986e+01
1.385751181577338542e+01
1.352410940296672059e+01
1.292133068121101402e+01
1.408026063383050186e+01
1.359265569860976797e+01
1.399664841612554333e+01
1.357707227373885317e+01
1.405712109721814329e+01
1.320718753390582378e+01
1.360658483920224171e+01
1.376060811026706254e+01
1.379330543016463118e+01
1.314301687764318061e+01
1.353560554327138910e+01
1.410226449796076764e+01
1.300124214458065275e+01
1.417192467279494927e+01
1.425926779036964831e+01
1.361885967630707839e+01
1.382683043313184257e+01
1.373195258840638111e+01
1.420223775480318018e+01
1.347966491600582906e+01
1.381757184246397152e+01
1.367596167797740492e+01
1.329973577781835914e+01
1.341978229729692096e+01
1.338072909146911194e+01
1.393229227841746720e+01
1.294440007683967053e+01
1.312397025492900404e+01
1.342235282486589121e+01
1.391510255878845648e+01
1.390275892128229351e+01
1.374101504261655826e+01
1.355049977387204585e+01
1.323948467437731580e+01
1.369069137259282343e+01
1.282717479364374391e+01
1.332175071128112975e+01
1.429902778290341736e+01
1.431936347901436690e+01
1.368536061290589068e+01
1.398162013642441259e+01
1.371129561637943972e+01
1.381117137005293394e+01
1.381461126960917163e+01
1.320100398124596275e+01
1.342928793389738829e+01
1.439723826524268091e+01
1.364759619795129986e+01
1.410985537063281647e+01
1.431983694831565579e+01
1.338165716928438975e+01
1.436233082033534636e+01
1.329834120041571133e+01
1.424168861849216583e+01
1.319820602992742664e+01
1.318691751954937530e+01
1.314792985410243098e+01
1.416509957535694220e+01
1.397265085252276151e+01
1.392567198480460711e+01
1.361057002502989910e+01
1.389821146008481811e+01
1.454504317420116699e+01
1.426341642281465738e+01
1.383508785949469733e+01
1.357560251181023503e+01
1.313159465774726975e+01
1.382252503718117076e+01
1.387042784512888360e+01
1.375778413842829195e+01
1.355573635733399662e+01
1.307115356408757556e+01
1.397264611454956906e+01
1.345070012400208981e+01
1.292659250674481441e+01
1.332871333856390095e+01
1.330297019230263444e+01
1.403577241746830140e+01
1.357336708554895921e+01
1.387500361952655403e+01
1.328187866367734316e+01
1.373168873559730407e+01
1.347124078910150757e+01
1.323458701306823748e+01
1.365784269462861644e+01
1.376072257361499140e+01
1.381684754941608873e+01
1.367512957984524924e+01
1.406510080671501584e+01
1.287951663410304803e+01
1.293901229836580846e+01
1.429461855163715889e+01
1.418153362289552355e+01
1.311909008136725419e+01
1.325289018930448925e+01
1.388640185870991317e+01
1.412431020463783504e+01
1.385974529513926612e+01
1.337992791785915436e+01
1.390776979695678506e+01
1.386071091970166691e+01
1.342172863669961380e+01
1.463395200619682335e+01
1.322870316998947615e+01
1.422332802117502659e+01
1.283906510302872661e+01
1.302382128463523969e+01
1.319122831499588244e+01
1.279380968979700839e+01
1.404614564357117601e+01
1.348344665561864630e+01
1.373768885728866351e+01
1.458907046238693717e+01
1.405278496381434294e+01
1.294359291782831001e+01
1.429570975514149289e+01
1.405301455806548461e+01
1.437939096308755893e+01
1.405990469131001852e+01
1.350481690337836049e+01
1.407263299343432017e+01
1.280320065198224100e+01
1.396007555075561335e+01
1.350533367529544648e+01
1.483993970298690179e+01
1.399036017427521195e+01
1.295527324283984960e+01
1.315727984144987239e+01
1.365343688415581624e+01
1.398787781379856021e+01
1.436723450881857644e+01
1.440137087333571309e+01
1.367582680912712334e+01
1.330565157295759171e+01
1.369910966787517914e+01
1.386830887504262400e+01
1.305009618276937822e+01
1.378584074291658901e+01
1.351145952849705800e+01
1.387171237700476745e+01
1.337106850798266855e+01
1.393047108421523816e+01
1.352072189673689451e+01
1.293470320297025289e+01
1.358679637290518549e+01
1.388087789139868633e+01
1.410048288429883634e+01
1.370880096212250443e+01
1.409254144586577695e+01
1.326415827898683197e+01
1.301351004660466870e+01
1.358021010195333744e+01
1.408273378155312194e+01
1.393282271781515647e+01
1.454666450865188665e+01
1.290245477525578899e+01
1.391401750887071920e+01
1.311569794904026054e+01
1.405975429761627460e+01
1.337799606404891328e+01
1.373221652276978411e+01
1.360254619519933250e+01
1.412484931168848590e+01
1.330625956477822847e+01
1.388862387869747117e+01
1.323209106566401694e+01
1.333657338558350425e+01
1.378079274869207360e+01
1.458982864647710009e+01
1.397881604477600348e+01
1.391317546967808561e+01
1.292543313280583028e+01
1.253975202381222154e+01
1.411896021133106949e+01
1.344772969718888689e+01
1.368450281548649805e+01
1.362635886406861019e+01
1.297383413017425191e+01
1.354886359485223224e+01
1.265167492541630168e+01
1.405485016442796997e+01
1.360206469711313915e+01
1.439084311939342165e+01
1.386316268387368744e+01
1.340190355440006087e+01
1.318427916625894980e+01
1.402197449634847359e+01
1.363563703705248997e+01
1.319841493507061791e+01
1.424849270761931308e+01
1.308752404587835727e+01
1.372937526440751199e+01
1.346410886399394435e+01
1.421625153550061071e+01
1.309608989552203262e+01
1.406931398125664145e+01
1.328304140349682427e+01
1.347659956613152232e+01
1.436835521276508665e+01
1.413220862083397655e+01
1.359883523920401238e+01
1.338411441480578112e+01
1.431433291649825890e+01
1.319634147962414339e+01
1.336899531568288069e+01
1.311381185957878159e+01
1.368181391630775501e+01
1.419671674987523602e+01
1.410350236744631935e+01
1.362987280078370489e+01
1.390109666934450239e+01
1.410902859340223792e+01
1.342145753505900174e+01
1.275917203277718492e+01
1.327983197739958143e+01
1.383755110723369341e+01
1.343621124027509772e+01
1.375791786621190482e+01
1.368904803649132518e+01
1.311174916618152864e+01
1.428060552389386118e+01
1.441785076935667753e+01
1.430124729587794263e+01
1.380246677750475826e+01
1.392135081772787686e+01
1.411372348701027413e+01
1.341123131638575572e+01
1.318439005397346442e+01
1.398466151884176689e+01
1.357149412125508725e+01
1.368831046877121693e+01
1.298681008696140715e+01
1.296593869307640290e+01
1.400072011597057120e+01
1.361317636257997421e+01
1.433530122046902910e+01
1.435640532496158706e+01
1.322141703028552229e+01
1.396838364787362252e+01
1.380110161429987592e+01
1.353403956692031684e+01
1.418758051705589729e+01
1.374853320541791035e+01
1.423168942385654390e+01
1.417334494829119151e+01
1.351479854251131663e+01
1.383644856306520765e+01
1.450819794533294882e+01
1.347248200169043741e+01
1.331747896831960354e+01
1.410102916963542263e+01
1.369611428911195716e+01
1.399167080202678548e+01
1.361707364026246658e+01
1.305373667351743805e+01
1.413764776099748133e+01
1.376993858193476861e+01
1.346739480849111281e+01
1.408559670042622791e+01
1.322774422708266151e+01
1.379241844671865991e+01
1.297812037701886112e+01
1.417038452026854145e+01
1.323572173158873966e+01
1.424565713489672092e+01
1.315967425026560278e+01
1.369546310737316475e+01
1.300750367364610049e+01
1.311852001583103089e+01
1.357624079721311183e+01
1.378419121267073599e+01
1.367346748635683973e+01
1.462344134029693699e+01
1.429112920716301360e+01
1.294022969539811463e+01
1.340816075599354029e+01
1.406813048441613390e+01
1.453864796825275896e+01
1.347040559216104327e+01
1.348764231860854501e+01
1.370456527162837190e+01
1.339238151705108848e+01
1.321254189272747936e+01
1.352890446001494418e+01
1.298867917249814141e+01
1.481869971959762822e+01
1.310187783811416296e+01
1.275026637758967851e+01
1.389901290576481330e+01
1.422996234639215807e+01
1.397016056004497386e+01
1.376503008036892162e+01
1.319965791729567783e+01
1.344495277365048302e+01
1.257241712082670126e+01
1.371443523751420557e+01
1.339245387282483435e+01
1.365133989998795450e+01
1.377327673778775718e+01
1.421162760043731232e+01
1.347091014480106530e+01
1.392635636728744686e+01
1.372361450722361553e+01
1.393319436693371216e+01
1.397272678262013379e+01
1.379885087448004377e+01
1.453262217306222048e+01
1.392589786098184135e+01
1.352853398769496351e+01
1.371217222643563005e+01
1.437159128728952417e+01
1.406984247937889521e+01
1.378198275019944674e+01
1.396495474444270712e+01
1.334122098719533334e+01
1.263886834711632901e+01
1.327862175548379575e+01
1.382005938583631455e+01
1.415826413320795041e+01
1.369035128592686767e+01
1.413702711053425709e+01
1.402642910408592236e+01
1.359074733150914405e+01
1.425663745539627492e+01
1.333879365311215537e+01
1.334513589121089083e+01
1.393788826534743031e+01
1.406645041524143913e+01
1.365568424312571771e+01
1.355247258796256560e+01
1.464324973521409845e+01
1.384014586058690810e+01
1.412531981550455562e+01
1.315358982309657954e+01
1.391985163387444935e+01
1.336437426684007335e+01
1.381564710729716694e+01
1.388025669262174411e+01
1.295191264885706950e+01
1.302437883684903674e+01
1.379404173921594712e+01
1.367503840905335011e+01
1.402696883488549773e+01
1.404680599848302336e+01
1.432859648293884192e+01
1.402026932926955460e+01
1.395986237698731358e+01
1.362814625663354207e+01
1.279407370312257974e+01
1.421565433517480770e+01
1.431156027603200620e+01
1.415009282844227023e+01
1.335310617728736204e+01
1.395061122573726387e+01
1.458980953386963186e+01
1.413529108465182205e+01
1.367698080183258824e+01
1.395893561142048966e+01
1.335903320047846066e+01
1.359561826367214188e+01
1.381229204266874433e+01
1.405215216330207717e+01
1.376971262127379170e+01
1.354764064288005265e+01
1.302395873593030906e+01
1.390468611558357814e+01
1.461473793186254966e+01
1.302856516595325687e+01
1.348634417363582649e+01
1.418480316879986169e+01
1.320650772765871039e+01
1.422016834685425479e+01
1.332223856984853860e+01
1.299854431815901634e+01
1.399659728573512751e+01
1.293296451777643874e+01
1.363443273805185640e+01
1.430521820951630119e+01
1.424150678472783049e+01
1.408612737324850883e+01
1.468803458794324079e+01
1.419486894051115478e+01
1.406134853758647729e+01
1.321205434537867873e+01
1.461175779257784946e+01
1.355946728330413897e+01
1.405374202277740103e+01
1.295683622674859947e+01
1.402490984318628975e+01
1.425321457552197657e+01
1.334024230949547629e+01
1.364740588710816027e+01
1.341032496421332176e+01
1.445144276778872516e+01
1.350684475717978295e+01
1.291629345096611559e+01
1.376742112156853715e+01
1.417247801991999978e+01
1.246869480228524907e+01
1.337849121866218738e+01
1.379956963975878992e+01
1.372617644944309312e+01
1.349072802685991235e+01
1.476726101539990665e+01
1.393988594112477308e+01
1.351966574151357392e+01
1.367636588985169510e+01
1.369315250029548103e+01
1.266547427325665076e+01
1.441951711819890036e+01
1.387404111168904208e+01
1.380703867314811362e+01
1.385394232343693943e+01
1.385299909239529015e+01
1.394829901313770648e+01
1.394668680462597621e+01
1.464855499980659204e+01
1.382965151207507581e+01
1.321659738701585063e+01
1.356358701456906957e+01
1.391659140138376571e+01
1.383490298111997774e+01
1.337990726100550809e+01
1.414464308489846189e+01
1.385090967313073662e+01
1.338407739020306231e+01
1.363967484226308002e+01
1.391777737044103347e+01
1.293747147258665997e+01
1.375818709200478374e+01
1.366141641689536890e+01
1.349186592302446641e+01
1.380708872692584599e+01
1.378998302462178849e+01
1.411288095130414177e+01
1.466188761300247023e+01
1.339311142860395876e+01
1.414212751795590073e+01
1.349964338727553681e+01
1.424208216107515135e+01
1.329242145819646481e+01
1.449054473328443038e+01
1.345457804690283865e+01
1.380373438072552261e+01
1.392118380558264512e+01
1.384748485255575190e+01
1.453989367636524399e+01
1.362348535300582064e+01
1.345105817665171877e+01
1.286089911933421881e+01
1.324775378777724377e+01
1.447988895223953776e+01
1.400865802267030347e+01
1.361420444912519656e+01
1.374345007511387884e+01
1.329010309258049993e+01
1.289003306819518180e+01
1.315367296976925005e+01
1.354356594012768689e+01
1.436082675837328715e+01
1.337775425170265997e+01
1.367138278555946052e+01
1.381444530779396729e+01
1.396613363945266961e+01
1.353504160708553705e+01
1.348850359245317243e+01
1.434141667258147201e+01
1.350395063991972044e+01
1.363486358558954947e+01
1.447947591149640978e+01
1.379368545217108455e+01
1.395669804822086668e+01
1.344498117794854863e+01
1.357691141857075756e+01
1.416584509701642425e+01
1.433037557487332236e+01
1.362677451467244438e+01
1.395364496321396253e+01
1.408043811403006984e+01
1.499547326622571752e+01
1.310806497138234761e+01
1.352971510461872562e+01
1.270942067093027106e+01
1.377034123109449304e+01
1.384385921239244510e+01
1.329885098581389968e+01
1.368415259832585917e+01
1.334791346236301379e+01
1.352628590415516463e+01
1.370742618569762961e+01
1.407886506587401065e+01
1.273827906580668312e+01
1.432577996089807293e+01
1.353774926345553631e+01
1.292922870233702426e+01
1.395741658221532511e+01
1.440624788403796863e+01
1.354399524555489620e+01
1.313600492043389956e+01
1.369878940728686878e+01
1.453322039428243428e+01
1.379278295913922037e+01
1.402908531295084060e+01
1.435250602455143465e+01
1.371250214741064610e+01
1.395582857600431659e+01
1.365824599970699715e+01
1.368877964990019613e+01
1.385242101152316074e+01
1.318966188381119586e+01
1.350452178098814748e+01
1.365870705779058625e+01
1.320831767235313414e+01
1.401487720572811746e+01
1.364626706792394373e+01
1.406901118268123874e+01
1.335583188979800440e+01
1.458098908504169522e+01
1.323270473125299240e+01
1.357354029593627587e+01
1.385573819983531152e+01
1.422662309055322538e+01
1.394885437661293359e+01
1.378840026672359542e+01
1.365630321177015283e+01
1.409909931416115825e+01
1.393783050305638049e+01
1.405029519897824031e+01
1.409560925839090828e+01
1.370531103044597820e+01
1.328423718017833721e+01
1.383681651025410986e+01
1.407275140792234502e+01
1.407432319650967578e+01
1.364638002185725796e+01
1.415114485011212153e+01
1.420527950418904162e+01
1.354013470826133414e+01
1.409662918829010536e+01
1.409126607977051293e+01
1.274951506283009195e+01
1.347833872052690296e+01
1.368990135829984567e+01
1.417958523684449901e+01
1.423738113446541576e+01
1.332457622872557046e+01
1.324072103387466726e+01
1.366014641834761356e+01
1.353853915999927437e+01
1.383979841918780274e+01
1.368948326892393119e+01
1.399773385378690271e+01
1.402502184586860423e+01
1.282499341347027055e+01
1.288591233046149576e+01
1.353761631095397355e+01
1.298111567328890636e+01
1.254184072697366759e+01
1.407188902626080917e+01
1.339927691432784407e+01
1.376994324657770363e+01
1.317549711915370381e+01
1.408919138831776863e+01
1.422699676091345822e+01
1.340988360136404722e+01
1.274989846707179275e+01
1.287815361498871525e+01
1.323228088089863874e+01
1.360471075770234428e+01
1.424810202699888961e+01
1.386693233192457875e+01
1.319857717826913124e+01
1.320129148753324344e+01
1.361899711686850090e+01
1.321962355159435631e+01
1.388713275857832130e+01
1.392949290383942262e+01
1.305561681375578686e+01
1.377979752056722518e+01
1.469426477897968475e+01
1.431236033356005777e+01
1.305823622579057641e+01
1.355757616184684622e+01
1.352548219002261298e+01
1.300302460614372180e+01
1.365197503774456678e+01
1.374857001566885550e+01
1.344429046601803535e+01
1.276440791993224799e+01
1.461038399036748991e+01
1.379949726761589623e+01
1.352741078141627007e+01
1.394844839715767826e+01
1.335445975960895915e+01
1.460328182946070186e+01
1.354735979359449161e+01
1.376286384576330768e+01
1.422935120450441104e+01
1.304143030173775841e+01
1.335799217007055972e+01
1.403843439423492434e+01
1.385249403418363023e+01
1.203128789301003998e+01
1.362933811076183055e+01
1.462097015910416964e+01
1.454407211037361236e+01
1.429042471273456805e+01
1.305617670287066900e+01
1.403444143481340056e+01
1.435257613675534394e+01
1.436129984850820129e+01
1.355455451923941546e+01
1.391959070969760148e+01
1.386947122062458426e+01
1.442403373121736188e+01
1.441165195328676951e+01
1.322145436607223523e+01
1.339610111708936380e+01
1.385145008911581677e+01
1.355666391499682177e+01
1.324540124540006047e+01
1.345985703282346790e+01
1.402946678838118011e+01
1.335807834259153815e+01
1.314184149837784510e+01
1.372072884856659591e+01
1.358205161875086375e+01
1.327254328663378580e+01
1.423726213441312716e+01
1.352729131967047493e+01
1.373126832559150934e+01
1.370694355738684678e+01
1.367211770595095466e+01
1.387566197116537481e+01
1.439947092859185318e+01
1.337542901980391896e+01
1.360662060732955325e+01
1.366808496063885769e+01
1.298206419219696173e+01
1.412838755571698179e+01
1.405380609689764171e+01
1.348524340805992772e+01
1.366740184122489765e+01
1.394973089524255450e+01
1.317067854975300456e+01
1.446997249599109203e+01
1.372073280795201988e+01
1.389245595190439886e+01
1.340753120276786170e+01
1.424028821740515660e+01
1.424686043986016948e+01
1.358652470816968361e+01
1.378927735447777714e+01
1.305425392773162763e+01
1.327202990462057564e+01
1.397467722579538574e+01
1.350754514018040986e+01
1.380484806393696751e+01
1.381018164468567910e+01
1.440118755726994060e+01
1.324917706335438794e+01
1.384938007620734446e+01
1.318653105913113244e+01
1.275885720197002016e+01
1.329777135299619673e+01
1.450230592942954111e+01
1.334216360688873415e+01
1.372081168930472828e+01
1.430364867649779015e+01
1.475790613345643720e+01
1.347499536916286189e+01
1.332891050891514695e+01
1.385154931974444636e+01
1.452782788086691390e+01
1.339293752622156752e+01
1.343171527180340519e+01
1.388242680460862744e+01
1.360906722526704726e+01
1.410740258122435620e+01
1.341456413782718471e+01
1.388355902361861816e+01
1.400551303036891504e+01
1.379650261365048003e+01
1.420010846812494520e+01
1.404926436451097516e+01
1.391190675042242830e+01
1.298449603543077657e+01
1.391583835833117355e+01
1.364734096306410827e+01
1.472546259862092199e+01
1.389656971728421730e+01
1.332194445592613974e+01
1.348593939795555663e+01
1.426078234409129308e+01
1.398256517082945827e+01
1.379359171463886113e+01
1.409152797038666272e+01
1.380529278734315035e+01
1.316385671822927073e+01
1.401625237361279019e+01
1.299052214013428674e+01
1.409809089126808601e+01
1.429509559495284599e+01
1.391037464127953172e+01
1.436958376130339410e+01
1.375657519354358804e+01
1.291908828840981371e+01
1.341025632786419486e+01
1.387321355878609452e+01
1.373520574606233247e+01
1.318118871877839737e+01
1.423727844755278227e+01
1.420179083319565549e+01
1.318896114043102408e+01
1.324713142611139993e+01
1.364440507150693449e+01
1.412783587226925341e+01
1.394391402047343576e+01
1.415929594835529670e+01
1.358827208904520134e+01
1.338361358584511152e+01
1.401580575138643070e+01
1.362382969359346774e+01
1.335977024518722800e+01
1.360425335344197251e+01
1.434730061965439241e+01
1.432799480196542596e+01
1.411962218082741849e+01
1.430543723516479560e+01
1.479204379629596211e+01
1.357687387053465500e+01
1.270622765105668961e+01
1.306152501376350727e+01
1.363048961585214691e+01
1.340494661289441147e+01
1.293850575838206574e+01
1.340483026015793122e+01
1.283620758488135749e+01
1.443888440661464756e+01
1.294375478253488687e+01
