# Variable: B
# Sample shape: (2700,)
# Date: 2019-04-12 16:57:18.840404
9.584363776404040136e-01
8.956556807490444472e-01
9.439319438482538516e-01
8.961782026717796112e-01
9.243801920562612073e-01
9.633277396079579225e-01
9.468522032657981091e-01
9.218646579931119023e-01
9.007576870279189185e-01
9.276467126753216164e-01
9.180370583536802132e-01
9.149903415050182343e-01
9.474601042778967308e-01
9.372386841365530907e-01
9.319611630169121197e-01
9.268143910190731471e-01
9.288818137282063292e-01
9.214965355679257675e-01
9.334190851242536446e-01
9.154098923443296787e-01
9.431699028117703776e-01
9.127131725215176239e-01
9.131973941390681970e-01
9.483991282131829514e-01
8.843703294926027469e-01
9.626114970416322913e-01
9.529406368028527918e-01
8.872045921953817249e-01
9.175741766794395238e-01
9.074029803812658779e-01
9.683827833797463702e-01
9.647649226964115643e-01
9.171671067030846558e-01
9.157204683038159265e-01
9.400936307389343716e-01
9.158761842175988654e-01
9.589883248563391138e-01
9.365137175752566989e-01
9.106273678869558630e-01
9.368139496926228826e-01
9.557583441640878918e-01
9.376538280799749936e-01
9.172455035723035000e-01
9.404759295986375722e-01
9.610999813263416680e-01
9.382847378518606174e-01
9.396051246929645329e-01
9.058851079830957387e-01
9.273091129470995009e-01
9.433257422789750324e-01
9.023467795066789643e-01
9.539270066569122131e-01
9.520658461102339265e-01
9.521036833305752678e-01
9.149657668880416539e-01
9.367288907182772517e-01
9.051975668567965316e-01
9.490760317009486746e-01
9.386534353193843883e-01
8.905456579604064116e-01
9.177478952512535537e-01
9.033433805181408927e-01
9.131266932562476235e-01
9.307953560332318244e-01
9.229427412079306281e-01
9.812639315396030071e-01
9.579277243935797603e-01
9.338272579514310667e-01
9.386128120440675460e-01
9.588509295708256275e-01
9.243637676794663749e-01
9.435984680974189853e-01
9.525053368938650733e-01
9.493772444446542114e-01
8.802058458621138115e-01
9.289584314947056942e-01
9.219842725964851882e-01
9.462931252016826278e-01
9.628426010184333306e-01
9.458096621196178111e-01
8.955110209087675521e-01
9.592214636574679654e-01
9.076712345145946381e-01
9.262275487062444634e-01
9.851078042493269793e-01
9.184614263767881814e-01
9.312722526090967401e-01
9.543521707957018929e-01
9.139225769189022186e-01
8.896965766886582028e-01
9.399533809668737527e-01
9.058191949931604370e-01
9.108411367111719503e-01
9.219198670627724024e-01
9.354348800699114896e-01
9.192942472550506006e-01
9.534810100628682283e-01
9.540882978753505439e-01
9.336673937986084137e-01
9.372789442756787048e-01
9.255621316394739839e-01
9.459713459896815779e-01
9.194342899646307243e-01
9.743811940441641228e-01
9.430814578232994405e-01
9.069243033735127080e-01
9.246068499118672568e-01
9.525581925985728837e-01
9.617065842186668378e-01
9.309373604238126987e-01
9.432230625553452708e-01
9.584737881969936923e-01
9.166461877717350104e-01
9.314059115635882069e-01
9.674991159007437780e-01
9.361747624952494462e-01
9.447568835588072700e-01
9.660349938790562252e-01
9.588494682283082993e-01
9.484656237080486552e-01
9.158995627557282582e-01
9.836856342481541393e-01
9.254106726491196921e-01
9.298669895466552537e-01
9.433097252341193784e-01
9.453980712716134605e-01
9.486329923479795978e-01
9.417990237196076642e-01
9.437297028441836710e-01
9.269295747269045149e-01
9.129212891007186803e-01
9.455132524625792234e-01
9.222654930119925654e-01
9.324340298278709360e-01
9.490378920876061386e-01
9.279857640401993901e-01
9.333002713743120404e-01
9.289218852880953836e-01
9.339032319220335054e-01
9.550409854033856671e-01
9.335544374705814219e-01
9.438401936898720423e-01
9.047500352812057889e-01
9.022792575531745074e-01
9.363811277933231647e-01
9.707351461723641162e-01
9.091692235120384380e-01
9.143254393479786080e-01
9.752180548072496569e-01
9.568629189911386224e-01
9.183696874403189936e-01
9.457143462712794824e-01
9.829637221585082463e-01
9.282606849951421379e-01
9.717135899445662472e-01
9.158649162527399135e-01
9.333251601785670371e-01
1.000091770638951605e+00
9.961375271159886857e-01
9.303719439375355282e-01
9.121358325936265166e-01
9.401314662957905854e-01
9.572597105463095390e-01
8.957729590606137160e-01
9.462646023774359261e-01
8.989855386945410087e-01
9.567965413425102428e-01
9.342030712964942696e-01
9.646685260933410833e-01
9.478276416600811549e-01
9.320737759861557059e-01
9.263110843982838016e-01
9.525307223205419227e-01
9.530645722375887807e-01
9.492993021493109085e-01
9.304999363307973059e-01
9.396429968854279613e-01
9.338876206239448141e-01
9.047074127618127681e-01
9.297525293133578339e-01
9.624339144408861069e-01
9.319737183210142772e-01
9.664327791569562454e-01
9.030698743665853678e-01
9.489963597581997368e-01
8.902194474016680292e-01
9.440726781644047660e-01
9.166930590174919846e-01
9.381472709058459314e-01
9.304658953160391821e-01
9.276792612361843826e-01
9.322919901495028139e-01
9.013919430962280543e-01
9.142511666838861739e-01
9.558685698608622161e-01
9.399525464170224165e-01
9.180490472790610035e-01
9.698257227443844997e-01
9.068627206862903689e-01
9.620931457428036904e-01
9.532784874272841602e-01
9.131165211445879670e-01
9.182164448126088896e-01
8.918390591559081093e-01
8.957685933772400189e-01
8.822172977949335193e-01
9.251339780081702102e-01
9.072884990672440697e-01
9.556581161615296249e-01
9.650807860838762631e-01
9.535093430985522867e-01
9.663323070936152837e-01
9.471962179123444292e-01
9.395147017315806925e-01
9.217706776570754323e-01
9.602469218531557438e-01
9.769501261460072916e-01
9.515948184589404502e-01
9.482631197486059982e-01
9.182160778106120969e-01
9.352382967903349886e-01
9.604446331324176800e-01
9.216486627583316826e-01
9.230361573738380399e-01
8.768644756127863538e-01
9.193180663232167760e-01
9.657972942892438795e-01
9.242285369892609959e-01
9.262748775373622623e-01
9.421826251085720916e-01
9.393428486750797779e-01
9.354206855280762234e-01
9.725380213204184443e-01
9.326611970463356549e-01
9.534112645277375009e-01
9.265363267061109687e-01
9.367347352879524802e-01
9.374169482366693229e-01
9.368741646333513806e-01
9.445566828486067212e-01
8.946033507584235656e-01
9.675645235392270616e-01
9.472487104177416128e-01
9.164448159645528502e-01
9.037636291693134094e-01
9.092097463126946888e-01
9.310424073171958970e-01
9.456198361060186297e-01
9.180708971098799909e-01
9.613870247640304845e-01
9.217682164484591878e-01
9.336409723991325738e-01
9.458670676766238739e-01
9.587361261559979031e-01
9.313697921058137208e-01
9.428459691093975525e-01
9.245580719561460326e-01
9.397548878105110859e-01
9.786189073854413278e-01
9.221868942417044135e-01
9.130428185219704451e-01
9.263969774833894499e-01
9.089966761020840114e-01
9.663316550761072987e-01
9.485688966250567233e-01
8.983822058320309889e-01
8.959039431487824112e-01
9.399515530197476432e-01
9.561481351961060859e-01
9.323219238666604625e-01
9.241571273546848042e-01
9.258516177577833517e-01
9.373262187848564464e-01
9.303659126580187122e-01
9.724533801109923603e-01
9.636019615464892496e-01
9.332613266314110367e-01
9.211899045876775771e-01
9.501179332358032914e-01
9.301118131387533516e-01
9.120930961516769964e-01
9.237003538389700896e-01
9.418333100177946893e-01
9.531047063402353636e-01
9.235945931592171032e-01
9.177073797813588563e-01
9.236767970016641627e-01
9.440125223661254283e-01
9.330293933141495799e-01
9.242739992652853065e-01
9.160973647940124920e-01
9.709324944709770699e-01
9.066149993559783349e-01
8.843498249245684839e-01
9.202564691168918509e-01
9.490018763848518946e-01
9.360102158298371222e-01
9.429516456604745134e-01
9.422966181505075811e-01
9.166815610619207799e-01
9.642072676346830074e-01
9.375490724654174102e-01
9.315847874997409406e-01
9.169121365014086811e-01
9.261297551573857145e-01
9.407876047442371714e-01
9.050249841222206548e-01
9.123808466257877781e-01
9.069352058084975132e-01
9.656985528820819509e-01
9.511475878464200617e-01
9.095812700744850821e-01
9.297817285043812330e-01
9.374371666664519376e-01
9.387157564574092339e-01
9.584954489112754716e-01
9.117203810056515589e-01
9.161982448858831951e-01
9.372268954246765205e-01
9.106363972025286468e-01
9.326667223841534904e-01
9.458613511815329167e-01
9.387464948576084156e-01
9.187534107505167524e-01
9.310519739937461736e-01
8.972015886710595911e-01
9.347819886612137585e-01
9.689136664668579479e-01
9.442889497295716694e-01
8.815640183523594242e-01
9.328650162741297658e-01
9.409626097547938439e-01
8.927514450054925277e-01
9.459031721617414679e-01
9.709719208880782659e-01
9.558491174560056480e-01
9.560914157338589181e-01
9.094857376391810577e-01
9.569915923768316235e-01
9.775060515154058161e-01
9.366702492047286333e-01
9.643121903575513354e-01
9.120022654171375809e-01
9.808784275481534642e-01
9.096620546399069029e-01
9.610284442633286739e-01
9.086672247902595201e-01
9.345393858519333019e-01
9.502715749686839741e-01
9.501136503810239109e-01
9.055891661613866273e-01
9.884815965985893627e-01
8.903576254882785701e-01
9.361535320818652472e-01
9.575350270054674429e-01
9.231342408588711912e-01
9.318464797688281731e-01
9.091358035412564487e-01
9.368771713415776636e-01
9.580125203769610520e-01
9.028651918891698047e-01
8.918972113123323497e-01
8.645483829421271027e-01
9.197260652719334573e-01
9.470571297414925871e-01
9.850979110170238195e-01
9.151219469485766256e-01
9.725501493444310697e-01
9.354911059761354952e-01
9.430993303903623115e-01
9.363918360980879596e-01
9.210118447808478548e-01
9.303499377663504433e-01
9.347710606569394898e-01
9.338833290746181293e-01
9.105435184280904481e-01
9.018712893701755773e-01
9.384594814654241279e-01
9.232445919934009204e-01
9.969357813465491436e-01
9.392182046656211147e-01
9.313242492715921861e-01
9.848711072044877834e-01
9.419583606144313892e-01
9.540981149738292366e-01
9.112120494254228875e-01
9.340183631273872855e-01
9.362659469376333199e-01
9.035503132977746876e-01
9.373103844138318541e-01
8.811555513721966992e-01
9.399572058581084910e-01
9.337612481093380268e-01
9.396979034388990293e-01
9.093818847429012697e-01
9.392984301714861761e-01
9.432567083238340144e-01
9.515797897234029579e-01
9.502912922120281269e-01
9.443060204086929366e-01
9.059248979959766412e-01
9.079718926367371656e-01
9.101203020595552973e-01
9.051540115245177986e-01
9.369570670184996786e-01
9.574823171515095543e-01
9.290449802888215425e-01
9.421028268147461082e-01
9.583654864323982725e-01
9.300280888035641347e-01
8.978389389031448120e-01
9.672731676057023664e-01
9.152327199031916605e-01
9.750463310216825885e-01
9.395441130610040492e-01
9.489399828494303746e-01
9.180903494191045011e-01
9.303033780385906448e-01
9.112135621923994622e-01
9.266322837821504566e-01
8.784375447430786688e-01
9.645010092819197300e-01
9.156897064512494744e-01
9.034757271118571964e-01
8.942260164899108466e-01
9.256682281124779532e-01
9.152276462456683248e-01
9.717431679947349243e-01
9.645079256701096782e-01
9.267375397104249402e-01
9.634187759854689892e-01
9.422892761561219022e-01
9.438214857118710777e-01
9.438594318485209467e-01
9.367772707478200234e-01
9.061571110699234710e-01
9.012302508053086081e-01
9.874823178231623144e-01
9.278045446113355466e-01
9.187172814182100744e-01
9.198701274906613268e-01
9.178890344521518641e-01
9.290673486121946434e-01
9.285811598295091729e-01
9.431250280238384631e-01
9.469422958757083286e-01
9.054808390734419010e-01
9.372336456279292127e-01
9.498295993660267333e-01
9.034790257189456719e-01
9.730267291626438775e-01
9.106129928055418654e-01
9.732394256611440753e-01
9.350917056154396390e-01
9.472208316767349867e-01
9.572856099012875264e-01
9.259476873404358654e-01
9.146538920578771714e-01
9.106127958133233280e-01
9.365447966270602498e-01
9.408438545645858575e-01
9.381303272783616531e-01
9.222423100021732711e-01
9.223812414431427076e-01
9.355240372881081790e-01
9.372146958637649350e-01
9.406747861968941526e-01
9.289773498043594202e-01
9.280406618142523767e-01
9.040724184395094731e-01
9.629636526707149313e-01
9.395607084116726071e-01
9.643584292532975111e-01
9.091648036417415701e-01
9.145343000184850135e-01
9.307800067907973096e-01
9.288830223580891721e-01
9.423588284442001584e-01
9.343956212677241302e-01
9.247777385392854654e-01
9.086894646386249885e-01
9.170222387136112152e-01
9.563360306620004581e-01
9.038131650807739170e-01
8.900649358273710066e-01
9.809808735479180752e-01
9.270166094686138614e-01
9.654078533517103100e-01
9.405721549042681540e-01
9.005226298371717952e-01
9.821575963858519831e-01
9.529168709774802348e-01
9.339679606733024553e-01
9.343533863940596262e-01
9.132013470309978675e-01
9.228431108638313063e-01
9.232098872927130273e-01
9.205684377271351471e-01
8.982426517325452497e-01
9.374246079789576580e-01
9.548817487526537473e-01
9.035687069085777123e-01
9.270215167687343438e-01
9.385377611565622891e-01
9.257803960644028773e-01
9.237549956004263985e-01
9.533167929229857673e-01
9.830585979137737018e-01
9.656141769385629958e-01
9.281587011725452863e-01
9.394651162417706480e-01
9.233043566175872519e-01
9.475625839752022106e-01
9.654979910166787693e-01
9.363756536745421188e-01
9.435108217745509229e-01
9.418115059360401276e-01
9.276695127418755904e-01
9.566506331592483647e-01
9.277372558056863339e-01
9.127711558933052638e-01
9.311456151681221094e-01
9.395353159259555165e-01
9.148078421070817701e-01
9.085609550284091673e-01
9.345610465632715469e-01
8.984191511521785189e-01
9.263970483683335866e-01
8.792160823531368630e-01
9.117620794755152414e-01
9.490073844516051516e-01
9.641578201063542020e-01
9.544244826555794425e-01
9.130888084518841152e-01
9.513156072811508324e-01
8.837868499685448409e-01
9.407004697161512885e-01
9.358258974200587277e-01
9.485154396340531591e-01
9.467986308768102655e-01
9.423768708702796593e-01
9.044357816897976576e-01
9.428528708112651202e-01
9.434077443582580269e-01
9.493881146670165583e-01
9.539642433027488710e-01
9.126053797086611796e-01
9.224964879126212880e-01
9.531210869586184131e-01
9.457990971060031837e-01
9.509392354084690302e-01
9.279265821375054513e-01
9.254644073092564982e-01
9.121495129052941131e-01
9.645710268645889540e-01
9.274529873794465917e-01
9.215445366051425724e-01
9.108908847052570312e-01
9.381209290627527952e-01
9.325421611591209192e-01
8.771957452942116262e-01
9.034051398960051271e-01
9.446503773218550837e-01
8.928111365314260750e-01
9.329654270985203723e-01
9.194149064670941174e-01
9.327280981825503137e-01
9.012035362512458292e-01
9.502589555131033539e-01
8.926005922860352770e-01
9.759652362434163564e-01
9.273004287360134823e-01
9.463194142238748885e-01
9.489292046309341089e-01
9.163406447686205381e-01
9.222457395563172788e-01
9.867493863665113274e-01
9.354713409497718013e-01
9.360607219292175207e-01
9.567326919929508566e-01
9.144474191559825993e-01
9.505733520149719507e-01
9.165906873538695043e-01
9.330689123610730329e-01
9.656918743811223615e-01
9.636160914242037911e-01
9.231930487509989458e-01
9.087018482321996826e-01
9.643956498647112685e-01
9.190729332795740669e-01
9.699296914184287743e-01
9.759551433762079231e-01
9.655975491528622223e-01
9.436515106884300064e-01
9.365462969635979240e-01
9.540907121800082935e-01
9.434037948397503426e-01
9.214018308060371032e-01
9.453480623577436015e-01
9.588295826888848516e-01
9.183087083823523455e-01
9.305471807722018873e-01
9.244991109540628971e-01
8.937651453031150162e-01
9.374154887381729306e-01
9.619437362424253513e-01
9.127014156850609128e-01
9.127474493298837199e-01
9.434460392931515171e-01
9.254333261979570402e-01
9.448587816691135233e-01
9.353259918671058548e-01
9.141597896251045796e-01
9.568948848055860434e-01
9.151295457025204749e-01
9.348972232646930447e-01
9.175625054503698808e-01
9.506581231143351740e-01
9.453040835530546193e-01
9.309329855320240821e-01
9.231149326596596039e-01
9.128362464980890323e-01
9.084470068029796286e-01
9.612476950445549839e-01
8.675033271537194723e-01
9.401037546399989564e-01
9.652566030550776555e-01
9.247018293037035930e-01
8.981129237126986853e-01
9.665956218699529590e-01
9.300857763525212096e-01
9.255811720329158998e-01
8.930308490347705908e-01
9.264257282600369958e-01
9.628988321162301744e-01
9.359159697738117512e-01
9.167058993875939477e-01
9.059412890314745281e-01
9.173134954091137772e-01
9.356381748427881062e-01
9.314775934284318382e-01
9.617219827529422949e-01
9.494163456422605174e-01
9.002779151642936739e-01
9.366294446396856710e-01
9.960159371637341552e-01
9.115990063277268352e-01
9.344723895478715958e-01
9.029925360882787855e-01
9.463952776129171962e-01
9.571195534968817142e-01
9.376683107544506734e-01
8.962251828082313798e-01
9.135470067783343362e-01
9.231229209456429663e-01
9.263553330445544187e-01
9.211746642421766440e-01
8.944598708592087499e-01
9.237634074804172979e-01
9.492071952161834636e-01
9.293613156007263232e-01
9.746344583899468894e-01
8.752510905283913401e-01
9.198284584492923965e-01
8.992108347565299642e-01
9.485803153147589484e-01
9.530356955094593241e-01
9.091028830344173306e-01
8.995543834777876002e-01
9.077510361275661355e-01
9.087784192324778187e-01
9.330306960153731399e-01
9.661540556537044910e-01
9.311976448439158727e-01
9.351519134086397900e-01
9.555084927298258535e-01
9.341815184093816837e-01
9.189197301541469631e-01
9.308833942687250174e-01
8.981644548994466293e-01
9.207502947117662817e-01
9.113876024349953919e-01
9.064874923075189050e-01
9.806840973437542797e-01
9.426024129086270076e-01
9.080193103209815986e-01
9.669176586883126978e-01
9.575557426142868866e-01
9.241450073226662454e-01
9.562560223446991969e-01
9.105832709529713132e-01
9.400590514700372102e-01
9.128306512553463481e-01
9.439986297988952613e-01
8.877692091316533585e-01
9.640411941300582876e-01
9.201983048397353038e-01
9.104693711188760474e-01
9.403203040321150841e-01
9.577881127012544127e-01
9.205173088067020171e-01
9.787686404812063756e-01
9.180803092472620275e-01
9.572936463791484885e-01
9.255846731622836554e-01
9.282371739822901091e-01
8.894466260820710346e-01
9.491765208314222324e-01
8.980181301890389767e-01
9.951297408498036567e-01
9.220489206673000426e-01
9.234874428102648469e-01
9.558011827832976204e-01
9.333249862928217899e-01
9.596457881188540373e-01
9.488353069566932696e-01
9.079847185904614815e-01
9.749197274815118996e-01
9.110455438043809639e-01
9.247008714579609823e-01
9.502998435788316822e-01
9.301175164603030510e-01
9.257937299147860344e-01
9.310944760733793624e-01
9.610084068161629522e-01
9.195230576346926643e-01
9.236018132232586275e-01
9.307548490547112863e-01
9.071601233461773495e-01
9.493369736324563934e-01
9.177882875444176580e-01
8.994078874297215531e-01
9.326418048154745399e-01
9.248926613556555099e-01
9.333618002738305330e-01
9.355164703915288538e-01
9.801491296933625419e-01
9.364818619600774330e-01
9.305025961213331254e-01
9.584243525611142456e-01
9.232383675418206481e-01
9.197949860658506394e-01
9.691369553161353068e-01
9.546787022495544228e-01
9.383479214027944382e-01
9.073521706029178402e-01
9.212652761441928462e-01
9.715738052834395067e-01
9.358037569987930349e-01
9.354177732041146776e-01
9.215802065579585811e-01
9.338749868517596253e-01
8.910427536808930293e-01
9.156301324858330259e-01
9.469841446579869704e-01
9.254216279581596316e-01
9.229093647375291587e-01
9.228758974701321005e-01
9.412029843561234843e-01
1.010513808279293047e+00
9.051269149183868157e-01
9.329468534199238938e-01
8.972897117854340410e-01
9.359162965084979469e-01
9.520847468427925397e-01
9.114711083572151207e-01
9.385447758374246829e-01
9.212226503125847676e-01
9.401953944129414209e-01
9.532412113737970261e-01
9.461886734052887826e-01
8.954331704851663520e-01
9.069328683428402593e-01
9.154722499826138948e-01
9.678773657799917274e-01
9.424300488694522526e-01
9.697900996458680423e-01
9.280780585172427877e-01
9.138766976499463901e-01
9.722982562107320703e-01
8.944159073301412022e-01
9.129978110017433757e-01
9.495020791747140754e-01
9.812846010756806070e-01
9.410203819383845536e-01
9.489740282786527370e-01
9.139693740390962828e-01
9.552251325330129994e-01
9.278997452862998152e-01
8.973973887617096024e-01
9.726042304019275608e-01
9.655767226542406600e-01
9.159314650839581740e-01
9.777108237974804217e-01
9.016792879422604878e-01
9.801631483316690652e-01
9.328205448527628896e-01
9.393129482954836185e-01
9.295613922323547884e-01
9.540433340764119530e-01
9.459115349125640781e-01
9.470045086373033438e-01
9.577874174671746621e-01
9.065549069947476113e-01
9.168720776153178598e-01
9.402618393959475407e-01
9.174288360075795179e-01
8.743632719495221250e-01
9.489858184424608822e-01
8.833635862693882679e-01
9.438719958902057616e-01
9.339220740440616897e-01
9.047154619108501716e-01
9.333854490875580501e-01
9.707075714979428449e-01
9.239554611653872929e-01
9.291411770693662753e-01
9.927221809159094690e-01
9.324664736042372892e-01
9.719752525246434516e-01
9.270235935282569173e-01
9.415346414307266265e-01
9.340266862375430357e-01
9.424121810696205470e-01
9.062276287964076138e-01
9.255272953479437570e-01
9.423297896740243651e-01
9.193057223622087548e-01
8.800070570268651027e-01
9.132304065159775330e-01
9.537137124148440392e-01
9.300756959495372067e-01
9.929304976759136814e-01
9.509154204271017541e-01
9.477163648946784757e-01
9.483173991400775105e-01
9.304180198494675924e-01
9.263787586401194263e-01
9.480940934356302252e-01
9.368484050477959846e-01
9.051007544585074616e-01
9.405652173797447446e-01
9.152570353362419198e-01
9.700498698839437051e-01
9.602330059969029774e-01
9.500955496797525157e-01
9.540973844877126409e-01
9.484423644011075183e-01
9.252778376699672958e-01
9.600966263556215408e-01
9.274200999591805106e-01
9.471363709674832654e-01
9.356307666787706534e-01
9.269172241175831495e-01
9.696614367122482481e-01
9.250142416331770256e-01
9.105312246709528212e-01
9.463073053561019687e-01
9.244061724734626839e-01
9.793800609170129068e-01
9.485904590080784793e-01
8.999297757761050010e-01
9.398743165709610992e-01
9.286452740596963240e-01
9.319277782305621649e-01
9.513281420299993796e-01
9.638332060784340349e-01
9.302204549015484769e-01
9.583888318136901674e-01
9.116844259180593157e-01
9.324242762996215461e-01
9.765838792531889023e-01
9.790256683589002584e-01
9.465641805783318041e-01
9.347418765208567182e-01
9.090215824376676190e-01
9.332876678427312056e-01
9.314578299550713147e-01
9.550067675745055329e-01
9.452818652651878706e-01
9.173857884269092100e-01
9.568636926062458192e-01
9.543343064365793493e-01
9.192357955577653561e-01
9.361596192574713760e-01
9.823776900577311233e-01
8.992926223033408384e-01
9.089662891482767071e-01
9.342203466929619449e-01
9.360384609192190508e-01
9.506235041106324557e-01
9.109852922679750886e-01
9.527816336705740019e-01
9.165971722293281276e-01
9.291976399818799859e-01
9.749710457769379390e-01
9.538882648258683039e-01
9.434484855078714149e-01
9.537699312496507043e-01
8.930309311769861758e-01
8.917671179333053200e-01
9.345283676090243574e-01
9.787389626109044283e-01
9.272984700996320662e-01
9.275805736406859126e-01
9.478508893693625703e-01
9.323112340919775809e-01
9.402740719717499474e-01
9.270608314285134766e-01
9.676350773623872970e-01
9.430587063139667103e-01
9.619551307570004539e-01
9.163147863446506891e-01
9.076038462871105494e-01
9.296888740862856437e-01
8.846930867888732619e-01
9.532120819882325957e-01
9.516584012150663963e-01
9.312119487523408123e-01
9.502935815727882041e-01
9.331776791873622745e-01
9.309140104850260888e-01
9.274708939463393031e-01
9.535587019853447588e-01
9.448776196018164875e-01
9.241665113641381879e-01
9.490552731884721593e-01
8.886902362253092935e-01
9.363666215868081677e-01
9.215483110384898868e-01
9.549102839469347792e-01
9.669352320095366826e-01
8.922903274522938633e-01
9.559371007984243107e-01
9.372275445898532453e-01
9.058457320297051973e-01
9.400277009606122780e-01
9.141017061831675505e-01
9.564554194372612006e-01
9.178238603351337455e-01
9.633515460574832989e-01
9.378998476214394087e-01
9.108052134082377238e-01
9.801279630388395336e-01
9.212400767103853250e-01
9.531264603628150089e-01
9.307840589740485893e-01
9.224986694545644905e-01
9.341198521260759557e-01
9.150700236734392590e-01
8.975739644554754371e-01
9.308625247291303362e-01
9.116873205615109166e-01
9.449692915146693517e-01
9.386350230465532185e-01
9.576887296282954321e-01
9.474114850393118292e-01
9.552284172613977331e-01
9.513686846036009115e-01
8.987030278440677478e-01
9.128352420781690180e-01
9.503886509584968945e-01
9.533278287835112996e-01
9.083641891918013966e-01
9.381364044629364463e-01
9.653911364763034797e-01
9.270712906005521559e-01
9.254685213499387331e-01
9.318729114391007817e-01
9.078757695720685028e-01
9.485623824770575974e-01
9.717320519475590723e-01
9.336396446303720786e-01
9.190870704032689797e-01
9.375022413088288653e-01
9.392768078194295711e-01
9.092071103463895687e-01
9.335433986158533370e-01
9.144781020337136024e-01
9.336738178641001973e-01
9.122105522895206375e-01
8.917946429953635956e-01
9.112665046150784098e-01
9.521089601457597418e-01
9.381593065059348202e-01
9.165861991979896706e-01
9.024181093524256125e-01
9.644561993426756796e-01
9.197824678446198110e-01
1.000468387198453879e+00
9.345428257506795955e-01
9.637996444528423856e-01
9.511511261409411055e-01
9.145813806691759362e-01
9.597567386868962602e-01
9.148283614390925189e-01
9.738596480984280657e-01
9.135742348826740855e-01
9.406970309509419259e-01
8.861258462161760718e-01
9.235625753306082597e-01
8.928396330383502333e-01
9.617556049690155762e-01
9.283361380199965929e-01
9.267998114022231171e-01
9.441603871480473975e-01
9.225585160196569934e-01
9.056906918971084908e-01
9.897196114036564962e-01
9.173638879040555416e-01
9.269950337754369052e-01
9.543912885688891068e-01
9.583334049734103521e-01
9.387142931724572481e-01
9.400876722115972806e-01
9.254642531243700843e-01
9.261390547861109157e-01
9.302364367188638017e-01
9.240072064599291757e-01
9.517355691058252409e-01
9.129513740037565883e-01
9.178028430625646550e-01
9.432474582800404184e-01
9.265553804393346082e-01
9.700649896734214739e-01
9.206938720764828998e-01
8.996656882957985157e-01
9.833622518866205198e-01
9.462936515895049583e-01
9.585183416356867214e-01
8.805680200389327528e-01
9.466158647785763991e-01
9.465584789187728720e-01
9.142847798291210415e-01
9.402549470266357012e-01
9.548431383950186646e-01
9.221493758081269476e-01
9.640279375264059203e-01
9.210900997260303980e-01
8.985687556781619678e-01
9.434371271348503951e-01
9.432975355032516829e-01
9.277703241430109715e-01
9.235219193318011666e-01
9.301324903400564059e-01
9.274966397436095189e-01
9.352709104297491916e-01
9.504052202560158147e-01
9.351586336117797549e-01
9.308457324097402230e-01
9.501757626157545378e-01
9.001690960096071503e-01
9.030368137509576787e-01
9.115718484560784152e-01
9.345357976822855628e-01
9.328276646118326410e-01
9.709525661522846463e-01
9.110524981883971751e-01
9.274758531426134933e-01
9.649133025894647275e-01
9.677418251333742560e-01
9.377972759504176192e-01
9.506735639020708062e-01
9.085580068268798160e-01
9.351971992946604972e-01
9.781712191963347625e-01
9.770647097881197674e-01
9.162527326876342970e-01
9.206347294545310644e-01
8.958196484457247033e-01
9.252115008293069209e-01
9.057006493536170488e-01
9.558565778526761925e-01
9.647422352831162007e-01
9.296587022965486780e-01
9.408060348218287849e-01
9.275633034438369728e-01
8.975378722533826625e-01
9.485248491267206372e-01
9.565603073213999608e-01
9.753975173650240027e-01
8.997804922816635687e-01
9.444088179171140629e-01
9.775076140011864645e-01
9.285667697261305031e-01
9.078910434491848092e-01
9.664090664331435043e-01
8.991784884898086361e-01
9.184400155931944365e-01
9.181595508896370772e-01
9.410246086331469639e-01
9.520864114533652556e-01
9.036288606715601190e-01
9.521722760528440466e-01
8.885698098728196381e-01
9.134151694170808966e-01
9.364933123786078895e-01
9.591834492782566057e-01
9.326996658815884800e-01
9.710924862258631940e-01
9.617205710051623946e-01
9.396615481256915814e-01
9.250991160524144608e-01
9.435258772505421554e-01
9.106813989681021848e-01
9.255217735888094932e-01
9.476116669975460649e-01
9.146944329080033409e-01
9.314249109619691103e-01
9.474495844414827506e-01
8.807313390955854304e-01
9.442639835407884430e-01
9.136157025639674023e-01
9.637973040911111955e-01
9.343429926614224001e-01
9.588086516586853403e-01
9.259431052318036759e-01
9.051582865128792177e-01
9.181064009953596727e-01
9.470966511388616560e-01
9.441149745450215791e-01
9.148022673711944108e-01
9.359956986684108138e-01
9.027017820982068397e-01
9.409873181660044494e-01
9.389225564898323606e-01
9.473416245576988803e-01
9.238319699597018486e-01
9.161217140307154061e-01
9.457553818351999153e-01
8.928717425295497057e-01
9.538230617996368288e-01
9.385570593876945145e-01
9.291549344714717940e-01
9.532807959976655754e-01
9.026293680447846635e-01
9.491707192444182040e-01
9.290250882326750448e-01
9.106373988205882508e-01
9.341740468306792833e-01
9.359543938902749050e-01
9.527238908231474568e-01
9.396053522196727847e-01
9.534145817552960311e-01
9.368392372998382012e-01
9.310141350134093496e-01
9.466171693730124348e-01
9.251651953956492314e-01
9.536205322089522651e-01
9.415866902287630680e-01
9.357020159483112609e-01
9.370920475352957357e-01
9.186519647883550910e-01
9.467574997591711172e-01
9.068354965166789405e-01
9.342136842659861662e-01
9.096536741041091334e-01
9.420878135293581090e-01
9.338194415249686520e-01
9.781753419032349628e-01
8.927957331439796418e-01
9.914627846191558236e-01
9.792159186179656416e-01
9.658389313038617807e-01
9.561538740394459612e-01
9.745938483995593149e-01
9.000646023548870556e-01
9.484783488656903794e-01
9.244349883934583900e-01
9.431443819309348608e-01
8.824081514940093074e-01
9.572693793069807500e-01
9.252421380138508011e-01
9.696198626868433035e-01
9.451292749387361081e-01
9.571100498021510861e-01
9.243482699525649160e-01
9.072303367007865660e-01
9.196157744512073462e-01
9.590470195623591598e-01
9.377549304035798228e-01
9.288941590931093506e-01
8.962711854702150038e-01
9.176272402382874560e-01
9.266053230009364539e-01
9.713791514574511288e-01
9.396505162966898306e-01
9.592379352830953110e-01
8.823299292379113146e-01
9.336700976312454214e-01
9.154211646136960479e-01
9.041578646161509969e-01
9.649997370060573454e-01
9.569902413792531481e-01
9.516999095648340790e-01
9.175207419930186958e-01
9.535059195776922625e-01
9.253417802834237316e-01
9.593302638524240367e-01
8.857586806300885574e-01
9.367498804120283351e-01
8.917812572676646621e-01
9.038489739446454729e-01
9.288923672850197821e-01
9.650969016860635463e-01
9.598027879009636276e-01
9.677754924273742620e-01
9.751772230999926627e-01
9.351947804408476950e-01
9.652630564884736586e-01
9.285473455297499346e-01
9.342779017818799714e-01
9.318870266732618424e-01
9.260723216247011003e-01
9.809003394671721443e-01
9.457705579921238392e-01
9.239447200592121323e-01
9.774610886019772238e-01
9.046916359840152522e-01
9.567193571757049986e-01
9.278184386709925624e-01
9.438320883210896683e-01
8.847791283862059819e-01
9.529268390176999226e-01
9.075245876316738736e-01
9.855505555903263382e-01
9.321578961488623527e-01
9.484857687096094336e-01
9.435165598319885660e-01
9.195564002706622109e-01
9.292647908439660709e-01
8.845374220381964081e-01
9.386409412575034139e-01
9.312077612852363018e-01
9.356129482959982813e-01
9.507601352916831283e-01
9.303827945116834863e-01
9.427526539242799819e-01
9.598987571307178168e-01
9.111429672980141392e-01
9.563287884867445188e-01
9.308490336231831641e-01
9.009486507457008519e-01
9.686173579707744175e-01
9.570408286476987936e-01
9.275812792927627948e-01
9.302020062732400119e-01
9.449845209266968249e-01
9.131790155681549503e-01
8.943825448063807970e-01
9.516427178061745984e-01
9.256771517914306191e-01
9.067870645694794396e-01
9.356010201766715717e-01
9.097105245494473413e-01
9.270866344141496240e-01
9.275621937287619190e-01
9.398478083265010552e-01
9.204133233403398728e-01
9.453877449387070309e-01
9.381034993367991515e-01
9.312494354451082978e-01
9.454757961811686151e-01
9.207341435410000274e-01
9.126563773399597457e-01
9.293668443294773596e-01
8.989207631162321466e-01
9.489548378472482115e-01
9.719618430356440353e-01
9.243801518322199984e-01
9.574685594123675259e-01
9.137867748840257098e-01
9.246938372465224321e-01
9.325190491680644955e-01
9.238186174609742674e-01
9.315379085480115506e-01
9.432875500538802083e-01
9.437128278030806339e-01
9.066021554713198372e-01
9.324794326002173728e-01
9.446547435133229031e-01
9.196402358557086432e-01
9.100928090386648517e-01
9.310682772149889708e-01
9.429960192607784730e-01
9.615018482023929280e-01
9.185096520392515007e-01
9.457541707422338906e-01
9.115509391350432589e-01
8.759767472840916946e-01
9.526767033994835154e-01
9.496682839196728398e-01
9.178939889152398779e-01
9.454933400712194347e-01
9.592505302978960868e-01
9.108285196064086486e-01
8.992674915927482138e-01
9.358916779603965175e-01
8.823569236493704615e-01
9.568519312288031875e-01
8.996754181483164192e-01
9.608919655569183593e-01
9.422003911102780904e-01
9.514558630159077879e-01
9.538373985228981722e-01
9.049654501117819771e-01
9.208968611409928950e-01
9.910945676657963999e-01
9.247962038640974436e-01
9.412575123225593865e-01
9.122486380048844268e-01
9.077664338715610848e-01
9.142560088393161255e-01
9.290964301725157526e-01
9.478808406780296902e-01
9.406894140370766211e-01
9.168139034855421476e-01
9.434678487448248108e-01
9.310817088972783706e-01
9.591164804036175218e-01
9.563934520681685036e-01
9.294631131225916665e-01
9.285817647067972080e-01
9.517328819379037297e-01
9.514568890729657724e-01
9.098854228249947385e-01
8.853238554865660026e-01
9.253532494974744393e-01
9.453087216545731364e-01
9.153306476960625382e-01
9.188059665629825234e-01
9.468894134744804125e-01
9.077869513078183905e-01
9.423764053214253034e-01
9.400311172131770032e-01
9.263577842150826358e-01
9.138823171117071986e-01
9.509541379835879660e-01
9.324296466527266514e-01
9.383088294003045782e-01
8.871351583623595660e-01
9.450915341652655899e-01
9.140779668545844228e-01
9.027356982335927871e-01
9.306077021745073896e-01
9.306823554623323558e-01
9.284418850572537796e-01
9.428665502496934581e-01
9.290619978212832919e-01
9.012741661016502315e-01
1.002676579701383686e+00
9.556162459059767134e-01
9.079971244680441478e-01
9.249716023254427322e-01
9.117595161780112090e-01
9.399185883745660997e-01
9.540171673690089893e-01
9.481866081528257384e-01
9.088919634901239109e-01
9.383040592904098309e-01
9.444863687186099144e-01
9.377720925808413766e-01
9.216962397238297466e-01
9.502527009386025902e-01
9.311125971756539776e-01
9.149071049369479347e-01
9.954796080349962439e-01
8.834215226942083721e-01
9.351489008958651095e-01
9.642693085397604502e-01
9.549971623648999541e-01
9.569705942773745200e-01
9.228966784880248131e-01
9.319048293910585645e-01
9.285102896561269192e-01
9.185788151443845528e-01
9.239770127479174366e-01
9.022628031364332557e-01
9.429957545521486795e-01
9.598738115572723606e-01
9.299388162812745051e-01
9.312103238518439907e-01
8.991101480673573398e-01
9.766641058183264112e-01
9.191643329538027318e-01
9.247992758625359633e-01
9.417628946928551237e-01
9.315917791230841072e-01
9.463979044372562432e-01
9.188085821866454062e-01
9.797806639463730871e-01
9.685032491615361838e-01
9.421871824708339949e-01
9.307906152961601398e-01
9.293446480747810101e-01
9.172570827912872593e-01
9.531546501012417849e-01
9.106044052852189097e-01
9.678525643038144999e-01
9.392621715024640494e-01
9.205951151217738326e-01
9.746040704271211608e-01
9.709867916816540268e-01
9.295558131709211747e-01
9.325898627618978143e-01
9.336175285546425284e-01
9.256346833925945816e-01
9.264422245055907723e-01
9.372274646268500264e-01
9.200966395334134740e-01
9.339943746808566649e-01
8.991986009941445035e-01
9.320599579490861375e-01
9.286559051315477209e-01
9.457976029858609079e-01
9.217202345426128707e-01
9.524473770708141718e-01
9.103593111013338346e-01
9.549202234851312809e-01
9.661445190181199294e-01
9.137609841664396937e-01
9.420038678076522176e-01
9.527740037084803104e-01
9.416100347905017598e-01
9.186906357833533043e-01
9.434050100649361559e-01
9.271731494908631577e-01
9.277681753823419086e-01
9.633980444999163950e-01
9.430760894809745443e-01
9.398837680836965580e-01
9.445379112087997076e-01
9.229947080691845995e-01
9.221139837547476237e-01
9.153725564976472606e-01
9.688582887691740142e-01
9.204244834695861632e-01
9.274247712274109601e-01
9.057455874537889695e-01
9.009209931728547893e-01
9.313526184914070472e-01
8.948248017722040260e-01
9.347685675518470072e-01
9.140828474696021111e-01
9.691673854973533730e-01
9.532793453032593067e-01
9.604671251783255537e-01
9.154503837196016347e-01
9.720853788132151063e-01
9.459417977951289913e-01
9.346385882453617233e-01
9.704404393942380747e-01
9.234570343147008309e-01
9.511107227162501898e-01
9.181591105629950400e-01
9.086648544034073849e-01
9.540353273278988633e-01
9.095936497127229403e-01
9.494453399906117586e-01
9.031286981574692119e-01
9.068265050560234686e-01
9.294145474716908328e-01
9.101952352123384715e-01
9.339177186394436170e-01
9.610527501096065572e-01
9.321536014945430715e-01
9.258786646151215827e-01
9.425909726066161731e-01
9.259167444152884840e-01
9.472745441605774364e-01
9.266873205300049099e-01
9.420748236647531471e-01
9.255459638067914385e-01
9.271649147468532526e-01
9.199310297765498357e-01
9.143678703789338558e-01
9.552054364795965480e-01
9.321963104686046275e-01
9.264307403365987792e-01
9.117693579776552371e-01
9.471789561300826277e-01
9.671449988350150351e-01
9.306444090173389139e-01
9.331318819327718561e-01
9.500266147610373357e-01
9.143107043559246527e-01
9.416878706817042310e-01
9.378029224940479525e-01
9.007734068559924978e-01
9.688702938495235006e-01
9.721568679370793387e-01
9.080333730884241339e-01
9.394956389217423709e-01
9.552598380815024992e-01
9.207950699614770862e-01
9.024174935381995555e-01
8.824723223834558539e-01
8.955971313965312985e-01
9.648079415355186317e-01
9.417179676724942716e-01
9.332966444481904933e-01
9.551690589796423270e-01
9.431888627187643426e-01
9.222716273305580081e-01
9.545486412577427471e-01
9.305542636052709371e-01
9.894601222676944197e-01
9.288328594414724249e-01
9.295916386865604730e-01
9.230695478850223790e-01
9.304318152654572627e-01
9.110647373993129294e-01
9.337679767774721418e-01
9.586464752468337736e-01
9.560232608546981314e-01
8.830858896091731136e-01
9.716556363616116743e-01
9.000005509017443561e-01
8.672765469750610690e-01
9.316671892968448887e-01
9.403122201476197262e-01
9.516743705142159948e-01
9.495561768227752664e-01
9.412277733618217290e-01
9.582580671995263311e-01
9.527156475516284084e-01
8.827358553733830604e-01
9.264626717035904235e-01
8.820393610799105444e-01
9.330745509915560065e-01
9.076375009568724561e-01
8.824591686949971869e-01
9.810892617416735462e-01
9.430411845801658366e-01
9.377810197894544952e-01
9.221645030343892380e-01
9.377191809956572088e-01
9.602537545568280430e-01
9.376746728684486332e-01
9.308054404427360540e-01
9.636383192840459744e-01
9.354344848230147225e-01
8.853890114188232019e-01
9.384668806821504505e-01
9.315323573424877379e-01
9.295582716979535753e-01
9.093385533973419310e-01
9.049933700159359384e-01
8.906547420942466653e-01
9.492598952079959185e-01
9.673865389153799565e-01
9.237618562204100714e-01
9.000910958644459114e-01
9.594798037436345073e-01
8.940445628513221665e-01
9.205514374246341891e-01
9.811095041063510047e-01
9.330212980236517462e-01
9.405093408544203948e-01
9.311452200882310848e-01
9.528310262855329560e-01
9.085612076039710772e-01
9.467123214576251833e-01
9.545172693004079223e-01
9.312105382059131520e-01
9.647687425453497223e-01
9.285626890441595060e-01
9.166977728876368747e-01
9.340082150486559431e-01
9.520214093717153103e-01
9.186188954617152680e-01
9.371328606157568464e-01
9.352547708490479561e-01
9.339576897228475394e-01
9.521324224327014640e-01
9.354046630471234414e-01
9.160067412912646923e-01
9.548729708943172190e-01
9.520070819489011571e-01
9.377940494797396553e-01
9.472415346652798274e-01
9.624763601611684427e-01
9.369203251481363903e-01
9.357928671972395307e-01
9.103288697523211903e-01
9.260538454720962376e-01
9.215425928849375614e-01
9.614287476920703179e-01
9.324821008956619695e-01
9.237244966222544207e-01
9.175998893699846004e-01
9.223975473706894634e-01
9.285562257571196021e-01
9.586430621533627017e-01
9.519716813707729264e-01
9.222246837959844346e-01
9.418476912232803810e-01
9.280119344890662703e-01
9.425417581556091440e-01
9.056033379503163339e-01
9.350470629909024556e-01
9.466137290786102998e-01
9.251895974878887596e-01
9.205742583482364738e-01
9.594879117757256770e-01
9.430922674796122784e-01
9.139269166889755214e-01
9.245471169669972067e-01
9.552532802325451877e-01
9.143527523612304808e-01
9.221406806115511889e-01
9.209084613204583381e-01
9.548145996334636010e-01
9.632330085430752531e-01
9.004381688182195864e-01
9.241574518172054331e-01
9.761654949393936409e-01
9.175058599865026920e-01
9.218681322439067349e-01
9.116213567408717466e-01
9.222263318588356240e-01
9.175190966706515683e-01
9.330518965021522559e-01
9.171477315055588386e-01
9.196876267990805598e-01
9.892083221144685190e-01
9.609561097521921447e-01
8.867541825819347245e-01
9.284723346353507267e-01
9.175257490983433906e-01
9.115610765025283779e-01
9.400370837235250132e-01
9.425061396492858679e-01
8.924000937851850335e-01
8.936842585944991812e-01
9.559865800694754556e-01
9.410454538193698815e-01
9.408473691138399264e-01
9.000883289433848633e-01
8.961057430549812519e-01
9.269628832148429920e-01
9.198237122484181905e-01
9.480414505072168874e-01
8.983838283965305260e-01
9.398145091003065055e-01
9.360682678185084926e-01
9.025219946411171534e-01
9.021703647091254830e-01
9.448206363833586696e-01
9.413718943235979131e-01
9.305026197754409090e-01
9.595957171646101180e-01
9.084805450395933013e-01
9.762670572692193627e-01
9.101496718542066988e-01
9.261252358019803621e-01
9.391570353688348805e-01
9.530589174680043074e-01
9.404747864636825438e-01
9.396383506455551204e-01
9.424747153183489212e-01
9.079169483729985224e-01
9.370576957418473851e-01
9.530954184106679161e-01
9.262201059719348262e-01
9.174199045001999453e-01
9.399586208801773424e-01
9.004317324225766805e-01
8.879645127177901998e-01
9.415187846970106689e-01
9.442562956264269891e-01
9.047296531139215059e-01
9.094223217883710131e-01
9.323445669986543116e-01
9.047616102869195931e-01
9.566064624211418899e-01
8.710728549420380107e-01
8.943037840569253438e-01
9.260840302488818621e-01
9.245802873314293846e-01
9.427295028513916764e-01
9.230618362473538285e-01
9.143862053121194489e-01
9.170396315271704957e-01
9.759777862903917800e-01
9.165301753577077548e-01
9.310950324967320890e-01
9.403435147119029169e-01
8.895517447504743824e-01
9.332569935348803414e-01
9.532970963057277869e-01
8.942034982333414428e-01
9.652194566601276504e-01
9.005914968950979871e-01
9.661948690991507549e-01
9.471434994917493633e-01
9.293282577441408510e-01
9.086646666455003851e-01
9.425972630284692455e-01
9.312578301924854252e-01
9.196339748926382063e-01
8.956950423733671673e-01
9.251413222227882205e-01
9.597808289426957851e-01
9.398588726681482708e-01
9.518111299437497230e-01
9.580609975320405480e-01
9.341897194449646502e-01
8.893445201727089300e-01
9.545433562713550035e-01
9.287151948255818468e-01
9.150184921704774821e-01
9.352954127804316009e-01
9.181178028331887786e-01
9.205275123904627099e-01
9.320071683266658580e-01
9.031087153077338447e-01
9.377699924580226165e-01
9.640336565556805182e-01
9.496105441811643066e-01
9.549859258744666235e-01
9.446236210557551471e-01
9.120783736956811216e-01
9.764945206836831426e-01
9.011916092532070710e-01
9.407196523119510934e-01
9.015883152751162921e-01
9.262431909687626197e-01
9.141800906543618987e-01
9.238510775983899137e-01
9.208731680550547027e-01
9.413386582495556487e-01
9.544112701155497147e-01
9.670209874755764101e-01
9.207879425644441840e-01
9.630846147984718497e-01
9.197085423327029385e-01
9.139095013251686828e-01
9.437060897516259539e-01
9.091595800297757046e-01
9.386281999287342526e-01
9.345172958927264739e-01
9.042750558484047296e-01
9.385651643095469510e-01
9.455034970810868300e-01
9.415305028686152822e-01
9.224016010466553617e-01
9.332337236523513546e-01
9.329785941774487723e-01
9.428310322152735345e-01
9.001615562834357487e-01
9.436820878764118348e-01
8.786661041047819642e-01
9.553995105012307310e-01
9.520440213743097679e-01
9.343808380438138883e-01
9.284384921658939138e-01
9.461045689421655469e-01
9.434953974997734027e-01
9.205951214599161769e-01
9.254022028182868898e-01
9.504440908094109464e-01
9.507369610711076113e-01
8.782242807187110589e-01
9.439824620475205652e-01
9.212448896100864371e-01
9.072936541079017481e-01
8.876056552037077108e-01
9.308599768871835822e-01
9.236745601410147888e-01
9.036772884187214139e-01
9.381756978897115573e-01
9.554031510693626883e-01
9.606495275651786292e-01
9.169149352443322076e-01
9.539703051596024608e-01
9.328323590886368200e-01
9.161355569427389600e-01
9.679499974306015053e-01
9.123515159785108297e-01
9.820981639124032325e-01
9.508293589615336439e-01
9.362884345979317624e-01
9.801131857476137466e-01
8.808441276681309162e-01
9.269623045251431659e-01
9.493206236216229499e-01
9.321508875908728342e-01
9.143210688723284463e-01
9.146773041691772521e-01
9.487900450424067156e-01
9.493505513445757993e-01
9.201544378548531800e-01
9.584091736722063493e-01
9.307488776799870411e-01
9.822675404067675586e-01
9.524356918733153377e-01
9.711626891261508909e-01
9.764326108931250525e-01
8.839855482598598657e-01
9.310867582680519838e-01
9.289969946208258555e-01
9.305419682009318239e-01
9.524060400217750910e-01
9.393631185589507160e-01
9.378087617209230897e-01
9.570959653523399835e-01
9.406541427508362530e-01
9.403936313164360516e-01
9.545367067460082122e-01
9.328657903396787576e-01
9.651319536414921796e-01
9.387450255210402217e-01
9.249394028498798548e-01
9.243256839096540833e-01
9.101625464192847348e-01
9.568010724927094035e-01
9.282761912196554333e-01
8.917243224044796301e-01
9.495724941038146127e-01
9.435316699482937386e-01
9.642835866832345504e-01
9.212300850776888872e-01
9.025422947343740843e-01
9.227025522907283950e-01
9.432871036273212662e-01
9.315442494294199349e-01
8.926166068963433675e-01
9.842232883435229063e-01
8.775515645890779037e-01
9.550166897771198427e-01
9.194055128047998737e-01
9.413326073325233301e-01
9.215743878373416909e-01
9.530921761855117857e-01
9.880444992844902297e-01
9.003180229777137944e-01
9.613288167442566312e-01
9.183310603708894071e-01
9.515877535361081385e-01
9.538472105002625545e-01
9.364613731976864086e-01
9.528666880497916880e-01
9.394641951153693826e-01
9.160326134270886378e-01
9.506497160498865728e-01
9.308448829993224427e-01
9.062779473010446063e-01
9.269071756119132699e-01
9.565095750986816192e-01
9.370045978912702189e-01
9.686949621809258781e-01
9.568785194697797536e-01
9.323981812483311815e-01
9.400929327755943588e-01
9.130734329589897946e-01
8.909498466699069530e-01
9.158022164729406889e-01
9.086872876101818042e-01
9.482438887667109517e-01
9.310202388019916953e-01
9.807531827196983576e-01
9.270749638590332076e-01
9.361456983112927954e-01
9.765991232408972600e-01
9.073174862219304249e-01
9.145300281539905374e-01
9.705758531701933478e-01
9.079262515334031169e-01
9.122037286058134464e-01
9.097680970982682247e-01
9.555604248547879820e-01
9.337288514646583382e-01
9.762066946291588776e-01
9.086383484710057745e-01
9.843237841640357644e-01
9.492647976731288795e-01
9.564479322288311769e-01
9.598718943517019486e-01
9.321925484676183427e-01
8.955578261282448604e-01
9.364785849916102967e-01
9.450545533895342576e-01
9.275949583348863658e-01
8.892021445789720646e-01
9.487296520219544727e-01
9.163049523512546424e-01
9.072476519092851355e-01
9.696297859888466375e-01
9.171348200590643263e-01
9.507555363439674778e-01
9.258750433918808698e-01
9.539128811236547989e-01
9.409959115915311756e-01
9.104091568580885419e-01
9.726489189746624353e-01
8.933412555363733354e-01
9.305241899322898025e-01
9.109546717843733932e-01
9.176179621217364080e-01
8.940910362960377000e-01
9.602388248540438820e-01
9.419784950297018788e-01
9.188282242185982218e-01
9.124363941574370473e-01
9.191388778199310883e-01
9.590945884195769544e-01
9.542655288026515858e-01
9.484638629105104357e-01
9.915799797988541497e-01
9.533637323398107544e-01
9.461415256234937399e-01
9.404197146378011629e-01
9.315597042499829117e-01
9.431366723450617107e-01
9.534179435747166531e-01
9.320665059132636765e-01
9.372031055628053942e-01
9.554983656683302407e-01
9.538120170457461411e-01
9.580477163716710765e-01
9.397988415112377147e-01
9.431802431840495826e-01
9.096464163272138803e-01
8.545009145670587891e-01
9.423089251124192600e-01
8.939578229113509522e-01
9.287112995565665052e-01
9.207533571698407471e-01
9.116672476957115023e-01
9.086717105386830085e-01
9.286747973822360169e-01
9.516716320523559425e-01
9.301525661802386713e-01
9.194410527830068069e-01
9.135556075774697860e-01
9.176417494856053958e-01
9.550099685264813454e-01
8.780723062478684726e-01
9.289757937035594271e-01
9.719201024965464786e-01
8.928433133325878179e-01
9.445670956943609253e-01
9.203196365365828857e-01
9.208321340630863938e-01
9.374063165559726185e-01
9.539243362882083854e-01
9.177524901420159864e-01
9.742607078986622593e-01
9.644114965784540416e-01
9.274526022936581127e-01
9.013029584895675406e-01
8.893164523523212628e-01
8.997198862896529370e-01
9.034445309831615756e-01
9.598996286796238619e-01
8.855781937043665231e-01
9.403180194593794283e-01
9.595293110133048531e-01
9.744861902453484381e-01
9.333791893739213918e-01
9.562416736907169978e-01
9.245158265479942461e-01
9.345824390319198427e-01
9.259906155346334655e-01
9.632337627368484645e-01
9.333887206571878092e-01
9.318192469979837966e-01
9.218284990949128233e-01
9.565639195127968453e-01
9.295595611870500763e-01
9.385821338243151013e-01
9.103638593187778350e-01
8.994569888505747901e-01
9.190265629372509348e-01
9.619346472607707144e-01
9.482066250189132850e-01
9.390532179119098766e-01
9.044441643974574507e-01
9.308656738555250998e-01
9.259219681933225088e-01
9.135563321383607382e-01
9.500836202307851863e-01
8.965536166013228225e-01
9.524400091069430419e-01
9.295147516959715306e-01
9.640075203837988882e-01
9.381228662381433381e-01
9.085535460914857531e-01
9.396504887596341948e-01
9.437577300736516017e-01
9.236595619406678948e-01
9.741107118472137616e-01
9.559947777704023153e-01
9.164817441154335942e-01
9.160860861698204571e-01
9.720649988396035113e-01
9.295466559765684922e-01
9.237697709269160340e-01
9.572614932968195323e-01
9.338741682798579191e-01
9.208490561903770466e-01
9.229135522040534667e-01
9.402310064777951171e-01
9.338338041224635289e-01
9.574218269511404200e-01
9.194804122586232031e-01
9.431986999917386649e-01
9.513347545550020490e-01
9.176348002452233699e-01
9.605307542512541152e-01
9.242028020244358322e-01
9.177707943434286753e-01
9.426152648268980583e-01
9.579529176308876348e-01
9.764350092008887705e-01
9.651515702530266694e-01
9.292060492224961665e-01
9.382747413061133246e-01
9.068676335027023860e-01
9.285054413034321552e-01
9.106675583539822760e-01
9.079170294777556549e-01
9.618438678221593596e-01
9.188396632792884544e-01
8.869182526947868572e-01
9.569652169484583748e-01
8.972680853235204257e-01
9.152171137322520078e-01
9.121276668687168243e-01
9.431507778529786279e-01
9.822389839265697198e-01
9.166163522869229530e-01
9.277216058307129476e-01
9.308293387503413507e-01
9.513631541380719314e-01
9.363992934068751106e-01
9.247688765677638534e-01
9.493894665603789251e-01
9.518287987460108956e-01
9.310295750814314708e-01
9.330651733174291085e-01
9.501146080770405122e-01
9.423330930775293268e-01
9.585589761217866434e-01
9.582190792579702299e-01
9.232060207426068255e-01
9.291073004644400113e-01
8.814967155137154453e-01
9.245441811114099018e-01
9.800186949743251441e-01
8.882795141296379038e-01
9.111275555192019926e-01
9.349653706365306238e-01
9.523010876912902933e-01
9.495664220085023866e-01
9.252209204668478959e-01
9.279277871719070481e-01
9.385741377517146100e-01
9.375725955865481520e-01
9.509599194429683156e-01
9.651811224313963100e-01
9.125332525576764775e-01
9.596689758126331071e-01
8.969079614305547343e-01
9.711578823799338345e-01
9.573717462590968230e-01
9.569896821943117970e-01
9.224729273839049615e-01
9.302573027849109222e-01
9.450795010743758828e-01
9.245594117059149353e-01
9.128781492233488670e-01
9.411528365628090143e-01
9.339188921612550098e-01
9.579981640317745128e-01
9.452159590778108633e-01
8.885225034785267928e-01
9.770758408717259424e-01
9.438592974225490373e-01
9.037593548399514010e-01
9.748822209336296396e-01
9.377698334199869867e-01
9.473081852419874549e-01
8.765946976851526351e-01
9.414651209563200673e-01
9.622166835168275423e-01
9.911938924245218274e-01
9.605472084863316828e-01
8.920493695840179260e-01
9.124636217956908490e-01
9.150837966736913298e-01
9.415188743581727193e-01
9.495655629157745414e-01
9.609500733301818975e-01
9.189405540547007645e-01
9.497756548208700078e-01
9.107666055990834009e-01
8.967155341426206183e-01
9.244723708977720111e-01
9.459546181171939461e-01
9.161120039993637665e-01
9.199721226679518082e-01
9.558687396321852159e-01
9.345805386024538253e-01
9.341286602531589933e-01
9.475306453946593654e-01
9.365440239674679423e-01
9.279478565372412113e-01
9.909741953757424948e-01
9.179552871097771405e-01
9.361906572145302086e-01
9.087828782123487104e-01
9.131962883140744003e-01
9.002062528030804200e-01
9.272165558750323777e-01
9.591372939820861365e-01
9.253974019468089729e-01
9.334260250386492430e-01
9.266643662300192430e-01
9.419359861952729673e-01
9.483986622983027193e-01
9.214891915377935172e-01
9.668317047191427038e-01
9.049783241137999701e-01
9.513552028328088328e-01
9.747499057146231660e-01
9.298706967802659040e-01
8.843497263664998886e-01
9.318221318579268386e-01
9.558911091726988163e-01
9.541855634134364106e-01
9.387907550947420798e-01
9.300906509582802517e-01
9.522132761774804166e-01
9.356265447691062276e-01
9.318601238458167346e-01
9.582178328181576443e-01
9.170482373891786221e-01
9.830735591134477369e-01
9.167707984251561859e-01
9.133620803859456849e-01
9.538167337765023346e-01
9.454837313808762689e-01
9.615037138430068131e-01
9.765005988271006077e-01
9.055440019428734333e-01
9.308744826057177013e-01
9.344705783290433443e-01
9.243529891188622116e-01
9.433665093405210200e-01
9.251703950776323238e-01
9.562427477934591913e-01
9.237818729781229754e-01
9.420437483449026761e-01
9.036106927040089554e-01
9.290335065500240352e-01
9.484177066172004844e-01
9.186483853518917497e-01
9.157729185117907678e-01
9.182807970975195300e-01
9.007383255789407350e-01
9.114834127911375372e-01
9.564267818115532727e-01
9.548578573877759545e-01
9.696810749549730213e-01
9.253997038579755419e-01
9.300846808915514963e-01
9.041725547288914644e-01
9.224711689310388651e-01
9.570501075323738505e-01
9.355492043640548649e-01
9.295284300501980290e-01
9.828340643671112931e-01
9.464226791947816242e-01
9.105179806527674558e-01
9.239826724525719293e-01
9.243864240538754995e-01
9.351017751541260692e-01
9.388771290635398170e-01
9.446591133266837303e-01
9.216454845472221713e-01
9.449786148112698791e-01
9.143926877492548622e-01
9.225414902287598640e-01
8.955356237113102358e-01
9.735295510880506153e-01
9.496056732110641496e-01
9.342303425368890801e-01
9.491103521929468156e-01
9.354300574748053432e-01
9.637216228649793104e-01
9.804719027170369916e-01
9.249264574449853615e-01
9.623001632396449567e-01
9.325631946213424062e-01
9.313560114546811652e-01
9.470055246335292720e-01
9.171563997757079534e-01
9.755513792648345950e-01
9.300817964358296663e-01
9.288643284853104198e-01
9.244169742776551235e-01
9.209055802825606429e-01
9.701815747624860098e-01
9.352118464333600834e-01
9.541120452370884797e-01
9.545673512739991651e-01
9.451034115021914594e-01
9.220792779370218240e-01
9.130541448638447299e-01
9.310696797214385034e-01
9.302517311900849739e-01
9.642485420961427467e-01
9.337930532645704051e-01
9.282473097941047468e-01
9.121215598088663334e-01
9.671768726858296361e-01
9.456260148958336442e-01
9.818461028285001557e-01
9.515869541352240946e-01
9.574299184927221873e-01
9.241756501176726646e-01
9.078805048549226653e-01
9.399853225200657247e-01
9.467900517054631537e-01
9.651983662968073308e-01
9.770895811387959595e-01
9.337752362343273438e-01
9.488333324456638129e-01
9.332961434915532095e-01
9.309674880012605014e-01
8.977507155101920322e-01
9.459800195298143644e-01
9.184040331424757619e-01
9.424683317905567792e-01
9.131656856702496938e-01
9.233010906827648911e-01
9.360420811517855544e-01
9.310062059340866725e-01
9.022479432713697012e-01
9.137355249193913620e-01
9.377364920546972238e-01
9.383054721561365774e-01
9.331033689363353867e-01
9.234495754071946338e-01
9.459129847227831789e-01
9.374149106683101751e-01
9.480047918369740589e-01
9.187864608991990201e-01
9.662993121275201824e-01
9.292132493349539724e-01
9.705850270489229104e-01
9.410496308193914139e-01
9.951372100081188332e-01
9.501398918417778283e-01
9.461796001238529374e-01
9.391842851159655226e-01
9.085732453430990230e-01
9.144650331677194322e-01
8.909170461581078504e-01
8.846712844015782728e-01
9.117940574016464295e-01
9.350253509582892031e-01
9.070552404404315094e-01
9.159315412173616444e-01
9.070526025598384390e-01
9.665552255781350022e-01
9.625917496778564342e-01
9.236934911714871355e-01
9.420810792276532730e-01
9.216811806353630843e-01
9.121221981683295121e-01
9.022213161279450944e-01
9.330471663950847816e-01
9.369551818487694694e-01
9.554497877683736373e-01
9.380106130106653506e-01
9.552171604943886507e-01
9.310181075616403845e-01
9.171196101923998478e-01
9.521378885063670472e-01
9.323665927680255816e-01
9.211301150268994542e-01
9.385793822139805176e-01
9.521989295283270760e-01
9.580364754507006975e-01
9.315983279214553603e-01
9.330207782905731717e-01
8.994925187717762727e-01
9.269967495373091504e-01
9.284975324250458462e-01
9.367948400968729716e-01
9.823073327165939839e-01
9.189896527281160576e-01
9.443092804136172802e-01
9.311659962931881918e-01
9.197781591256158906e-01
9.469937183373887679e-01
9.638468434100312399e-01
9.264769703925873623e-01
9.055649913872675372e-01
9.524829473437845806e-01
9.108706257301398823e-01
9.005891839302214708e-01
9.006124635171283144e-01
9.017736462779694095e-01
9.500976682310051658e-01
9.820016195172540652e-01
9.052241688199207381e-01
8.964258481669752365e-01
9.360416017068918793e-01
9.468297115837823741e-01
9.332051934320749753e-01
9.253313053439610192e-01
9.299497608900576529e-01
9.335921881822277779e-01
9.299222832542142214e-01
9.327987059934088609e-01
9.508786841433897186e-01
9.425292351967053950e-01
9.490375617149579002e-01
9.226081082725915428e-01
9.133056845635809662e-01
9.559388015591210319e-01
8.922165570636199083e-01
9.392218637048080909e-01
9.777050563056748356e-01
9.354215281507095581e-01
9.041994984199522856e-01
9.383014514924310490e-01
9.063236200640654161e-01
9.353701813551685840e-01
9.992616344838677334e-01
9.602607758970197471e-01
9.776893519912193131e-01
9.640711793743539371e-01
9.265332691956127409e-01
9.471048964696138217e-01
9.049191809210300752e-01
9.071957274467387089e-01
9.236001966915319272e-01
9.230669457890392504e-01
9.593595589850032468e-01
9.080667703969932392e-01
9.432337159031779494e-01
8.971473860992044136e-01
9.129989773079864035e-01
9.036514711648963027e-01
9.310972793182125118e-01
9.506045556836186794e-01
9.298843581923907919e-01
9.134092252217280716e-01
9.112002494189292978e-01
9.569703260982250770e-01
9.799355710080336346e-01
9.483135985773503140e-01
9.523902260248765517e-01
9.444678040743985648e-01
9.327532941433324121e-01
9.441705684315299107e-01
9.597635576908848387e-01
9.670736051141984868e-01
9.266083978923825848e-01
9.134680014927279990e-01
9.226229220554851285e-01
9.546535628394843265e-01
9.498968999238187605e-01
9.612835760690942033e-01
9.131536027328912564e-01
9.766769868694843426e-01
9.296595478481127772e-01
9.132069109648774941e-01
9.758049243768825987e-01
9.364847594434962952e-01
9.247977436211017865e-01
9.200555153025351540e-01
9.234107223654580698e-01
9.818870628255361721e-01
9.057105674896698266e-01
9.320103469587641687e-01
9.422639416836378068e-01
9.279477427523711297e-01
9.272903099246476710e-01
9.133157095044518448e-01
9.594414570766005568e-01
9.785356790188841636e-01
9.396060741553308171e-01
9.770501807865005217e-01
9.282764396616407510e-01
9.537120455709180433e-01
9.359360333654789255e-01
8.968885280164576868e-01
8.929293872504582286e-01
9.330351921550763539e-01
9.382566783883733441e-01
8.983355966690940164e-01
9.044923878233868120e-01
9.039474575616710528e-01
9.062582090378278332e-01
9.231524444423272469e-01
9.226008585282673424e-01
9.826668038709291952e-01
9.106772835901617569e-01
9.345025953285412967e-01
9.209754017801228265e-01
8.791217855377151391e-01
9.242456824142446514e-01
9.698677442275862592e-01
9.584130844246103731e-01
9.397563431272186740e-01
8.784916461111377251e-01
9.475952273083394495e-01
9.428714502423579669e-01
9.014888314336193531e-01
9.549620608363322827e-01
9.410887151817396434e-01
9.587481487511591016e-01
9.650525896020836214e-01
9.421348045662630843e-01
9.624546591496111470e-01
9.497445945336988604e-01
9.139235455033779543e-01
9.226002298600528562e-01
9.089721364316148966e-01
9.462126393280144709e-01
9.164723268177376037e-01
9.451484235240303899e-01
9.314285747432575757e-01
9.381987278504198002e-01
9.069707230178709612e-01
9.377453598417736513e-01
9.345911608126161729e-01
9.471156320808636897e-01
9.280228123397123996e-01
9.363938730552211487e-01
9.190767917103607187e-01
9.146847221496721136e-01
9.213285751831030712e-01
9.069042300860087336e-01
9.900882562194821546e-01
9.643187664658046110e-01
9.622903845977973658e-01
9.534916770151580234e-01
8.935374348214152329e-01
9.826173184808340011e-01
9.357354048640312838e-01
9.811844818160625481e-01
9.449148082112991398e-01
9.228286514389801853e-01
9.279149779348579985e-01
9.297997400105070254e-01
9.480472412637650503e-01
9.316693419077880511e-01
9.814137877954089983e-01
9.138244439700955457e-01
8.800319184729464839e-01
9.423917025209681553e-01
9.299041262730559643e-01
9.305150944432198923e-01
8.688229503343692928e-01
9.369590301731071103e-01
9.417037463381370266e-01
9.124848142621049263e-01
9.335698164754251405e-01
9.526483979928187518e-01
9.092293472257979570e-01
9.464882146078545944e-01
9.392815797393926358e-01
9.582359683155224905e-01
9.443020572577129901e-01
9.550962555310633650e-01
9.381636839923862548e-01
9.127770104742400914e-01
9.419090492964392602e-01
8.844531184430880488e-01
9.216019600744317364e-01
9.273033472480568529e-01
9.484365725130751157e-01
9.577045062887045157e-01
9.793174128156956204e-01
9.236283982410639082e-01
9.148037729823161879e-01
9.114889081060227882e-01
9.567479236918092766e-01
9.209463914480537916e-01
9.480966283586375054e-01
9.326130718136644848e-01
8.973500607764141046e-01
9.264164513856021355e-01
8.995639761039910809e-01
9.283751801657671443e-01
9.497267242612814631e-01
9.112061008907160753e-01
9.239356640882179228e-01
9.156173477370488367e-01
9.126464833154322998e-01
9.556168596858140019e-01
9.300556045614214451e-01
9.330251387578449851e-01
9.358639466505290772e-01
9.145979936791862608e-01
9.524356421881605694e-01
9.407485213858907125e-01
9.248221107647424111e-01
9.301431210871007327e-01
9.744800244503634135e-01
9.066194725397037635e-01
9.240152265748809990e-01
9.231563660598720578e-01
9.325485040178133067e-01
9.539710626457507114e-01
9.344348600279042127e-01
9.959523731065030860e-01
9.645331150416792676e-01
9.197494313788058262e-01
9.604564665411952085e-01
9.954708074725813205e-01
9.273701915833392206e-01
9.200157639039900914e-01
9.464744189380852601e-01
9.343601511667363191e-01
9.463034736410397274e-01
8.933078250027406408e-01
9.535187996212454165e-01
9.935383336334024929e-01
9.544563883696467466e-01
9.377987336498302406e-01
9.042258504698764687e-01
9.387765399635292773e-01
9.035393360544116126e-01
9.790593870897227324e-01
8.976187298499078704e-01
9.320852633092194806e-01
9.550665749431027640e-01
9.173901874669199152e-01
9.379099314462244763e-01
9.526651302468952531e-01
9.271204602469298450e-01
9.044777654216936691e-01
9.236615255049369644e-01
9.566641533462076907e-01
9.446183300503061542e-01
9.349327373489529913e-01
9.676651901188606519e-01
9.673996598445424588e-01
9.173379834855522885e-01
9.159150971888393444e-01
9.824274556323026042e-01
9.099019909613030865e-01
8.993251062212295199e-01
9.132138189383161020e-01
9.141278166360007340e-01
9.406493033483487309e-01
9.216214150588574183e-01
9.579161554663870870e-01
9.120913852536709499e-01
9.031974813734127139e-01
9.613372339935316591e-01
9.481284967004171005e-01
9.104208105608443402e-01
9.324522086286750611e-01
9.689547722418552222e-01
9.145306618074016125e-01
8.858206126666084979e-01
9.251596002912810812e-01
9.066660909354722353e-01
9.200100098738552834e-01
9.249742870490474944e-01
9.443935685236671818e-01
9.244770380302858026e-01
9.789297150957216864e-01
9.181750813293507729e-01
9.320844112881692123e-01
8.989160926467796298e-01
8.989043907104052877e-01
9.526413801061918152e-01
9.549278621832114622e-01
9.098086194225848411e-01
9.089846690800530427e-01
9.286848617954220897e-01
9.324010468955092890e-01
9.015090914727525995e-01
9.341312121290431536e-01
9.725568993485965708e-01
9.300590757374268547e-01
9.072480144784275113e-01
9.523184543899448906e-01
9.030415237456580480e-01
9.158999901784889985e-01
9.347161473358039929e-01
9.258530561824910299e-01
9.522256586507730214e-01
9.443779108187654314e-01
8.872178509739145902e-01
9.457605207998432961e-01
9.430699612847635027e-01
9.746232359782053267e-01
9.736416070335187634e-01
8.981800811947530105e-01
9.270917548017854060e-01
9.566372067231725396e-01
9.813743943388871793e-01
9.470210785100205975e-01
9.931629001580597471e-01
9.209470234490714224e-01
9.375204883038175119e-01
9.298378973206067322e-01
9.365412435114106593e-01
9.244421042022034074e-01
9.143432143925844802e-01
9.895511591321005662e-01
9.342294573539909885e-01
9.328888054327729717e-01
9.434324376688303371e-01
9.183648609092143200e-01
9.340376271345159909e-01
9.638135921565169628e-01
9.160313600293191749e-01
9.500966387093474630e-01
9.426553377212171236e-01
9.196107692060777605e-01
9.528222225021862890e-01
9.266293889621187718e-01
9.597044980661268987e-01
9.281343549510112645e-01
9.485934877153022748e-01
9.126837583913144369e-01
9.266279125875117595e-01
9.086154249909396130e-01
9.192409597552290146e-01
9.653910454275158592e-01
9.244568378476044623e-01
8.987440177605989788e-01
9.322023843456359593e-01
9.235037947269061354e-01
9.531228156854137934e-01
9.447167375249699850e-01
9.106701200525763040e-01
9.279135506919463650e-01
8.706589034609857336e-01
9.127210912294003720e-01
9.221135081794806787e-01
9.558793193771226715e-01
9.060154217750409078e-01
9.471815426620115996e-01
9.952624046479883191e-01
9.039763308354999971e-01
9.171757443183718994e-01
8.700949906697631464e-01
9.246602536110476445e-01
9.159574725800270212e-01
9.292336643569760746e-01
8.847795000050061587e-01
9.514549935888725329e-01
8.961881470153905127e-01
9.268050517351492656e-01
9.535555316896154876e-01
9.732269180610759740e-01
9.545841797333403100e-01
9.596277379061491919e-01
9.038446553081690427e-01
9.064447034154633487e-01
9.618660844583126757e-01
9.296281208016103914e-01
9.273082786838643399e-01
9.512765958559376012e-01
9.591965778772952866e-01
9.332135983507635624e-01
8.910237821390953883e-01
9.957837465183989600e-01
9.080634696079608048e-01
8.963203419389320636e-01
9.438656972693850733e-01
9.664172218192687014e-01
9.273855338092080736e-01
9.275353936881393091e-01
9.258121613395627891e-01
9.543123064988200399e-01
9.240763596642589395e-01
9.578320384802159193e-01
9.306547877990788420e-01
9.196284779192570591e-01
9.374454564459099304e-01
9.565684653349826316e-01
9.117903686602317759e-01
9.288507607852337644e-01
9.356148556082277690e-01
9.273133560468100889e-01
8.842588062151121031e-01
9.324526850290733027e-01
9.538504503504039445e-01
9.688766205658109198e-01
9.564684924872884908e-01
9.205675902334991001e-01
9.450141949512721462e-01
9.672966343018014612e-01
9.655402019097802935e-01
9.338450551302145408e-01
9.367710957296021546e-01
