# Variable: A_1
# Sample shape: (2500,)
# Date: 2018-11-20 23:39:51.471383
1.789692138696771551e+01
1.801400020420891579e+01
1.797405388296845530e+01
1.796828306400743713e+01
1.804994669517315131e+01
1.803655625093145076e+01
1.809470359755279389e+01
1.800609440566764974e+01
1.811077240993862958e+01
1.787329934202108461e+01
1.794310664410315326e+01
1.814230366435723951e+01
1.800732147443662612e+01
1.796087977310124018e+01
1.800094493563269182e+01
1.790273290689072994e+01
1.796357018491000801e+01
1.780288162116263706e+01
1.809436002119497289e+01
1.799857892254586034e+01
1.804758674947849428e+01
1.807495676993946887e+01
1.792986567396868125e+01
1.787052024755997692e+01
1.795495605995222022e+01
1.792964502789594405e+01
1.798303006657175018e+01
1.797134201207361315e+01
1.808661596516564174e+01
1.786601218472814523e+01
1.797888812113675527e+01
1.810125498373056274e+01
1.783865121313544577e+01
1.791161757431105883e+01
1.805126152270283058e+01
1.807680950150441035e+01
1.811137194144107099e+01
1.801917454750506309e+01
1.804133459873145284e+01
1.801085510656782773e+01
1.806093168896468626e+01
1.809339603754025561e+01
1.789552788118026783e+01
1.807762258449238502e+01
1.796319589795576377e+01
1.800025632203689341e+01
1.804326459298016871e+01
1.803759309117385357e+01
1.802892823549319701e+01
1.796286383366567208e+01
1.805251400064111422e+01
1.798168200949949735e+01
1.808068351142306085e+01
1.793148940312891426e+01
1.802805269462434978e+01
1.810773170964233003e+01
1.800825790865416565e+01
1.791487739412195879e+01
1.809555567831880651e+01
1.796132453226894299e+01
1.793381490480279794e+01
1.802443510428652118e+01
1.808094518624409375e+01
1.801905348437539445e+01
1.791216964254096311e+01
1.810490532042947720e+01
1.800056437107685170e+01
1.798288435778406225e+01
1.807191809614641542e+01
1.793846367786238716e+01
1.804528600389080495e+01
1.807521731668138187e+01
1.796394900219167212e+01
1.796560748945628205e+01
1.791329560017434019e+01
1.794655527835771736e+01
1.805079007765866095e+01
1.814384836416533631e+01
1.811932071735569849e+01
1.794966943248085300e+01
1.782878079088352408e+01
1.783452530316555951e+01
1.809837266057495597e+01
1.796040844420276272e+01
1.795650489737429112e+01
1.790457411261889575e+01
1.821210080256619079e+01
1.800458632213901566e+01
1.790774748226399282e+01
1.804035575506701505e+01
1.794320813066476816e+01
1.809280107731866849e+01
1.808500400412051334e+01
1.795063324038572361e+01
1.803192359440902592e+01
1.800233116880644246e+01
1.794035509035542120e+01
1.799033691944974933e+01
1.786902672781016577e+01
1.795396706175890600e+01
1.805007861124914115e+01
1.808984487089229631e+01
1.796809651054853063e+01
1.806173898290974833e+01
1.784453607001486475e+01
1.797378279479286078e+01
1.812484910255178505e+01
1.792976066423514325e+01
1.811236205100400554e+01
1.795876445057540849e+01
1.807089829617041232e+01
1.796340354593368005e+01
1.794331170705488532e+01
1.799422323034208659e+01
1.799539867027153406e+01
1.794210826333499753e+01
1.800078517268196165e+01
1.805572911093128141e+01
1.801649152465893167e+01
1.813510168398789801e+01
1.793390620692054327e+01
1.804464006862306391e+01
1.795244143199911946e+01
1.802159405944776438e+01
1.793613711623743256e+01
1.804152539412593725e+01
1.799549859031488808e+01
1.809255393581337401e+01
1.801489198095350375e+01
1.808701176194723104e+01
1.798662795859082664e+01
1.796894263734100150e+01
1.816686579560838766e+01
1.810202220180721966e+01
1.799622497867840920e+01
1.803412648713200994e+01
1.798129346235770853e+01
1.786470012752291581e+01
1.781434867240202635e+01
1.781810220378693188e+01
1.816340960806013882e+01
1.810161613700452676e+01
1.802524075465006348e+01
1.792595553001639885e+01
1.790828550442715894e+01
1.797128837175539218e+01
1.810740199588529720e+01
1.803807828940719915e+01
1.807322328735082806e+01
1.799929579254328615e+01
1.806779685480886144e+01
1.799644186549289770e+01
1.801830871820733293e+01
1.817253825511486198e+01
1.801672597378391316e+01
1.817123054562290463e+01
1.802977542761310659e+01
1.787470282274833266e+01
1.814048372871972603e+01
1.811070929708796129e+01
1.823910578116861103e+01
1.807001837101694264e+01
1.784592955288471217e+01
1.821155029742632081e+01
1.799993456188552798e+01
1.804759477156510172e+01
1.791509011590916245e+01
1.810414339678916207e+01
1.804959779702577904e+01
1.788393943934770292e+01
1.794009001565636652e+01
1.818716316044952563e+01
1.809013662569571324e+01
1.798038384742544338e+01
1.802351185846976023e+01
1.800201379404312974e+01
1.813221132002050595e+01
1.780610576613592855e+01
1.800600771643449605e+01
1.806404676446107871e+01
1.801689157034759603e+01
1.806320150745763797e+01
1.812058912836154079e+01
1.796112157770438955e+01
1.805553834454068252e+01
1.795889964015487195e+01
1.786641343935561110e+01
1.797098484656375561e+01
1.795856455019701770e+01
1.793598924921120030e+01
1.798588725304203351e+01
1.797138231344502657e+01
1.795485942885410324e+01
1.804206905748231904e+01
1.800391041112283119e+01
1.804415259293416796e+01
1.813307699262952255e+01
1.795741141413597219e+01
1.791406338690349997e+01
1.809490512865707856e+01
1.793517008625425291e+01
1.783953996122925290e+01
1.811516743165371679e+01
1.809457921360352728e+01
1.799973773399369747e+01
1.793226125732402920e+01
1.795943417051755731e+01
1.804158977085509363e+01
1.802243121162720740e+01
1.798763964076130151e+01
1.805080547334480912e+01
1.802481550737218896e+01
1.797149052478284048e+01
1.794840635997402956e+01
1.800770387692625008e+01
1.807197873749260353e+01
1.797722135928208331e+01
1.799659988079431727e+01
1.799778673590592604e+01
1.788269897470028269e+01
1.789220565466694879e+01
1.805755992149882161e+01
1.806069903639619412e+01
1.795487061708908882e+01
1.801967066801723405e+01
1.799863190284019510e+01
1.802973949563845935e+01
1.805306204961739880e+01
1.797866551563506121e+01
1.818794842058309769e+01
1.805145619235193521e+01
1.801211687891045088e+01
1.799093157975288193e+01
1.818642023289959653e+01
1.828280495658694349e+01
1.785068800393819544e+01
1.800610052076302026e+01
1.794025169935877884e+01
1.795487109502549927e+01
1.804989651169610454e+01
1.797511819632314456e+01
1.805746597496406025e+01
1.803059771535674471e+01
1.799072184977602973e+01
1.802622806725620563e+01
1.795112832464082686e+01
1.808236460642176979e+01
1.800229159839901882e+01
1.789564961540369126e+01
1.796162566642921021e+01
1.811891835971541553e+01
1.795129308803786472e+01
1.807570167350291612e+01
1.798016590596529340e+01
1.815244402376680810e+01
1.803318712114451827e+01
1.787693838016685177e+01
1.807234326291683502e+01
1.794444286832676028e+01
1.798339902528995182e+01
1.794810311262262204e+01
1.790414158667431721e+01
1.786732244100731393e+01
1.797365979936459368e+01
1.813311788806649716e+01
1.791633914727389509e+01
1.796022935972041878e+01
1.798860265370766598e+01
1.812452772344144591e+01
1.786072165680281287e+01
1.801908501111059735e+01
1.805671330755058079e+01
1.806045256166919799e+01
1.797408244341940531e+01
1.796423641624230072e+01
1.790940160563776118e+01
1.795707266447343287e+01
1.801286171608172282e+01
1.809749077499965253e+01
1.801474874517738911e+01
1.806258963053396727e+01
1.788896884427274614e+01
1.798475843453075029e+01
1.811383876071806753e+01
1.806562974575516378e+01
1.792138841170737251e+01
1.792667179007536404e+01
1.793402502677380284e+01
1.810118660975927796e+01
1.805924662945701797e+01
1.804995156955958180e+01
1.792083652981456865e+01
1.791999115703968215e+01
1.791967908840230095e+01
1.797824184540901271e+01
1.805831421901344669e+01
1.800635203559905406e+01
1.803404114984529727e+01
1.799469536447142204e+01
1.783006943188870963e+01
1.794565737277786255e+01
1.807956952333051959e+01
1.795495971437064142e+01
1.790626136661213508e+01
1.797213572466805687e+01
1.790461150611359287e+01
1.797812286570531981e+01
1.797592855347852847e+01
1.788685877035238647e+01
1.793800537030148590e+01
1.802641185550263003e+01
1.811817416812166215e+01
1.795229841310154484e+01
1.797196552651677237e+01
1.800689845349643647e+01
1.801384626499842057e+01
1.798589205700675109e+01
1.807514677106309620e+01
1.797822415272095142e+01
1.811794701274947528e+01
1.780744389711599140e+01
1.789220474314179299e+01
1.793606581784354148e+01
1.803044216272644817e+01
1.792447384620810880e+01
1.789787680551350135e+01
1.786396947793620527e+01
1.800319502461483268e+01
1.786731746374224272e+01
1.802289250115236641e+01
1.818525446319002370e+01
1.796641255375491752e+01
1.816106166423829293e+01
1.800541509787480976e+01
1.807749643080045132e+01
1.779976333385230447e+01
1.794252839555348444e+01
1.819927544742738235e+01
1.797279846352119748e+01
1.800396699063191974e+01
1.794914776632603193e+01
1.802138900260551679e+01
1.798988118263165603e+01
1.792679264528327820e+01
1.800772078734720694e+01
1.795293824352188494e+01
1.800530249541218453e+01
1.801296687554389209e+01
1.809076162262160992e+01
1.791882413752718861e+01
1.788203631712396202e+01
1.794394585804877451e+01
1.791420960334806267e+01
1.802863716778846737e+01
1.792549328618917670e+01
1.808808638842549144e+01
1.814436695902911367e+01
1.803441835649966407e+01
1.813813215336881512e+01
1.805993366891807028e+01
1.801214422259707959e+01
1.797298983150273699e+01
1.801374331104650750e+01
1.793431665818814480e+01
1.796684911628156200e+01
1.803779327870481808e+01
1.789637616528286301e+01
1.801132160431333773e+01
1.810253316059295159e+01
1.790673397177730664e+01
1.798759901462128497e+01
1.792088875793182012e+01
1.804226263713768930e+01
1.781263339055144002e+01
1.801633670517973584e+01
1.796275015427352884e+01
1.801935825390775747e+01
1.810151951009382998e+01
1.789054293717687827e+01
1.800001164794819175e+01
1.795726535715102656e+01
1.802396689753908632e+01
1.799916518062926940e+01
1.789395807173332642e+01
1.802353714567872345e+01
1.788067143865900732e+01
1.795905343285534883e+01
1.792676187992216441e+01
1.797880663768004084e+01
1.802065027869280200e+01
1.806494750703980046e+01
1.799286365209062311e+01
1.778503208357317433e+01
1.791557255244283553e+01
1.792677660958788621e+01
1.794680903816198381e+01
1.797291978286508041e+01
1.817195079039953498e+01
1.799300697182795972e+01
1.792618245140361921e+01
1.812341242290202104e+01
1.795898784297651218e+01
1.809699017518247999e+01
1.792496632331545925e+01
1.789420541844799928e+01
1.803233650112396091e+01
1.804580772861588400e+01
1.810538030391368736e+01
1.799927630655636079e+01
1.798665748952004861e+01
1.801439317601588996e+01
1.812301359174848159e+01
1.786106692730480106e+01
1.812604078694040410e+01
1.813789585313828567e+01
1.802072449182603364e+01
1.792544171642392925e+01
1.781581613091071148e+01
1.798984490064480468e+01
1.828952852765057813e+01
1.796925763698074618e+01
1.794085422677601827e+01
1.786508004646510273e+01
1.810726985664160438e+01
1.798615231481211651e+01
1.807766651632372401e+01
1.805923496550668972e+01
1.794395652521461670e+01
1.794889626724176779e+01
1.800951569447871492e+01
1.797771565112114800e+01
1.808784865189874225e+01
1.795228951879732193e+01
1.803875467266781740e+01
1.799555045396290254e+01
1.801711766944021775e+01
1.816593660609002825e+01
1.806338971493601875e+01
1.796851394994774509e+01
1.793685625152835783e+01
1.792532144432676589e+01
1.820988314920478146e+01
1.797027527485144560e+01
1.803651810648174347e+01
1.799502156677963427e+01
1.809953969338568314e+01
1.791723656221654792e+01
1.803403296905930020e+01
1.796207717472881171e+01
1.806616846898489470e+01
1.784627600016785820e+01
1.796479771521931923e+01
1.808498161746800648e+01
1.792831052495525768e+01
1.803903000344208607e+01
1.786528637419699805e+01
1.794009584785651157e+01
1.791937215364665192e+01
1.800299556690179514e+01
1.801080121324104155e+01
1.793221737720009656e+01
1.804759985147378387e+01
1.796111879259230193e+01
1.807828159660525458e+01
1.799363667571708447e+01
1.800604251864501393e+01
1.796634719656824686e+01
1.805716983894913596e+01
1.799140038483346871e+01
1.788675337335431692e+01
1.810251905147794460e+01
1.805211924236401089e+01
1.806722396738621228e+01
1.808306775335477568e+01
1.809401917324732523e+01
1.798043960486699433e+01
1.786944968477517648e+01
1.797701426558945315e+01
1.806078274598749900e+01
1.804844064932812486e+01
1.807821624967460039e+01
1.813481790860625154e+01
1.810467126127072390e+01
1.793755513571075610e+01
1.795913008775094610e+01
1.799896531014789502e+01
1.798168468869164727e+01
1.810445385966861309e+01
1.806115196994248606e+01
1.785728083984490766e+01
1.810254862506195650e+01
1.801827956160646238e+01
1.819081210606644916e+01
1.808757572483299469e+01
1.795558449915424504e+01
1.808745171908018179e+01
1.789191842024795776e+01
1.796975055400046983e+01
1.803847218681411846e+01
1.804404057708027764e+01
1.800327258308387357e+01
1.802692672126795870e+01
1.803965272873242398e+01
1.797551501862491108e+01
1.804541998186665097e+01
1.817495151771417028e+01
1.798305002573210487e+01
1.786439701992032880e+01
1.801803571605585219e+01
1.799178430665362782e+01
1.817901650464985508e+01
1.795072519335455397e+01
1.796509289080117711e+01
1.807789555933929648e+01
1.798767686885728523e+01
1.791872225579935574e+01
1.792863115249572559e+01
1.793272196080116032e+01
1.803304782164655862e+01
1.791591934295932376e+01
1.799770686097999217e+01
1.803916496135786218e+01
1.800647995932102674e+01
1.792097034007684542e+01
1.790899483367661915e+01
1.802030538062591702e+01
1.791783154960692670e+01
1.810818410973388382e+01
1.792032111823853313e+01
1.793919769999902059e+01
1.799331793977232152e+01
1.801485914477972372e+01
1.810559479797032267e+01
1.814677247323737319e+01
1.802309256312189234e+01
1.802262253409403669e+01
1.793048615429588466e+01
1.808019166553086166e+01
1.791937321600966371e+01
1.821603871504227712e+01
1.814763435218252141e+01
1.797413027084374093e+01
1.796305429119083286e+01
1.805154790931986497e+01
1.790859598498937189e+01
1.798252663083361114e+01
1.811042992422551734e+01
1.802265246374591356e+01
1.808384939222658971e+01
1.797641564676212411e+01
1.794745742658750487e+01
1.806781416353709346e+01
1.798658597482554811e+01
1.792411267704394717e+01
1.797384289305156813e+01
1.819675298646430761e+01
1.803823147523997150e+01
1.804586698119279120e+01
1.794264394796683249e+01
1.804208944526250136e+01
1.799077494451609383e+01
1.797542782410427620e+01
1.800824158185942636e+01
1.800234428764775885e+01
1.791920579288580839e+01
1.789863718579335483e+01
1.799852942817358681e+01
1.811626485205381343e+01
1.805916614246074303e+01
1.801877998623645993e+01
1.798232457091702940e+01
1.803523323459357641e+01
1.794242220903017682e+01
1.798659182958833469e+01
1.804085107055855275e+01
1.798176069168103552e+01
1.805416431995191218e+01
1.817362000355185359e+01
1.794820529622394645e+01
1.806240692886064991e+01
1.786784490557309724e+01
1.784870255944457895e+01
1.791324416940667774e+01
1.797054795235048275e+01
1.789432953767063239e+01
1.806333501797940500e+01
1.801474841888989786e+01
1.795260602544945172e+01
1.805489819572457222e+01
1.812899299199376202e+01
1.807720558760431118e+01
1.790786730241212510e+01
1.810524907049515875e+01
1.812128703891251646e+01
1.809381164221110438e+01
1.819434629381352408e+01
1.805224383296146939e+01
1.786622025039519812e+01
1.808948804626896845e+01
1.796001556115524167e+01
1.802020438745965336e+01
1.791830082055305695e+01
1.804130228586129903e+01
1.796818461585347393e+01
1.780353040230851747e+01
1.807136093111472874e+01
1.793814143396393845e+01
1.790673151373946581e+01
1.793659966741235579e+01
1.792418100886109400e+01
1.806121256863353253e+01
1.793845012661823546e+01
1.801709212300969654e+01
1.799897355442213964e+01
1.800065734877111012e+01
1.798555806593485684e+01
1.805742692529505788e+01
1.796970593382514636e+01
1.806764602244987472e+01
1.794433461982788103e+01
1.798237227785209313e+01
1.804598107007407037e+01
1.810816462963707707e+01
1.804471664460358582e+01
1.790229199435204421e+01
1.807159729502755496e+01
1.805023246050644303e+01
1.807665953706192496e+01
1.807723067207391310e+01
1.799001755356839993e+01
1.792157460648093448e+01
1.808061279958954515e+01
1.797169356219392711e+01
1.794055265837343072e+01
1.806452289676804668e+01
1.811071505691864658e+01
1.787527055905260553e+01
1.806114757215721411e+01
1.803117892390066501e+01
1.811688568975998948e+01
1.794897893832853697e+01
1.820196243381576195e+01
1.798490422900076524e+01
1.796906216119029764e+01
1.799710404791258256e+01
1.796806056352861347e+01
1.809202932992831592e+01
1.809871228428367473e+01
1.792547675057799239e+01
1.801114157571717200e+01
1.802758494474369400e+01
1.807651743714690795e+01
1.785630948947627061e+01
1.813875240005575407e+01
1.805292111177825021e+01
1.793222383523518104e+01
1.804288247451752625e+01
1.803140136745155786e+01
1.799333537707905251e+01
1.793052655564893527e+01
1.803580204779721186e+01
1.797184527583783265e+01
1.801568376294088125e+01
1.800884620034373995e+01
1.797357564800788055e+01
1.798243906881333132e+01
1.807723410278163101e+01
1.794626179418831313e+01
1.792548436264611311e+01
1.801134175213715949e+01
1.794413884917568325e+01
1.802629065913922091e+01
1.795255314585064355e+01
1.800463776440730612e+01
1.800095609524903040e+01
1.803529389969712327e+01
1.800210408141950680e+01
1.791890187900305520e+01
1.802486794513048451e+01
1.794326363880460207e+01
1.806458618202640309e+01
1.795103262937714916e+01
1.811868203968936442e+01
1.798758289205152039e+01
1.809974295184987270e+01
1.798631463131008701e+01
1.810484014146169329e+01
1.805810183051336892e+01
1.805679750121080573e+01
1.800174384349159595e+01
1.809565779911559602e+01
1.802200549068596658e+01
1.805390890255086589e+01
1.795266997451745183e+01
1.785696225826906414e+01
1.801191923948275075e+01
1.795769246630883842e+01
1.797291155372763072e+01
1.809770669595955539e+01
1.816272782074874570e+01
1.798488108347929071e+01
1.812252839158335149e+01
1.797130302170405969e+01
1.813312371575261750e+01
1.808297322783331396e+01
1.789940899011294206e+01
1.806358937729837066e+01
1.817271884789220593e+01
1.796838229068105974e+01
1.788553538417767541e+01
1.803744741949353525e+01
1.813781629245798754e+01
1.800321662732504535e+01
1.804031196178976160e+01
1.802031811622048352e+01
1.808389439917554498e+01
1.801494219000190355e+01
1.793256097154604234e+01
1.789879006148387219e+01
1.797457684104668729e+01
1.786986276568678633e+01
1.794188369646137104e+01
1.808794929653513606e+01
1.791738991886215970e+01
1.792912453477332946e+01
1.784632788295333228e+01
1.810753963167760716e+01
1.807659990813843365e+01
1.793526075234515460e+01
1.794984551419211982e+01
1.818976364736132822e+01
1.816485047083748938e+01
1.793683500344096160e+01
1.782361274941374774e+01
1.785412996749375836e+01
1.791240066013073573e+01
1.792726684884073762e+01
1.790504695914712840e+01
1.795777504928192414e+01
1.794550838039238272e+01
1.816491634752482653e+01
1.799578144442276439e+01
1.798857420840135646e+01
1.792184203538334941e+01
1.806250914785888639e+01
1.806663700753415114e+01
1.806065322781212146e+01
1.795238299141756144e+01
1.812303933002505474e+01
1.795911349927911260e+01
1.800093979122224397e+01
1.798147101903080980e+01
1.806474009093006927e+01
1.806427614901782874e+01
1.808476139012614681e+01
1.805973228201542824e+01
1.801237750749392674e+01
1.793122201515208758e+01
1.791445379126528792e+01
1.804743015836031006e+01
1.797297276343449823e+01
1.800245849123893649e+01
1.797828943406578972e+01
1.796011513132952686e+01
1.800032715503559899e+01
1.806385170019724384e+01
1.789554331491603634e+01
1.799899809089402680e+01
1.793661262333224116e+01
1.788344022079010287e+01
1.795121415197402470e+01
1.815182425630785445e+01
1.806553544861562699e+01
1.796981617516772189e+01
1.788874050157937390e+01
1.798694565577816462e+01
1.787081510680818397e+01
1.808405941023988817e+01
1.805170271609578947e+01
1.797371082051455460e+01
1.797779498310158530e+01
1.793894517777279773e+01
1.806040461825505261e+01
1.804869181602389006e+01
1.801027588707916038e+01
1.800902085838735189e+01
1.811054534775491121e+01
1.793559973167901234e+01
1.795722508450891652e+01
1.791062571163718076e+01
1.802598664448650112e+01
1.805079708197661503e+01
1.808968228774109832e+01
1.812420348016605232e+01
1.803062312750743956e+01
1.798901908835637897e+01
1.810613799611701324e+01
1.798578349264413845e+01
1.789309497701150065e+01
1.786133165287981939e+01
1.801415090006322117e+01
1.799785526849537831e+01
1.813426924045442235e+01
1.809125082343484792e+01
1.803453231926152256e+01
1.803672844821996435e+01
1.788773196848617886e+01
1.792056877385953939e+01
1.801066533251239576e+01
1.805988255455654112e+01
1.794633504027208559e+01
1.797336849980018414e+01
1.806976268537117747e+01
1.803538651105550272e+01
1.806424470597114507e+01
1.794285971032660854e+01
1.801218256935556639e+01
1.807131504400653199e+01
1.806581732932419015e+01
1.801193498930289749e+01
1.804634996415584780e+01
1.799906924014134901e+01
1.802738187268458248e+01
1.803781057529774401e+01
1.789576157566842340e+01
1.795019498643087275e+01
1.805388444612696830e+01
1.802586020023412416e+01
1.777981995864357856e+01
1.807992835348425942e+01
1.807842795076009779e+01
1.808300198180346641e+01
1.801446315997297987e+01
1.791840238411252528e+01
1.793726396158317726e+01
1.805000639905206228e+01
1.791023309777220263e+01
1.805118053017750057e+01
1.799252199285555065e+01
1.795109373528479324e+01
1.810036547643558080e+01
1.799473437214051330e+01
1.802686722714580370e+01
1.791665192901958292e+01
1.816106837976969501e+01
1.794535519603707030e+01
1.803850727951828148e+01
1.803060082813790643e+01
1.797151616158133436e+01
1.790001642945735938e+01
1.806344824833892915e+01
1.789877499573700703e+01
1.807864502549377050e+01
1.803277615722147686e+01
1.797656455418953669e+01
1.816713332197776865e+01
1.799827912541530850e+01
1.793571923558088343e+01
1.794476228963576858e+01
1.807971283052678757e+01
1.805027729651416735e+01
1.800057923446438934e+01
1.803852363350925359e+01
1.791372146557242218e+01
1.802667928456867941e+01
1.810376794699208958e+01
1.801669477752530923e+01
1.792180455520424331e+01
1.817377842479857364e+01
1.799296994497743540e+01
1.800764999752171391e+01
1.812043479638779786e+01
1.788362942115714205e+01
1.803417917235844925e+01
1.795839914601487664e+01
1.797583810865790355e+01
1.812545980664025436e+01
1.784129510970560162e+01
1.810890298950659627e+01
1.806027159742215815e+01
1.799445171107928942e+01
1.819849333856898710e+01
1.810378620545179729e+01
1.797946050909701654e+01
1.792568179416106133e+01
1.803306345635386521e+01
1.786938010801474519e+01
1.806273856355596052e+01
1.796885674906431163e+01
1.805581422023691829e+01
1.793337721708427779e+01
1.807495208147241073e+01
1.807405390996582994e+01
1.800804449543803543e+01
1.812192626753675029e+01
1.791091119096980222e+01
1.791864644284212105e+01
1.801944540992109722e+01
1.792866984897766969e+01
1.805742883203843618e+01
1.810101239952404839e+01
1.796305325134602882e+01
1.801663676146807447e+01
1.797385600019402574e+01
1.798906202231293960e+01
1.806665854418949024e+01
1.793827185220616371e+01
1.797398053680428021e+01
1.804834318862243947e+01
1.809419267295035993e+01
1.785450512803112133e+01
1.796977232679662606e+01
1.819053130612453018e+01
1.807068367880580695e+01
1.807375621479405581e+01
1.798267057472072494e+01
1.805096128552675694e+01
1.806218698662422995e+01
1.803313676470060756e+01
1.812908553100540843e+01
1.811933818496468263e+01
1.798454274662391938e+01
1.800063952132201806e+01
1.800266100262957636e+01
1.797842092108899692e+01
1.791443659242565190e+01
1.800968397700279766e+01
1.781859754446979949e+01
1.795463081290412433e+01
1.812452324650220348e+01
1.797597131505686718e+01
1.810632266476323693e+01
1.799099596514242094e+01
1.797208671568710514e+01
1.794414242631496847e+01
1.799474819863960562e+01
1.797436025080396149e+01
1.802299354546422805e+01
1.805197482317741375e+01
1.803786199166239612e+01
1.795444628624008843e+01
1.803034278935826507e+01
1.805590610664446416e+01
1.796780626597426078e+01
1.799810024951382559e+01
1.800599639147861808e+01
1.813370622303527213e+01
1.802799877456809341e+01
1.802339466357468822e+01
1.804292534944238824e+01
1.816678563428583004e+01
1.792039781182682390e+01
1.783695403050155548e+01
1.797891025398212150e+01
1.804284522399687773e+01
1.803308308853116415e+01
1.789742515970293368e+01
1.797623269570789617e+01
1.800158349158443727e+01
1.794264372566086152e+01
1.796023368118240171e+01
1.793251538534759248e+01
1.792339973934370789e+01
1.804091345893845144e+01
1.780676701638842019e+01
1.787869097083643410e+01
1.806834552283444140e+01
1.811819292296697625e+01
1.798301636261541603e+01
1.814172145756339205e+01
1.801421516075608054e+01
1.790400137946950565e+01
1.807771630671133778e+01
1.789761418474423849e+01
1.786545224415658950e+01
1.802621759130618528e+01
1.810237116478508312e+01
1.808566422691603393e+01
1.789811687422852415e+01
1.803748800788546802e+01
1.791708817454352953e+01
1.799654726988638842e+01
1.800280940901991400e+01
1.793843153012524994e+01
1.790384929571619566e+01
1.804381412334756618e+01
1.809428452728220549e+01
1.811393148740554793e+01
1.788028081851524576e+01
1.801386274016086375e+01
1.794828210820011805e+01
1.806197449262602106e+01
1.800025786854995147e+01
1.798138501184336491e+01
1.805756604472423632e+01
1.807051781636303289e+01
1.808204620262884887e+01
1.797567816645161187e+01
1.801601837518126104e+01
1.806191453771175759e+01
1.792303436227851421e+01
1.801303218925834315e+01
1.804630057722515346e+01
1.794719114590929721e+01
1.810443843871901493e+01
1.795705862875923842e+01
1.805553839255763293e+01
1.798763576803508712e+01
1.802849782839224702e+01
1.793158848089668211e+01
1.800336419880399319e+01
1.797649562909021981e+01
1.789556911415708385e+01
1.798239715734258226e+01
1.804869685560840864e+01
1.802068670971818065e+01
1.793255548168205138e+01
1.798599274381545854e+01
1.785878675196476451e+01
1.812031657846011257e+01
1.807029227248185776e+01
1.804623972297756396e+01
1.796943638162580470e+01
1.802192049230376369e+01
1.794600501580297447e+01
1.808386277004369092e+01
1.787333735471070284e+01
1.802851859139276414e+01
1.803590051649381465e+01
1.793799683127863887e+01
1.806438354992381079e+01
1.793119975469139149e+01
1.806851379471800456e+01
1.792175098115007614e+01
1.810649811751467553e+01
1.801096583352141778e+01
1.793430398209065757e+01
1.804196905637875048e+01
1.794944096384293175e+01
1.806665569434431617e+01
1.811754133855959381e+01
1.800267041734137408e+01
1.798209430999473923e+01
1.782372486571657433e+01
1.786067277625472016e+01
1.800568232661216328e+01
1.798787886095620081e+01
1.807473092332801201e+01
1.802220807600221519e+01
1.791439108370884625e+01
1.800809448332655549e+01
1.794339473707138666e+01
1.791874779903974257e+01
1.790792089970464218e+01
1.817035254213314843e+01
1.800754745472101348e+01
1.791098599307867900e+01
1.813632590647078047e+01
1.794201242387691408e+01
1.798553069069197363e+01
1.795354271455506634e+01
1.801311995929414422e+01
1.810132747556231436e+01
1.816973434397140963e+01
1.807525361562942834e+01
1.797001906883430422e+01
1.794559589365804797e+01
1.798975008110020113e+01
1.813362105259929535e+01
1.803027631107088169e+01
1.801079340102158355e+01
1.812590259387395619e+01
1.805310748445981872e+01
1.794482188958804514e+01
1.810479499994599095e+01
1.805579258745223825e+01
1.807214844469351434e+01
1.802130147706325758e+01
1.790852488616144100e+01
1.791908283441304306e+01
1.796449619844749890e+01
1.804807369913334014e+01
1.798428866448910668e+01
1.800308266456354289e+01
1.806519400024962252e+01
1.807468685873691783e+01
1.804024624689175482e+01
1.794897451924008180e+01
1.791174583141742005e+01
1.787527762614511317e+01
1.805122900506412975e+01
1.807717231352212295e+01
1.794112934499090883e+01
1.780728803028596730e+01
1.797047115063393363e+01
1.817895281320960166e+01
1.793224345530659392e+01
1.806797404305090637e+01
1.796277202301844511e+01
1.796206906480937704e+01
1.784831210728514961e+01
1.785793988368223850e+01
1.794997194478095537e+01
1.803010549337946600e+01
1.793704110741407121e+01
1.804935129367743585e+01
1.794144797078399733e+01
1.794279577168798312e+01
1.801125828995111533e+01
1.810728410607163497e+01
1.794441406463301547e+01
1.816417730191835744e+01
1.801762331205512169e+01
1.798738408288244273e+01
1.806732621467153876e+01
1.808306616840302894e+01
1.796027899515087967e+01
1.801578099333569583e+01
1.802361766227647166e+01
1.794592176894353130e+01
1.817918549944961271e+01
1.809767505108404606e+01
1.793179804916794495e+01
1.800969444086394589e+01
1.799624902391490266e+01
1.795824094876635613e+01
1.793357704409323716e+01
1.809455879533568279e+01
1.803944476555018284e+01
1.807063424355016679e+01
1.801841723878696655e+01
1.815744577450055530e+01
1.808501320550996283e+01
1.793196211954367669e+01
1.800395087814084860e+01
1.791262250264214373e+01
1.793115442775311053e+01
1.816526521700055241e+01
1.802834854949556487e+01
1.796999474231681759e+01
1.799734295858860733e+01
1.793218759135744378e+01
1.802891736981830917e+01
1.807538818161103578e+01
1.797066481899353363e+01
1.794372188112687638e+01
1.803150417860121735e+01
1.794750281750316390e+01
1.799470500502963688e+01
1.794480962499952525e+01
1.814679683437777058e+01
1.795018383526894823e+01
1.803922387756779955e+01
1.796075685723648263e+01
1.808569839446886363e+01
1.794064267853910621e+01
1.795094231023470499e+01
1.808749508087683466e+01
1.783331261388626388e+01
1.810492675560622189e+01
1.803103448708659329e+01
1.789153328429862100e+01
1.801607833800768788e+01
1.791684404264633201e+01
1.797119286950344019e+01
1.807976130526527925e+01
1.800102565463822657e+01
1.789869374266690727e+01
1.799313516211390152e+01
1.804803520549434381e+01
1.814084301359587670e+01
1.803456995444841127e+01
1.797392565412958021e+01
1.786967104105210069e+01
1.806641537780114604e+01
1.793600319126457521e+01
1.789671039734491487e+01
1.803881187535814590e+01
1.794498374939709251e+01
1.802536205103753275e+01
1.789999321334829574e+01
1.783220739095639473e+01
1.800571060652567823e+01
1.787097323378179681e+01
1.803121621370173955e+01
1.801343149639923880e+01
1.800533671555159287e+01
1.807929569414041282e+01
1.788946869338465007e+01
1.806930478766841475e+01
1.801153457151959003e+01
1.801025972569860301e+01
1.793545945236360595e+01
1.805037895453453700e+01
1.795557451346929057e+01
1.789078638612126326e+01
1.799657516013655112e+01
1.790705128271999769e+01
1.806474326003737829e+01
1.791467743501081245e+01
1.797571217396923160e+01
1.792517345716854393e+01
1.801025291446043042e+01
1.798451977205979802e+01
1.803816050212525468e+01
1.793336784955345564e+01
1.801233048393504532e+01
1.814838470150911576e+01
1.793772511981627460e+01
1.810402557656830425e+01
1.808731058601090425e+01
1.808644605913644909e+01
1.789042325635559649e+01
1.792868378634072712e+01
1.806887180185340469e+01
1.803364419435680688e+01
1.806020298901240295e+01
1.814687599025787179e+01
1.804238939489482618e+01
1.813259756008788415e+01
1.801224992529423830e+01
1.806531348703061823e+01
1.799817883994877832e+01
1.792956400677205053e+01
1.797506597785773863e+01
1.788166672485483488e+01
1.788820116773367985e+01
1.791997121324267539e+01
1.784933563551833657e+01
1.793538870179823164e+01
1.808989397462313775e+01
1.816484583383376616e+01
1.790017406474687789e+01
1.811175724038594481e+01
1.799237058482666995e+01
1.794663854087124477e+01
1.786843181586049312e+01
1.793761736119890315e+01
1.801306500381351228e+01
1.803714247519208413e+01
1.804287390529121282e+01
1.803898114443139278e+01
1.791187188996818236e+01
1.800383764081405502e+01
1.801807347084278987e+01
1.813443142384083728e+01
1.794270596724571831e+01
1.791322561951457359e+01
1.803282893999903180e+01
1.796833921124408562e+01
1.793108214842812131e+01
1.798043873928053316e+01
1.783393015393397008e+01
1.808862904180923437e+01
1.810062351179379903e+01
1.805546188230474414e+01
1.798660217873878508e+01
1.802187147278956303e+01
1.807884801038638756e+01
1.797684579043259490e+01
1.794954005641858785e+01
1.804845892031966770e+01
1.809966182840888038e+01
1.812521439412221724e+01
1.779666710800013618e+01
1.808422396559429046e+01
1.798078349577331991e+01
1.792513146937220014e+01
1.800656708554344121e+01
1.799621168010708772e+01
1.799998675263126913e+01
1.797659460833911282e+01
1.793469703158141471e+01
1.797435420025350084e+01
1.798493744174840359e+01
1.791312564349375691e+01
1.813672636748038869e+01
1.811307659125876057e+01
1.793992634532076735e+01
1.801322218345504922e+01
1.796749725624196969e+01
1.787424848313730408e+01
1.804407442087114433e+01
1.799033128753133681e+01
1.826741490715230043e+01
1.801106824513563609e+01
1.802792980269327572e+01
1.801587601100328584e+01
1.806605008449376726e+01
1.804275266629367636e+01
1.814502747707614461e+01
1.789342206309154548e+01
1.816265361682360790e+01
1.805759986160453323e+01
1.801046735388669973e+01
1.796441823739308319e+01
1.809521481194396841e+01
1.804806363065675967e+01
1.787637164126239142e+01
1.794189793280445500e+01
1.799515346199827448e+01
1.799482000557176065e+01
1.800379227400764748e+01
1.797223112440023485e+01
1.792974160210481571e+01
1.809855226855036037e+01
1.802854888174152492e+01
1.801230436868563700e+01
1.808536451971286141e+01
1.800843781982646519e+01
1.806539925346328701e+01
1.809024075301207546e+01
1.800626165045905935e+01
1.800955406359506483e+01
1.783265093709117721e+01
1.797125752285586131e+01
1.797413736904567116e+01
1.793431046477296675e+01
1.813929948926105595e+01
1.816366108158094406e+01
1.805453266427672787e+01
1.802987701092443373e+01
1.799570142311624110e+01
1.799233329591734432e+01
1.798830897227820103e+01
1.810349449670238542e+01
1.790414079645423584e+01
1.804085703853323253e+01
1.807465126161045532e+01
1.800356909714624365e+01
1.794325049065559696e+01
1.822014394305856300e+01
1.790379336703977131e+01
1.807301633107741523e+01
1.803786385598326447e+01
1.794634854307183858e+01
1.815070987992550755e+01
1.814329020822182059e+01
1.805953456331738138e+01
1.803686353703468015e+01
1.806249339468722326e+01
1.810571766522585335e+01
1.817009675617707032e+01
1.803675733616064392e+01
1.798197311552722510e+01
1.802969023945745519e+01
1.792783321215527437e+01
1.804187283461100932e+01
1.799603080425681156e+01
1.787743157861718402e+01
1.824399901924220657e+01
1.791396589241449178e+01
1.806823854714713207e+01
1.812077639947388974e+01
1.788841938923887653e+01
1.806471125610476136e+01
1.804679892941233987e+01
1.794886686246606189e+01
1.800161203448096714e+01
1.791911669253944694e+01
1.782584200274451192e+01
1.800689966546101672e+01
1.797537108312678811e+01
1.803804352053728977e+01
1.800937448891276205e+01
1.792980277934778499e+01
1.789455283547955133e+01
1.810619117478533013e+01
1.812658873676577187e+01
1.800709619524950256e+01
1.797741356754863773e+01
1.810395818998312478e+01
1.797392968997325013e+01
1.786776630157234536e+01
1.802227194461035609e+01
1.799118825418695167e+01
1.785270440296746841e+01
1.812989835414308004e+01
1.794711290077770371e+01
1.806559535007686534e+01
1.803453474950670454e+01
1.824063276926704447e+01
1.811808412838926330e+01
1.799261743782952649e+01
1.800916377156553949e+01
1.797772431707164031e+01
1.807141049225128526e+01
1.795839017430970230e+01
1.804253756963576905e+01
1.795738685460700168e+01
1.800987129270890463e+01
1.796233947799373354e+01
1.802390877950073644e+01
1.797122378003817644e+01
1.800591357620899302e+01
1.798372746794037269e+01
1.797021071664448044e+01
1.796141028804724371e+01
1.797562589645471220e+01
1.795201357590493885e+01
1.790623866272114029e+01
1.814729645724469975e+01
1.806102032030172211e+01
1.819219823040617001e+01
1.798382489255838834e+01
1.789906953670895362e+01
1.804919779149813763e+01
1.805686877916959077e+01
1.794958246644000610e+01
1.794454295009403921e+01
1.810234787468974815e+01
1.828053424579891839e+01
1.789186744996858280e+01
1.806203287289318027e+01
1.806557440784187918e+01
1.799967679656424124e+01
1.802778093905653023e+01
1.791492607641632517e+01
1.814874666739521913e+01
1.801754814638864133e+01
1.796236140026895001e+01
1.809252491801869311e+01
1.804396582359939671e+01
1.817267920856267693e+01
1.806176187626319773e+01
1.795724683872582261e+01
1.819587916623585144e+01
1.806086575313448606e+01
1.788471378473247242e+01
1.787574575380600805e+01
1.789779811605838589e+01
1.799061261699478464e+01
1.786144993040910833e+01
1.806955313663448592e+01
1.787853481172355430e+01
1.790950101365593383e+01
1.808604357148335851e+01
1.801627824962115199e+01
1.811471957866320182e+01
1.793315276698773886e+01
1.795849187529517366e+01
1.816058767807501440e+01
1.797994898464910207e+01
1.792424250233894512e+01
1.806853435283480991e+01
1.791599751689092912e+01
1.792638158075675037e+01
1.800999363022918587e+01
1.819127826448338681e+01
1.808021136066178514e+01
1.808957503872827388e+01
1.813304882305411425e+01
1.813654897541406541e+01
1.806125416718554533e+01
1.813787489138218234e+01
1.799271435839214917e+01
1.802128136583174367e+01
1.792412378841759946e+01
1.815362500221930375e+01
1.798100781192628617e+01
1.804261073607656485e+01
1.816863343108625628e+01
1.803962590970386515e+01
1.790503857581803970e+01
1.786069924273940401e+01
1.795015097679029736e+01
1.797847582061799798e+01
1.805975407320995529e+01
1.796329656861331969e+01
1.805760794665847158e+01
1.815543948969760990e+01
1.795987276642480879e+01
1.814601094909419743e+01
1.804237510412772849e+01
1.792913778437265293e+01
1.805894672631815467e+01
1.800175719931739238e+01
1.799120189159292238e+01
1.805841247089745849e+01
1.799536585061176552e+01
1.802049412570594100e+01
1.811982643132594362e+01
1.803506444810762588e+01
1.793818101293628331e+01
1.797657912792296742e+01
1.791179714412399804e+01
1.809586697572482095e+01
1.788868025852985255e+01
1.811881833249599083e+01
1.811537537284715071e+01
1.807992554752503267e+01
1.795467005967081775e+01
1.803008273468083900e+01
1.798234550735706705e+01
1.805006084840290725e+01
1.803052774114481593e+01
1.779126265921048855e+01
1.802129589549121391e+01
1.808633031384127321e+01
1.798732783644692645e+01
1.786040395803501468e+01
1.807590867001733770e+01
1.807042496991790870e+01
1.800217688813745198e+01
1.796812077589680356e+01
1.790577657338339890e+01
1.793397813705975707e+01
1.803673945242031706e+01
1.791709158311265071e+01
1.797047917391056870e+01
1.790031651923182565e+01
1.809527211326811980e+01
1.801072105048672611e+01
1.794307984042167448e+01
1.806028416279819737e+01
1.805748665510565942e+01
1.804512980186800064e+01
1.807386051276249006e+01
1.803392579063129730e+01
1.791623782240900553e+01
1.805376999407813088e+01
1.793549324043884496e+01
1.788880376989455812e+01
1.790557717315628850e+01
1.791959556556579969e+01
1.792058392615357576e+01
1.795116494335379187e+01
1.817568277392059173e+01
1.794938764045635793e+01
1.801076545476436763e+01
1.794607167947803816e+01
1.799473081249250583e+01
1.804132386152510037e+01
1.811942961542115071e+01
1.803073883128071841e+01
1.795997031240610653e+01
1.804703826356731611e+01
1.808655260527610409e+01
1.810309980804877483e+01
1.796630148860262111e+01
1.771146398633228358e+01
1.791294462231445195e+01
1.802211633556911963e+01
1.801815015894959870e+01
1.808196928545647708e+01
1.809319036328509256e+01
1.802795074452252777e+01
1.801726830846829586e+01
1.795164979066572286e+01
1.796061729394940798e+01
1.784643387079670163e+01
1.801200530357107610e+01
1.793841509564213510e+01
1.810167514661169008e+01
1.800273792997242239e+01
1.793900701039168766e+01
1.811214344281493638e+01
1.811201698571970908e+01
1.786899291320323258e+01
1.803709447006403366e+01
1.800020525367943236e+01
1.790008310744457987e+01
1.805563253179262162e+01
1.796947059009534442e+01
1.798613389094381887e+01
1.791189111463565098e+01
1.793910333409843361e+01
1.803648240962832716e+01
1.812811901766188072e+01
1.805980151520734012e+01
1.798502759184053446e+01
1.803790545615544261e+01
1.790758751150158901e+01
1.806514217384323118e+01
1.802157442850513291e+01
1.800718581551600650e+01
1.807756585031554764e+01
1.812380979425692118e+01
1.804988624619893400e+01
1.797347420736308266e+01
1.804273772229119288e+01
1.802214663057779021e+01
1.795378143367744528e+01
1.794800168273265939e+01
1.796112802564818622e+01
1.787167251082001229e+01
1.802101641357005235e+01
1.808336601181178693e+01
1.796530039575468862e+01
1.795603936374223153e+01
1.792617735324085260e+01
1.784791790311822268e+01
1.803948181487461611e+01
1.811077765994885524e+01
1.802695039226832918e+01
1.808047391265827741e+01
1.806729786123074533e+01
1.784119824144227096e+01
1.813443001162815804e+01
1.807065731426407851e+01
1.806506118380836057e+01
1.799857756851208990e+01
1.791299766941175520e+01
1.799961025462317821e+01
1.807761800971874777e+01
1.798666377294388141e+01
1.806349059311845195e+01
1.790400750113391126e+01
1.811076542068505191e+01
1.806881666122693275e+01
1.797057720884175680e+01
1.792950054583089781e+01
1.784625862502612392e+01
1.794559754295769949e+01
1.796957416565535226e+01
1.803691161036252311e+01
1.798209567070792048e+01
1.807023848839604341e+01
1.784757953628234972e+01
1.797333244334667413e+01
1.804694511939808166e+01
1.797984196890991981e+01
1.796146463358381595e+01
1.799663538403552820e+01
1.805807335240562139e+01
1.796169609804892531e+01
1.790863517123663229e+01
1.792647316104338628e+01
1.807552894761669648e+01
1.797434812631204437e+01
1.788327532329624958e+01
1.805459277555987185e+01
1.792686245783273336e+01
1.785996210484884372e+01
1.812066726508481906e+01
1.785622412131789716e+01
1.792180550352703250e+01
1.803112914023911628e+01
1.791607109079889071e+01
1.803526840094914618e+01
1.799933215765533134e+01
1.794211020884123542e+01
1.805800670684262244e+01
1.797172721700936293e+01
1.807579849706296926e+01
1.819957205263225575e+01
1.796620770095943698e+01
1.790890157238935743e+01
1.805806319399798809e+01
1.796327605584891529e+01
1.803997014593842962e+01
1.793450337818454443e+01
1.809562853670287907e+01
1.803392607836344297e+01
1.808632566299712252e+01
1.791182894935635161e+01
1.796622874898354283e+01
1.793112305688236319e+01
1.792747157015378434e+01
1.808526278205709659e+01
1.808553236525137464e+01
1.792281779657849583e+01
1.813455015410241700e+01
1.788760643318670773e+01
1.800253768954279820e+01
1.802937115798112089e+01
1.810266798434270541e+01
1.797845593813915599e+01
1.801869280179352018e+01
1.802984027979378467e+01
1.803590822309180908e+01
1.795912256273613750e+01
1.811637530185024048e+01
1.795778158120964818e+01
1.791696003519146529e+01
1.798980483245603068e+01
1.794220556160490077e+01
1.798519359001160112e+01
1.791805612515092960e+01
1.797009663232178411e+01
1.800454590623371232e+01
1.798724208184542661e+01
1.805421363896087783e+01
1.793534074878211726e+01
1.801575730528621477e+01
1.806896572932184597e+01
1.811990181581313308e+01
1.799968428892756123e+01
1.802998884525586121e+01
1.790103217732682239e+01
1.805589645836237267e+01
1.809003343815127707e+01
1.798441065925070959e+01
1.808129880765806519e+01
1.788659564968032711e+01
1.800922997905297152e+01
1.794666690146092947e+01
1.807502963339289437e+01
1.791845368302272234e+01
1.790076934875135350e+01
1.798966651967205621e+01
1.780613009127290880e+01
1.791567012607227483e+01
1.799814497318614670e+01
1.793998828784594224e+01
1.803811756314809500e+01
1.800186959010876464e+01
1.804315572827829683e+01
1.790357219152249257e+01
1.794278292583534551e+01
1.813690397175318481e+01
1.811904071338474509e+01
1.798665046612223861e+01
1.792534956143853364e+01
1.791819076846760694e+01
1.803662567981472620e+01
1.795773523210072398e+01
1.792422898292006295e+01
1.785048599801637792e+01
1.803901637262873692e+01
1.800644283891777775e+01
1.790267024807469554e+01
1.788539913964995876e+01
1.809789071527739779e+01
1.785175702672923492e+01
1.801468648892258528e+01
1.801210189677649964e+01
1.808442988847208355e+01
1.796250911688182583e+01
1.797609394133045413e+01
1.799687645567683347e+01
1.798515600491915833e+01
1.803988988507926905e+01
1.807494959579101845e+01
1.802011939822809694e+01
1.814912459071748430e+01
1.813928165829575434e+01
1.788068229271208409e+01
1.809194976640361219e+01
1.801282907999003413e+01
1.799240801547325574e+01
1.812620543208068469e+01
1.786599351356020549e+01
1.806565257951171688e+01
1.798850169061436688e+01
1.793140218691710785e+01
1.803656742731858387e+01
1.797675495127718648e+01
1.784751094054196940e+01
1.789888345369438838e+01
1.790191879105857709e+01
1.806296607369211316e+01
1.820307891870255546e+01
1.789949308865967126e+01
1.804980873619955517e+01
1.788895127474345514e+01
1.812630678538761941e+01
1.805435917072756524e+01
1.785377276185353423e+01
1.801565856781419228e+01
1.799894194269667125e+01
1.807709201968611268e+01
1.796341614114444241e+01
1.792899793495907446e+01
1.800469907672587766e+01
1.804068478167587131e+01
1.798985825257461002e+01
1.803415028799842545e+01
1.806903401443023682e+01
1.802083222873114110e+01
1.804191682914729356e+01
1.798695618810162600e+01
1.791853019973506278e+01
1.808827489051381932e+01
1.792644068938722768e+01
1.797708185150434446e+01
1.803183754100036751e+01
1.795516614979046821e+01
1.799219382970432335e+01
1.793674951019833941e+01
1.796006147080043291e+01
1.790024433998917175e+01
1.813518083269861947e+01
1.793109156537042281e+01
1.794788032566781411e+01
1.798656432308222364e+01
1.798746037955676158e+01
1.810439203316440171e+01
1.806329353802440707e+01
1.789091836258594270e+01
1.801526242643092601e+01
1.811832270583640181e+01
1.795401735504443153e+01
1.815539433325191609e+01
1.797283834917982759e+01
1.810581901355448409e+01
1.793047774253363613e+01
1.796001284268457709e+01
1.794475993683547088e+01
1.809793975007385214e+01
1.801606681888222283e+01
1.806135803322925781e+01
1.807971763488853512e+01
1.808203376330430601e+01
1.801327488106938546e+01
1.809463148671385113e+01
1.797327270545547862e+01
1.784249155707444956e+01
1.802882665370109549e+01
1.793834443621376806e+01
1.802004689484673250e+01
1.791502215152556943e+01
1.799147273370916977e+01
1.810250454384467389e+01
1.798630487939258060e+01
1.802906928051852375e+01
1.789581055367683149e+01
1.788460061693007574e+01
1.797439981392018282e+01
1.798107650619481745e+01
1.798003156149582793e+01
1.798673130571970802e+01
1.797008757457269468e+01
1.810688269084132429e+01
1.793190081306712713e+01
1.796844063909250266e+01
1.800244962787214931e+01
1.798186608006198739e+01
1.796068007212655715e+01
1.803761389554291839e+01
1.802525456629964040e+01
1.802452915517844900e+01
1.810593519776137228e+01
1.797502194599039882e+01
1.817236505342889785e+01
1.823003026184398934e+01
1.808100938394420965e+01
1.791269921575490898e+01
1.805717666987799674e+01
1.813930965136343687e+01
1.798682789469283350e+01
1.802517323932122295e+01
1.803287667839509467e+01
1.806972985351559657e+01
1.797814868928520937e+01
1.801501561806392004e+01
1.796713745790788508e+01
1.799385483392826757e+01
1.802092155586425903e+01
1.809279746378527420e+01
1.799022291256296668e+01
1.817852312664635051e+01
1.779919906672833818e+01
1.800125472039329821e+01
1.799708351470732026e+01
1.801197059485945573e+01
1.784850788608684269e+01
1.811702574898222196e+01
1.799856771819691659e+01
1.813588289690953204e+01
1.818104117310400625e+01
1.794706025399891303e+01
1.787955321103822115e+01
1.793210725952399898e+01
1.810474476022792700e+01
1.807489980158370813e+01
1.800726071202091561e+01
1.796741673782048210e+01
1.801674667123944218e+01
1.806032155021134500e+01
1.780055457374142591e+01
1.798667423986306346e+01
1.804994240448143827e+01
1.807993164115499241e+01
1.788698121623768955e+01
1.788372239328791125e+01
1.810127684891836708e+01
1.809948124009726556e+01
1.790861145577132163e+01
1.798661272910576159e+01
1.805812650903462568e+01
1.804237340416767310e+01
1.804027112796675070e+01
1.796137776432670208e+01
1.800275240533802545e+01
1.792958675700764815e+01
1.791365257182222237e+01
1.807037486719480768e+01
1.791030631051718558e+01
1.793571188694908614e+01
1.805845070352791026e+01
1.808077812986206467e+01
1.791431268990965719e+01
1.801526635887695704e+01
1.805545316984918003e+01
1.795799087107133118e+01
1.810466110503647386e+01
1.792902084933666629e+01
1.794785273303973483e+01
1.807571369435965636e+01
1.792550495744974270e+01
1.795901342471442419e+01
1.794422462223030124e+01
1.806595585830709538e+01
1.789221297659085863e+01
1.794290658568165853e+01
1.781690350304775805e+01
1.809060294434285154e+01
1.807676465513993946e+01
1.786163087823335971e+01
1.813254191291956374e+01
1.792266294634547918e+01
1.795192480918469613e+01
1.788247529813521197e+01
1.799741209226868932e+01
1.818313681558181116e+01
1.789601270797556509e+01
1.796822856446214800e+01
1.797425231423636660e+01
1.784308585694369143e+01
1.799575633500830207e+01
1.806797627306865905e+01
1.794151810346887643e+01
1.796697571882888411e+01
1.798315126355364768e+01
1.790855300440587428e+01
1.799172561606568266e+01
1.806176911800168483e+01
1.798318796083178839e+01
1.794117874645302280e+01
1.800796559227575599e+01
1.805529639368639394e+01
1.803555033524212092e+01
1.807426420995806282e+01
1.800448062626012558e+01
1.819947513820242335e+01
1.810775768314970691e+01
1.793286589675538423e+01
1.801205916010276908e+01
1.803324725782044524e+01
1.808880119048295043e+01
1.806571354224457693e+01
1.810152641024794207e+01
1.784788322942871730e+01
1.796121566072384113e+01
1.797026127574705967e+01
1.805114891050009973e+01
1.789010742124575870e+01
1.810073055080277271e+01
1.794459028945550472e+01
1.800185289940895572e+01
1.799263515691933435e+01
1.797996266747832905e+01
1.806169015424881863e+01
1.807584525058283376e+01
1.793935480780256242e+01
1.803070434081315554e+01
1.798202043551157914e+01
1.809464378583716382e+01
1.801282500766902572e+01
1.803982453702704092e+01
1.813614043791075048e+01
1.802767442045016821e+01
1.797026014314800690e+01
1.809325456723663805e+01
1.795089259727286901e+01
1.802939634809793645e+01
1.797835191542776911e+01
1.814877328595232697e+01
1.796752446942461034e+01
1.798670170273637225e+01
1.797205223810385633e+01
1.798937187728946085e+01
1.790238155953244359e+01
1.786413140636040353e+01
1.817985713020209104e+01
1.799712038540240755e+01
1.806269255174106547e+01
1.813175780604579046e+01
1.793007997110973761e+01
1.796984121047485772e+01
1.795238181755887297e+01
1.805289882390189504e+01
1.794688206887004966e+01
1.787278328320653031e+01
1.788418485108291023e+01
1.792954006434094794e+01
1.794887986480359388e+01
1.803944229838397106e+01
1.813113283399965070e+01
1.813802906650228408e+01
1.803620293237030126e+01
1.820561281050336078e+01
1.788843510475647847e+01
1.808427446609125511e+01
1.811918066227606516e+01
1.785730432697871350e+01
1.799839121544868803e+01
1.795043523794626239e+01
1.791136663971584042e+01
1.801400780482492792e+01
1.791374319508160440e+01
1.796699315448822176e+01
1.801690329081798581e+01
1.800628226907649676e+01
1.802225011481611006e+01
1.807991087462445989e+01
1.807360052726491872e+01
1.783770367111744548e+01
1.807916392098579550e+01
1.800980490530282907e+01
1.803290002171199902e+01
1.783990769995436665e+01
1.822107873400061351e+01
1.818976450823074487e+01
1.806848622011214900e+01
1.802518315433563600e+01
1.795504120579694884e+01
1.806840914711696655e+01
1.798330177257441420e+01
1.801493352722284058e+01
1.795050382617847973e+01
1.790404046264072235e+01
1.792856180977413061e+01
1.800138103400480816e+01
1.821000964721191906e+01
1.788341009070368059e+01
1.799892587849720726e+01
1.794712980121546408e+01
1.795443682379673334e+01
1.786519960040504884e+01
1.799376635155703497e+01
1.794296040118069158e+01
1.794045263379788224e+01
1.814652462488527007e+01
1.819679743416394047e+01
1.797707235406043935e+01
1.799099786695597203e+01
1.794288806471328712e+01
1.794547327140900705e+01
1.789923505191348951e+01
1.794623821057189872e+01
1.786226013751234376e+01
1.800301708112157328e+01
1.798106774211049697e+01
1.787321616998366736e+01
1.809483933173372705e+01
1.800952623073442638e+01
1.807664790826845547e+01
1.799538265011210214e+01
1.797023160987641788e+01
1.784682332874575650e+01
1.802164069131029223e+01
1.789887341197190906e+01
1.805290344477319664e+01
1.797515074404793367e+01
1.803381355557934640e+01
1.794255210317698968e+01
1.797052638647646461e+01
1.799574933622545458e+01
1.791560200341224274e+01
1.805518237796439962e+01
1.782833544835457573e+01
1.776958276677846627e+01
1.816028005743825702e+01
1.807535058871074440e+01
1.795601595518672866e+01
1.795229436482131291e+01
1.788456097238568532e+01
1.791280038060003221e+01
1.799629626990220999e+01
1.798739443083609046e+01
1.798898183376600457e+01
1.795359815601376141e+01
1.794783877142948114e+01
1.795255981523114031e+01
1.783691983672070336e+01
1.811445520359229633e+01
1.788691946917411002e+01
1.791185409301987619e+01
1.789926891461713865e+01
1.791664537338747110e+01
1.801601677428828907e+01
1.794425096685699472e+01
1.810240715775164233e+01
1.786027826440856359e+01
1.805817009851338639e+01
1.798774587834095584e+01
1.801298144370068854e+01
1.792656650306448896e+01
1.801753590452359433e+01
1.788573716323411134e+01
1.805679209042766686e+01
1.795547244043675406e+01
1.819032726144578760e+01
1.806886692174306219e+01
1.800257436526569066e+01
1.802627851351676469e+01
1.793659298080296338e+01
1.804790897364026847e+01
1.807249387398096019e+01
1.792209479330055188e+01
1.795415200374357667e+01
1.824619438859089726e+01
1.804802181548878437e+01
1.806028124174857297e+01
1.807697534956039931e+01
1.811054130277149454e+01
1.800237411758237016e+01
1.815238865896231957e+01
1.794819165388809168e+01
1.804329880129315811e+01
1.796822369166197575e+01
1.798043632561844518e+01
1.797186448367279965e+01
1.789115509468425458e+01
1.809228880421216701e+01
1.800976485678852157e+01
1.803322107338542679e+01
1.786179840220188808e+01
1.803235632068376404e+01
1.805761115560392938e+01
1.814214537212184553e+01
1.819072995787984937e+01
1.808494121118041065e+01
1.803426177589122759e+01
1.791338052467127895e+01
1.795948229831799736e+01
1.810079975543625963e+01
1.810379901770385658e+01
1.805957022262485978e+01
1.800090359707122190e+01
1.790258079788717183e+01
1.802452353689633213e+01
1.802601279322319883e+01
1.797537842710820399e+01
1.782904618058232415e+01
1.798860197866087063e+01
1.808716575737845034e+01
1.795167148647601962e+01
1.800183787072511166e+01
1.817559579323085472e+01
1.796714253145252727e+01
1.801546985248007005e+01
1.792350947586566079e+01
1.803020313537532715e+01
1.799941401430486110e+01
1.795072101096638661e+01
1.791159316804620616e+01
1.804519307709559683e+01
1.811106293525363142e+01
1.808234987477490208e+01
1.806007457081486223e+01
1.810920092592376562e+01
1.791253299932666820e+01
1.794106549008933982e+01
1.806144652952171015e+01
1.804333494774722624e+01
1.806971574432346372e+01
1.802468938238826013e+01
1.791227866529500545e+01
1.804608993226609215e+01
1.811046809593297624e+01
1.808211579487992537e+01
1.801119750660047814e+01
1.805668912102416712e+01
1.806822079522350677e+01
1.790629960986557379e+01
1.792321533665429811e+01
1.816402455632988833e+01
1.801792786028563498e+01
1.799780865199756619e+01
1.790989469721883509e+01
1.795027980040569204e+01
1.806783394404810750e+01
1.825105881298745203e+01
1.799369251805531178e+01
1.792588887768321371e+01
1.797862346181599946e+01
1.793478756320579492e+01
1.801793886017660995e+01
1.789769002138001142e+01
1.814984329332392221e+01
1.802595087100475624e+01
1.793717249030259353e+01
1.811253599857349883e+01
1.802813004759003945e+01
1.795340764307125170e+01
1.793045917464006322e+01
1.811433952222099109e+01
1.803932291858015091e+01
1.786518346615944353e+01
1.810929388422853492e+01
1.791830238248445184e+01
1.800380109437655207e+01
1.810225429596948388e+01
1.799360481559443414e+01
1.786205952034750410e+01
1.802856230026698370e+01
1.810388085483259246e+01
1.824167873043641919e+01
1.787691469864778071e+01
1.800153151757744041e+01
1.794982590661022570e+01
1.806468678150805474e+01
1.802178140689545671e+01
1.786647702769424129e+01
1.802597834386456199e+01
1.802699902744078031e+01
1.783465317923761262e+01
1.808890282208211531e+01
1.805626462482256045e+01
1.804592809479951754e+01
1.807089076260213645e+01
1.815673227162238135e+01
1.787226746268100186e+01
1.805155421213393296e+01
1.805262322832942701e+01
1.803114722663388747e+01
1.802734345801084004e+01
1.797368226366391752e+01
1.801995361633192871e+01
1.808859523697002558e+01
1.802457207662595451e+01
1.804075411375048787e+01
1.786922483427389707e+01
1.805806255618092848e+01
1.800189938626554209e+01
1.795309022241612595e+01
1.809879990688138207e+01
1.790971528846795024e+01
1.815573007686062112e+01
1.793919888417486419e+01
1.793779516191670709e+01
1.812781373660731177e+01
1.800959390523371439e+01
1.800329630294270800e+01
1.797413954035804906e+01
1.801660745104241101e+01
1.806909869430003468e+01
1.798657496233509434e+01
1.792575906426727528e+01
1.801475166485080592e+01
1.813477625402424565e+01
1.793655916084829016e+01
1.793093329649430245e+01
1.802549775768423856e+01
1.806418141352160234e+01
1.797328677463560354e+01
1.799126167831101597e+01
1.812266950438866076e+01
1.794937241587658150e+01
1.797847891394063069e+01
1.804671827924528316e+01
1.805180569421679593e+01
1.808288154700265338e+01
1.796712569703457874e+01
1.786254649890297230e+01
1.802715477395985744e+01
1.797945052886714379e+01
1.796117433981106970e+01
1.811004291466349869e+01
1.783839531246978183e+01
1.812573620675102504e+01
1.809964490132153614e+01
1.804131855752319780e+01
1.793886653316306123e+01
1.791938498543590796e+01
1.807501551535299100e+01
1.809317996912702853e+01
1.799214340501956144e+01
1.806210677539326426e+01
1.799725004502865389e+01
1.805461551553024435e+01
1.783907569366571266e+01
1.789534808284912515e+01
1.798133162888852965e+01
1.800578837362563789e+01
1.790022249368792018e+01
1.795598116113036014e+01
1.798734359260585691e+01
1.789917732951157703e+01
1.800899039000007207e+01
1.806166961333867960e+01
1.797310509282641533e+01
1.789872213055058126e+01
1.805928678864740178e+01
1.794136060993931281e+01
1.802682060287857624e+01
1.809101218876287120e+01
1.810722996236716043e+01
1.807651552091624580e+01
1.791928455868913517e+01
1.805185556752867981e+01
1.807260694577013993e+01
1.802670764550330063e+01
1.803883737092169071e+01
1.803591875517150811e+01
1.794056077475136135e+01
1.775342228625998331e+01
1.808261242403122537e+01
1.798230755995687602e+01
1.803479539401701359e+01
1.800308953493556174e+01
1.798583772065145325e+01
1.791712788985760696e+01
1.798908054252630251e+01
1.813181885520493708e+01
1.799240347814914642e+01
1.808675806907457329e+01
1.803493786319486247e+01
1.803280232795262350e+01
1.789848261668907270e+01
1.785030234883440770e+01
1.799610257941414559e+01
1.798554571278773651e+01
1.806248348255227043e+01
1.791734668299598709e+01
1.794493445186864378e+01
1.795957715118195352e+01
1.788945316141947472e+01
1.801690557567642514e+01
1.817448524431742385e+01
1.805334107107308839e+01
1.805529320723991660e+01
1.804267228483715968e+01
1.797844775069521361e+01
1.793947555906629532e+01
1.812643812741852400e+01
1.791759306196057011e+01
1.799348591270408448e+01
1.800458861741769212e+01
1.806039288265461096e+01
1.782750557944714842e+01
1.811377444367438372e+01
1.803703150586116166e+01
1.801535944302171188e+01
1.804396871813328929e+01
1.815512241072877231e+01
1.794115652194076205e+01
1.796725811881874435e+01
1.797408177868634382e+01
1.794728052463352341e+01
1.802780808302508575e+01
1.790643718354582958e+01
1.808205030783459932e+01
1.787742166839237967e+01
1.799368630523430923e+01
1.792461264153080336e+01
1.802623245948097619e+01
1.810277176088293061e+01
1.801054552140994147e+01
1.798756859812138131e+01
1.803073638550159075e+01
1.808372518062128620e+01
1.797496164475728619e+01
1.807953044036893431e+01
1.796952419598741812e+01
1.802907268337560254e+01
1.801308559013580890e+01
1.802303581776032715e+01
1.807999044462857441e+01
1.800587743853255418e+01
1.795247128436847461e+01
1.811587808134262190e+01
1.795686547050607018e+01
1.793371182414323783e+01
1.802208418911216725e+01
1.798481182731674366e+01
1.788574958401160231e+01
1.801427048635787997e+01
1.797825340644330083e+01
1.797858763947290939e+01
1.800067895191092049e+01
1.787601208935608099e+01
1.801894306418583369e+01
1.808948990667453671e+01
1.798913522356941286e+01
1.803654166984497564e+01
1.811092059745008953e+01
1.805837067136912211e+01
1.800928766864494790e+01
1.799538550596084008e+01
1.815712177181080023e+01
1.814241028501570341e+01
1.807082807088114151e+01
1.791769515096405030e+01
1.799939046560347222e+01
1.795327111915327123e+01
1.809734649399706541e+01
1.808003932321194895e+01
1.799429954993436098e+01
1.796559631906860588e+01
1.789063668712230637e+01
1.801319492568873315e+01
1.790045660183023202e+01
1.797422350319481410e+01
1.804148797367144752e+01
1.799570037125182864e+01
1.795461819629770872e+01
1.788376314613608997e+01
1.794941103679169458e+01
1.801667201455030209e+01
1.804328395240886351e+01
1.810251483550357676e+01
1.789490634186343598e+01
1.809978533689989533e+01
1.806108574230977482e+01
1.804743044066018953e+01
1.800784536546771264e+01
1.803352802584012338e+01
1.804636895185112522e+01
1.798428624101768136e+01
1.794743866424723677e+01
1.792588930217690191e+01
1.793483547306147941e+01
1.796306961942490332e+01
1.816399906762872618e+01
1.795838374337925103e+01
1.804754690377270521e+01
1.798052605808387128e+01
1.802613244716700081e+01
1.803439055360856003e+01
1.789449549945528162e+01
1.797881799106748346e+01
1.789918968594169257e+01
1.802879386497709291e+01
1.796416326752595083e+01
1.802873787853309295e+01
1.794501353706113633e+01
1.797071535173116175e+01
1.805829524746100034e+01
1.804916722216915659e+01
1.805257664969616016e+01
1.792426866137400410e+01
1.803404779409432734e+01
1.794320559713281682e+01
1.812556094197543644e+01
1.789122661611363441e+01
1.791125708844902320e+01
1.789754536711722821e+01
1.808164277726210400e+01
1.796746358069282223e+01
1.798883207583650545e+01
1.815739990732301123e+01
1.805637615703811960e+01
1.805768595499352003e+01
1.793559998822256318e+01
1.814208370216537247e+01
1.807648982015982853e+01
1.798278620753519164e+01
1.798974124956564680e+01
1.793470187578212816e+01
1.795034962565671321e+01
1.801103922185013317e+01
1.788476170379810171e+01
1.795384332029180996e+01
1.791959007464812714e+01
1.790517915048835107e+01
1.806686471951101325e+01
1.803136992665367444e+01
1.798188620551851002e+01
1.796485936637846947e+01
1.806719015886501367e+01
1.794308449481319556e+01
1.804718444753607187e+01
1.799120379081991317e+01
1.793036359935363677e+01
1.809045367647012625e+01
1.802504005706320100e+01
1.786560530439261640e+01
1.819408364372651477e+01
1.807268963882924595e+01
1.798988316596057402e+01
1.792698295549684318e+01
1.794562896459766321e+01
1.805750329944955723e+01
1.794599735933117657e+01
1.797800400201048632e+01
1.788358812821071808e+01
1.807116676920632869e+01
1.789617552546938128e+01
1.800829295265479146e+01
1.802261659281475303e+01
1.800402641424035366e+01
1.803404207808722504e+01
1.808995599617908567e+01
1.805466790937848742e+01
1.807366480166261624e+01
1.792763397367622957e+01
1.798858408759913630e+01
1.799443781339255821e+01
1.801428550023723218e+01
1.810474410601835160e+01
1.800192406845388859e+01
1.795023902821975881e+01
1.801983164250407654e+01
1.797850451037380637e+01
1.798800814774798695e+01
1.812225612383844364e+01
