# Variable: A_3
# Sample shape: (2500,)
# Date: 2018-11-20 23:39:51.455340
1.978831128506139692e+01
1.974402817342130589e+01
1.978617526123288073e+01
1.974833293761727759e+01
1.998912870367628969e+01
1.964743946066790770e+01
1.987480534294629209e+01
1.985993280721644894e+01
1.979842261212404253e+01
1.973906865635959207e+01
1.986234575286087178e+01
1.988398867092735145e+01
1.972163255160000261e+01
1.988726969349711737e+01
1.995072788278435283e+01
1.976357471095272800e+01
1.986421822583075780e+01
1.983974067302752786e+01
1.978690625922419244e+01
1.979535730255079784e+01
1.978336131016919452e+01
1.972353395892142558e+01
1.978489482425665713e+01
1.978164626446008256e+01
1.968040934180125134e+01
1.987644014915206370e+01
1.975586294562765133e+01
1.995786155000137185e+01
1.969033261824084136e+01
1.974630882148735012e+01
1.980384435429717271e+01
1.975072666404768640e+01
1.977932008146626330e+01
1.973582090613157902e+01
1.976280702982649728e+01
1.982837868795611413e+01
1.975395629190117575e+01
1.974166024492154747e+01
1.991488982361073568e+01
1.976663831845939612e+01
1.983828456481877112e+01
1.994537690896270021e+01
1.982841841338171207e+01
2.002709294471628354e+01
1.980669531661536098e+01
1.987948818525225292e+01
1.978489424225248072e+01
1.981270764721914901e+01
1.968453793766504489e+01
1.976998127414823259e+01
1.981087077206068514e+01
1.979794537270397470e+01
1.970795577114275687e+01
1.998074927485003016e+01
1.988540142450355930e+01
1.987572712470137049e+01
1.990706319738850283e+01
1.983995907900822075e+01
1.987483408661910644e+01
1.981705543291198524e+01
1.994175227853282095e+01
1.991509880064209881e+01
1.984801685008449113e+01
1.978423888117929863e+01
1.991268977079399249e+01
1.972799368310718293e+01
1.980851753276361649e+01
1.992864049948925143e+01
1.983053774187565921e+01
1.975604677243568474e+01
1.974764475207339487e+01
1.970648102204591723e+01
1.983193890698705530e+01
1.983754550037927444e+01
1.990750948440861023e+01
1.972215205506940450e+01
1.981985094603052389e+01
1.984558776811780234e+01
1.992564638963220602e+01
1.964790526199485754e+01
1.981913904237151414e+01
1.980274143917186791e+01
1.985735746823324277e+01
1.992190837563583372e+01
1.986079813693492468e+01
1.975273531037451846e+01
1.984121951198914857e+01
1.971343397103576223e+01
1.988446121533330668e+01
2.000977407415389919e+01
1.969565658374601114e+01
1.980833424640558960e+01
1.992917277185420488e+01
1.976667322805305460e+01
2.004143836646765919e+01
1.980731462914833330e+01
1.977615130660391429e+01
1.991224795539854142e+01
1.986439536124363769e+01
1.971807573938146518e+01
1.956839330181630388e+01
1.990660423096355913e+01
1.980758266859464101e+01
1.969516847209364840e+01
1.977062629502641045e+01
1.979948378298563938e+01
1.990729848648102518e+01
1.982686788161511870e+01
1.975725366579533926e+01
1.981254102187845945e+01
1.986263678072771555e+01
1.990224713327324224e+01
1.977579397519440718e+01
1.979726285539668140e+01
1.996723836670568986e+01
1.970945401595857405e+01
1.971560989358351890e+01
1.974833970961884333e+01
1.984657764010409409e+01
1.992056734372856042e+01
1.984258010630577473e+01
1.985970126655398715e+01
1.986612077509688490e+01
1.985649164876940631e+01
1.987593371763399475e+01
2.010749430468211685e+01
1.993446961787249094e+01
1.983960535785364954e+01
1.970959470011989367e+01
1.976490092708740676e+01
2.001322788001844089e+01
1.996036979172062331e+01
1.988838867930430965e+01
1.964528358956409093e+01
1.970288545813018644e+01
1.985290079872873292e+01
1.996196323091772484e+01
1.982187861454477584e+01
1.993386466259487477e+01
1.983038378749181518e+01
1.982528719475767787e+01
1.977589634659407736e+01
1.968921389398348154e+01
1.994026189109527891e+01
1.991521838630688279e+01
1.982583952188298682e+01
1.987488550137148380e+01
1.998392270138890936e+01
1.987253323986017151e+01
1.995329737653088387e+01
1.974566690488590126e+01
1.981793434410961297e+01
1.987700617472573938e+01
1.988659788582427979e+01
1.967856464990127918e+01
1.972516109891465064e+01
1.985900381792980696e+01
1.973818101337349518e+01
1.980241191503332487e+01
1.974145053880828371e+01
1.991654357965752808e+01
1.993579943804428467e+01
1.985195112983334198e+01
1.986560565008352341e+01
1.972813865294065749e+01
1.993786192239932475e+01
1.990641037804467928e+01
1.971225034759480010e+01
1.979069956683528275e+01
1.989372812679919278e+01
1.977804116268119827e+01
1.968438352015720127e+01
1.987663103015018606e+01
1.987655781976569358e+01
1.991556659845840827e+01
1.997165333025266065e+01
1.992494324174633391e+01
1.971051238075942535e+01
1.979952144533233138e+01
1.980288542802029284e+01
1.980559502155887941e+01
1.975448635071188619e+01
1.974989729934922167e+01
1.996121122613315535e+01
1.978978674392410753e+01
1.976964017017701281e+01
1.993096944168297213e+01
1.960747594123052551e+01
1.991436293222099962e+01
1.975492787484436974e+01
1.986586445568795511e+01
1.970304032694038909e+01
1.978266730499598935e+01
1.982652824535740166e+01
1.991884103041716614e+01
1.973362942854198110e+01
1.988718875744396541e+01
1.984825413511074288e+01
1.993011004521487806e+01
1.977291080279120550e+01
1.974288207571842690e+01
1.964072787496535710e+01
1.983680405926751433e+01
1.985628351274368697e+01
1.981653370688364291e+01
1.965029083569445234e+01
1.983394436220694246e+01
1.988463886068176123e+01
1.981089526388478816e+01
1.996204737250219807e+01
1.986895305997571626e+01
1.985726201127434365e+01
1.979210283081839350e+01
1.990876822789049072e+01
1.974815958478355071e+01
1.989570886391651072e+01
1.991709285984877553e+01
1.982720456070235215e+01
1.980822731427632277e+01
1.970129500238662601e+01
1.979263971967964153e+01
1.992636743633849861e+01
1.987096252639888405e+01
1.966557746531261586e+01
1.974867538385225529e+01
1.970943014333972343e+01
1.985752256561928419e+01
1.982633945439156875e+01
1.995832768759305509e+01
1.986615665183858681e+01
1.988183437876468673e+01
1.987198276391629292e+01
1.989332951834727581e+01
1.975285334002968440e+01
1.994795707758946790e+01
1.980225273930393115e+01
1.987497249124161414e+01
1.987739595666178261e+01
2.001029165117612862e+01
1.978192215618089378e+01
1.979123523796518569e+01
1.993114491569030733e+01
1.981159252881527877e+01
1.976240149259796652e+01
1.970899443121521344e+01
1.985040923773181376e+01
1.988780177202216848e+01
1.992473943229157740e+01
1.988578906944336211e+01
1.983252696996969178e+01
1.992860896778607582e+01
1.976848430833214465e+01
1.996839835669611674e+01
1.983471374708070911e+01
2.000739971768448200e+01
1.971980233639127889e+01
1.973257291560806337e+01
1.984362911332049961e+01
1.984248150376359021e+01
1.971356585935201977e+01
1.994315438662968631e+01
1.984719633359512159e+01
1.984607819605233558e+01
1.979292926178601419e+01
1.993028164222356224e+01
1.988083293433622956e+01
1.982306320459528948e+01
1.994015440738052192e+01
1.980802962618288277e+01
1.987254549511417778e+01
1.992506401673866989e+01
1.977038125950510050e+01
1.977265152668736903e+01
1.976817829515557889e+01
1.965323030840560037e+01
1.970046043848613948e+01
1.973638602569512912e+01
1.978852507162618579e+01
1.979612006342052766e+01
1.983440865267977316e+01
1.992264656766180408e+01
1.977885851928521532e+01
1.982262122168881646e+01
1.975673343128494608e+01
1.976065358431968377e+01
1.982068606486204843e+01
1.985073142373631683e+01
1.969416750714477260e+01
1.996285656619078352e+01
1.981228941684306832e+01
1.976197930545466264e+01
1.985592298564506208e+01
1.972275195503567602e+01
1.984985682269129015e+01
1.977255214115679394e+01
1.970572661203762976e+01
1.980578674373094827e+01
1.987103832414180360e+01
1.991350848453783939e+01
1.975620533539492740e+01
1.984011167187477298e+01
1.984473538213048016e+01
1.988300265843382775e+01
1.981181699171657584e+01
1.988329881546949451e+01
1.983542828927415869e+01
1.999148863878394522e+01
1.997517135051807458e+01
1.982369283476979049e+01
1.994420652284735951e+01
1.982416635543322059e+01
2.001077676694678686e+01
1.983499131840327223e+01
1.978078343023846131e+01
1.980444649528760337e+01
1.978464928376296328e+01
1.998203522428041623e+01
1.984051910297728227e+01
1.995550008795632024e+01
1.989985218676844170e+01
1.982188896957669044e+01
1.990074229373290038e+01
1.980681204362797132e+01
1.990050515231304473e+01
1.989564672532577561e+01
1.979121276412485742e+01
1.976770148094826141e+01
1.970547198007719558e+01
1.987619670383591597e+01
1.968659902627825886e+01
1.971363123870000322e+01
1.989221343565389688e+01
1.995543950403795819e+01
1.994030403828050169e+01
1.992790159635366010e+01
2.008809007234196642e+01
1.984271780692491660e+01
1.984509951797904392e+01
1.996101492065872307e+01
1.986909827043572463e+01
1.975435573926920441e+01
1.987783974435539136e+01
1.994355445895843104e+01
1.992403857964142944e+01
1.993705489631319949e+01
1.971526419752250092e+01
1.980909383282624958e+01
1.993502303101618267e+01
1.979443729340892943e+01
1.989109478574810197e+01
1.996560874345122016e+01
1.976530516692199413e+01
1.981527120030684230e+01
1.975714062119093128e+01
1.983606416442783171e+01
1.996176517787810312e+01
1.974824511074435662e+01
1.976128690128784982e+01
1.983212722184257260e+01
1.983919255546404870e+01
1.977944604636581971e+01
1.983343761094814539e+01
1.990089647365265080e+01
1.998855933096166382e+01
1.989866138849546218e+01
1.974940733012570249e+01
1.981163163788141190e+01
1.968839127485960105e+01
1.978583336465023379e+01
1.988382613963192469e+01
1.991259115557676296e+01
1.995591089510707761e+01
2.006260961123851416e+01
1.979509042583271139e+01
1.987647608174592051e+01
1.988243576706485172e+01
1.998249087231595311e+01
2.007774014526217243e+01
1.972796468993659857e+01
1.979402766771932676e+01
1.979050491159848590e+01
1.984460736481256760e+01
1.986052826454431752e+01
1.980569189815614450e+01
1.995197679809404434e+01
1.980439945554343240e+01
1.988075975784405003e+01
1.974185302756218974e+01
1.985459564193431703e+01
1.978528005248904620e+01
1.981989751983608983e+01
1.987962642261573620e+01
1.964923766201284394e+01
1.991157955148563730e+01
1.995219248764037800e+01
1.989350236833908525e+01
1.989340352043783611e+01
1.996445101324208693e+01
1.988417085136337548e+01
1.990305649487102357e+01
1.983845140109538008e+01
1.992136643497270043e+01
1.979395789648805959e+01
1.977673199745534660e+01
1.980236603061475265e+01
1.988104220920142140e+01
1.971179251108880237e+01
1.982983039062844810e+01
1.977825769698798908e+01
1.984216745042300190e+01
1.976101787651237629e+01
1.982817123769872580e+01
1.975338096243346442e+01
1.980971671275655410e+01
1.981135263240181743e+01
1.964800359388650008e+01
1.983744777846716900e+01
1.975463492364907125e+01
1.987909569996014980e+01
1.977854515607936392e+01
1.983636246187729313e+01
1.960834534974169685e+01
1.965488302083391048e+01
1.988789294764172411e+01
1.977973291976830694e+01
1.979564067287350326e+01
1.983792112573010158e+01
1.981929614495103209e+01
1.973101666566782342e+01
1.988522567086039317e+01
1.981053773564322995e+01
1.982044994681751504e+01
1.964519277769862882e+01
1.983900749555463605e+01
1.997917673564202090e+01
1.973354106200318370e+01
1.985375569475962720e+01
1.999791444194697121e+01
1.985987496441304145e+01
1.979995620144157797e+01
1.986868026581300128e+01
1.987729296514000055e+01
1.973787117554096682e+01
1.995649608090665339e+01
1.993181818007234085e+01
1.975746586698919671e+01
1.974479842209509073e+01
1.986443252868313536e+01
1.976002076677481156e+01
1.972771017461652221e+01
1.988648676897952683e+01
1.982065733947913699e+01
1.978914904440287614e+01
1.974504972081886933e+01
1.976177859401306947e+01
1.983161721361955543e+01
1.985570115464612329e+01
1.966378502173710885e+01
1.999401248704420908e+01
1.974326876284127508e+01
1.978492302910550293e+01
1.978436027592890056e+01
1.968143614234939420e+01
1.989330998469983314e+01
1.966164835972434233e+01
1.981415868612981157e+01
1.984337001217631169e+01
1.988339379514736294e+01
1.973297645785983079e+01
1.984237899021617935e+01
1.986179587528017976e+01
1.975003468779663152e+01
1.972627926636411644e+01
1.982772335639342032e+01
1.986185838255688907e+01
1.986078326148995288e+01
1.973655654431517803e+01
1.965834025800022999e+01
1.985128696431310757e+01
1.988540313250054226e+01
1.971360360820755631e+01
1.973556472401795148e+01
1.974008101627727996e+01
1.975456059515454044e+01
1.988659115646341391e+01
1.991623566012176738e+01
1.976801065981073791e+01
1.973455085034902368e+01
1.976402588536303639e+01
1.988654076500731804e+01
1.979571095755815691e+01
1.993705456493631445e+01
1.965993650929503644e+01
1.983945090633504194e+01
1.985238152987156823e+01
1.981221442670268829e+01
1.981101218846480805e+01
1.981909917364815499e+01
1.981650476920078319e+01
2.000499587505607124e+01
1.983074934880206541e+01
2.000797117715016071e+01
1.976673208707205731e+01
1.995558251419044637e+01
1.980511573608021436e+01
1.978090973785703710e+01
1.967840232508150677e+01
1.979317905676537848e+01
1.962043782598606612e+01
1.989129134911339136e+01
1.961573218156758358e+01
1.977757958550224515e+01
1.983582410951431640e+01
1.966361795356267450e+01
1.970982917459628680e+01
1.990105203003699685e+01
1.989469328793940761e+01
1.975719970118455393e+01
1.966138630698752010e+01
1.977355310555950396e+01
1.975212380945788837e+01
1.986812280206351389e+01
1.995751582083696007e+01
1.993079641271305746e+01
1.989112307180081984e+01
2.002945729599571578e+01
1.992815747495290779e+01
1.995430175629100233e+01
1.992420109822118235e+01
1.972734639256546174e+01
1.970193263972461395e+01
1.973704533159096286e+01
1.983831076874113464e+01
1.986445744703019400e+01
1.982960341386766601e+01
1.978211799836715912e+01
1.985812768603682699e+01
1.976086055769593486e+01
1.986195814637446944e+01
1.977550700762634150e+01
1.964174900563793713e+01
1.988750223543326001e+01
1.995054080475078706e+01
1.976428851928464425e+01
1.971152079059073614e+01
1.990630224583724939e+01
1.984866842035003387e+01
1.979934082234121107e+01
1.991176945882558869e+01
1.973518222400739930e+01
1.991595317629694151e+01
1.982357073392264368e+01
1.992473243150439188e+01
1.982196766434839930e+01
1.983009228020583592e+01
1.973095169383046610e+01
1.977664823461022436e+01
1.976811781826767600e+01
1.983602399857230125e+01
1.981111355908967653e+01
1.981894985266789888e+01
1.973652133457613189e+01
1.983731382100623009e+01
1.977778040205693344e+01
1.984080689346682647e+01
1.996541363892957932e+01
1.980134640250797062e+01
1.982999449281101434e+01
1.962130203316008803e+01
1.982239159047309940e+01
1.981591492828041368e+01
1.985214802936899403e+01
1.988928565469347731e+01
1.976150019687919723e+01
1.973474082375054195e+01
1.983209837160311295e+01
1.989268822347646548e+01
1.989566848117619813e+01
1.977055069462653236e+01
1.975890360897939146e+01
1.967843153757193164e+01
1.971141028631133452e+01
1.983676522696352151e+01
1.987362112462484731e+01
1.971626343435874418e+01
1.976724623018362337e+01
1.976537966508743693e+01
1.985180922191438668e+01
1.979172626161734172e+01
1.983452193317875611e+01
1.989100593188774724e+01
1.988476994642985218e+01
1.993971640442593696e+01
1.965329098349445047e+01
1.990077589238063638e+01
1.977185531202599833e+01
1.989830996999095092e+01
1.993686143837508240e+01
1.974219903077012361e+01
1.969649749847616960e+01
1.987298925341125511e+01
1.970114391186028158e+01
1.992379233669054983e+01
1.979279921054250835e+01
1.974795404405472965e+01
1.975254359511990643e+01
1.970901813214163312e+01
1.982118299476304202e+01
1.983778458975263703e+01
1.969370896736064580e+01
1.993725361362033510e+01
1.988550259384065200e+01
1.987349993173789287e+01
1.978082167416442871e+01
1.986754855821556376e+01
1.977989091672970545e+01
1.973074717711616799e+01
1.975220865835408546e+01
1.974748920710091937e+01
1.974822625678653765e+01
1.994272312841176031e+01
1.989332652225974130e+01
1.999439479670056485e+01
1.991292348348125074e+01
1.974863861465863124e+01
1.983341187063760458e+01
1.972294831512810731e+01
1.970196632892460187e+01
1.976242249784123572e+01
1.983376101070551201e+01
1.997578663790790543e+01
1.980287072070175824e+01
1.981363231157891391e+01
1.987562309293031504e+01
1.990507294080456546e+01
1.968915634782037571e+01
1.985095084166043478e+01
1.990372125557259864e+01
1.972730106860902666e+01
1.995018604398121553e+01
1.967567829193495399e+01
1.968747088659122113e+01
1.995480074019884853e+01
1.974592001454158918e+01
1.983799438726304487e+01
1.977644350755835134e+01
1.972069224992816316e+01
1.987003684311595109e+01
1.985378352169506044e+01
1.987287003874261870e+01
1.979084708188243980e+01
1.972868263127640631e+01
2.003798224360632574e+01
1.984769542923797303e+01
1.986997757430464873e+01
1.984544517430660093e+01
1.981130971661530182e+01
1.989133731216391254e+01
1.993405775690790804e+01
1.982376723582493838e+01
1.991958484232277371e+01
1.991043356078926863e+01
1.985781716198133040e+01
1.987768901241527431e+01
1.963085380490155885e+01
1.989643419906054689e+01
1.982662125903067718e+01
1.994736350112895096e+01
1.967930466726785710e+01
1.988132077680697662e+01
1.983004173657723257e+01
1.993108577724283847e+01
1.974092784619227103e+01
1.974581743374016796e+01
1.979967978504854287e+01
1.981804315349153711e+01
1.970799506959070158e+01
1.987373968030318494e+01
1.977371619575023587e+01
1.975713149575513938e+01
1.977824463612014583e+01
1.984247596371890765e+01
1.984350610416636584e+01
1.979861982552912991e+01
1.981820669714849359e+01
1.975444747115442823e+01
1.984743100524780246e+01
1.972285412145616235e+01
1.997416009226666134e+01
1.989577194876944688e+01
1.977420700627310879e+01
1.971783621141270970e+01
1.986745870611842335e+01
1.970038900993212394e+01
1.972211203693573012e+01
1.980120922188131516e+01
1.992943119787047479e+01
1.968308906639065725e+01
1.993401475078230334e+01
1.970637922647600959e+01
1.978737163516233366e+01
1.990968861657793099e+01
1.992572609330738231e+01
1.977803599800805046e+01
1.979297244593214700e+01
1.979326622824691384e+01
1.989932722401816179e+01
1.993368740172853038e+01
1.984419562798730041e+01
1.992060806706892251e+01
1.969644132832439709e+01
1.998783283750326589e+01
1.988005422910925191e+01
1.980143163065494960e+01
1.973701848861769292e+01
1.983745020587764074e+01
1.996620524147462206e+01
1.982815908087886569e+01
1.984817644640468259e+01
1.981621518382783265e+01
1.997886556722709628e+01
1.985664348768566612e+01
1.977778235580149158e+01
1.992964823423664456e+01
1.986314739000451013e+01
1.997254648311313119e+01
1.977507198761280449e+01
1.984243324116684803e+01
1.968754041710830549e+01
1.981632869460643676e+01
1.994184629662208863e+01
1.997786873402671404e+01
1.985460783079237501e+01
1.982196639011950623e+01
1.984166834965112969e+01
1.982751504753265692e+01
1.992401476516699432e+01
1.981673419056732399e+01
1.980553291075241518e+01
1.981947057219124275e+01
1.987186522137281131e+01
1.969126950451363456e+01
1.970278227992052678e+01
1.978779836729496822e+01
1.989201972395353835e+01
1.986952228490311967e+01
1.986425040668419584e+01
1.987610822155286883e+01
1.982955697672255724e+01
1.984388433141869257e+01
1.981353111037773473e+01
1.980845411777199061e+01
1.983100661698440348e+01
1.988960834617080664e+01
1.987836992630195354e+01
1.977005331653701958e+01
1.979233309480997249e+01
1.988475011199997766e+01
1.986113071837064581e+01
1.973563115564289561e+01
1.988083737611211532e+01
1.987912715076845416e+01
1.988519737759230210e+01
1.989023439853094288e+01
1.980257190728012517e+01
1.984154469956787281e+01
1.987810039813659202e+01
1.976915575549576687e+01
1.983759849957625576e+01
1.987095322187312263e+01
1.968225288768782733e+01
1.996455933253233894e+01
2.000936268294928055e+01
1.979045281654668997e+01
1.969539639657391561e+01
1.996153496248229686e+01
1.972747486054396759e+01
1.976646945904323260e+01
1.983195758220183080e+01
1.995866870563621021e+01
1.983893456745748907e+01
1.997546960034275898e+01
1.990351619220557566e+01
1.991111651312118269e+01
1.976432253550219542e+01
1.975209373609852648e+01
1.978902750782249598e+01
1.976488828876635395e+01
1.968805564864094393e+01
1.977908661936025325e+01
1.995294100233906320e+01
1.960857505205659734e+01
1.984320121967962791e+01
1.983561805995542926e+01
1.977510191507619197e+01
1.978802231297494885e+01
1.993507678774751568e+01
1.994939489301776803e+01
1.978728599742915151e+01
1.985691680216028843e+01
1.978137530501796704e+01
1.968678767912380323e+01
1.987743325445147136e+01
1.965034116300840594e+01
1.990459600736182466e+01
1.990949876592935652e+01
1.980940849349211419e+01
1.980936503685666850e+01
1.974201436193123982e+01
1.984365237872033205e+01
1.976384233457218542e+01
1.977316797997056241e+01
1.990645386503247138e+01
1.996203406784470147e+01
1.989981486604508021e+01
1.978516167615458698e+01
1.969354020030426966e+01
1.970428012304386201e+01
2.007341538165740502e+01
1.987503063090838396e+01
1.971154449756268079e+01
1.987065915156550489e+01
1.965904742960763230e+01
1.986511309650477486e+01
1.980932077476222730e+01
1.978651952960046856e+01
1.976133024438130192e+01
1.987749686254196391e+01
1.991927048303057290e+01
1.980987568352590600e+01
1.980931836320324280e+01
1.990643106948615326e+01
1.982452115576131746e+01
1.969556297659026711e+01
1.971819093136184975e+01
1.975592565693389702e+01
1.976958816224779980e+01
1.997763605562838052e+01
1.985556833448110936e+01
1.993932083885954398e+01
1.989876476139292194e+01
1.987632206051524619e+01
1.993124196155319439e+01
1.985172012053995161e+01
1.979857006501851657e+01
1.980500200316449266e+01
1.997066239104693608e+01
1.980667278210952986e+01
1.980874164174947083e+01
1.989250027938298615e+01
1.993530193930378402e+01
1.976140797277323458e+01
1.980814518257670542e+01
1.978057039541112871e+01
1.977311098241641929e+01
1.971014673913421333e+01
1.972800026527744066e+01
1.986734247832649558e+01
1.975340084475688229e+01
1.997241432465668254e+01
1.980691452460464674e+01
2.000459627415446562e+01
1.981105164561754961e+01
1.984283710541061652e+01
1.987347796216716844e+01
1.989162877340782387e+01
1.975921372668246789e+01
1.970578642971382521e+01
1.973008412459477512e+01
1.977226727759833835e+01
1.991833924376080489e+01
1.975603714930177901e+01
1.972726914541500065e+01
1.989538896257984391e+01
1.979071824541189883e+01
1.975161463033932208e+01
1.987002919765870246e+01
1.992312280495537991e+01
1.990424169860411752e+01
1.985812796201375718e+01
1.976059956294888664e+01
1.981607238447645258e+01
1.974736104592851405e+01
1.974556009266054701e+01
1.972209982106909365e+01
1.978977684795261283e+01
1.981236399179421426e+01
1.994170202813977255e+01
1.986196047858663860e+01
1.970167907851771005e+01
1.968587311065129697e+01
1.981667241852258243e+01
1.982979869586221611e+01
1.984223618609906126e+01
1.991322339876593972e+01
1.989786243126276588e+01
1.984157322111881072e+01
1.985961518537985526e+01
1.965567444402806174e+01
1.971046093482875605e+01
1.981515700023382820e+01
1.996586121563615990e+01
1.986422057920721684e+01
1.966999012299272565e+01
1.974517595351098365e+01
1.977010437130230258e+01
1.987694410633887898e+01
1.980771642284728173e+01
1.967568352780631713e+01
1.974066926069760441e+01
1.984713096019393674e+01
1.988444486628441155e+01
1.992311635901831579e+01
1.992266713553870972e+01
1.986597601041933103e+01
1.978505182370909665e+01
1.986356218722225009e+01
1.969582275432443197e+01
1.971697553499677369e+01
1.976588005577735885e+01
1.980289710016467097e+01
1.976352865661355196e+01
1.970609710293970096e+01
1.983134390545138714e+01
1.980964752265052553e+01
2.000352032771517230e+01
1.981006799990505129e+01
2.000159071243394493e+01
1.978611184836431036e+01
1.983824794297427729e+01
1.991194087341440877e+01
1.981453741971860083e+01
1.993880891941748956e+01
1.991669004075134453e+01
1.988550681042693569e+01
1.977467003271162582e+01
1.990322946734604059e+01
1.973262736677360607e+01
1.980387832513531521e+01
1.971498779066188689e+01
1.977835576287425923e+01
1.969381961711706808e+01
1.988125861776376624e+01
1.971342103937753265e+01
1.982213513017776307e+01
1.974050367083583168e+01
1.982169725189076104e+01
1.975070426154102776e+01
1.995102170477583314e+01
1.988038794477822080e+01
2.004659954504813157e+01
1.992515279032853925e+01
1.980227604386904261e+01
1.987131615156009090e+01
1.999761024776634244e+01
1.988610521316562085e+01
1.981358169016585435e+01
1.983112005038120529e+01
1.972170092569001554e+01
1.987464561461606394e+01
1.972278198180547193e+01
1.959591518535344079e+01
1.977158720746276899e+01
1.974583056790849511e+01
1.972182888526480582e+01
1.979799726756010614e+01
1.982160056452480035e+01
1.975528177448208567e+01
1.982583929865082695e+01
1.984276958896247933e+01
1.982946882471212646e+01
1.973339866003676590e+01
1.974659239729838589e+01
1.977496035697232912e+01
1.984053115172042681e+01
1.996986351396149217e+01
1.988646608349570144e+01
1.974974113059725411e+01
1.974465504378483871e+01
1.993917648228459427e+01
1.982752839641521803e+01
1.975012836866557819e+01
1.978319166280802932e+01
1.992275820212778825e+01
1.985269483580901451e+01
1.998191674229483183e+01
1.983632240874914388e+01
1.986016128871075637e+01
1.981149643644431890e+01
1.985466948934389109e+01
1.977162623309308742e+01
1.991928130122640184e+01
1.994223457325475835e+01
1.977680230075020518e+01
1.988016401450584425e+01
1.977130462738290717e+01
1.976829093487102540e+01
1.980210611043036195e+01
1.990867839942550077e+01
1.991630602609802381e+01
1.993607584575558889e+01
1.988211840173235601e+01
1.986802869810400196e+01
1.991694661833442126e+01
1.965812204345585812e+01
1.995219216429292786e+01
1.981004572132857078e+01
1.990074645559840860e+01
1.969847474817814259e+01
1.984838512036633418e+01
1.987114852774298157e+01
1.995677028183724033e+01
1.991037665639769827e+01
1.996118613358191141e+01
1.968239398609052060e+01
1.982695806837437758e+01
1.990839024685848813e+01
1.981257044472445372e+01
1.980383703244995175e+01
1.987266639101241239e+01
1.999798004803876594e+01
1.988777768514235333e+01
1.989713866214541937e+01
1.989083845041299270e+01
1.985253464155424652e+01
1.987948443156826173e+01
1.974817900304807239e+01
1.977883108882420160e+01
1.975659965914341143e+01
1.991632043108498706e+01
1.991056202161074040e+01
1.984947779302136439e+01
1.985757126980292497e+01
1.970116727857103456e+01
1.971005956186536778e+01
1.992169092916131490e+01
1.973804479100619247e+01
1.979294612268774145e+01
1.986689181665360238e+01
1.975685949506814865e+01
1.989437806665517883e+01
1.982564916327529758e+01
1.972131079659835251e+01
1.988468816192711230e+01
1.979600034201049397e+01
1.988951520030872189e+01
1.981242068084113583e+01
1.999152234669806916e+01
1.977058995771562167e+01
1.985288761543417735e+01
1.991240546547206236e+01
1.976453806572007466e+01
1.986075512175703039e+01
1.994369986739575396e+01
1.981093275235945583e+01
1.977638252715068035e+01
1.982336600388448389e+01
1.990332999215502241e+01
1.982874869858120448e+01
1.992347402905582854e+01
1.989779404880156477e+01
1.997127932186283772e+01
1.991819590763315162e+01
1.988776757270173690e+01
1.984190265978975631e+01
1.974016252424468476e+01
1.996320190645769443e+01
1.980328093612305551e+01
1.971473521054342726e+01
1.983308532085520071e+01
1.976894295268692758e+01
1.981901381757467817e+01
1.987726616435134019e+01
1.978764445697531471e+01
1.979955706482524036e+01
1.984213216267252022e+01
1.985210588377564633e+01
1.986677578389328858e+01
1.982103648583840538e+01
1.976927898765615410e+01
2.000313657419196645e+01
1.982974874400478171e+01
1.984038957803146630e+01
1.967626906800222741e+01
1.985987501826447144e+01
1.982520533396851192e+01
1.967781182040350174e+01
1.995589424129923728e+01
1.982924357374244551e+01
1.981094776054864326e+01
1.974931620427605949e+01
1.984141473428930880e+01
1.981147527577427780e+01
1.981108716104294842e+01
1.999829404052125881e+01
1.974728195144893306e+01
1.989916241870296432e+01
1.987072160095620177e+01
1.979827027939655792e+01
1.964934920636310167e+01
1.982621769782640442e+01
1.969155204488766131e+01
1.972596471123258866e+01
1.972898168001916375e+01
1.971024639240057752e+01
1.971113897705674844e+01
1.993902722404436645e+01
1.978102610477387557e+01
1.978839483806397226e+01
1.996541210192932425e+01
1.980243686728767472e+01
1.972045190412418236e+01
1.985387065164560738e+01
1.976261299604201227e+01
1.992958392228669240e+01
1.985855000594059305e+01
1.981224970942891872e+01
1.973462539059136844e+01
1.984141906835286662e+01
1.971465945775485551e+01
1.986945526144639373e+01
1.980013611627309089e+01
1.972064980116331512e+01
1.970810807701375822e+01
1.980457752422727324e+01
1.976820988212656260e+01
1.983364619228321146e+01
1.971655935939431714e+01
1.970960725387901391e+01
1.974191937452476964e+01
1.967656830820924441e+01
1.977880812841634750e+01
1.994651141990355114e+01
1.967013974151454292e+01
1.978588057604075345e+01
1.983302653525067427e+01
1.983994237327073762e+01
1.978664381008187334e+01
1.969056640546463299e+01
1.972555700943448542e+01
1.993511612437618297e+01
1.987729413493385522e+01
1.990916403797714196e+01
1.964383425891775659e+01
1.979648043796372647e+01
1.983393168509856608e+01
1.980632976723584449e+01
1.973830341679802558e+01
1.985228822701470008e+01
1.987253702589829274e+01
1.991513339983324116e+01
1.995195920257204847e+01
1.977044634125929079e+01
2.009857054186513636e+01
1.991378780561791828e+01
1.992193245014293979e+01
1.976493545301826060e+01
1.968187617842275827e+01
1.987202670937340088e+01
1.994017300489564803e+01
1.976307865456714552e+01
1.983713104846486530e+01
1.977100521861091664e+01
1.991474158965300134e+01
1.979239951440713696e+01
1.971094338660693879e+01
1.981621977991956030e+01
1.985059320054527632e+01
1.987303130941589302e+01
1.979874656597281302e+01
1.990150248010419176e+01
1.961048874265338071e+01
1.984537130560081764e+01
1.981211027605543862e+01
1.980371971322146862e+01
1.975247405230549091e+01
1.979639215955527476e+01
1.987323444423534369e+01
1.982183442629451164e+01
1.987039145979821342e+01
1.983509383475135479e+01
1.993574241091349464e+01
1.981668922794053600e+01
1.983213797121614519e+01
1.997845856912394424e+01
1.998143550774643273e+01
1.981109467262250590e+01
1.979107313584770367e+01
1.977467008367124279e+01
1.994607904157906475e+01
1.971173246801669876e+01
1.986248756684909367e+01
1.986344703773298548e+01
1.987553313241957653e+01
1.988251602173350108e+01
1.989210298988427539e+01
1.995779953091509995e+01
1.990281902882103893e+01
1.975074489410398826e+01
1.981234340185240939e+01
1.979653669473790245e+01
1.986393182976259197e+01
1.985771440972232682e+01
1.978182007548299381e+01
1.978650113343598704e+01
1.984459554591027342e+01
1.990846986445327360e+01
1.982415830107342103e+01
1.990860047612430606e+01
1.970989743815126616e+01
1.979482040582708890e+01
1.986542916403949377e+01
1.982830376613530277e+01
1.984459644694888070e+01
1.970563479869803913e+01
1.992427938253916153e+01
1.972973638522664075e+01
1.982595755745515831e+01
1.977470217119555684e+01
1.979431820171161149e+01
1.968804068408008590e+01
1.987248357434918233e+01
1.975490287829874703e+01
1.982692781092123724e+01
1.985045996605417784e+01
1.992405691121749101e+01
1.986599057972059512e+01
1.973053853888925246e+01
1.987834608390609858e+01
1.970287083999458844e+01
1.979534981747923794e+01
1.990841398863297229e+01
1.969294154905467309e+01
1.985467281248506666e+01
1.973749725914305486e+01
1.982123494117419682e+01
1.981779815532776112e+01
1.985495827328588092e+01
1.987273029120630596e+01
1.993524950482654390e+01
1.992438342158764186e+01
1.986012232832755586e+01
1.995595576668910098e+01
1.992398268517945681e+01
1.959977956863652437e+01
1.983166088384617964e+01
1.999545786765132505e+01
1.999617196676014430e+01
1.988647751143167852e+01
1.994999177553209435e+01
1.980246147765974740e+01
1.987408047305316217e+01
1.986322764158235188e+01
1.999393478139904090e+01
1.992565902667858779e+01
1.979074152470854031e+01
1.976384571879250629e+01
1.982030520267179696e+01
1.981198353760574093e+01
2.000473382129444744e+01
1.983626033191854887e+01
1.995457217795642180e+01
1.984474653486662632e+01
1.973452359283472646e+01
2.004378228913817850e+01
1.983923107537361474e+01
1.983037844236307734e+01
1.976556725186040708e+01
1.989766540475818601e+01
1.983099248346936960e+01
1.976158822901257039e+01
1.978871957790957836e+01
1.983853890556589405e+01
1.979592832325050367e+01
1.979165844011622966e+01
1.981753562445351946e+01
1.978816712569877367e+01
1.997852677526736898e+01
1.962612624584383525e+01
1.983295127827594584e+01
1.985439883761398860e+01
1.976930675281911576e+01
1.973684267274188997e+01
1.984089714745642041e+01
1.976748727214319246e+01
1.973647185313868135e+01
1.978908674050487804e+01
1.984056427238413178e+01
1.983494279227822332e+01
1.994425074633045014e+01
1.987569503954662054e+01
1.986947395140027695e+01
1.980194156075266676e+01
1.970948761653385617e+01
1.977865700291464535e+01
1.989347581598761749e+01
1.975714932756732622e+01
1.964930867777728452e+01
1.987613519238221471e+01
1.981742240449748493e+01
1.986799460035765463e+01
1.989327498956723161e+01
1.989485458092033454e+01
1.980756478620273242e+01
1.986732592012632637e+01
1.973089078683690545e+01
1.982330884965342932e+01
1.986917749473969153e+01
1.990085514338088046e+01
1.970545848779683240e+01
1.981902107540269498e+01
1.971116515695834082e+01
1.981477675185896103e+01
1.983472065454694899e+01
1.990450217582721493e+01
1.985071904536241050e+01
2.003441031934396577e+01
1.992020164906710633e+01
1.985987784357649133e+01
2.003506988584901549e+01
1.975825866193689606e+01
1.968305189319963944e+01
2.005308771996967820e+01
1.974433795829918381e+01
1.997059597783444929e+01
1.982950748618291925e+01
1.993209467335589835e+01
1.981198983647312417e+01
1.982153019871782718e+01
1.983151263169784428e+01
1.959995142468896745e+01
1.977657993176635642e+01
1.981546388834934547e+01
1.983744490930797610e+01
1.980453519400746742e+01
1.983795973924431522e+01
1.966228500768216136e+01
1.998034210134559174e+01
1.965038159342171298e+01
1.982799852939783847e+01
1.986246310512148483e+01
1.991497629961941840e+01
1.971452775873560981e+01
1.968686338287329818e+01
2.008785771131637432e+01
1.988820452087098545e+01
1.983001619650610436e+01
1.989237109273374671e+01
1.988357392205784535e+01
1.978837880420741513e+01
1.989037260480833069e+01
1.978407306212080385e+01
1.983962986783208748e+01
1.978248502832484590e+01
1.981638892456482992e+01
1.989906873249505992e+01
1.984932862756964411e+01
1.979881274420144166e+01
1.980416719305688744e+01
1.989765934875272535e+01
1.981983698607674427e+01
1.987470156252559406e+01
1.977251692257936000e+01
1.985303781235527154e+01
1.979673921609035858e+01
1.986525069060255078e+01
1.985298252259076435e+01
1.998394916516861386e+01
1.986652391290035169e+01
1.979404249025572327e+01
1.978626139198050637e+01
1.983475155869594886e+01
1.986498634885487746e+01
1.991936468738287047e+01
1.994657742838323244e+01
1.980907021536294721e+01
1.978088632972166749e+01
1.990445757470068955e+01
1.968362228762856247e+01
1.978225776241355405e+01
1.968688571911481588e+01
1.988602851018604767e+01
1.983230749765009548e+01
1.983176645679084871e+01
1.974941599513358170e+01
1.984540886698964357e+01
1.968731596460881050e+01
1.986156692521767653e+01
1.993860403163326822e+01
1.988760433000787486e+01
1.983520337009882439e+01
1.967445307207182736e+01
1.985632187630061196e+01
1.971193537101038373e+01
1.984002699063695019e+01
1.963943889526151665e+01
1.987560202924948172e+01
1.983012697029061400e+01
1.973970680825327406e+01
1.969852203664722623e+01
1.990526663469085022e+01
1.988181865250234281e+01
1.989263800609531430e+01
1.988795370821002706e+01
1.972823899366291656e+01
1.985626926108152901e+01
1.985474078645570728e+01
1.974480782210205021e+01
1.982859164593732615e+01
1.971781178474539686e+01
1.982231967647518545e+01
1.981624235960549640e+01
1.984060650143244686e+01
1.986368186333890051e+01
1.992351620528806677e+01
1.984908747185336253e+01
1.974268102085250121e+01
1.987309286050253476e+01
1.977874823800162929e+01
1.981547030986553892e+01
1.980501864103127829e+01
1.991134751310433160e+01
1.979733682849005660e+01
1.983310071374286565e+01
1.981437797990828997e+01
1.994404915283302770e+01
1.962099472058921990e+01
1.990286038119183232e+01
1.988471953202919451e+01
1.988221109831083311e+01
1.986596868436131302e+01
1.983225180925425946e+01
1.988322857451007053e+01
1.988388774169890638e+01
1.987936176901482810e+01
1.974993283019468038e+01
1.986665131936516460e+01
1.983500294134244513e+01
1.986033141140057268e+01
1.982679809750996824e+01
1.978997609221421072e+01
1.983888564199406801e+01
1.987422072287783692e+01
1.972486658091797196e+01
1.998512382448759794e+01
1.986450467166370615e+01
1.986978451078382690e+01
1.974029680616169813e+01
1.987874097700620624e+01
1.974739267214097538e+01
1.974958926564264772e+01
1.977046474168794887e+01
1.987321381302927747e+01
1.997167741756533488e+01
1.996242145991077876e+01
1.972687651608837101e+01
1.990957211170684360e+01
1.984295650197892158e+01
1.986061638994690881e+01
1.984082282592713042e+01
1.979042714993613927e+01
1.987491605728341426e+01
1.967183600533783050e+01
1.983497213813161508e+01
1.973986527894754772e+01
1.973705813179691049e+01
1.980992820623142237e+01
1.996047245138427684e+01
1.981901374301558150e+01
1.974176857619383796e+01
1.979541373906889135e+01
1.989906394173660331e+01
1.989237825491132838e+01
1.975348028567026049e+01
1.984414678075566840e+01
1.976502090281216795e+01
1.977773517659528935e+01
1.970105943832261275e+01
1.984959838233394436e+01
1.983908714134192053e+01
1.992614714592394165e+01
1.989297468813553138e+01
1.991941483002965896e+01
1.994774168828375949e+01
1.996799005245372882e+01
1.987270745477462341e+01
1.972572263331766607e+01
1.980870560259448254e+01
1.980246272641036498e+01
1.972663819469389779e+01
1.987554789902348773e+01
1.982174974512258103e+01
1.984396759963208723e+01
1.992737849125330740e+01
1.987944342056045244e+01
1.989123353682786188e+01
1.970310641119920447e+01
1.990949976565336144e+01
1.992752811800976431e+01
1.980438516774190916e+01
1.979535780981656856e+01
1.983853197359750453e+01
1.979906533771751853e+01
1.990736293294489556e+01
1.967116316294062628e+01
1.984730460236425742e+01
1.989233960281225677e+01
1.973188416023097957e+01
1.979550889203668618e+01
1.976674562279047365e+01
1.989389368093788946e+01
1.984047143990231987e+01
1.983485369669022447e+01
1.984291028995745165e+01
1.992451072057018280e+01
1.971345123742279526e+01
1.996192634235531216e+01
1.969805386421650795e+01
1.993167549429898600e+01
1.979720062969652616e+01
1.999180603385180888e+01
1.983024559925424413e+01
1.970095406745381084e+01
1.984025991272125111e+01
1.990616652154087873e+01
1.976882992355922752e+01
1.989656690622913615e+01
1.972567123449688964e+01
1.998445446281461457e+01
1.986568183812800470e+01
1.982009188563634083e+01
1.982549447812711563e+01
1.972308878192805182e+01
1.986051741520058656e+01
1.985556534170367016e+01
1.987749499996476032e+01
1.978505652289241468e+01
1.986366481307224774e+01
1.976124543821494939e+01
1.992975753570775410e+01
2.002292742925961022e+01
1.975119599359921096e+01
1.987507752129080885e+01
1.984311210195847508e+01
1.966694228102525699e+01
1.980382120984773309e+01
1.974054606929724898e+01
1.981607490801227911e+01
1.977744898305543586e+01
1.984959459632976575e+01
1.974498244188657026e+01
1.973005545725914089e+01
1.983225054259941800e+01
1.982571356034283028e+01
1.969257856210902347e+01
1.980423020801061185e+01
1.996707623135208465e+01
1.988883014247514680e+01
1.962085172412754019e+01
1.981087174780108739e+01
1.979912143897629306e+01
1.982891923625461317e+01
1.977467555558506973e+01
1.982748083097786562e+01
2.001761000600304996e+01
1.976173945047313296e+01
1.970715114612708874e+01
1.964389551129865197e+01
1.993616900235642930e+01
1.998046957911384780e+01
1.988968973891796210e+01
1.983692685336958306e+01
1.987893702092734571e+01
1.988472122733681147e+01
1.995256988032932099e+01
1.970839052266404678e+01
1.985066317707687489e+01
1.973416327367707979e+01
1.988898451253807664e+01
1.974619634507870813e+01
1.964422980578181210e+01
1.993339253506722031e+01
1.979794421113124869e+01
1.971549965797331083e+01
1.990896408521369310e+01
1.978492232729646005e+01
1.988598558128215998e+01
1.966830333727116908e+01
1.979768571503072394e+01
1.970383790744870822e+01
1.978338565129633508e+01
1.968803640481096906e+01
1.976552069380320731e+01
1.977236989482688401e+01
1.994336527977101881e+01
1.994935629861089410e+01
1.985304548578625372e+01
1.976008701057812544e+01
2.005043508230425076e+01
1.995774628936045758e+01
1.983091614265366687e+01
1.976327228179951945e+01
1.997604112585148783e+01
1.986426035679298607e+01
1.976550037258196113e+01
1.979379673995357791e+01
1.993912408621598686e+01
1.982222505124526890e+01
1.974704836216581327e+01
1.983292676772461505e+01
1.970416390341246426e+01
2.006822436084721772e+01
1.985590947243126081e+01
1.987846919553348002e+01
1.987294458044211964e+01
1.966549135886506861e+01
1.992368297792890175e+01
1.967138371254165108e+01
1.971179677636937910e+01
1.967637568763562683e+01
1.988841739225571814e+01
1.968862952314116299e+01
1.977987768760240428e+01
1.969801123443822988e+01
1.983873318942679020e+01
1.974608609393668246e+01
1.992636469509041319e+01
1.988219234975552041e+01
1.977834099320321570e+01
1.988704174887400811e+01
1.978606269119489269e+01
1.978460042262036467e+01
1.995382256385303421e+01
1.988464730470254693e+01
1.977184036684944601e+01
1.997616278892201080e+01
1.980994365989452888e+01
1.982032796139921160e+01
1.977814448298046912e+01
1.987131028799964838e+01
1.975175795989879646e+01
1.971216741592663979e+01
1.996852537863035337e+01
1.973313332755845906e+01
1.982065564530780222e+01
1.989698798830587023e+01
1.984741025937062275e+01
1.994099125123914718e+01
1.985135264209202433e+01
1.974245469166480405e+01
1.996139149024590864e+01
1.980343399285582962e+01
1.987762399508329381e+01
1.970928760353323739e+01
1.981097967871086851e+01
1.998402858476370625e+01
1.996432984433249302e+01
1.990450339870758256e+01
1.976662226955687274e+01
1.983580153782461153e+01
1.985213967234215104e+01
1.995647877536900339e+01
1.972630124245000616e+01
2.002385462738447686e+01
1.978529523715813809e+01
1.968702162366551889e+01
1.976780577199802735e+01
1.971367655124408813e+01
1.975910065758551681e+01
1.968370052935127390e+01
1.985908227368094714e+01
1.984448199304532068e+01
1.982519946217303541e+01
1.990078679651955085e+01
1.972680493104220645e+01
1.981198782408764814e+01
1.990567545534148053e+01
2.009631423497019043e+01
1.983173710440110682e+01
1.973021078408820728e+01
1.973332702585902254e+01
1.977166239425770655e+01
1.994734806912459746e+01
1.993308948002251668e+01
1.990897765820286835e+01
1.965818492469941248e+01
1.993810773234115175e+01
1.975243227626279818e+01
1.980631092324923870e+01
1.986279098648160613e+01
1.982253497052251134e+01
1.969778119549240003e+01
2.025275858859962597e+01
1.984928659466471856e+01
1.988356406159897816e+01
1.973160513653995096e+01
1.995609464511037245e+01
1.977409009655034922e+01
1.994422209169563942e+01
1.971231486253432763e+01
1.997985273605440071e+01
1.983675021900246804e+01
1.974599109525301799e+01
1.977950893517639486e+01
1.982808956181001747e+01
1.969955986175492768e+01
2.001831216434215577e+01
1.978121891671572641e+01
1.986838514824615132e+01
1.980588753053796225e+01
1.993743745656836097e+01
1.969696344070221627e+01
1.997481628969607215e+01
1.967614942237182873e+01
1.956658407962374824e+01
1.983614322922972306e+01
1.995471646602431193e+01
1.975371989100369774e+01
1.986000945241546844e+01
1.992429029904281634e+01
1.996366470061312981e+01
1.970407401629795174e+01
1.975783836789418402e+01
1.980232185899822994e+01
1.981336212573408062e+01
1.981753997809414969e+01
1.987554223289523847e+01
1.972940430566372427e+01
1.973747279400965837e+01
1.974623541011269978e+01
1.993664790506976559e+01
1.992297446745106981e+01
1.978875340587955378e+01
1.989070190101883284e+01
1.979353362612460288e+01
1.992898551183017020e+01
1.972340687637003853e+01
1.968467709734986570e+01
1.984456645112560835e+01
1.985927388279999661e+01
1.975484895858602385e+01
1.986368931550485684e+01
1.989839774170232900e+01
1.975157698921483629e+01
1.983671231533292811e+01
1.985655889091550463e+01
1.964549004814266198e+01
1.979139639436987252e+01
1.969054880688197429e+01
1.981572040688132574e+01
1.983501565814300349e+01
1.994850849286038041e+01
1.973207739398486638e+01
1.980999665223801998e+01
1.989832067426288376e+01
1.973755555166644626e+01
1.979188125406327359e+01
1.980229673136367197e+01
1.967084807985780515e+01
1.979130206226228594e+01
1.982028642731906487e+01
1.975180572958334579e+01
1.996094869891916801e+01
1.977529079851916549e+01
1.968582254603870041e+01
1.981776686949637067e+01
1.969032222945242339e+01
1.990283950839166138e+01
1.979389762338560743e+01
1.992470372964459813e+01
1.981502384547711415e+01
1.997359107855596605e+01
1.990821221553843756e+01
1.994448694969096536e+01
1.990228004186418787e+01
1.994572384621195837e+01
1.993396165890943550e+01
1.973536743372122260e+01
1.989769304576590869e+01
1.967335846523818077e+01
1.979325608433802941e+01
1.976387124547620999e+01
1.985688912621399638e+01
1.964656896505739425e+01
1.989652776016001212e+01
1.980873329787299397e+01
1.973511694808026462e+01
1.991242369349900443e+01
1.978003705123556344e+01
1.982916614993093063e+01
1.970575817562742671e+01
1.987008319920852628e+01
1.989816653619046605e+01
1.993602277303377335e+01
1.980523163712568291e+01
1.981978510024883988e+01
1.973014772465956312e+01
1.980419651778757384e+01
1.990580709552505212e+01
1.975741973595657797e+01
1.969490003316929361e+01
1.976810605676280375e+01
1.985566114842125174e+01
1.976612415132387213e+01
1.978247783363847034e+01
1.983597196393125728e+01
1.962410911976788697e+01
1.978641465352077233e+01
1.963388799708270582e+01
1.979866188388460557e+01
1.982323108098546527e+01
1.967826173495230080e+01
1.976257746512992242e+01
1.980930812356048420e+01
1.981515046744333830e+01
1.979183023788595008e+01
1.995796319504172089e+01
1.987755689794348157e+01
1.992618406824961497e+01
1.964955771807336404e+01
1.975819988747593925e+01
1.988015316835458535e+01
1.968892606136546419e+01
2.001104302081792241e+01
1.978261216737911354e+01
1.974417002928296228e+01
1.997418634492251854e+01
1.977497403784156660e+01
1.985896625229521462e+01
1.970095849960877032e+01
1.980129695297421222e+01
1.982521676225643859e+01
1.978892219105124894e+01
1.989956348252542995e+01
1.987373512066776016e+01
1.979710331076664076e+01
1.980020428612901995e+01
1.970010148929385707e+01
1.983831106669572364e+01
1.982567745340663379e+01
1.987792493991349474e+01
1.985020850336848497e+01
1.989344827098075896e+01
1.973520380678382224e+01
1.991871889139107310e+01
1.964436897906890778e+01
1.962656623862382688e+01
1.991694902120757504e+01
1.990140593291177851e+01
1.976702734722988453e+01
1.978149765737724053e+01
1.985269844247062565e+01
1.975220823645699753e+01
1.973241699847851294e+01
1.985873780081423234e+01
1.982729334615249073e+01
1.998324549290381569e+01
1.965913026635280403e+01
1.993135495015039993e+01
1.979284503899442171e+01
1.990633155616601258e+01
1.983446652122507103e+01
1.981944742188938946e+01
1.986700760155848045e+01
1.989731468150359817e+01
1.983031872250792205e+01
1.994390472268256786e+01
1.970981413973568408e+01
1.994729049087191797e+01
1.984643969336548963e+01
1.985766220115312919e+01
1.974145715972785098e+01
1.981808948709762319e+01
1.984942217052607916e+01
1.964271690272729032e+01
2.007779375051828552e+01
1.974157732347466876e+01
1.964712995617309588e+01
1.989958425944265130e+01
1.996304217394199654e+01
1.981762495808379043e+01
1.974936823592731727e+01
1.991690616283671389e+01
1.987110413405781273e+01
1.977918541550359421e+01
1.981754220170524761e+01
1.983835592408366466e+01
1.989910430497091554e+01
1.990428203936447815e+01
1.986463513750310383e+01
1.992456832976405678e+01
1.976803194649279760e+01
1.983742751540182780e+01
2.008604711430018952e+01
1.979186193363990398e+01
1.983203238926586920e+01
1.979177828188060673e+01
1.986092060934812054e+01
1.991639402782116974e+01
1.980695917749140023e+01
1.983318297694095733e+01
1.988484769248265138e+01
1.969994930470711836e+01
1.979484322450414169e+01
1.999441182265905326e+01
1.990525155587839379e+01
1.974262203101921287e+01
1.984803112507462686e+01
1.988152385327601834e+01
1.975262156928025803e+01
1.987634831887113052e+01
1.979351092607689822e+01
1.996096621276700489e+01
1.994176660466151318e+01
1.985528042153557493e+01
1.980779248069282872e+01
1.979306885662504456e+01
1.975964311630017889e+01
1.997270693892741988e+01
1.978485483401672340e+01
1.988306934627281564e+01
1.984749212474332936e+01
1.966743972243139993e+01
1.980584084967412650e+01
1.983812939528982611e+01
1.986142966779387109e+01
1.986913687890236346e+01
1.992839361451732572e+01
1.964730354556406411e+01
1.974007920214401324e+01
1.984704186531265080e+01
1.971488431219039938e+01
1.991482090350761780e+01
1.983198837029961936e+01
1.986314269620144302e+01
1.984689120753778369e+01
1.988008175839441094e+01
1.964111921998132004e+01
1.991794658892151659e+01
1.975922657275668470e+01
1.966489635102818667e+01
1.990248517957210339e+01
1.983556605475749279e+01
1.965030689618533799e+01
1.975481015505794602e+01
1.980413829238437629e+01
1.989725225839368150e+01
1.981149221891958234e+01
1.982621696405080058e+01
1.991323046216314552e+01
1.974157933753934202e+01
1.977789868154344077e+01
1.984150982939329211e+01
1.976633096866986605e+01
1.988955158279481950e+01
1.977864163464928637e+01
1.968285677540511713e+01
1.983403872827728875e+01
1.970183022437185372e+01
1.987618646703826641e+01
1.969452005949504070e+01
1.982231547495512203e+01
1.984963993461420984e+01
1.995249662887670894e+01
1.982392843791209813e+01
1.966788253347462145e+01
1.974381972754736836e+01
1.987624078591716881e+01
1.986915326302943896e+01
1.968444553662794760e+01
1.979238478278115920e+01
1.985997157954532710e+01
1.979992375186738229e+01
1.985821083396241349e+01
1.978746039736637385e+01
1.972989450282281254e+01
1.984873298158567678e+01
1.980578830321894301e+01
1.976167503160372974e+01
1.998791530099050462e+01
1.984561192334561142e+01
1.973030863322582107e+01
1.977986755468436186e+01
1.980969350871469103e+01
1.991068604703142597e+01
1.986573382698679069e+01
1.984031450217862869e+01
1.995941838878660235e+01
1.991961065614768600e+01
1.991759271016766064e+01
1.980969738979631245e+01
1.986169225213594913e+01
1.987567625176241037e+01
1.979124472580368987e+01
1.965523683936555344e+01
1.987936979694654482e+01
1.984033474457093149e+01
1.987369228065831805e+01
1.981536678232651738e+01
1.979349162151543950e+01
1.992680478664697574e+01
1.999903429859038795e+01
1.983386440751856483e+01
1.982234092569900596e+01
1.977079143429605068e+01
1.978822434930070884e+01
2.001809633389334664e+01
1.991899135972536783e+01
1.982586152940975310e+01
1.959959599605495129e+01
1.976572553863341142e+01
1.980323376300879801e+01
1.978330760414155520e+01
1.988521870197493868e+01
1.989373528220053444e+01
1.987657123575025508e+01
1.982686961790048841e+01
1.986632929190570707e+01
1.987318943815978400e+01
1.981567808475220005e+01
1.969915163693255522e+01
1.976054816729436681e+01
1.974637534335317213e+01
1.982575314068020234e+01
1.983027408905842037e+01
1.969196087679382146e+01
1.981798825814004772e+01
1.979385983336694110e+01
1.995244911834633683e+01
1.980559593865237034e+01
1.985410841849018482e+01
1.972986870437744145e+01
1.962994576164781435e+01
1.965494414071918072e+01
1.985664443238112398e+01
1.974428285700798824e+01
1.973168602801029436e+01
1.974819555067391974e+01
1.983315357581611593e+01
1.977140504339568139e+01
1.986904632427744133e+01
1.967179453162836111e+01
1.984956774820397030e+01
1.982560511069012321e+01
1.979353024561316943e+01
1.988758815299378924e+01
1.991458903309927209e+01
1.986706108592852971e+01
1.993252415160799629e+01
1.989618783410164227e+01
1.985338355386340581e+01
1.987020758013127519e+01
1.978086062230062581e+01
1.995484719847389243e+01
1.992144831543438599e+01
1.972512733247322814e+01
1.987841467703491816e+01
1.991914225985913944e+01
1.987591004779071113e+01
1.989353748682698608e+01
1.976494780522444827e+01
1.964699055173397824e+01
1.986423435121700365e+01
1.988345382344195755e+01
1.975365077037934824e+01
1.993139878409532884e+01
1.966904354928171372e+01
1.994075563440999588e+01
1.971940066032061623e+01
1.995236990655516607e+01
1.965425354362043819e+01
1.992886595786615445e+01
1.980529784086493805e+01
1.976608547383895598e+01
1.983008965671389490e+01
1.993811117926601995e+01
1.979532658966246927e+01
1.984817363614231667e+01
1.997630460303590993e+01
1.976176153647208622e+01
1.988453542438691102e+01
1.980962372048568554e+01
1.985021536475381865e+01
1.979896405064074827e+01
1.995228801612585201e+01
1.984714431171063254e+01
1.979037205064550164e+01
1.989500473202371467e+01
1.983320903011210845e+01
1.985722654322237446e+01
1.976106659620543837e+01
1.978788553555566665e+01
1.991078207326304295e+01
1.989785359047107960e+01
1.982575620181064124e+01
1.994410050452471594e+01
1.971786114881609109e+01
1.986674091373633289e+01
1.976856582552186126e+01
1.972521460706062157e+01
1.992042922417676465e+01
1.981261867897411832e+01
1.990586986941455905e+01
1.983668535300740388e+01
1.977505806392309751e+01
1.971448539153550783e+01
1.978483420081860444e+01
1.977975215642985773e+01
1.977764615193009234e+01
1.979572535287202939e+01
1.990547704065595269e+01
1.980823831962406700e+01
1.988631562421985777e+01
1.992911794776573942e+01
1.969392072732622978e+01
1.975146423629612613e+01
1.994009890096328164e+01
1.987241181134167078e+01
1.994982064056745941e+01
1.990156609177096669e+01
1.976593627128303510e+01
1.973271297215883990e+01
1.974344899798927244e+01
1.997578136666331972e+01
1.973635665819292839e+01
1.986505182826310900e+01
1.980954741921068774e+01
1.961179010074530638e+01
2.005154945267054245e+01
1.983163264932090897e+01
1.997724571548859629e+01
1.985325897928374772e+01
1.965852600142723006e+01
1.969529995159450664e+01
1.980220713969379176e+01
1.983501255927022200e+01
1.976541581430324257e+01
1.977834370915018525e+01
1.994980358586144575e+01
1.980023619324517981e+01
1.987955357210390872e+01
1.977346748116820052e+01
1.970531737974657815e+01
1.982413666631702398e+01
1.986695876245707026e+01
1.997790629152324371e+01
1.966632575677936856e+01
1.995110256385793690e+01
1.983692028678454733e+01
1.973008256461448795e+01
1.987357055580874032e+01
1.983665076755026746e+01
1.982851959533829245e+01
1.977559259305717276e+01
1.985075015227332429e+01
1.974593089121245626e+01
2.007959599693918307e+01
2.000556636942413036e+01
1.983518975633498371e+01
1.983249135081204884e+01
1.982375206469339091e+01
1.986451661687586423e+01
1.992395136472735473e+01
1.967163979538804597e+01
1.976137100778861821e+01
1.975526611533638288e+01
1.975576673068607647e+01
1.991642904131518677e+01
1.994583439695721339e+01
1.980749197706166953e+01
1.980596126214091868e+01
1.980957397840800027e+01
1.988120387880770323e+01
1.988733126978132404e+01
1.984054253117810873e+01
1.987355829485970204e+01
1.995558747748176032e+01
2.007804741288558148e+01
1.984548628581547902e+01
1.974890732590486309e+01
1.988808247492766057e+01
1.971021987365181971e+01
1.980605193307170708e+01
1.997314990397043033e+01
1.977669753309335476e+01
1.978544473562704198e+01
1.975478373781049513e+01
1.978826423353637409e+01
1.973150017479414586e+01
1.985896572357525969e+01
1.973843957579891040e+01
1.973825151472698991e+01
1.974953417722282722e+01
1.991905445314247913e+01
1.994911276271733414e+01
1.993132556377213405e+01
1.974315993702868610e+01
1.973243963613372287e+01
1.981972690867007358e+01
1.984295827903770970e+01
1.988745200881490049e+01
1.979881797211102068e+01
1.972989113020784657e+01
1.975810540731922771e+01
1.981995843965318471e+01
1.976681423437539920e+01
1.980995581122476068e+01
1.995754723062687219e+01
1.981209049219941321e+01
1.975791094284926430e+01
1.986140238682314418e+01
1.984176217861157099e+01
1.976921753038096341e+01
1.976602693565062197e+01
1.971338797366683693e+01
1.983340439265267463e+01
1.982371284381867582e+01
1.980290851141889874e+01
1.986079318202418165e+01
1.975973455198348105e+01
1.969607032197723484e+01
1.986917883268738549e+01
1.982564763980174405e+01
2.003796714746314933e+01
1.990054936466375324e+01
1.983346146796352016e+01
1.989968394305504518e+01
1.989818200984627339e+01
1.974509099770347831e+01
1.990656121463452877e+01
1.975540623100053850e+01
1.971254871050717838e+01
1.979432427835212494e+01
1.977223689990228550e+01
1.988973332769096558e+01
1.962366959688299417e+01
1.982958123860294819e+01
1.971470531305479668e+01
1.978083237616723622e+01
1.966734236721840645e+01
1.969593274837644614e+01
1.974805840018619563e+01
1.973392782659714584e+01
1.986757910687408568e+01
1.980749928770828916e+01
1.999407583556855528e+01
1.992412237009288134e+01
1.979567678957568688e+01
1.995309307742848759e+01
1.965281935393947066e+01
1.975703455762762317e+01
1.982704485155310792e+01
1.986255701606228641e+01
1.980760486744761195e+01
1.996084183124760614e+01
1.982623803923558015e+01
1.975136294385384872e+01
1.979793855497544541e+01
1.987389096025354362e+01
1.979449877071261454e+01
1.975904211171915392e+01
1.984366373769796255e+01
1.984138543634709251e+01
1.976173228634176482e+01
1.992685897679102780e+01
1.988547141161827980e+01
1.981757427071400102e+01
1.974801247247048153e+01
1.970989984127189487e+01
1.982329819155853912e+01
1.986836588292245764e+01
1.982509067953708382e+01
1.992045734192826245e+01
1.968392653662798608e+01
1.992659708879158487e+01
1.972263782217564554e+01
1.972340592927745817e+01
1.993030455177531834e+01
1.993028783326044717e+01
1.985780384083900429e+01
1.977990007020285290e+01
1.997693424161755971e+01
1.977991692454192929e+01
1.973739771075537064e+01
1.978106101540915773e+01
1.974525281268604360e+01
1.978911806486129876e+01
1.990869842993689787e+01
1.975585591891986681e+01
1.975405493793791578e+01
1.971541514862345679e+01
1.985821219994099351e+01
1.976686559682843125e+01
1.976778362060108662e+01
1.975580265224176202e+01
1.989905780430188997e+01
1.975440924821887378e+01
1.984675296360163799e+01
1.989848005261103125e+01
1.989448082341929336e+01
1.979899138038054929e+01
1.994658896474174270e+01
1.994087240710344489e+01
1.974808443962728077e+01
1.980134752753709648e+01
1.975638540151133071e+01
1.977745529648917966e+01
1.988331497977090123e+01
1.978930647714033242e+01
1.980535623198787576e+01
1.981908571708062183e+01
1.986558425985743526e+01
1.985832230271952881e+01
1.979570262702014816e+01
1.988125128448819368e+01
1.989246985292306746e+01
1.976623091429989998e+01
1.981822967728308882e+01
1.971884069435042619e+01
1.992373118628884754e+01
1.980811941282961541e+01
1.971930117952509320e+01
1.990495177164962115e+01
1.972125624198634952e+01
1.983452386318314353e+01
1.984561952366994220e+01
1.975433092050846184e+01
1.987551257109674196e+01
1.986518803088028307e+01
1.985097158326214384e+01
1.991749790073421167e+01
1.976834049484757116e+01
1.969485962641095256e+01
1.991582734440837754e+01
1.981778024542878924e+01
1.972141840479249097e+01
1.991463074479282369e+01
1.991080221630148372e+01
1.994247171727982959e+01
1.971555349698358839e+01
1.989936709929522962e+01
1.976926761647429132e+01
1.985442355171713302e+01
1.986913254448986876e+01
1.983619501751700298e+01
1.972718148918772130e+01
1.980150945695380571e+01
1.981361345752632630e+01
1.977498771571941560e+01
1.990718219668833555e+01
1.980962029784181055e+01
1.976765160673473787e+01
1.972530616764985467e+01
1.973925149328503892e+01
1.970717876726873286e+01
1.986899750821815047e+01
1.985477525256462172e+01
1.982464246859155210e+01
1.983822120549460877e+01
1.988882962103829755e+01
1.983859332824821919e+01
1.973667676160823348e+01
1.975746453999823871e+01
1.960655538623207050e+01
1.984499616918440168e+01
1.982900510667350247e+01
1.994946124063569570e+01
1.973517054192617692e+01
2.003045038531139355e+01
1.984718784228901356e+01
1.978492475113938198e+01
1.973523092699246817e+01
1.991219659611317283e+01
1.982233569967256415e+01
1.970422130972255914e+01
1.975492206523849248e+01
1.983470630113884070e+01
1.990032869594033826e+01
1.988634648977604158e+01
1.980693741703844779e+01
1.993514706880532117e+01
1.967134222154755818e+01
1.985217342715921873e+01
1.961648828860088045e+01
2.003439410491851547e+01
1.981737030516956821e+01
1.977727220998940894e+01
1.987886838435121106e+01
1.975592368432383239e+01
1.991380054961960155e+01
1.989090546025374451e+01
1.983288379710320370e+01
1.985445665307409513e+01
1.972816523639485808e+01
1.997245653581225255e+01
1.979355771143691811e+01
1.973760670611912005e+01
1.984487803457197330e+01
1.996920996929664227e+01
1.984906958054019910e+01
1.979806547669661043e+01
1.969160211019539020e+01
1.988450224292819257e+01
1.990082456325163918e+01
1.987716009370007697e+01
1.977293847237794822e+01
1.981127388569752412e+01
1.990763469934878671e+01
1.975118744934484383e+01
2.000774851442461966e+01
1.968423735961006571e+01
1.977677286791965727e+01
1.973320705010290865e+01
1.973358482595103425e+01
1.983525387198130474e+01
1.968871969186612603e+01
1.973520836952245006e+01
1.981701405506666447e+01
1.980766889233229122e+01
1.968769030987895619e+01
1.968663032387313194e+01
1.972931432247033356e+01
1.986946613125197203e+01
1.987704747297528485e+01
1.979265579037395284e+01
1.976395408609939253e+01
1.999266241686619949e+01
1.971437493257402451e+01
1.990636203063064968e+01
1.993091845338480894e+01
1.967567618986704758e+01
1.986125616435921870e+01
1.987018320475986499e+01
1.981541586765133900e+01
1.985168685989301096e+01
2.000123584011099709e+01
1.978518523090767189e+01
1.977922986670632710e+01
1.983188717249239019e+01
2.000585034216351588e+01
1.989721194428189932e+01
2.000255756181874744e+01
1.975727767586826289e+01
1.988143526408954642e+01
1.985202253895529623e+01
1.991275166470499158e+01
1.975821537249660054e+01
1.976478943010297584e+01
1.981091391653959377e+01
1.973879838768544559e+01
1.987411720872292875e+01
1.989425325841996184e+01
1.981866269087992194e+01
1.976629093692040939e+01
2.007359609018911328e+01
1.979834684200522332e+01
1.976677424163462859e+01
1.962978960849549281e+01
1.978603898516088577e+01
1.983340935344524425e+01
1.989662682680841144e+01
1.971071020988141242e+01
1.969084881264918963e+01
2.003319656246571512e+01
1.999940083722949780e+01
1.972917490917696881e+01
1.974048827476337564e+01
2.001291331137087681e+01
1.978200568989990771e+01
1.993563536201489939e+01
1.990338131757514972e+01
1.973103037284143824e+01
1.978686336334952145e+01
1.987076262274012350e+01
1.961388675035358986e+01
1.987737129357374855e+01
1.963924706100057804e+01
1.968519871511877994e+01
1.980794197563499637e+01
1.970637473999363820e+01
1.976420116333795818e+01
1.971877540094585513e+01
1.980130291392335096e+01
1.982366696040504550e+01
1.977863151857097535e+01
1.992575476465513162e+01
1.991995226172632272e+01
1.969198834672624088e+01
1.982225126668365434e+01
1.971746818475711649e+01
1.973330378844529065e+01
1.981229354983224411e+01
1.980494094737120392e+01
1.973481399264955272e+01
1.970335312296632324e+01
1.978454030254151164e+01
1.980528694152875246e+01
1.966606789711310554e+01
1.979550255067550779e+01
1.984789377830214008e+01
