# Variable: B
# Sample shape: (3000,)
# Date: 2018-05-02 15:46:12.523638
8.729830183878859451e-01
8.877266090028719248e-01
8.842116228200808115e-01
8.832044511365626516e-01
8.638393557566156344e-01
8.623573024602786408e-01
8.679431994337658551e-01
8.654760323234823582e-01
8.828481601937142598e-01
8.695910396400847731e-01
8.730383178631681007e-01
8.758927428178996388e-01
8.791707330913229868e-01
8.512484668917573716e-01
8.598031741745824075e-01
8.737589028705051719e-01
8.664060088424004880e-01
8.752359625516769048e-01
8.610339309972858679e-01
8.643391887735270007e-01
8.619864469520716055e-01
8.475510680519582341e-01
8.739026773845315343e-01
8.570202715908575852e-01
8.876490050221955697e-01
8.663370966674697193e-01
8.599836548356347699e-01
8.676690156560470379e-01
8.766964276468026673e-01
8.688882323967156429e-01
8.795545551457734090e-01
8.657748949806042260e-01
8.643395280612606868e-01
8.685367447756769943e-01
8.753351548046933717e-01
8.820752213651845697e-01
8.730417777566884530e-01
8.837685503208319027e-01
9.010279002984875607e-01
8.629089628335542272e-01
8.922746782702225543e-01
8.608510744980392149e-01
8.576993209575534127e-01
8.531602517045250300e-01
8.758803391000641314e-01
8.585374680819248816e-01
8.678902268563212230e-01
8.782567390138708019e-01
8.781983961570259956e-01
8.626107042427478833e-01
8.659404326830000276e-01
8.603207626024672594e-01
8.799192925031533719e-01
8.599576445553630544e-01
8.787904363648734174e-01
8.634365003951298689e-01
8.560931129789403071e-01
8.717617797592900342e-01
8.669933664488524983e-01
8.808438714257106339e-01
8.748804782856546280e-01
8.805947217039473696e-01
8.735188335276181659e-01
8.707705273156743919e-01
8.812948148398805914e-01
8.601613860751017304e-01
8.782806047323761245e-01
8.683461785904872388e-01
8.573618062663772577e-01
8.693391042902340882e-01
8.685721253815513743e-01
8.727744788360555228e-01
8.679608543847707747e-01
8.640316037904728352e-01
8.794416394356675548e-01
8.894791611898013040e-01
8.625883331334163184e-01
8.821627508714799948e-01
8.714184353143024087e-01
8.667424621342286750e-01
8.742850982496311874e-01
8.745671450069399944e-01
8.521395841243757374e-01
8.777103475550509515e-01
8.464850456001140611e-01
8.793144352526115481e-01
8.853056197158120089e-01
8.733031385011443826e-01
8.641233027388761645e-01
8.679641973202879557e-01
8.572288003839191317e-01
8.554556219800470984e-01
8.554088580688921084e-01
8.659954853829286980e-01
8.665583071980794694e-01
8.770252619760754431e-01
8.705780703850999336e-01
8.756346580049693129e-01
8.670979831794030090e-01
8.902890613947362919e-01
8.796107946700348901e-01
8.752437253841679476e-01
8.680624054218616381e-01
8.753559354273122706e-01
8.701357548802397535e-01
8.681745224431653973e-01
8.769849099007654969e-01
8.758637060617261438e-01
8.756669065533999596e-01
8.565155967261717240e-01
8.829775889335949035e-01
8.636239617973267002e-01
8.628638139703816989e-01
8.623469247540432869e-01
8.766281716023287540e-01
8.453157853200123917e-01
8.746124384046162215e-01
8.664738487521410626e-01
8.749667904335642898e-01
8.874984401088018560e-01
8.713626007785213456e-01
8.626232390811279238e-01
8.688460438506729888e-01
8.724601902818054366e-01
8.605300871736584201e-01
8.625751259931689896e-01
8.526205795931955933e-01
8.670421336945408619e-01
8.684075325356820363e-01
8.809920855612564106e-01
8.731845241208179287e-01
8.603394277588733985e-01
8.658678112113714631e-01
8.784711429571743224e-01
8.610839962335150588e-01
8.632946457014908370e-01
8.529806705957073687e-01
8.637600643327784100e-01
8.736072294917676118e-01
8.721929171645436130e-01
8.647236771397280863e-01
8.739947656877737892e-01
8.820020685317992992e-01
8.725650359653753796e-01
8.533653932254349206e-01
8.707756248230328344e-01
8.492180625988013931e-01
8.703854600731122382e-01
8.724136260327013392e-01
8.669475081598543298e-01
8.599620325844922197e-01
8.717614774792588062e-01
8.597215459744091959e-01
8.680647998608338467e-01
8.454407207457761420e-01
8.669989723052409225e-01
8.800541104965808881e-01
8.886576150487133230e-01
8.752821124591150248e-01
8.644197309302649179e-01
8.709299490134156940e-01
8.753222968130591752e-01
8.709395221175476598e-01
8.658028242626353288e-01
8.777199016195406100e-01
8.899006493329193468e-01
8.722440250305535381e-01
8.715335240062103139e-01
8.525919348283729216e-01
8.680371502810616535e-01
8.790203417649529172e-01
8.788122425691990980e-01
8.612765212541655391e-01
8.851218765489073936e-01
8.576877761760688390e-01
8.722681956177837925e-01
8.938907910647670985e-01
8.606473340488703938e-01
8.760963419275535902e-01
8.544233586252713009e-01
9.031121329602211922e-01
8.735843723057035159e-01
8.759186757981420879e-01
8.841634338789299274e-01
8.669229578914352530e-01
8.796574958677169098e-01
8.601127705370635868e-01
8.490448904723459922e-01
8.806196503072454274e-01
8.637555891648316386e-01
8.471936646103572777e-01
8.804239883154107993e-01
8.763820681057512552e-01
8.567894896895374979e-01
8.741429956660489164e-01
8.676760410211025176e-01
8.825732024609090898e-01
8.735123040777291736e-01
8.721837087537548383e-01
8.754753344935407577e-01
8.623723855646574510e-01
8.553848976224848188e-01
8.849799414833681155e-01
8.796742329677273986e-01
8.636254324807852711e-01
8.646325973615385241e-01
8.709418329428532113e-01
8.804528731816431142e-01
8.738911916829407156e-01
8.665442687522638687e-01
8.723830856366131536e-01
8.781227391868559051e-01
8.629239986625152348e-01
8.780641938497676380e-01
8.498085107456829768e-01
8.755670019856796049e-01
8.663486500284398595e-01
8.753894904346067873e-01
8.839481581196824145e-01
8.806389811285837421e-01
8.437067446067930687e-01
8.658006232025938775e-01
8.562778138362056035e-01
8.621041037217600511e-01
8.848091628248866414e-01
8.735424721224718247e-01
8.686286154195266285e-01
8.619490862119492114e-01
8.795278293144692672e-01
8.578151561240601186e-01
8.702430405458537743e-01
8.743310385267663021e-01
8.811083339677102666e-01
8.651860064953562635e-01
8.628780928280828100e-01
8.619515710232357186e-01
8.722614237939111392e-01
8.701786786556150455e-01
8.664159432042158882e-01
8.796266700103905212e-01
8.832819246950637249e-01
8.845034654734498236e-01
8.796742081610453567e-01
8.717001033156265288e-01
8.677220178462974332e-01
8.512062892844375339e-01
8.709182734928332392e-01
8.580581160779555683e-01
8.670003837341609954e-01
8.557432476522455200e-01
8.615060882358090977e-01
8.593596108121409616e-01
8.543739692089364901e-01
8.684952140484981653e-01
8.764895527006514309e-01
8.723428565453421601e-01
8.639909391562612395e-01
8.482439654970375109e-01
8.527513484012954059e-01
8.593350876721039810e-01
8.862944343090987109e-01
8.795976348575009762e-01
8.715081437666846176e-01
8.794999700476756610e-01
8.836113283483112424e-01
8.710406241217198975e-01
8.738035593070325735e-01
8.747564017274874759e-01
8.805509691163201369e-01
8.639274584598306550e-01
8.604158364229392841e-01
8.623055343708961873e-01
8.811431375545436540e-01
8.700705911538969550e-01
8.777815067606515864e-01
8.589090321077660350e-01
8.608501507747644554e-01
8.746935424742725562e-01
8.812923938885260933e-01
8.655505306928845677e-01
8.654625671466938952e-01
8.621123125116852970e-01
8.642993881486212837e-01
8.736915005059630035e-01
8.533959739964399605e-01
8.708323060982436914e-01
8.637022362023383248e-01
8.972882442027989569e-01
8.739063664657158448e-01
8.506307816699362201e-01
8.767481269948667055e-01
8.500705217887021270e-01
8.953561736981850983e-01
8.550383309883953231e-01
8.779139039170348324e-01
8.661840345426651266e-01
8.588539692633152534e-01
8.754824630868592861e-01
8.719439273830541515e-01
8.859297415556007804e-01
8.709301569674785526e-01
8.789535016259397704e-01
8.704138427757981411e-01
8.749149845732029362e-01
8.619184140678061157e-01
8.761697039080317273e-01
8.702764613507519842e-01
8.592949289446316641e-01
8.671318403187420198e-01
8.412814398473844602e-01
8.548492460711548668e-01
8.832045306341010926e-01
8.698682725835988894e-01
8.517577041053294717e-01
8.687217973515448666e-01
8.677404834474096162e-01
8.684494949300667344e-01
8.691854597101466018e-01
8.672735893195566703e-01
8.494983893194368862e-01
8.662083457612651527e-01
8.529001923198258339e-01
8.613409102103480874e-01
8.584099077054171412e-01
8.746542558101211284e-01
8.687352769402474362e-01
8.803276783785694004e-01
8.822458873966030346e-01
8.506170932761925041e-01
8.807527453432199005e-01
8.731031777084559131e-01
8.743663552087544977e-01
8.683648304487829872e-01
8.689314054729150305e-01
8.580147196368587137e-01
8.718268493826442089e-01
8.847639966826155167e-01
8.680013904093152322e-01
8.833192457350999005e-01
8.540964597369714584e-01
8.609153534794824481e-01
8.838490465528120454e-01
8.955207865937625522e-01
8.655186818030727869e-01
8.588839273126857021e-01
8.704574643974106740e-01
8.926545602518554112e-01
8.806248407272840861e-01
8.475778912282595501e-01
8.949385784738541627e-01
8.766238822656167162e-01
8.640729433076388410e-01
8.704324196108793599e-01
8.794764778442678566e-01
8.609182302740692183e-01
8.923473407810150748e-01
8.873708624917435728e-01
8.744072328869848532e-01
8.595417109819196710e-01
8.561448802500012389e-01
8.593751434126790656e-01
8.732333791883697405e-01
8.777173531237101312e-01
8.772145085319934532e-01
8.678426554285237904e-01
8.741208531672067794e-01
8.802997767722097189e-01
8.777353305388252425e-01
8.726726295616507034e-01
8.675979148247983108e-01
8.707379282998334302e-01
8.805767911603681330e-01
8.919586313883993700e-01
8.842606759776399095e-01
8.812938269184255047e-01
8.762091554448087072e-01
8.599385828575953905e-01
8.974731217510859560e-01
8.708023304962179134e-01
8.523401412111405451e-01
8.655706164023585503e-01
8.634539097016540321e-01
8.706829517552793218e-01
8.767820969019229915e-01
8.782063430433101336e-01
8.759888992258756391e-01
8.776128873486332971e-01
8.779693674017263749e-01
8.718590099278000771e-01
8.873165841364888395e-01
8.684390602099023582e-01
8.570329768804088033e-01
8.670000709018598206e-01
8.876385472366949969e-01
8.561308817982865582e-01
8.737114556932634724e-01
8.647041307894690609e-01
8.642822033451031949e-01
8.997912573713134909e-01
8.903658698788936565e-01
8.762037323336062666e-01
8.946035331127447643e-01
8.646942274649130900e-01
8.510177341798577100e-01
8.866225324985950174e-01
8.889640585997207189e-01
8.717475122351816541e-01
8.796506654895868138e-01
8.826836365121502048e-01
8.736490134127214979e-01
8.707813851401785543e-01
8.749270212756212750e-01
8.673297522101401924e-01
8.564266792977127674e-01
8.775885287146482083e-01
8.632617582344559448e-01
8.659489942145265351e-01
8.699384873994641110e-01
8.736946826714843128e-01
8.642837498241061622e-01
8.661978843787149218e-01
8.846472093851025509e-01
8.720047312551481022e-01
8.633848975382367730e-01
8.704052764632914663e-01
8.535883686552846461e-01
8.562983518412312645e-01
8.539057103074280120e-01
8.856106688576423913e-01
8.678485412698435653e-01
8.652590930416855786e-01
8.780752105178314393e-01
8.857130070102059438e-01
8.661091163281632310e-01
8.727910092769732842e-01
8.686543612732581243e-01
8.573745388836754300e-01
8.798386498771127995e-01
8.654298900920743831e-01
8.627856129663274976e-01
8.443180523783613278e-01
8.676979935488596807e-01
8.672109117286412872e-01
8.624257792410110479e-01
8.654755021815897509e-01
8.708400067599421090e-01
8.620625505125937282e-01
8.799730743690240553e-01
8.624949060964786085e-01
8.729700792749004457e-01
8.645608564336559887e-01
8.777733073718873014e-01
8.674091515980588696e-01
8.821717136264569659e-01
8.765718278653272799e-01
8.714999902897965223e-01
8.733625086004223048e-01
8.723666929012223736e-01
8.747550056272492824e-01
8.698733499953372750e-01
8.622504066271879930e-01
8.613431513508450488e-01
8.521808396472632108e-01
8.931647368173276647e-01
8.632734914319034614e-01
8.682445748207512359e-01
8.564963422676169502e-01
8.579657782978983294e-01
8.759591767003269691e-01
8.890370058840852963e-01
8.645020566182046728e-01
8.893002492290574823e-01
8.765915111270009552e-01
8.737932672779203935e-01
8.986531824266559276e-01
8.816351578850466497e-01
8.560811119200193442e-01
8.591125655609913592e-01
8.751895032412131403e-01
8.734864364427141759e-01
8.560833055650893808e-01
8.631015876116708840e-01
8.625873410149509368e-01
8.779168169313988912e-01
8.702353007941744378e-01
8.820081055097225287e-01
8.812393178205213395e-01
8.709773736146987355e-01
8.750062769770624582e-01
8.671239064876408165e-01
9.055587062863813541e-01
8.779448444943145358e-01
8.663447269495069269e-01
8.660016922896968117e-01
8.642540265382925302e-01
8.832350257710024355e-01
8.615150854268797120e-01
8.723268804323127679e-01
8.621529451321270354e-01
8.865926729936363104e-01
8.732635401892608895e-01
8.830107358124600347e-01
8.743018646841778097e-01
8.735099364895353435e-01
8.717099424805180297e-01
8.965734163621909003e-01
8.847550863098778695e-01
8.560002749390454024e-01
8.726921382698814567e-01
8.834824755931257600e-01
8.730099404432090093e-01
8.657756009652000095e-01
8.676254965239462713e-01
8.659380888307349755e-01
8.515739983241614741e-01
8.943114948238609641e-01
8.683542301758061521e-01
8.672941798138087410e-01
8.696122777959532923e-01
8.806667397797680596e-01
8.634802775400884922e-01
8.816649061149690603e-01
8.598798969025566175e-01
8.602898978567899979e-01
8.758432935310281886e-01
8.676357559184134649e-01
8.545698433019749407e-01
8.773702408468225800e-01
8.660110171506710808e-01
8.789351069872273214e-01
8.631347247754712626e-01
8.643054709989137496e-01
8.928122708972527910e-01
8.596589374021154084e-01
8.582409358786976528e-01
8.794358073594441549e-01
8.594679117893891940e-01
8.759888635855522798e-01
8.760061593258563484e-01
8.801347642929184811e-01
8.669541116336229036e-01
8.499440739432276848e-01
8.824265586434753006e-01
8.726681025793256996e-01
8.619383307135526362e-01
8.709392052024288455e-01
8.597575239481801690e-01
8.815507439447798355e-01
8.891926121622911738e-01
8.868715270269321715e-01
8.682619347903591800e-01
8.868870949914207102e-01
8.689640343110816012e-01
8.625224441382987051e-01
8.977531121526891589e-01
8.606078003384729502e-01
8.719646657153391489e-01
8.724584632927694372e-01
8.614224152258902478e-01
8.581571942319903279e-01
8.770798159076441669e-01
8.887333735811414615e-01
8.800661510712318725e-01
8.665937719588223676e-01
8.616155461988508346e-01
8.675461039316677558e-01
8.774167325071846602e-01
8.736399443023459277e-01
8.511534961500790697e-01
8.630490474188250438e-01
8.626816659668821163e-01
8.744097854456459595e-01
8.675025849849496984e-01
8.633157972569254213e-01
8.593561415089242539e-01
8.802153045999703274e-01
8.606173029225717697e-01
8.788057038582282043e-01
8.738334231740295666e-01
8.931756298193282984e-01
8.632167351049520043e-01
8.783989202347380898e-01
8.500048887871143322e-01
8.671867437197680051e-01
8.729968306469526595e-01
8.865533478851327365e-01
8.814702050850904413e-01
8.844556776775698292e-01
8.819822230032693389e-01
8.773671460615843909e-01
8.677112021937328779e-01
8.678385566154593889e-01
8.525114319112319095e-01
8.828675840516311268e-01
8.594889186882920251e-01
8.736520899831914377e-01
8.564997081897645081e-01
8.862475307850883333e-01
8.505940552270641053e-01
8.707074974254193078e-01
8.809676654069675816e-01
8.781901783783180315e-01
8.800340984892217611e-01
8.515758012389952336e-01
8.498398631018986293e-01
8.651921288262319765e-01
8.771111578603667525e-01
8.694019531465843054e-01
8.850484864856201783e-01
8.745942109855946445e-01
8.633764082424598696e-01
8.655738121786644701e-01
8.641975372101715624e-01
8.800687712412678110e-01
8.486870700098991804e-01
8.700251452349001546e-01
8.602896188706095071e-01
8.555670617582394888e-01
8.572685419421325337e-01
8.613363604164865350e-01
8.742357171823063045e-01
8.603241205277506465e-01
8.634629043098221990e-01
8.552806049508151487e-01
8.654208123109703443e-01
8.627090657733211820e-01
8.635118857689181304e-01
8.893509338323095648e-01
8.748311969569737556e-01
8.792113914655006468e-01
8.412979148127631701e-01
8.621948704781056128e-01
8.678962102272783641e-01
8.661155230949636463e-01
8.760719711793485409e-01
8.677332622893366709e-01
8.629030500486815081e-01
8.633787400061764261e-01
8.744661297117313214e-01
8.790331933633845907e-01
8.651724428150852075e-01
8.789884716757124794e-01
8.721561992612961722e-01
8.644719022382343354e-01
8.637508463330108022e-01
8.886548561782362521e-01
8.768474066291525038e-01
8.638223120083572404e-01
8.625261067789283809e-01
8.597552215144810273e-01
8.618554859714518956e-01
8.730237423919156026e-01
8.607028047084549494e-01
8.636437621747693472e-01
8.650634152885329220e-01
8.632274053541967307e-01
8.688637694101957187e-01
8.608048708988492725e-01
8.660397807701126771e-01
8.873249213215106401e-01
8.587829663503544486e-01
8.816316097031433596e-01
8.691624416324885694e-01
8.776943119147858630e-01
8.967240890643416451e-01
8.833662570737329522e-01
8.802814210991095623e-01
8.697227780673228992e-01
8.659950057374388166e-01
8.639449510411777444e-01
8.562114611570700307e-01
8.820516430022528054e-01
8.676074979098692408e-01
8.665372962045826410e-01
8.426188307123876342e-01
8.643210571739747827e-01
8.760032029278354004e-01
8.694388056920145935e-01
8.738776409051894900e-01
8.706398563837824955e-01
8.634453984632729506e-01
8.776844661709127804e-01
8.728868355304831850e-01
8.767799447792707923e-01
8.566628577683927936e-01
8.819894143216390203e-01
8.630331118640387489e-01
8.883354668260871057e-01
8.780908709280587088e-01
8.728299456832419034e-01
8.848609179813879955e-01
8.825125429969542523e-01
8.724980387221472622e-01
8.551077058112197538e-01
8.743744843160680125e-01
8.721873309190526502e-01
8.707137399523126042e-01
8.614792560057548121e-01
8.569268766324215081e-01
8.882058855666730146e-01
8.657776798104844795e-01
8.547756633333029042e-01
8.706334264788180288e-01
8.675226930686046334e-01
8.695941509453741780e-01
8.727575971086595219e-01
8.656980089771660891e-01
8.819061798669917129e-01
8.608697392750644939e-01
8.716017954987673733e-01
8.637902060300212126e-01
8.667701444401546551e-01
8.849495721909722556e-01
8.622231864045447614e-01
8.826491214098985960e-01
8.628340422500498930e-01
8.648610092514106285e-01
8.640707844561820172e-01
8.577525526893581276e-01
8.670351483468374809e-01
8.734810640158803263e-01
8.688025179656195807e-01
8.677897733222391663e-01
8.699894597483300851e-01
8.438805455371353181e-01
8.781358737336625309e-01
8.720955698407866219e-01
8.593097932169062592e-01
8.822636988001043568e-01
8.796524581190290348e-01
8.672846771441886649e-01
8.654854500664078687e-01
8.865124459716389183e-01
8.748949285557140465e-01
8.916123103631962143e-01
8.620915072560058068e-01
8.671441540057663877e-01
8.660510156946695792e-01
8.637332160830238914e-01
8.524690566912591638e-01
8.590319934321540840e-01
8.640806561994144319e-01
8.708684918656712792e-01
8.684791098155640876e-01
8.678913006933108854e-01
8.769116462575199389e-01
8.637658311082438978e-01
8.611943770089078853e-01
8.509050859975314518e-01
8.971757119632706168e-01
8.809849079062019861e-01
8.754456338765810308e-01
8.711274787704718081e-01
8.635588446753801328e-01
8.724813899498089498e-01
8.816135649751080106e-01
8.575922455428828250e-01
8.703916039996476561e-01
8.778695935665367100e-01
8.683018275661659180e-01
8.686604110201572304e-01
8.712920999699679259e-01
8.601753688674932397e-01
8.748871567908040880e-01
8.675023386410993798e-01
8.638660518494998275e-01
8.769185420302477718e-01
8.567541296725952327e-01
8.593818592920078325e-01
8.869527041287306179e-01
8.646292729788713771e-01
8.495818820882509170e-01
8.796477649741907268e-01
8.522808408578016470e-01
8.675939702306377788e-01
8.746841659553971082e-01
8.907190295052586082e-01
8.819811338617609131e-01
8.815266706409660147e-01
8.703272813899400884e-01
8.723218428979793160e-01
8.895350025005919203e-01
8.782687952104626383e-01
8.571151209363307988e-01
8.622761983475402126e-01
8.551213057776827497e-01
8.741470923498770862e-01
8.711725820074242010e-01
8.670028929635252846e-01
8.711956964163909412e-01
8.667471534234459929e-01
8.697364028828914462e-01
8.760155143444490200e-01
8.924131828543379052e-01
8.697445708667793651e-01
8.743934592518465276e-01
8.498487879456586569e-01
8.539415713135883879e-01
8.569882545052764922e-01
8.788712120091372038e-01
8.756727737421964308e-01
8.629785034838801661e-01
8.647837200908068400e-01
8.660183012516399215e-01
8.794379049803312531e-01
8.722764262750685171e-01
8.622781012132756384e-01
8.808819326566936780e-01
8.702218382483783987e-01
8.758826000466187756e-01
8.887691587263432114e-01
8.754884303029061288e-01
8.537637888540356990e-01
8.864272370988400818e-01
8.702864921976878332e-01
8.640627761509054316e-01
8.749679367366814953e-01
8.884196916680823231e-01
8.578177444856371903e-01
8.690773589259329635e-01
8.616867380520577546e-01
9.064803799035516807e-01
8.864417619457715114e-01
8.811950319761585604e-01
8.683538238304118195e-01
8.659072439734304405e-01
8.537585027776648516e-01
8.755117093620531366e-01
8.708185190636691386e-01
8.701828680705168129e-01
8.692025620426704346e-01
8.637159627284139995e-01
8.788073512013827582e-01
8.735633050815871936e-01
8.751431499389770163e-01
8.777483110573269798e-01
8.749103727064849734e-01
8.581581770000561438e-01
8.632906676037580551e-01
8.643498098194024593e-01
8.701744261364442456e-01
8.826202934919806786e-01
8.633962237443124632e-01
8.802070452611163720e-01
8.584447426300386708e-01
8.669381669570235260e-01
8.682739790916134126e-01
8.768207101073627330e-01
8.924974430267189618e-01
8.633695535618359784e-01
8.756972679733056042e-01
8.729160582554856829e-01
8.631353203725109502e-01
8.698244524385346788e-01
8.630173303060406642e-01
8.718178875708849640e-01
8.723472667598813901e-01
8.890268822849238806e-01
8.741484518924417246e-01
8.688224401394426533e-01
8.731202785227213381e-01
8.618022339801210130e-01
8.604224786369712996e-01
8.694188281996911849e-01
8.705198599953254401e-01
8.730898538144732379e-01
8.924385477677996281e-01
8.685234037284480513e-01
8.717456537198365885e-01
8.938279102338541060e-01
8.548019488766572804e-01
8.672679086779589985e-01
8.655148731019226549e-01
8.466335997667095992e-01
8.709160716159916049e-01
8.761615516423392203e-01
8.629407209589623484e-01
8.711428239855265598e-01
8.582696997921854809e-01
8.616925614703088154e-01
8.643069148329598494e-01
8.701725681029811588e-01
8.783631258707992329e-01
8.544893134593617434e-01
8.628036220370803866e-01
8.705863433894811543e-01
8.611818592750852819e-01
8.587025023579741845e-01
8.625238730175530666e-01
8.723107959840999959e-01
8.663005356978588090e-01
8.461884462965122422e-01
8.716713810303877707e-01
8.700878570267825962e-01
8.698494322351036923e-01
8.631218495349620712e-01
8.710592950530144929e-01
8.738906832547650438e-01
8.549372727624890977e-01
8.727693140470772493e-01
8.774992023317201850e-01
8.560158534478621295e-01
8.658871842192312762e-01
8.738267702405329018e-01
8.719162803327497047e-01
8.889135882242068520e-01
8.598153437316126135e-01
8.816234206456237121e-01
8.717532970036032669e-01
8.654838842353385076e-01
8.707094469112636181e-01
8.660864824734976208e-01
8.573599834417036103e-01
8.831480595837537528e-01
8.669035909476272561e-01
8.584319118496688272e-01
8.772569457685492900e-01
8.695395054960304293e-01
8.722003819447331496e-01
8.618705681539940988e-01
8.804563773635066815e-01
8.599261645308190483e-01
8.789778539312860239e-01
8.762153462498842860e-01
8.782795368368160327e-01
8.660823845058576165e-01
8.653971859119201637e-01
8.652062359179695239e-01
8.564793858019236206e-01
8.831603598514270459e-01
8.790486133307549022e-01
8.549777883130746936e-01
8.369739988795047436e-01
8.722996077438502915e-01
8.733516568529353652e-01
8.754821778447947622e-01
8.608395030180941987e-01
8.602097516434193958e-01
8.526834744614760764e-01
8.657900894035855943e-01
8.715601765771543441e-01
8.688333889631155715e-01
8.781385092170064244e-01
8.679631930476611190e-01
8.658644290193747706e-01
8.832533435597232918e-01
8.709798801071452212e-01
8.671508071259814709e-01
8.815533158265848046e-01
8.663969863062945809e-01
8.768692280557160990e-01
8.668862837120511200e-01
8.800214611888174110e-01
8.491171334728474518e-01
8.741416549492250221e-01
8.687546366577247881e-01
8.534682969564945099e-01
8.547922076782844547e-01
8.648628977633986414e-01
8.737139246962996042e-01
8.663754612734305693e-01
8.507912240778672253e-01
8.876233659516588048e-01
8.813121671231102239e-01
8.705731381360188870e-01
8.570035164348035472e-01
8.685114823286373964e-01
8.632108536575971991e-01
8.814787890586214258e-01
8.595157643061892561e-01
8.617409525052934782e-01
8.833914358778889309e-01
8.744468862081873350e-01
8.912732520778128276e-01
8.635261761867097929e-01
8.631376659673672957e-01
8.853143126427049925e-01
8.754928546943611112e-01
8.596522971576709971e-01
8.666763746454767547e-01
8.798743451475744548e-01
8.809377160968738796e-01
8.468767926303130134e-01
8.679701922012970083e-01
8.655022388868234273e-01
8.743176121324548467e-01
8.632480894299517926e-01
8.620956358877468473e-01
8.855912110723549446e-01
8.775965404269370218e-01
8.696950106697572958e-01
8.654922486183584951e-01
8.508773276197471036e-01
8.789048908312004915e-01
8.667077408122387805e-01
8.667269841217599691e-01
8.906375064752793946e-01
8.889972740298104359e-01
8.712117721575566298e-01
8.620193492891331521e-01
8.574976088809133090e-01
8.816579831178777971e-01
8.494707024111869398e-01
8.830032309726431050e-01
8.666986339075433143e-01
8.786101463986359938e-01
8.790707093264721328e-01
8.713921284230958797e-01
8.673818318179347120e-01
8.667167593713882567e-01
8.448117242306336649e-01
8.628543364554107642e-01
8.698161207549014451e-01
8.735356960411831961e-01
8.779275009497308213e-01
8.834452341435707901e-01
8.619588743140930154e-01
8.805480650695397538e-01
8.645732549653437626e-01
8.627447467602978870e-01
8.586312378257920930e-01
8.638428034724169313e-01
8.762426590033880469e-01
8.655871648813086017e-01
8.690001854202308307e-01
8.557691582939654928e-01
8.579116933697632508e-01
8.639710487283035478e-01
8.710006346595792204e-01
8.637373147467762857e-01
8.752094161005984363e-01
8.773491315494834630e-01
8.651224971397365460e-01
8.805404222781719747e-01
8.643833027984629824e-01
8.928734627449350647e-01
8.649624178093963112e-01
8.815429540498456173e-01
8.604944402227621136e-01
8.711504579388116287e-01
8.803410561111176813e-01
8.659473888947877285e-01
8.769358031067726600e-01
8.810252528277600081e-01
8.782043876698750751e-01
8.798725640274610571e-01
8.692981853572617768e-01
8.860040732327899571e-01
8.713527326593148992e-01
8.621917640631722168e-01
8.640577509611085949e-01
8.835924985742392712e-01
8.717548660172744768e-01
8.772538674981661400e-01
8.818342725107818358e-01
8.767203789268726011e-01
8.764969441616439205e-01
8.919717161573037512e-01
8.897267896233600482e-01
8.682828476910721127e-01
8.663654096657120718e-01
8.728241341869641401e-01
8.654694904184648818e-01
8.687863671936428833e-01
8.691732629770778651e-01
8.687373889153637840e-01
8.726815882918179668e-01
8.671592322555220500e-01
8.720070515097996244e-01
8.712471001386087321e-01
8.576624999470462418e-01
8.742954476754553061e-01
8.802065137241593673e-01
8.683461138407251312e-01
8.641098918856466859e-01
8.534236415221727601e-01
8.620340789508096346e-01
8.750323932078377664e-01
8.937370524161750707e-01
8.711035253450483129e-01
8.818306119821130995e-01
8.763813648921578991e-01
8.684715002118654770e-01
8.712811614249328374e-01
8.671654047726824466e-01
8.653876429693846406e-01
8.616628793249967444e-01
8.641435132762596005e-01
8.676412373369535302e-01
8.718146734657814534e-01
8.592682638853436083e-01
8.764763019322651116e-01
8.778312599841230357e-01
8.690997622432292680e-01
8.638489530431964214e-01
8.912111223905794244e-01
8.826715288751667554e-01
8.675016602520373432e-01
8.780663233446165394e-01
8.869246532439079012e-01
8.942419460095482053e-01
8.570517784082136714e-01
8.611769982289139147e-01
8.665727789069753717e-01
8.662664930361714255e-01
8.540552763960449489e-01
8.721611166127632986e-01
8.868881324527049248e-01
8.595437646605520454e-01
8.630035322264671960e-01
8.768648339080590270e-01
8.970539650876057092e-01
8.782831538370662328e-01
8.840778951500998240e-01
8.708458107030214723e-01
8.571017954611983569e-01
8.749833957755560609e-01
8.757968669515077131e-01
8.898616751767921551e-01
8.828994633540939718e-01
8.889304283383556715e-01
8.578003952943644705e-01
8.844307501664593341e-01
8.706138565351378977e-01
8.634640456554881771e-01
8.783395510119736960e-01
8.708846552658905393e-01
8.776747170325908121e-01
8.768828247179281110e-01
8.670064050233206032e-01
8.636386828474499344e-01
8.816817630937743289e-01
8.721710432328363405e-01
8.697175674141504054e-01
8.707285016996059168e-01
8.625813680198902711e-01
8.680105351686823179e-01
8.611273641932351008e-01
8.736555188479108169e-01
8.733163909702771344e-01
8.848339772320725771e-01
8.825157280004986005e-01
8.795201737272779763e-01
8.731687079499886872e-01
8.592380510653193637e-01
8.682968886957216359e-01
8.664301473599624881e-01
8.903591005096309630e-01
8.654543609849341124e-01
8.670626935121094059e-01
8.730080778344184722e-01
8.653247379767061709e-01
8.741097568903299919e-01
8.803815045138764228e-01
8.697126842358534615e-01
8.732620200028239354e-01
8.900108927084759980e-01
8.868474637526172488e-01
8.602267277861664896e-01
8.838456042452538242e-01
8.758506258387842580e-01
8.594960984148145577e-01
8.701644916920119321e-01
8.585740413907397839e-01
8.926277303892682369e-01
8.794470942822749659e-01
8.770993215906821572e-01
8.614754014955510186e-01
8.587091542283165069e-01
8.865761467064623425e-01
8.740466527250407847e-01
8.914231242945581668e-01
8.594756599049554469e-01
8.571498563740029830e-01
8.640382098395419375e-01
8.561395050395324002e-01
8.721835371348770627e-01
8.636746985149219569e-01
8.813956718277297098e-01
8.675371576504319338e-01
8.563223431578337319e-01
8.878975898869352346e-01
8.786570372759112679e-01
8.645137848360350263e-01
8.656468698206860601e-01
8.707122611384546795e-01
8.623220135701948896e-01
8.651422039479714776e-01
8.757327813739979039e-01
8.717316494222179246e-01
8.484494228916249492e-01
8.740353740918405112e-01
8.646494005455080956e-01
8.731443103157235930e-01
8.729770941108505600e-01
8.711774280103956603e-01
8.709864135642461092e-01
8.726975906614777845e-01
8.808135676637521838e-01
8.638714612951264860e-01
8.827440771443300083e-01
8.765170153394445940e-01
8.692135600458802402e-01
8.683366369691990494e-01
8.617330805051532927e-01
8.880672994071835413e-01
8.838475646773916727e-01
8.752698311894403504e-01
8.593329837235484936e-01
8.722123323241531834e-01
8.432543815402812060e-01
8.824825622646829126e-01
8.579035114888492464e-01
8.770116850019045174e-01
8.692269254382644084e-01
8.736879279250349128e-01
8.684697940865895305e-01
8.832288347809288398e-01
8.774869146545249965e-01
8.670194759432987563e-01
8.487573605029314905e-01
8.804019683502523064e-01
8.815428021854619933e-01
8.580459661151995654e-01
8.525313530915402671e-01
8.886551466576924074e-01
8.829022299719112565e-01
8.581068891387396702e-01
8.415715055913579601e-01
8.931462594355560336e-01
8.770187800190848426e-01
8.771852484029487584e-01
8.659688035790950034e-01
8.656666796002092656e-01
8.814077992961816266e-01
8.813775041948738176e-01
8.585922796062385176e-01
8.958518216695056102e-01
8.912676400214631922e-01
8.898566397426890262e-01
8.596808171279011201e-01
9.055193795212084229e-01
8.658308802507364010e-01
8.707589165631119954e-01
8.732846266356331100e-01
8.717992078904186481e-01
8.815017793103594457e-01
8.605175700601339628e-01
8.675952717602676278e-01
8.877062631496307477e-01
8.489910014189092635e-01
8.605603167221340666e-01
8.777635488479255121e-01
8.846783436606584505e-01
8.826322595082038980e-01
8.772627878259797729e-01
8.639663078693586851e-01
8.688216979852151356e-01
8.615748123552747773e-01
8.724748766058693095e-01
8.741623727830988289e-01
8.756261071689555031e-01
8.626972936906197598e-01
8.715546168563438334e-01
8.625370027994593292e-01
8.683517486155007958e-01
8.669016678166888701e-01
8.668791607847089464e-01
8.562424795328651417e-01
8.652916354207592642e-01
8.660664805537577893e-01
8.768149676022091166e-01
8.664459223191817161e-01
8.411237930174175759e-01
8.787684891614493399e-01
8.780827750317383718e-01
8.797538162364454406e-01
8.760981480409558708e-01
8.633861008113826729e-01
8.519128446196584381e-01
8.830878407949113162e-01
8.741657459931000407e-01
8.742382046617160896e-01
8.664825266849293106e-01
8.519196885164500577e-01
8.748975556756573013e-01
8.670522073483735159e-01
8.810693638837255870e-01
8.618995155146564890e-01
8.698684847032280842e-01
8.664505524622327925e-01
8.594475948401950616e-01
8.897361694517087471e-01
8.924318020966501841e-01
8.697800200394262271e-01
8.626032797612389613e-01
8.629174863064111856e-01
8.671037193575802382e-01
8.731826882822981695e-01
8.688109570817651450e-01
8.659346209311667986e-01
8.705569191209759916e-01
8.686041976432499201e-01
8.606947606340492607e-01
8.862085736593336982e-01
8.695422042333758039e-01
8.598654702092004554e-01
8.645133876418921171e-01
8.797264630130711138e-01
8.697970224034887732e-01
8.674678817760994587e-01
8.695163928848949064e-01
8.768076820552560546e-01
8.848184459775705335e-01
8.743969080442870467e-01
8.645341044814986997e-01
8.575890761953188779e-01
8.600170183077291419e-01
8.782663384507622961e-01
8.734494623741612118e-01
8.730048602081230680e-01
8.593345836731207665e-01
8.887111212526314086e-01
8.771951952511941597e-01
8.892918439240009576e-01
8.736840722841029416e-01
8.637770427229678472e-01
8.706566024529438508e-01
8.831157085909040472e-01
8.714127008557107645e-01
8.599825287773698035e-01
8.562675875938103864e-01
8.758772690087666124e-01
8.683563009538127764e-01
8.848016299644475557e-01
8.723397301514154156e-01
8.742426912571681363e-01
8.756376216566592596e-01
8.646928548576029439e-01
8.828426813459273603e-01
8.981677906127435440e-01
8.700029297667479788e-01
8.606968331876873046e-01
8.838761190010555602e-01
8.804077441184802177e-01
8.664775069782828520e-01
8.576224478686060859e-01
8.610361295399768800e-01
8.786155682683304269e-01
8.845240407754532130e-01
8.491499869158576352e-01
8.704914031460989632e-01
8.695966194498833124e-01
8.676373529874181756e-01
8.771765501577485358e-01
8.679897025410298061e-01
8.617474231968152987e-01
8.570186818701430731e-01
8.645348642840797737e-01
8.621864239696499510e-01
8.556498587718913695e-01
8.745633412367634918e-01
8.781813689169678527e-01
8.708023589083606630e-01
8.995531899518811603e-01
8.853510776122590631e-01
8.591125569564913578e-01
8.758142077704075268e-01
8.774012435985344416e-01
8.621233642303203215e-01
8.774426462548429173e-01
8.641973915090420677e-01
8.550898352226846688e-01
8.660571746294249973e-01
8.757689429863861896e-01
8.748273106593505988e-01
8.773211838232777282e-01
8.749178608869294660e-01
8.633916313311056356e-01
8.749029528970313496e-01
8.715747502354600496e-01
8.592750229534837914e-01
8.749213227954445449e-01
8.893381661174321051e-01
8.701873290831060315e-01
8.783832288166951718e-01
8.738170307488885014e-01
8.835380042631998387e-01
8.590224498613296955e-01
8.636455843695728385e-01
8.561979565785544644e-01
8.888045336449365008e-01
8.676018326691984361e-01
8.793089790684308626e-01
8.664037651321077060e-01
8.765913823087546630e-01
8.567509202241604394e-01
8.722075764278618415e-01
8.870116290262024528e-01
8.563218850514106029e-01
8.631653726367999324e-01
8.805106261113786470e-01
8.585335968999681100e-01
8.631911862395538204e-01
8.483590897184429824e-01
8.851616837198594823e-01
8.839536780412052819e-01
8.672282775218277395e-01
8.719761291343145482e-01
8.502835439093476833e-01
8.705095997909677585e-01
8.639040106724995560e-01
8.522708795816394955e-01
8.739901938050433916e-01
8.676007298872805418e-01
8.764873791203884323e-01
8.611187508150395242e-01
8.807095844638694881e-01
8.549586566917745101e-01
8.670824093661340104e-01
8.695994466916916465e-01
8.750082218048333971e-01
8.652101816267609991e-01
8.805749749602046483e-01
8.573517792266993620e-01
8.827689763181992832e-01
8.643453700126398909e-01
8.541400332400627127e-01
8.741026122604342863e-01
8.741559794045516973e-01
8.806485199365565730e-01
8.724335187606575559e-01
8.843964394101254678e-01
8.623113242787882049e-01
8.763495920231024749e-01
8.857916399028162857e-01
8.751464490184528433e-01
8.718840601350567043e-01
8.660824161803826193e-01
8.574123691170154604e-01
8.755445337797669314e-01
8.708611993532605622e-01
8.492273292213964320e-01
8.804807190836239084e-01
8.720421751571836300e-01
8.710915031445861656e-01
8.771244308486040309e-01
8.540395844212208543e-01
8.655933653671369354e-01
8.629567753860919455e-01
8.732047907484161708e-01
8.652729955592032285e-01
8.822843920290145414e-01
8.643707129582210991e-01
8.777037756131500501e-01
8.650547995416061342e-01
8.616248994327491140e-01
8.821471661324484792e-01
8.600697164123244365e-01
8.609716209817843691e-01
8.638307837968637326e-01
8.738213253657474144e-01
8.804204031351856585e-01
8.825985937208319365e-01
8.666804718797183060e-01
8.449256521632666495e-01
8.750917113744430820e-01
8.755320952632383857e-01
8.635600804631470284e-01
8.844574490281689183e-01
8.661192849508138059e-01
8.740935476888599398e-01
8.744608671152518387e-01
8.836795369359008445e-01
8.538095366248944496e-01
8.783688299324674542e-01
8.665655237388447674e-01
8.832295512922049285e-01
8.726729185308110814e-01
8.724803080309511127e-01
8.742940534991202606e-01
8.885176858391650168e-01
8.646260730892383339e-01
8.603642891291960471e-01
8.602715348131112494e-01
8.801164758023165557e-01
8.769348131111440736e-01
8.610248311505428465e-01
8.548529094371682957e-01
8.908811294805959458e-01
8.558377441597572188e-01
8.708205841126424041e-01
8.640056641672494431e-01
8.806418852166291167e-01
8.826773784909903720e-01
8.702401402786779094e-01
8.612323388863362128e-01
8.922963176710769773e-01
8.831613359132626240e-01
8.775671429850473437e-01
8.711581534224313028e-01
8.896280608712835436e-01
8.785959683865330883e-01
8.669689812145999763e-01
8.743782543811775554e-01
8.850839517603190654e-01
8.503428300384378025e-01
8.785078545025437613e-01
8.724388382860683855e-01
8.626369212029574296e-01
8.543985090015477901e-01
8.645028500632826463e-01
8.563159873368401120e-01
8.882784364945995881e-01
8.703655406297067243e-01
8.830809676995436952e-01
8.759383653273405956e-01
8.716704216720110310e-01
8.804002835099918878e-01
8.632511132282860711e-01
8.616517580417978328e-01
8.874043795688604241e-01
8.804939252876917699e-01
8.645510022779084869e-01
8.814123175623139739e-01
8.843340576365712469e-01
8.861777170104839785e-01
8.777629784079049591e-01
8.849767524804148522e-01
8.691496094254799187e-01
8.911370505686939669e-01
8.635143423350305492e-01
8.760092634789840016e-01
8.564224655075332038e-01
8.666400032046497337e-01
8.680156161841398044e-01
8.675336790693739530e-01
8.725972405020356870e-01
8.711263728661355898e-01
8.642537089338665490e-01
8.808796575270674278e-01
8.871168271576501674e-01
8.688033048811484305e-01
8.921103280863635909e-01
8.609768161873478931e-01
8.665719623290981666e-01
8.773131972313902294e-01
8.553997808382559631e-01
8.810057703566719356e-01
8.625761508370959341e-01
8.767466497602588449e-01
8.691809103500641731e-01
8.665601441841275232e-01
8.764874984712504036e-01
8.627447012671435322e-01
8.869034786974432372e-01
8.775565565353702357e-01
8.537883245348077965e-01
8.651463543765846032e-01
8.803469439158917442e-01
8.729932730817320241e-01
8.735466384877834667e-01
8.799209821456942526e-01
8.571305570706183596e-01
8.845079669560741431e-01
8.685735738322061250e-01
8.728125320077582128e-01
8.722843662513126706e-01
8.608815151034810986e-01
8.744439420719953837e-01
8.601437213602493026e-01
8.708223836925457206e-01
8.652094510056099752e-01
8.748198672088501882e-01
8.649186588915175333e-01
8.630129832576163285e-01
8.505614696589873791e-01
8.683568006967704589e-01
8.623949045959781179e-01
8.568491181049804339e-01
8.648000092872352162e-01
8.606912634990271371e-01
8.812621455447005037e-01
8.667885115165335774e-01
8.773622338622258932e-01
8.837204485368300722e-01
8.841691735586159062e-01
8.747694383097729398e-01
8.853983521365622611e-01
8.675776993508339530e-01
8.639219454682286470e-01
8.688233955764465000e-01
8.665605756071402821e-01
8.724752823568329152e-01
8.845929283920567210e-01
8.701205090735885106e-01
8.743039914870175400e-01
8.832798071295978604e-01
8.802160977731591229e-01
8.662310857717540058e-01
8.583315773691219119e-01
8.756111403282296202e-01
8.754434989542871914e-01
8.703836440230545701e-01
8.801726277351564764e-01
8.846612827555158098e-01
8.662884470297683714e-01
8.742655976314891442e-01
8.705109880593110416e-01
8.720032449196538638e-01
8.879479775307238532e-01
8.732992791685741940e-01
8.499332371989365420e-01
8.515669092954426533e-01
8.624884984260053900e-01
8.686304568601291853e-01
8.675463388433679590e-01
8.656256955204839620e-01
8.731715255216121463e-01
8.808066338015296814e-01
8.640294709310036847e-01
8.751488786254859598e-01
8.670592819348826863e-01
8.692619136223241894e-01
8.749563382621666774e-01
8.690705622784968831e-01
8.640723919894220950e-01
8.733730925298321957e-01
8.631322585305543083e-01
8.646891994565870654e-01
8.543762862605120967e-01
8.588606820921218521e-01
8.779119779068782492e-01
8.542093997556372553e-01
8.620263754908314979e-01
8.628576967152286059e-01
8.867573142830075250e-01
8.689625774853586559e-01
8.681993591671500754e-01
8.742338956522369697e-01
8.899100331587055379e-01
8.721820147673066126e-01
8.528596895476635575e-01
8.653555457401971296e-01
8.806766671240294775e-01
8.757278559293210085e-01
8.669921855704953995e-01
8.890737992231406706e-01
8.739449233583472809e-01
8.654375999932057972e-01
8.753812492499083442e-01
8.568554424439476236e-01
8.667884647555280653e-01
8.800833147198767747e-01
8.723460357815797650e-01
8.698232252515896157e-01
8.563815900608915399e-01
8.658823790308513013e-01
8.673069075501220748e-01
8.600636810710853286e-01
8.628584757944766093e-01
8.790484062270559340e-01
8.668150502778240174e-01
8.645726337030600339e-01
8.571501586216000446e-01
8.833668013394612162e-01
8.682236406981137522e-01
8.911900470399285457e-01
8.780722141188863628e-01
8.755170691066936906e-01
8.565880370806666644e-01
8.775893659288779292e-01
8.785415450920861513e-01
8.903688766027184620e-01
8.843503646993421397e-01
8.872026759699368492e-01
8.811417307791247211e-01
8.705365535691893530e-01
8.473115009625820093e-01
8.640957883518300964e-01
8.601553679882119052e-01
8.817495712125443807e-01
8.719429777010859750e-01
8.622023210390783454e-01
8.735168538106562464e-01
8.859266299435825109e-01
8.833742476734607330e-01
8.778699173647643850e-01
8.537916106593312904e-01
8.697690316449069314e-01
8.795044359303151316e-01
8.729397818332114145e-01
8.668660052150364281e-01
8.693241904005949428e-01
8.751439039071480241e-01
8.714491160508541778e-01
8.897530746574634497e-01
8.690118469796488387e-01
8.591020539957144875e-01
8.878439918078498971e-01
8.786898735808837957e-01
8.776136238798096789e-01
8.664553768394192002e-01
8.728599662355527311e-01
8.771206259933159721e-01
8.773148970634607746e-01
8.642701846682393496e-01
8.816586194465789728e-01
8.622442088265914739e-01
8.762832672660786359e-01
8.673976027327636729e-01
8.729082671921274406e-01
9.002775409241339233e-01
8.758498222163163538e-01
8.724854799375256764e-01
8.611693085508231871e-01
8.629711030590312415e-01
8.693641301198864468e-01
8.572680259975566930e-01
8.681786479253964517e-01
8.714701858041744575e-01
8.701754008567740284e-01
8.687656538134264084e-01
8.708257652094640866e-01
8.642997811562111998e-01
8.748830984240827391e-01
8.641618894808923423e-01
8.827779689763797233e-01
8.780786108115555821e-01
8.819141364174475362e-01
8.644468163093408375e-01
8.735403197764790573e-01
8.915271607574768442e-01
8.712110408948406937e-01
8.592235059380783913e-01
8.666326471646523810e-01
8.657367287743971129e-01
8.595859845867992455e-01
8.698082839187087911e-01
8.711022992761867645e-01
8.681366912020249682e-01
8.672060173591712440e-01
8.611129642605184209e-01
8.757481436772363015e-01
8.584801292617256774e-01
8.682118844389518086e-01
8.654275859960902650e-01
8.718763815839660758e-01
8.917826115391106478e-01
8.588232930316109792e-01
8.815503411534629796e-01
8.759532941046455079e-01
8.718432415036044825e-01
8.631966201869000210e-01
8.676222983214592066e-01
8.552202578217028561e-01
8.858529466412590203e-01
8.778055430609058574e-01
8.474297802110075661e-01
8.659725034798140264e-01
8.523534777730927825e-01
8.766542540839068476e-01
8.635100853097148477e-01
8.778166198157008049e-01
8.682702292549584477e-01
8.621732992107483673e-01
8.438270080985167398e-01
8.639379632577678381e-01
8.785094211640784856e-01
8.945200924819780575e-01
8.702091946809299428e-01
8.698383880278024449e-01
8.830581045802295970e-01
8.672576025722094073e-01
8.566248599305239519e-01
8.584184090649221721e-01
8.596502471721481076e-01
8.588808075034204403e-01
8.702124895071415844e-01
8.942070066010472384e-01
8.892354089259222327e-01
8.536688490182786637e-01
8.814667305230425853e-01
8.713015553497595045e-01
8.546675969854616861e-01
8.674814500013223739e-01
8.729851846535889859e-01
8.731363293116023439e-01
8.748412718943350264e-01
8.599913368259676227e-01
8.888316665296518426e-01
8.832529649318475728e-01
8.850443608877107682e-01
8.768763688970356851e-01
8.602781687134224420e-01
8.659468695265415406e-01
8.866572467269144830e-01
8.744680289345343471e-01
8.585420760103630311e-01
8.653987181262070560e-01
8.832134288240479636e-01
8.820938661896501332e-01
8.644835545679064870e-01
8.588271864816453549e-01
8.628041269042794337e-01
8.694051658909103253e-01
8.718096658000487054e-01
8.623593930092837700e-01
8.764742796893176813e-01
8.753024840008465368e-01
8.584639529737441155e-01
8.749533958004093170e-01
8.718363666390545053e-01
8.795071225975982232e-01
8.560766127472546616e-01
8.766882883147738559e-01
8.715308230729245098e-01
8.701372434309279091e-01
8.767448366775734137e-01
8.479344591692210553e-01
8.601947805701471994e-01
8.628034456614563918e-01
8.674800623345719774e-01
8.704591498879364897e-01
8.750580491735799882e-01
8.567062439207724367e-01
8.660068416220627618e-01
8.627074283168594260e-01
8.642608995073383094e-01
8.902779882799467526e-01
8.718025287386611533e-01
8.836524458350819566e-01
8.646544796327019222e-01
8.754891791610378560e-01
8.634004489841197172e-01
8.706226922168113225e-01
8.596684386211059792e-01
8.712812032827744746e-01
8.775431057819024216e-01
8.596378148790276841e-01
8.797038695565577715e-01
8.826704152297784045e-01
8.698225983855952803e-01
8.747945825147815935e-01
8.705087783608616014e-01
8.734080648751957332e-01
8.555904666096767475e-01
8.739088070220151216e-01
8.813130978077323707e-01
8.741428378172882985e-01
8.788713479154078856e-01
8.656678300570653795e-01
8.877333315278865822e-01
8.779709795311610998e-01
8.854808913066518627e-01
8.592028543496936788e-01
8.737775185339472506e-01
8.652437112580942946e-01
8.469958818452754112e-01
8.683966878314542948e-01
8.781626503392501171e-01
8.763209434598707714e-01
8.771774270796320883e-01
8.693713417028654522e-01
8.643214492062960552e-01
8.762412353965174372e-01
8.874908487536405932e-01
8.673425065572814008e-01
8.741625527195496792e-01
8.778665075513947258e-01
8.726281256811595499e-01
8.779714068328616783e-01
8.673936387141701898e-01
8.829825062077455433e-01
8.791352632596142191e-01
8.775658975671748463e-01
8.481697399283106842e-01
8.712385342351369744e-01
8.704112910557543215e-01
8.679294594208734059e-01
8.803782779013135107e-01
8.843780466801179907e-01
8.649326300297162096e-01
8.702343872762968724e-01
8.634367987220449292e-01
8.773596042632122449e-01
8.806800607580662632e-01
8.532838848381824048e-01
8.688834306633178572e-01
8.717133021706657825e-01
8.577145385867710470e-01
8.539725211660110782e-01
8.681447869279236285e-01
8.563003280272353246e-01
8.932657213921952888e-01
8.679846908311442677e-01
8.611654330756053355e-01
8.652574530072235648e-01
8.817195361156512368e-01
8.826176022529094167e-01
8.836449251379662195e-01
8.724431564879313594e-01
8.840035988783693233e-01
8.727263378373879554e-01
8.778611196739194433e-01
8.695193302696210269e-01
8.853822328522431562e-01
8.819147284141817256e-01
8.590240574117866679e-01
8.518403361072607316e-01
8.713487342346271092e-01
8.836020612537250907e-01
8.818128671867979662e-01
8.799946636492887997e-01
8.565603756657842460e-01
8.642413166782908496e-01
8.811658407026983220e-01
8.531052978745111703e-01
8.651804325280549879e-01
8.664074398375316566e-01
8.582102708295169524e-01
8.837217563701410539e-01
8.645961120742701178e-01
8.718909683753877093e-01
8.363676021006718475e-01
8.600477599996525502e-01
8.666113481347006431e-01
8.634421235760068036e-01
8.740941078742836545e-01
8.629269336175785510e-01
8.796935132956725800e-01
8.762881426755344538e-01
8.580756576269992220e-01
8.697561313311337194e-01
8.659708264167080838e-01
8.770221580642649783e-01
8.592521292830782587e-01
8.728391349558453083e-01
8.912307125486439441e-01
8.757600561929443916e-01
8.741444625914885913e-01
8.679607177463003476e-01
8.711422524286576152e-01
8.658678945364243207e-01
8.534089460964865426e-01
8.616846907740031147e-01
8.800153301247329862e-01
8.802614676389779458e-01
8.807166418286055398e-01
8.679673683735736889e-01
8.603578324486954587e-01
8.553473100967121656e-01
8.613790719405223228e-01
8.793028079861117119e-01
8.704779790641227200e-01
8.717653771476652214e-01
8.684171289866227106e-01
8.710700036794210011e-01
8.752159026343406811e-01
8.618607494464201046e-01
8.696760284768357829e-01
8.705966156428510683e-01
8.713565100041001932e-01
8.611144801144444694e-01
8.692119865479270846e-01
8.447548429548978888e-01
8.472896893489776371e-01
8.797633444265696712e-01
8.592226247680008200e-01
8.567593581318826423e-01
8.808129118680512182e-01
8.708273451368437890e-01
8.590585046280458936e-01
8.682476266738344828e-01
8.643864723593931432e-01
8.718965114939922767e-01
8.676291846018692189e-01
8.692054646965357012e-01
8.846801769140187899e-01
8.660499375829272539e-01
8.711029197005596414e-01
8.687691800813768239e-01
8.795110472380985867e-01
8.752777996968241769e-01
8.699282077080133790e-01
8.633435494409571476e-01
8.801460008313274352e-01
8.852171822370304977e-01
8.616610091494303347e-01
8.679457256652237662e-01
8.578777125078590471e-01
8.776876623921391340e-01
8.713583517677333523e-01
8.529802867523154086e-01
8.772102752710407847e-01
8.761455876737781479e-01
8.624065011452483054e-01
8.797622495931913811e-01
8.724227389476271188e-01
8.819456501101518020e-01
8.697831293521783858e-01
8.843256769431030451e-01
8.789705840770061229e-01
8.672025773053072539e-01
8.769255967386095918e-01
8.629097534640839395e-01
8.739519468004922631e-01
8.722710436899155928e-01
8.604990457027948958e-01
8.714562956616899170e-01
8.554933241801607746e-01
8.686036561327334926e-01
8.724595481676217235e-01
8.727619965251016687e-01
8.686492036985826726e-01
8.613386602949621995e-01
8.889261721056193055e-01
8.716282867883581309e-01
8.469359005160920217e-01
8.796823227979689852e-01
8.587771237956749459e-01
8.629644305942461013e-01
8.674880640958836375e-01
8.658650812519446127e-01
8.694179390421399312e-01
8.523677009348149536e-01
8.637994438032123856e-01
8.613123173132901655e-01
8.801532144561871052e-01
8.703519370220612617e-01
8.826257756068399685e-01
8.885265449846786456e-01
8.647677718617732268e-01
8.767787413651202399e-01
8.683663867424592508e-01
8.836638284905354856e-01
8.783866504969642941e-01
8.944387036921060963e-01
8.681547724798821530e-01
8.780041012989531213e-01
8.795023453774863942e-01
8.619598943706255900e-01
8.833113431124397508e-01
8.617117797216387043e-01
8.567114777001857417e-01
8.819098621809420280e-01
8.718845918685511620e-01
8.595971581961439067e-01
8.702421750058036976e-01
8.765682703573167700e-01
8.725348339742123871e-01
8.628680874986843774e-01
8.678514865180334548e-01
8.621327179830770016e-01
8.715707369365471857e-01
8.619365072457658705e-01
8.860417328570825424e-01
8.560991051389947870e-01
8.660756431491207774e-01
8.575249178003639949e-01
8.775694172246875091e-01
8.658222665074657431e-01
8.724650889213301230e-01
8.851161260927439267e-01
8.672771030321041463e-01
8.573592375219176720e-01
8.609939578702467955e-01
8.657785014054246719e-01
8.838935980656080771e-01
8.769146498665389977e-01
8.696787601853320782e-01
8.545610689717728636e-01
8.840970209933253221e-01
8.646717916089510236e-01
8.489047874444201058e-01
8.609495526294959067e-01
8.816390671337063223e-01
8.726679873368382578e-01
8.851243763783546159e-01
8.846872618813046429e-01
8.604537640993289438e-01
8.879722259859017530e-01
8.971287569912957949e-01
8.659572051545509908e-01
8.690331554893149235e-01
8.696822369054096891e-01
8.519745853997391372e-01
8.654465117347437397e-01
8.638054823976788477e-01
8.592040048663991403e-01
8.696603369759539071e-01
8.821167352589504018e-01
8.902372624704290027e-01
8.719070964436501647e-01
8.716047285484674889e-01
8.722150176534477772e-01
8.652735764269500196e-01
8.578723694467933480e-01
8.918224849661769982e-01
8.738809194307151085e-01
8.714480429908671999e-01
8.808629180689728777e-01
8.756364320284985014e-01
8.755903490735567063e-01
8.566058318250203696e-01
8.713065741560452881e-01
8.684338200762905524e-01
8.682729466281803310e-01
8.796404440046817763e-01
8.974329601052259964e-01
8.818674717024904686e-01
8.727275496389986786e-01
8.826048563321121643e-01
8.401142726600046018e-01
8.509805889398738277e-01
8.790520975131688175e-01
8.529581989133941944e-01
8.642273420636943371e-01
8.521340909723625900e-01
8.572512081151806296e-01
8.592707923648797985e-01
8.745509448492101434e-01
8.750633466413688666e-01
8.569949655085260520e-01
8.722907688453971353e-01
8.885562292971160847e-01
8.836946448462246195e-01
8.661205626824268755e-01
8.728991115778285126e-01
8.568785055916660065e-01
8.833060613455360199e-01
8.796146594206857294e-01
8.451351955330210775e-01
8.628393275527486139e-01
8.832504112127297358e-01
8.680732768837499114e-01
8.940282991449971517e-01
8.721660996749721617e-01
8.836698254989385770e-01
8.819133623195841709e-01
8.764656466869495954e-01
8.724609586268279315e-01
8.705292725391247100e-01
8.737811558388215438e-01
8.665478418263014015e-01
8.661156712961014525e-01
8.704219066143769057e-01
8.631144067208712523e-01
8.708925083384199128e-01
8.377024879608158114e-01
8.637987758180345477e-01
8.736114117131426049e-01
8.608886256439491902e-01
8.809916067225620484e-01
8.709606724554833646e-01
8.594897275428882155e-01
9.037314282233774865e-01
8.558333181371310383e-01
8.625150391469711408e-01
8.802370754027638577e-01
8.691281519774902709e-01
8.901429595136326478e-01
8.480520108869761264e-01
8.853202119546660365e-01
8.512900252827487746e-01
8.631904970129465893e-01
8.679617112990413164e-01
8.682984284669073016e-01
8.745713932288137205e-01
8.712763322053851400e-01
8.606601567324165813e-01
8.741797504877731884e-01
8.805092084849529543e-01
8.788036006592747640e-01
8.623774892879788601e-01
8.645657264145493182e-01
8.731959864831444484e-01
8.633813204406639574e-01
8.606093194107072852e-01
8.760812900740975184e-01
8.872317924562135305e-01
8.603135029868966832e-01
8.667524354406201947e-01
8.706473751806487194e-01
8.682033767900508847e-01
8.546587984262187243e-01
8.571694010270479724e-01
8.706690819536393455e-01
8.849824557166049432e-01
8.444469108028858084e-01
8.730640901884391125e-01
8.818528123943595309e-01
8.606305759368235719e-01
8.665029816791433026e-01
8.764334981371078026e-01
8.474107888561522861e-01
8.580163391024078212e-01
8.745678034619468466e-01
8.552810403110426840e-01
8.726849618132727082e-01
8.617362704003558305e-01
8.660309716816897430e-01
8.735878451507660403e-01
8.725938372930497344e-01
8.704334849377994843e-01
8.709140010569115242e-01
8.859995859371770921e-01
8.684251083447642738e-01
8.672640692620423586e-01
8.733297592208337790e-01
8.819899728083182566e-01
8.754027540077430336e-01
8.446440259729246502e-01
8.816402910313224650e-01
8.766840567078032498e-01
8.691821199102376383e-01
8.679550417700331311e-01
8.693505444915688996e-01
8.606566118579063174e-01
8.724417827169510531e-01
8.751875075409883964e-01
8.605090672914994521e-01
8.606804273422479223e-01
8.631101917652953537e-01
8.480627428373203047e-01
8.686153431883550935e-01
8.681772525547404307e-01
8.605699749442469182e-01
8.724857246746342554e-01
8.772311081756564155e-01
8.754530848362320761e-01
8.523337448673878880e-01
8.767739888928012260e-01
8.535892295709714972e-01
8.657202429356666284e-01
8.956317916446097094e-01
8.667053543868045162e-01
8.719721862785806410e-01
8.738049285601976468e-01
8.563757127904252364e-01
8.754954089405593276e-01
8.944217087470339722e-01
8.654520501521328901e-01
8.811512268590461217e-01
8.873942186510701546e-01
8.650306344472695752e-01
8.752263736504107827e-01
8.650646619535339310e-01
8.725531468576315230e-01
8.705279363098068490e-01
8.804305624877751812e-01
8.615330876901694523e-01
8.747226535250269830e-01
8.729787933621171447e-01
8.639714461512005839e-01
8.691686223730353822e-01
8.618084847351226152e-01
8.778634987208475682e-01
8.627590706194411263e-01
8.596371498204528061e-01
8.573338200803706233e-01
8.857695217245041830e-01
8.748198503697959261e-01
8.658097349818032473e-01
8.652410841179518641e-01
8.826514361160326949e-01
8.853742046612965710e-01
8.748627276772502626e-01
8.547135396496385873e-01
8.706393003610434222e-01
8.792420827470670552e-01
8.713476591351791978e-01
8.653731537182348665e-01
8.760388239786898179e-01
8.663311035949371464e-01
8.658452218128008804e-01
8.576976305441637027e-01
8.515858646784104646e-01
8.640003621976646286e-01
8.734294155714659169e-01
8.708068274258152774e-01
8.660963440730046203e-01
8.741704389753297555e-01
8.713708113855328508e-01
8.626772979719808943e-01
8.562310546813385326e-01
8.694935456168286780e-01
8.567348914593450049e-01
8.877226216303357731e-01
8.554056716548065209e-01
8.573810766477591994e-01
8.706109646258217705e-01
8.722635258069371123e-01
8.664091259489816732e-01
8.531819129501732046e-01
8.837586480751733475e-01
8.763463694763160561e-01
8.803985136478115203e-01
8.598695623038294933e-01
8.473183810316897713e-01
8.669491860021676377e-01
8.739852671106382864e-01
8.621897358785081122e-01
8.645990566638996899e-01
8.660991164034275158e-01
8.672741489422154393e-01
8.776185277304745513e-01
8.555863493100707151e-01
8.765510319408313933e-01
8.736564520727363448e-01
8.561728556333938478e-01
8.795782305778997445e-01
8.806873041333864727e-01
8.666608903278072429e-01
8.932549416490458416e-01
8.842873485003214240e-01
8.769683190853165833e-01
8.714551231503825379e-01
8.721902370020295781e-01
8.762674139649834215e-01
8.663702444870617914e-01
8.736388743209237973e-01
8.752436399142313750e-01
8.677464964356571553e-01
8.650085023589887401e-01
8.820553944211894093e-01
8.579118441715771759e-01
8.979513256780029540e-01
8.714781272363549824e-01
8.887586981368171823e-01
8.846336856943672888e-01
8.766884944487695064e-01
8.662994794228067175e-01
8.697048309112545006e-01
8.659641054048090592e-01
8.578729826828321858e-01
8.793366689322087426e-01
8.845947427250714368e-01
8.571657459471698770e-01
8.824386567051147878e-01
8.704100467168603972e-01
8.513394392765805119e-01
8.764492605467751885e-01
8.739497486358633882e-01
8.683819260065168688e-01
8.702502587824565428e-01
8.607671209453998662e-01
8.776721953888931838e-01
8.734970170328717476e-01
8.670493596447309548e-01
8.590081968149543279e-01
8.621883554646965209e-01
8.656358136505412082e-01
8.647787492841239043e-01
8.772446084505793884e-01
8.664415906528037947e-01
8.507403637521062656e-01
8.694831262961609797e-01
8.745825865243452846e-01
8.722321881722753245e-01
8.723426649474320671e-01
8.661588320803492724e-01
8.709754921793135818e-01
8.672272878589772915e-01
8.822016452201966175e-01
8.613874926112897734e-01
8.699937839798892458e-01
8.643918280560626277e-01
8.634561322766319824e-01
8.629149058599521194e-01
8.628088782818059688e-01
8.703322472717718306e-01
8.737289207021269322e-01
8.675602590497946132e-01
8.755907188996054913e-01
8.412820816259574119e-01
8.615335312539325052e-01
8.889053760961587169e-01
8.768503420878339671e-01
8.732726248670455993e-01
8.733632682123062541e-01
8.781304680557739939e-01
8.854472109217891296e-01
8.586696423682859125e-01
8.811705630230498576e-01
8.618937577404531813e-01
8.717153713102395729e-01
8.811947702254323556e-01
8.656436406040952658e-01
8.787994566297198107e-01
8.780524415021517814e-01
8.882798149316862846e-01
8.666348106554097042e-01
8.782740675842339861e-01
8.727698125386073036e-01
8.729018689338235992e-01
8.690632387555349281e-01
8.714613605382537376e-01
8.872127874044556384e-01
8.544662789081662879e-01
8.811282499702803861e-01
8.614163861544932299e-01
8.683193056826127298e-01
8.687651364742378091e-01
8.692742905025175881e-01
8.645429846198076085e-01
8.694657529474006941e-01
8.728711381346955234e-01
8.754108650071897868e-01
8.942360717890083244e-01
8.742986204058055266e-01
8.745623260889242578e-01
8.819672449258837421e-01
8.705177437243533101e-01
8.672481953053351456e-01
8.800165750226841554e-01
8.836258254017818059e-01
8.739384937709511192e-01
8.629956260838255178e-01
8.595942939301297603e-01
8.719136934319315912e-01
8.745932719564590840e-01
8.672376535463792724e-01
8.663563748021688715e-01
8.853940380133511479e-01
8.684275748987700938e-01
8.685441589867046730e-01
8.676149971979305597e-01
8.755511640065303247e-01
8.776644009693751469e-01
8.676710262815897634e-01
8.626890259387570703e-01
8.892682772792996904e-01
8.822233514801288701e-01
9.023617472290352826e-01
8.791276182320004740e-01
8.644235765033851937e-01
8.770287708462851661e-01
8.641572213395970481e-01
8.735070689682056244e-01
8.823778354985958305e-01
8.754437545758864125e-01
8.927935405229168175e-01
8.840354221020225722e-01
8.619379952789368859e-01
8.704690361812358335e-01
8.773448873226243894e-01
8.570502960058102859e-01
8.795006192755475682e-01
8.845249907365314579e-01
8.877589095335481906e-01
8.647168120474633124e-01
8.657924462212808203e-01
8.974574198612960130e-01
8.680605102412513041e-01
8.755256723476428915e-01
8.486284526303223830e-01
8.604537330732684453e-01
8.775050474595791350e-01
8.705568879392526771e-01
8.624331021455968749e-01
8.659928260192654159e-01
8.697669218749621844e-01
8.883412383411053437e-01
8.696390844842724066e-01
8.708154779642962584e-01
8.734353935427647819e-01
8.776364221792758435e-01
8.699619988687115058e-01
8.720345399019052701e-01
8.789049808881080894e-01
8.501964737197046373e-01
8.654302861229008492e-01
8.488507230057533715e-01
8.758999982863820977e-01
8.661998637955656832e-01
8.699266677334639430e-01
8.648328815963074456e-01
8.625179662144881743e-01
8.688281930594323743e-01
8.580702456455027161e-01
8.691683213204035585e-01
8.498505648518539513e-01
8.663134435385697607e-01
8.760056956211974555e-01
8.672887230816743731e-01
8.822112559991940328e-01
8.695810455250861937e-01
8.656182450145012419e-01
8.702809157694233466e-01
8.783623066241843524e-01
8.638116349681387307e-01
8.645326704931690642e-01
8.644138238380064676e-01
8.906044808302971960e-01
8.573833755015526359e-01
8.596988706684083326e-01
8.867299189923339986e-01
8.721256899013293262e-01
8.697421960838364052e-01
8.778837962169182552e-01
8.873039141541702035e-01
8.674486371940783869e-01
8.821730073171613062e-01
8.604951531813660459e-01
8.682616974652100916e-01
8.602988515239288203e-01
8.623433065827578181e-01
8.594420513183397281e-01
8.849016323034364362e-01
8.871296148663453396e-01
8.678350238592464905e-01
8.698218047158808863e-01
8.636382882746211909e-01
8.684406030021162293e-01
8.551123357507227629e-01
8.675829575284615958e-01
8.665786990181063576e-01
8.554041694311075306e-01
8.586051123244892169e-01
8.646754405705577851e-01
8.830503077773510512e-01
8.530402201519318162e-01
8.709650352540723173e-01
8.691880497322671539e-01
8.696003027780907502e-01
8.716088952533019851e-01
8.657709936840264353e-01
8.539557759459128761e-01
8.584708181026163842e-01
8.842026770799605861e-01
8.676149395922524432e-01
8.673508653349170094e-01
8.489057763084596475e-01
8.773863906203308582e-01
8.652144230069447328e-01
8.731908621084355504e-01
8.687468895099637045e-01
8.854537737985161971e-01
8.765410471444281537e-01
8.764154453951179535e-01
8.822039378219559413e-01
8.709210696645184324e-01
8.623329844073857053e-01
8.594249932624031807e-01
8.653667691132356232e-01
8.897997160106638770e-01
8.536997568987432228e-01
8.606633600865878364e-01
8.664516300032316654e-01
8.727918387298934100e-01
8.806813014066640077e-01
8.594221834419167871e-01
8.694489958103572835e-01
8.648002095904078201e-01
8.710721457726342543e-01
8.768051560911449549e-01
8.797881321449202430e-01
8.779262069530781032e-01
8.652461646116564875e-01
8.536346027371124467e-01
8.750653349729259345e-01
8.573828390957067835e-01
8.729902795791754100e-01
8.698120353779731362e-01
8.787721062906445058e-01
8.537431579392191772e-01
8.824946429416105076e-01
8.755310162815475028e-01
8.706831284893979950e-01
8.749198368572667084e-01
8.535989215831213395e-01
8.700251916967264298e-01
8.726473741455486044e-01
8.644706410854299250e-01
8.643150075080761052e-01
8.730233878278965687e-01
8.784806096345196824e-01
8.695749730495406782e-01
8.688444352292079564e-01
8.817790946518665463e-01
8.782705235445695813e-01
8.620019503824360996e-01
8.503794985884139956e-01
8.543741586217996620e-01
8.817665338860540825e-01
8.559918909760697581e-01
8.788550921372290103e-01
8.777367790246470847e-01
8.680718491970900175e-01
8.669997835612998083e-01
8.968111610564278857e-01
8.544596814023602827e-01
8.714987023691218582e-01
8.614567454047346029e-01
8.829294662308374564e-01
8.936016287648579359e-01
8.678887131887150774e-01
8.571685261233050745e-01
8.674718075659449967e-01
8.771770669002191267e-01
8.714839773939139222e-01
8.840617051715333741e-01
8.653759366351164717e-01
8.699174664025218773e-01
8.854859075046945804e-01
8.474596559302454146e-01
8.668975083818386551e-01
8.571486883390369016e-01
8.772979053854489395e-01
8.761373348318719501e-01
8.727806412495726640e-01
8.614987939703677711e-01
8.644648942835428951e-01
8.590676891269016791e-01
8.537032457737601110e-01
8.740813536372312731e-01
8.655352081819516208e-01
8.641287862866060543e-01
8.610311176296434610e-01
8.740180486289227391e-01
8.885845909264823428e-01
8.782571246849031343e-01
8.646356485267638892e-01
8.685314060496381883e-01
8.625933002019233742e-01
8.490683651966587364e-01
8.794872927504484572e-01
8.682945880903354396e-01
9.012190837006518462e-01
8.602033739418875058e-01
8.660060152338603379e-01
8.711651327382798904e-01
8.706095764447278063e-01
8.608552936122508825e-01
8.505902010276316094e-01
8.659984763052281931e-01
8.776620886289105972e-01
8.753500096752090398e-01
8.750013373221601221e-01
8.883633370305386023e-01
8.779582790747125776e-01
8.757538644933441363e-01
8.587459724076281775e-01
8.836604745655762816e-01
8.745469656944107051e-01
8.578379943292350207e-01
8.591087251492314225e-01
8.609231351629172968e-01
8.631490280956150007e-01
8.691114887474585826e-01
8.962314255275886099e-01
8.598971531615501318e-01
8.802583034302288167e-01
8.792788791454001496e-01
8.766458393548924866e-01
8.599158426747206541e-01
8.638491133960702895e-01
8.630178555720896538e-01
8.765473709535306357e-01
8.713198998227795755e-01
8.814164946585862914e-01
8.816042255871984201e-01
8.606081080077455647e-01
8.778042609672835894e-01
8.704712649086783216e-01
8.604671920909645610e-01
8.789512186789719683e-01
8.791392998590399355e-01
8.627976678819232470e-01
8.688508002541854847e-01
8.521725127008167311e-01
8.811683011755604422e-01
8.740053998717819406e-01
8.749956456907607150e-01
8.774404025684224839e-01
8.745121517944520750e-01
8.829303985482148676e-01
8.753215502386200164e-01
8.691473737471041572e-01
8.796950595660424366e-01
8.864086111762280451e-01
8.914361071556001770e-01
8.757464618410695234e-01
8.691737180310731281e-01
8.738392577300474473e-01
8.854135932656319596e-01
8.703413438258427171e-01
8.768875848725827815e-01
8.728976734310505137e-01
8.734687183556995027e-01
8.696007016827355107e-01
8.726540669369426961e-01
8.685420334622470095e-01
8.778987660585862995e-01
8.849164811056356994e-01
8.571304851884691267e-01
8.616491003177892960e-01
8.737243481140509749e-01
8.787399488913447687e-01
8.628503942471171806e-01
8.679748195315331039e-01
8.656375419814521521e-01
9.034980760358827245e-01
8.740659304147592179e-01
8.683448501237909234e-01
8.667417948180103915e-01
8.757332747235715420e-01
8.561445690451571222e-01
8.640326172055308174e-01
8.720031034190960373e-01
8.591961463412267630e-01
8.736039500584243944e-01
8.827319195331487789e-01
8.535077462275136861e-01
8.677405702639375829e-01
8.725793779448425269e-01
8.774275910671696099e-01
8.559986971808460909e-01
8.741844191173523404e-01
8.615908249492997273e-01
8.617115993441599731e-01
8.712160415523977353e-01
8.689531794532229236e-01
8.892687312886213835e-01
8.620490839602629185e-01
8.669533612258052413e-01
8.960864676601841827e-01
8.774253622702192779e-01
8.655490853421797803e-01
8.813580401868638114e-01
8.737327355519852734e-01
8.830696606503453117e-01
8.693493024042442396e-01
8.897370260296462163e-01
8.568030502130683512e-01
8.740016887501798060e-01
8.623146335463393042e-01
8.705657284988581601e-01
8.509277153260330628e-01
8.556826086072273352e-01
8.733048548897873742e-01
8.793395442183026267e-01
8.762171630583638349e-01
8.510249544980631464e-01
8.542100450858162164e-01
8.677831426659453617e-01
8.779836682276223048e-01
8.621905123102164836e-01
8.796043371006911915e-01
8.659120193289240319e-01
8.802326212419232521e-01
8.829433987450913124e-01
8.819384066098802100e-01
8.617514880080718864e-01
8.761171550666941865e-01
8.764423343206901862e-01
8.730150055177385848e-01
8.799220155088944839e-01
8.696637302256453594e-01
8.691627653108056073e-01
8.714863959170764396e-01
8.533700778398409792e-01
8.736373405999462438e-01
8.912251111702608197e-01
8.752832975519417857e-01
8.675582098627611094e-01
8.576592380237174629e-01
8.719542752677705844e-01
8.752095215082631441e-01
8.852021413280345419e-01
8.653410127779264105e-01
8.761334422625428608e-01
8.786016049465692479e-01
8.651231885632754137e-01
8.770617448370148228e-01
8.769201507289045017e-01
8.767213719027974195e-01
8.763542831661945698e-01
8.588331554991192052e-01
8.771785426526141904e-01
8.705748194448186261e-01
8.667299641390804332e-01
8.729954561528937562e-01
8.771519569769871127e-01
8.689507156047719949e-01
8.822359906672836427e-01
8.656873140009998524e-01
8.624320246536429924e-01
8.713116663282423069e-01
8.641459476690570574e-01
8.642392748669224245e-01
8.885237965647978520e-01
8.788370307950154059e-01
8.686363902881875099e-01
8.697811515755244915e-01
8.662024312482321520e-01
8.866313198063692225e-01
8.736492600816831988e-01
8.549005044196721359e-01
8.720076402232556090e-01
8.598384349576855268e-01
8.756723803219066404e-01
8.712711957107405203e-01
8.748857540151138146e-01
8.776360453018882124e-01
8.893706373003757992e-01
8.634437553716265423e-01
8.673934451156578573e-01
8.607762708166859511e-01
8.730342698705733095e-01
8.870336698512668594e-01
8.436277399699536605e-01
8.677894727725635748e-01
8.851684730490056996e-01
8.773699532828203029e-01
8.847894337053903158e-01
8.695859535460028766e-01
8.610735874325300410e-01
8.618922979090601899e-01
8.704752351580203884e-01
8.827242419023856312e-01
8.636037097235303994e-01
8.846357979931993576e-01
8.700241360077788366e-01
8.644429589630844291e-01
8.696787363413914784e-01
8.750097613534006946e-01
8.708121921044514879e-01
8.580616081528862349e-01
8.819256022196174660e-01
8.857357613120586670e-01
8.662972094551563140e-01
8.614096143994255383e-01
8.535199398364295975e-01
8.660500856483243082e-01
8.643964793240290767e-01
8.867095631698278524e-01
8.798273092365512804e-01
8.896064312147786701e-01
8.710796904113837780e-01
8.653495181057234698e-01
8.694020553250636496e-01
8.734367676913326051e-01
8.806466437475267695e-01
8.712208721950824852e-01
8.567784562451823405e-01
8.879507535172049826e-01
8.699200047834699800e-01
8.651754331057294189e-01
8.673022195569221049e-01
8.796661404459089617e-01
8.906887862104325704e-01
8.729071286566815191e-01
8.641430005142111126e-01
8.566876123449206348e-01
8.852363098542169739e-01
8.470355991323935685e-01
8.696646317642298118e-01
8.762550689499118972e-01
8.635338423454363976e-01
8.640343969935463386e-01
8.766488997401236105e-01
8.736110722771583958e-01
8.792987247853377708e-01
8.650048651742465733e-01
8.570357855382894074e-01
8.757761300935571480e-01
8.595567407736541821e-01
8.684355796612814871e-01
8.624872205333302677e-01
8.707289344659858710e-01
8.613248154662882516e-01
8.537477199610301604e-01
8.785187703954009386e-01
8.815373066358054288e-01
8.564699329448917098e-01
8.830233785757165554e-01
8.647870839346741834e-01
8.698188408827652873e-01
8.542250961456495650e-01
8.781751085866059681e-01
8.651935469861760097e-01
8.768818488268065314e-01
8.724948332209760959e-01
8.582788096316273929e-01
8.754111192705482658e-01
8.747279599497063129e-01
8.533935141244223255e-01
8.582859932412092441e-01
8.762504916257244370e-01
8.736320805226555075e-01
8.603605146103917578e-01
8.533494091836992812e-01
8.734403767366596405e-01
8.656131738898119599e-01
8.639368252969846784e-01
8.762711676464893795e-01
8.624056800689776647e-01
8.595541875304980595e-01
8.753915391543916069e-01
8.664487966985356948e-01
8.848967007962222908e-01
8.645320904036878362e-01
8.876885891186070410e-01
8.779044726755118599e-01
8.648984574920192125e-01
8.629215050943961351e-01
8.772389387815109352e-01
8.734850011782764323e-01
8.763585708058482249e-01
8.615534625772840460e-01
8.434015058195920567e-01
8.758241470226476588e-01
8.771731730979663855e-01
8.705770231652574243e-01
8.850938432680955925e-01
8.660211706061167192e-01
8.716086318714011405e-01
8.699639051643769383e-01
8.567352147356936953e-01
8.779300115517880698e-01
8.624727153763874776e-01
8.628960974421170382e-01
8.696446963243803507e-01
8.827064350190521047e-01
8.798170030897843885e-01
8.691447675800764161e-01
8.639547935778701948e-01
8.655009053626384619e-01
8.589418613420960469e-01
8.801304140891851313e-01
8.661048230441752427e-01
8.644456316437389987e-01
8.847187024347769047e-01
8.554558165226424649e-01
8.778685560500488760e-01
8.735457055644311186e-01
8.802809283793837647e-01
8.595076053930835736e-01
8.873122605904409932e-01
8.604636611322598050e-01
8.639855038220543015e-01
8.513921212236517100e-01
8.654394827827608383e-01
8.793363095095537707e-01
8.720363829713611015e-01
8.648512585903029848e-01
8.903496925350796731e-01
8.789078544457867848e-01
8.710757529918377040e-01
8.797940687331754495e-01
8.818262400482919094e-01
8.624179950522096183e-01
8.788499915730924039e-01
8.707982148639722420e-01
8.736524914266590169e-01
8.784678728190258301e-01
8.855334025226178074e-01
8.705712013669245630e-01
8.653303176742743741e-01
8.525846998975309399e-01
8.594518905425979627e-01
8.781214683111264740e-01
8.721353536523793748e-01
8.852576432618278757e-01
8.656963465877351993e-01
8.775086557120193032e-01
8.645681915466902900e-01
8.764406995979948656e-01
8.759319422175269043e-01
8.817480237656883935e-01
8.789719709619243648e-01
8.635044473587893954e-01
8.816994434510632139e-01
8.663590127830743670e-01
8.836213841089292087e-01
8.868711184109923096e-01
8.671423319737597835e-01
8.685132246326542349e-01
8.760275709525230381e-01
8.615325286434536434e-01
8.774933563986754281e-01
8.559864864336053092e-01
8.648541950504227138e-01
8.683146295702982576e-01
8.604257540134786497e-01
8.643062040118135725e-01
8.594913682378950703e-01
8.584240811265562154e-01
8.747972080424550878e-01
8.907460497016151946e-01
8.871634888482138326e-01
8.498323172585571239e-01
8.742322018268833261e-01
8.894313563191896810e-01
8.865430344032280141e-01
8.581075268365899733e-01
8.563074923790691129e-01
8.681101341235721858e-01
