# Variable: deviance
# Sample shape: (3000,)
# Date: 2018-05-02 15:46:12.533504
-2.479140234375000000e+04
-2.478769531250000000e+04
-2.478991015625000000e+04
-2.478982226562500000e+04
-2.479017187500000000e+04
-2.479131640625000000e+04
-2.479125195312500000e+04
-2.479022265625000000e+04
-2.478936914062500000e+04
-2.479041601562500000e+04
-2.479031445312500000e+04
-2.478901562500000000e+04
-2.478710156250000000e+04
-2.478778906250000000e+04
-2.478634179687500000e+04
-2.479013671875000000e+04
-2.479164453125000000e+04
-2.479060546875000000e+04
-2.478903125000000000e+04
-2.479149218750000000e+04
-2.479110742187500000e+04
-2.478259960937500000e+04
-2.479076562500000000e+04
-2.478434179687500000e+04
-2.478577148437500000e+04
-2.479161132812500000e+04
-2.478638085937500000e+04
-2.479160156250000000e+04
-2.479114453125000000e+04
-2.478455468750000000e+04
-2.479078906250000000e+04
-2.479073828125000000e+04
-2.478997851562500000e+04
-2.479116406250000000e+04
-2.479146289062500000e+04
-2.478621484375000000e+04
-2.479100781250000000e+04
-2.478642187500000000e+04
-2.478228125000000000e+04
-2.479018750000000000e+04
-2.478483593750000000e+04
-2.478344921875000000e+04
-2.478842382812500000e+04
-2.478847851562500000e+04
-2.478962500000000000e+04
-2.478982226562500000e+04
-2.478296093750000000e+04
-2.478912109375000000e+04
-2.478906054687500000e+04
-2.478773046875000000e+04
-2.479175000000000000e+04
-2.479070703125000000e+04
-2.479088281250000000e+04
-2.478780859375000000e+04
-2.479009375000000000e+04
-2.479042578125000000e+04
-2.478872070312500000e+04
-2.479006640625000000e+04
-2.479102148437500000e+04
-2.478958203125000000e+04
-2.478643359375000000e+04
-2.479069531250000000e+04
-2.478871679687500000e+04
-2.479023437500000000e+04
-2.479070312500000000e+04
-2.479080468750000000e+04
-2.479107812500000000e+04
-2.479110156250000000e+04
-2.478803906250000000e+04
-2.479150781250000000e+04
-2.479170117187500000e+04
-2.478959179687500000e+04
-2.478845898437500000e+04
-2.479062304687500000e+04
-2.478975390625000000e+04
-2.478777343750000000e+04
-2.479008203125000000e+04
-2.478586328125000000e+04
-2.478681445312500000e+04
-2.479028320312500000e+04
-2.479132031250000000e+04
-2.478724218750000000e+04
-2.478785156250000000e+04
-2.478719140625000000e+04
-2.478577929687500000e+04
-2.478981640625000000e+04
-2.478901757812500000e+04
-2.479110156250000000e+04
-2.479120898437500000e+04
-2.479035937500000000e+04
-2.478999414062500000e+04
-2.478894531250000000e+04
-2.478853125000000000e+04
-2.479166601562500000e+04
-2.478925195312500000e+04
-2.479139453125000000e+04
-2.479131250000000000e+04
-2.478885937500000000e+04
-2.479150390625000000e+04
-2.478726953125000000e+04
-2.478717968750000000e+04
-2.478635156250000000e+04
-2.479167773437500000e+04
-2.479082031250000000e+04
-2.479089843750000000e+04
-2.479156640625000000e+04
-2.478886914062500000e+04
-2.479093945312500000e+04
-2.478935156250000000e+04
-2.478912890625000000e+04
-2.478965625000000000e+04
-2.478991210937500000e+04
-2.479044140625000000e+04
-2.479041015625000000e+04
-2.478889257812500000e+04
-2.477888281250000000e+04
-2.478388671875000000e+04
-2.479130078125000000e+04
-2.479002539062500000e+04
-2.478661718750000000e+04
-2.478616015625000000e+04
-2.479082617187500000e+04
-2.478849218750000000e+04
-2.479137500000000000e+04
-2.478977539062500000e+04
-2.478311328125000000e+04
-2.478580859375000000e+04
-2.479064062500000000e+04
-2.478958203125000000e+04
-2.478732812500000000e+04
-2.479165039062500000e+04
-2.479046093750000000e+04
-2.479133007812500000e+04
-2.478894335937500000e+04
-2.478954296875000000e+04
-2.478898828125000000e+04
-2.478908593750000000e+04
-2.478852148437500000e+04
-2.479123828125000000e+04
-2.478570703125000000e+04
-2.478172851562500000e+04
-2.478927734375000000e+04
-2.478207617187500000e+04
-2.479009570312500000e+04
-2.478796093750000000e+04
-2.478950781250000000e+04
-2.478560156250000000e+04
-2.479075195312500000e+04
-2.479074609375000000e+04
-2.479150195312500000e+04
-2.478838281250000000e+04
-2.478916796875000000e+04
-2.478493359375000000e+04
-2.479172656250000000e+04
-2.478148437500000000e+04
-2.478958593750000000e+04
-2.478796875000000000e+04
-2.478697265625000000e+04
-2.478908593750000000e+04
-2.479156054687500000e+04
-2.478467968750000000e+04
-2.478536328125000000e+04
-2.478887109375000000e+04
-2.479079687500000000e+04
-2.478901953125000000e+04
-2.478677539062500000e+04
-2.479014062500000000e+04
-2.478900781250000000e+04
-2.478731640625000000e+04
-2.478945703125000000e+04
-2.478513671875000000e+04
-2.479079687500000000e+04
-2.478913085937500000e+04
-2.478469140625000000e+04
-2.478815234375000000e+04
-2.478966796875000000e+04
-2.478486718750000000e+04
-2.478769921875000000e+04
-2.479071093750000000e+04
-2.478920507812500000e+04
-2.478170312500000000e+04
-2.479138476562500000e+04
-2.479080468750000000e+04
-2.478978515625000000e+04
-2.479067968750000000e+04
-2.479087109375000000e+04
-2.478992968750000000e+04
-2.478646875000000000e+04
-2.479035742187500000e+04
-2.478808398437500000e+04
-2.478659375000000000e+04
-2.478921484375000000e+04
-2.478851562500000000e+04
-2.479006250000000000e+04
-2.479062890625000000e+04
-2.479058203125000000e+04
-2.478976562500000000e+04
-2.478847265625000000e+04
-2.479054101562500000e+04
-2.478598632812500000e+04
-2.478806250000000000e+04
-2.478947265625000000e+04
-2.478749609375000000e+04
-2.478403515625000000e+04
-2.478957617187500000e+04
-2.478651562500000000e+04
-2.479037109375000000e+04
-2.478935156250000000e+04
-2.478875781250000000e+04
-2.479038671875000000e+04
-2.478865234375000000e+04
-2.479054882812500000e+04
-2.479133398437500000e+04
-2.479085742187500000e+04
-2.478598437500000000e+04
-2.479123437500000000e+04
-2.479012500000000000e+04
-2.478961132812500000e+04
-2.478733593750000000e+04
-2.479073632812500000e+04
-2.478518359375000000e+04
-2.479157812500000000e+04
-2.478528515625000000e+04
-2.478879296875000000e+04
-2.478867968750000000e+04
-2.478944726562500000e+04
-2.478856250000000000e+04
-2.478670507812500000e+04
-2.478941601562500000e+04
-2.478885546875000000e+04
-2.478948437500000000e+04
-2.478853125000000000e+04
-2.479050390625000000e+04
-2.479150390625000000e+04
-2.478932421875000000e+04
-2.478980468750000000e+04
-2.478325000000000000e+04
-2.479185546875000000e+04
-2.479165234375000000e+04
-2.478949804687500000e+04
-2.478985351562500000e+04
-2.478902539062500000e+04
-2.479097460937500000e+04
-2.478703906250000000e+04
-2.479168164062500000e+04
-2.478653320312500000e+04
-2.479026562500000000e+04
-2.478963867187500000e+04
-2.479152343750000000e+04
-2.478996093750000000e+04
-2.479123046875000000e+04
-2.478809375000000000e+04
-2.478887109375000000e+04
-2.478861718750000000e+04
-2.478933789062500000e+04
-2.478222265625000000e+04
-2.478975585937500000e+04
-2.478735546875000000e+04
-2.478774218750000000e+04
-2.479071679687500000e+04
-2.478862890625000000e+04
-2.478915234375000000e+04
-2.478769921875000000e+04
-2.479100000000000000e+04
-2.478886328125000000e+04
-2.478614062500000000e+04
-2.479159179687500000e+04
-2.479105468750000000e+04
-2.478972851562500000e+04
-2.479152539062500000e+04
-2.479104687500000000e+04
-2.479045312500000000e+04
-2.478874023437500000e+04
-2.479077539062500000e+04
-2.478609179687500000e+04
-2.477695507812500000e+04
-2.479095312500000000e+04
-2.478985156250000000e+04
-2.478997460937500000e+04
-2.479057031250000000e+04
-2.478977734375000000e+04
-2.478727148437500000e+04
-2.479109765625000000e+04
-2.478663867187500000e+04
-2.478705078125000000e+04
-2.478984375000000000e+04
-2.478833203125000000e+04
-2.478409765625000000e+04
-2.478680859375000000e+04
-2.478703906250000000e+04
-2.479007421875000000e+04
-2.477960937500000000e+04
-2.478574804687500000e+04
-2.478895117187500000e+04
-2.478696289062500000e+04
-2.478994726562500000e+04
-2.478979687500000000e+04
-2.478908593750000000e+04
-2.478779687500000000e+04
-2.478839648437500000e+04
-2.479148828125000000e+04
-2.478782812500000000e+04
-2.479108593750000000e+04
-2.478875000000000000e+04
-2.478660742187500000e+04
-2.478980468750000000e+04
-2.479041796875000000e+04
-2.478950781250000000e+04
-2.479084765625000000e+04
-2.478235156250000000e+04
-2.478337109375000000e+04
-2.479000781250000000e+04
-2.478981835937500000e+04
-2.478638281250000000e+04
-2.479022070312500000e+04
-2.478977343750000000e+04
-2.478920703125000000e+04
-2.478431250000000000e+04
-2.479018359375000000e+04
-2.478760156250000000e+04
-2.478375781250000000e+04
-2.478852343750000000e+04
-2.478599609375000000e+04
-2.478935546875000000e+04
-2.479083203125000000e+04
-2.478885937500000000e+04
-2.479017578125000000e+04
-2.479050976562500000e+04
-2.478744140625000000e+04
-2.478728710937500000e+04
-2.478802343750000000e+04
-2.478996484375000000e+04
-2.479106054687500000e+04
-2.479083398437500000e+04
-2.479026171875000000e+04
-2.479133593750000000e+04
-2.478816015625000000e+04
-2.478919140625000000e+04
-2.478797265625000000e+04
-2.478921093750000000e+04
-2.478944726562500000e+04
-2.478948046875000000e+04
-2.478374218750000000e+04
-2.478890820312500000e+04
-2.479049218750000000e+04
-2.479010937500000000e+04
-2.478663281250000000e+04
-2.478511132812500000e+04
-2.478484375000000000e+04
-2.478136718750000000e+04
-2.478915625000000000e+04
-2.479047656250000000e+04
-2.479041796875000000e+04
-2.478994531250000000e+04
-2.479048632812500000e+04
-2.478452343750000000e+04
-2.478591015625000000e+04
-2.479094140625000000e+04
-2.479063671875000000e+04
-2.478968359375000000e+04
-2.479014843750000000e+04
-2.478636914062500000e+04
-2.479046289062500000e+04
-2.479086328125000000e+04
-2.478953125000000000e+04
-2.479084960937500000e+04
-2.478823046875000000e+04
-2.478872460937500000e+04
-2.479111718750000000e+04
-2.479020703125000000e+04
-2.479171093750000000e+04
-2.478878906250000000e+04
-2.478655468750000000e+04
-2.478914648437500000e+04
-2.479026757812500000e+04
-2.478970507812500000e+04
-2.478980859375000000e+04
-2.478485351562500000e+04
-2.478857617187500000e+04
-2.478760546875000000e+04
-2.478602343750000000e+04
-2.479018359375000000e+04
-2.478841406250000000e+04
-2.479050585937500000e+04
-2.479121875000000000e+04
-2.478734960937500000e+04
-2.478917187500000000e+04
-2.478935742187500000e+04
-2.479155859375000000e+04
-2.478589062500000000e+04
-2.479046875000000000e+04
-2.478839648437500000e+04
-2.478561328125000000e+04
-2.478739843750000000e+04
-2.479000390625000000e+04
-2.478819140625000000e+04
-2.478981250000000000e+04
-2.479093750000000000e+04
-2.478316406250000000e+04
-2.478159375000000000e+04
-2.479016796875000000e+04
-2.478176171875000000e+04
-2.478909765625000000e+04
-2.478667773437500000e+04
-2.478645703125000000e+04
-2.478632421875000000e+04
-2.479067187500000000e+04
-2.479048437500000000e+04
-2.478748046875000000e+04
-2.478905078125000000e+04
-2.478922460937500000e+04
-2.479087890625000000e+04
-2.478624218750000000e+04
-2.478916796875000000e+04
-2.479016015625000000e+04
-2.479076953125000000e+04
-2.479125781250000000e+04
-2.478970117187500000e+04
-2.479119531250000000e+04
-2.479145507812500000e+04
-2.479024218750000000e+04
-2.477693164062500000e+04
-2.478847070312500000e+04
-2.479091015625000000e+04
-2.479122656250000000e+04
-2.478866015625000000e+04
-2.478676171875000000e+04
-2.478939843750000000e+04
-2.478589062500000000e+04
-2.479182617187500000e+04
-2.479145898437500000e+04
-2.479010156250000000e+04
-2.478749218750000000e+04
-2.479041015625000000e+04
-2.479040039062500000e+04
-2.479154296875000000e+04
-2.478270898437500000e+04
-2.478984765625000000e+04
-2.478887109375000000e+04
-2.479081640625000000e+04
-2.478220703125000000e+04
-2.479112109375000000e+04
-2.478741992187500000e+04
-2.479096679687500000e+04
-2.478967578125000000e+04
-2.478543164062500000e+04
-2.479115625000000000e+04
-2.478745898437500000e+04
-2.479053125000000000e+04
-2.478941015625000000e+04
-2.478341992187500000e+04
-2.478088281250000000e+04
-2.478984570312500000e+04
-2.478857226562500000e+04
-2.478596093750000000e+04
-2.479130078125000000e+04
-2.478990234375000000e+04
-2.479172265625000000e+04
-2.479155078125000000e+04
-2.478988671875000000e+04
-2.479002539062500000e+04
-2.478995898437500000e+04
-2.478827343750000000e+04
-2.478569531250000000e+04
-2.478850781250000000e+04
-2.479181250000000000e+04
-2.478920312500000000e+04
-2.478610546875000000e+04
-2.478948437500000000e+04
-2.478803515625000000e+04
-2.479102539062500000e+04
-2.478648828125000000e+04
-2.479081250000000000e+04
-2.479060937500000000e+04
-2.478413867187500000e+04
-2.478492187500000000e+04
-2.478473437500000000e+04
-2.478916796875000000e+04
-2.478899218750000000e+04
-2.478903125000000000e+04
-2.478998828125000000e+04
-2.478867578125000000e+04
-2.478884960937500000e+04
-2.479080859375000000e+04
-2.479024804687500000e+04
-2.478842968750000000e+04
-2.478921484375000000e+04
-2.478990625000000000e+04
-2.479084960937500000e+04
-2.479103515625000000e+04
-2.477741796875000000e+04
-2.479115625000000000e+04
-2.479044921875000000e+04
-2.479053515625000000e+04
-2.479033593750000000e+04
-2.478869335937500000e+04
-2.478990234375000000e+04
-2.479028125000000000e+04
-2.479122265625000000e+04
-2.478703125000000000e+04
-2.479153515625000000e+04
-2.478917578125000000e+04
-2.478904492187500000e+04
-2.479114843750000000e+04
-2.478814843750000000e+04
-2.478466210937500000e+04
-2.478984375000000000e+04
-2.478980468750000000e+04
-2.478338671875000000e+04
-2.478971875000000000e+04
-2.478733203125000000e+04
-2.478165429687500000e+04
-2.479046484375000000e+04
-2.478721875000000000e+04
-2.477858398437500000e+04
-2.478577343750000000e+04
-2.479172656250000000e+04
-2.479029492187500000e+04
-2.478912890625000000e+04
-2.478592968750000000e+04
-2.479152343750000000e+04
-2.478978710937500000e+04
-2.478879101562500000e+04
-2.479075781250000000e+04
-2.479047656250000000e+04
-2.478927734375000000e+04
-2.478670703125000000e+04
-2.478797070312500000e+04
-2.478567382812500000e+04
-2.478887109375000000e+04
-2.479077343750000000e+04
-2.478850390625000000e+04
-2.478620312500000000e+04
-2.478814062500000000e+04
-2.478937890625000000e+04
-2.478972070312500000e+04
-2.478732031250000000e+04
-2.479097265625000000e+04
-2.479003906250000000e+04
-2.479086328125000000e+04
-2.479165429687500000e+04
-2.478805859375000000e+04
-2.478873828125000000e+04
-2.479144335937500000e+04
-2.478899609375000000e+04
-2.478944921875000000e+04
-2.478948437500000000e+04
-2.478933593750000000e+04
-2.478546093750000000e+04
-2.478907421875000000e+04
-2.478719531250000000e+04
-2.478725585937500000e+04
-2.478949218750000000e+04
-2.479058789062500000e+04
-2.478282421875000000e+04
-2.478828710937500000e+04
-2.478943554687500000e+04
-2.478772656250000000e+04
-2.478743750000000000e+04
-2.478966015625000000e+04
-2.478925390625000000e+04
-2.478648437500000000e+04
-2.478839843750000000e+04
-2.478561328125000000e+04
-2.478843750000000000e+04
-2.479123242187500000e+04
-2.478937890625000000e+04
-2.479138281250000000e+04
-2.478852929687500000e+04
-2.479030664062500000e+04
-2.478717382812500000e+04
-2.478982421875000000e+04
-2.478916015625000000e+04
-2.478904492187500000e+04
-2.479084570312500000e+04
-2.478951171875000000e+04
-2.479014843750000000e+04
-2.478941406250000000e+04
-2.479062890625000000e+04
-2.478206250000000000e+04
-2.478544921875000000e+04
-2.479080468750000000e+04
-2.478635351562500000e+04
-2.478766406250000000e+04
-2.479140820312500000e+04
-2.478915625000000000e+04
-2.479021093750000000e+04
-2.478937695312500000e+04
-2.478702343750000000e+04
-2.478488085937500000e+04
-2.479182031250000000e+04
-2.479166796875000000e+04
-2.478789843750000000e+04
-2.479008984375000000e+04
-2.478987109375000000e+04
-2.479016796875000000e+04
-2.478306640625000000e+04
-2.478793554687500000e+04
-2.478830664062500000e+04
-2.478932812500000000e+04
-2.478734765625000000e+04
-2.479057617187500000e+04
-2.479012500000000000e+04
-2.477968164062500000e+04
-2.478655468750000000e+04
-2.479116210937500000e+04
-2.478322070312500000e+04
-2.478911523437500000e+04
-2.478966406250000000e+04
-2.479091210937500000e+04
-2.479006445312500000e+04
-2.479157617187500000e+04
-2.479053515625000000e+04
-2.478496093750000000e+04
-2.478313281250000000e+04
-2.479187890625000000e+04
-2.479008593750000000e+04
-2.478497265625000000e+04
-2.478764843750000000e+04
-2.479061523437500000e+04
-2.479073242187500000e+04
-2.478599609375000000e+04
-2.479111132812500000e+04
-2.478584765625000000e+04
-2.479120507812500000e+04
-2.478940234375000000e+04
-2.479064843750000000e+04
-2.478581250000000000e+04
-2.478287500000000000e+04
-2.479065625000000000e+04
-2.478385156250000000e+04
-2.479037109375000000e+04
-2.478735546875000000e+04
-2.479122265625000000e+04
-2.478944531250000000e+04
-2.478952343750000000e+04
-2.478982421875000000e+04
-2.479148046875000000e+04
-2.478905468750000000e+04
-2.479062304687500000e+04
-2.478935351562500000e+04
-2.479057031250000000e+04
-2.478702148437500000e+04
-2.478993359375000000e+04
-2.478877343750000000e+04
-2.478801953125000000e+04
-2.479036328125000000e+04
-2.479149023437500000e+04
-2.479083203125000000e+04
-2.479014843750000000e+04
-2.479014843750000000e+04
-2.478766601562500000e+04
-2.478925195312500000e+04
-2.478868945312500000e+04
-2.479165234375000000e+04
-2.478917578125000000e+04
-2.478986132812500000e+04
-2.478746875000000000e+04
-2.478775000000000000e+04
-2.478780859375000000e+04
-2.478429687500000000e+04
-2.478801171875000000e+04
-2.478860351562500000e+04
-2.479031054687500000e+04
-2.478485156250000000e+04
-2.478051953125000000e+04
-2.478773437500000000e+04
-2.479132031250000000e+04
-2.479160937500000000e+04
-2.479115429687500000e+04
-2.478670312500000000e+04
-2.478913281250000000e+04
-2.479101953125000000e+04
-2.479168750000000000e+04
-2.478014062500000000e+04
-2.479118750000000000e+04
-2.479134765625000000e+04
-2.478716796875000000e+04
-2.479057421875000000e+04
-2.479072656250000000e+04
-2.479072070312500000e+04
-2.479113476562500000e+04
-2.479016796875000000e+04
-2.478692187500000000e+04
-2.478273828125000000e+04
-2.479019335937500000e+04
-2.479059375000000000e+04
-2.478756445312500000e+04
-2.478802734375000000e+04
-2.479150781250000000e+04
-2.478509375000000000e+04
-2.478795898437500000e+04
-2.479093359375000000e+04
-2.478973046875000000e+04
-2.478423828125000000e+04
-2.479019921875000000e+04
-2.479071484375000000e+04
-2.479054687500000000e+04
-2.479017382812500000e+04
-2.478620312500000000e+04
-2.479010351562500000e+04
-2.478858984375000000e+04
-2.479175390625000000e+04
-2.479090234375000000e+04
-2.479166796875000000e+04
-2.479170312500000000e+04
-2.478865234375000000e+04
-2.479006054687500000e+04
-2.478996875000000000e+04
-2.479161523437500000e+04
-2.479076171875000000e+04
-2.478961132812500000e+04
-2.478841601562500000e+04
-2.478974218750000000e+04
-2.478956640625000000e+04
-2.478901171875000000e+04
-2.479058984375000000e+04
-2.478682421875000000e+04
-2.479044531250000000e+04
-2.479098242187500000e+04
-2.478928906250000000e+04
-2.479122265625000000e+04
-2.478950000000000000e+04
-2.479051171875000000e+04
-2.478527734375000000e+04
-2.479030468750000000e+04
-2.478889648437500000e+04
-2.478740039062500000e+04
-2.478978906250000000e+04
-2.478501562500000000e+04
-2.479039062500000000e+04
-2.479065234375000000e+04
-2.478861328125000000e+04
-2.479053906250000000e+04
-2.478749218750000000e+04
-2.478988281250000000e+04
-2.479176757812500000e+04
-2.478953906250000000e+04
-2.478691406250000000e+04
-2.478872265625000000e+04
-2.479014257812500000e+04
-2.478945703125000000e+04
-2.479143945312500000e+04
-2.479103125000000000e+04
-2.479176953125000000e+04
-2.479118554687500000e+04
-2.478570703125000000e+04
-2.479028515625000000e+04
-2.478594531250000000e+04
-2.477991992187500000e+04
-2.479007226562500000e+04
-2.478997656250000000e+04
-2.479141015625000000e+04
-2.479117578125000000e+04
-2.479138671875000000e+04
-2.478939453125000000e+04
-2.479033203125000000e+04
-2.478869140625000000e+04
-2.479099218750000000e+04
-2.479053906250000000e+04
-2.478986328125000000e+04
-2.478972656250000000e+04
-2.479047656250000000e+04
-2.479110156250000000e+04
-2.479057226562500000e+04
-2.479139062500000000e+04
-2.479135156250000000e+04
-2.478679687500000000e+04
-2.478514062500000000e+04
-2.478716015625000000e+04
-2.479051562500000000e+04
-2.478203320312500000e+04
-2.478903515625000000e+04
-2.478889453125000000e+04
-2.479141406250000000e+04
-2.479133984375000000e+04
-2.478528125000000000e+04
-2.479012109375000000e+04
-2.478992773437500000e+04
-2.479151953125000000e+04
-2.477794531250000000e+04
-2.478585937500000000e+04
-2.478797265625000000e+04
-2.478143359375000000e+04
-2.478956250000000000e+04
-2.477984765625000000e+04
-2.479100976562500000e+04
-2.478968359375000000e+04
-2.479130468750000000e+04
-2.478744531250000000e+04
-2.478837109375000000e+04
-2.479071875000000000e+04
-2.478984570312500000e+04
-2.478626367187500000e+04
-2.478774804687500000e+04
-2.478789843750000000e+04
-2.478458398437500000e+04
-2.478632031250000000e+04
-2.478923437500000000e+04
-2.479059375000000000e+04
-2.479115429687500000e+04
-2.479109179687500000e+04
-2.478799609375000000e+04
-2.478917187500000000e+04
-2.478976171875000000e+04
-2.479017578125000000e+04
-2.479133984375000000e+04
-2.478959765625000000e+04
-2.479100000000000000e+04
-2.478985156250000000e+04
-2.478858789062500000e+04
-2.479090429687500000e+04
-2.478804296875000000e+04
-2.478935937500000000e+04
-2.479134765625000000e+04
-2.479054296875000000e+04
-2.478907031250000000e+04
-2.478688671875000000e+04
-2.478860937500000000e+04
-2.479104687500000000e+04
-2.478778515625000000e+04
-2.477936132812500000e+04
-2.478875390625000000e+04
-2.477878320312500000e+04
-2.479066992187500000e+04
-2.478998437500000000e+04
-2.478462500000000000e+04
-2.479005078125000000e+04
-2.479128125000000000e+04
-2.478986914062500000e+04
-2.479061328125000000e+04
-2.478787890625000000e+04
-2.478874609375000000e+04
-2.478908984375000000e+04
-2.479034179687500000e+04
-2.478810156250000000e+04
-2.479108593750000000e+04
-2.478599609375000000e+04
-2.479082812500000000e+04
-2.478999804687500000e+04
-2.478569921875000000e+04
-2.478339062500000000e+04
-2.479084765625000000e+04
-2.479078320312500000e+04
-2.479056054687500000e+04
-2.479142382812500000e+04
-2.479080859375000000e+04
-2.479000390625000000e+04
-2.478672656250000000e+04
-2.478994335937500000e+04
-2.479095312500000000e+04
-2.479009179687500000e+04
-2.478941601562500000e+04
-2.479091796875000000e+04
-2.479100976562500000e+04
-2.478997265625000000e+04
-2.479052343750000000e+04
-2.478488281250000000e+04
-2.478575390625000000e+04
-2.478650000000000000e+04
-2.479088671875000000e+04
-2.478987109375000000e+04
-2.479066796875000000e+04
-2.479145312500000000e+04
-2.478680468750000000e+04
-2.478712109375000000e+04
-2.478702343750000000e+04
-2.479117187500000000e+04
-2.478516796875000000e+04
-2.478642187500000000e+04
-2.478802539062500000e+04
-2.479099023437500000e+04
-2.478795117187500000e+04
-2.478627734375000000e+04
-2.478959375000000000e+04
-2.479093750000000000e+04
-2.478610156250000000e+04
-2.478690820312500000e+04
-2.479030273437500000e+04
-2.478836718750000000e+04
-2.478931835937500000e+04
-2.479177734375000000e+04
-2.479005859375000000e+04
-2.478716015625000000e+04
-2.478917578125000000e+04
-2.478910546875000000e+04
-2.478842187500000000e+04
-2.479041796875000000e+04
-2.478587500000000000e+04
-2.478836328125000000e+04
-2.479018359375000000e+04
-2.478512890625000000e+04
-2.479131445312500000e+04
-2.479088671875000000e+04
-2.479017773437500000e+04
-2.479080664062500000e+04
-2.479085546875000000e+04
-2.478983593750000000e+04
-2.478890234375000000e+04
-2.479123632812500000e+04
-2.478939257812500000e+04
-2.478936132812500000e+04
-2.479092578125000000e+04
-2.479127539062500000e+04
-2.478807226562500000e+04
-2.478750781250000000e+04
-2.478731835937500000e+04
-2.478349414062500000e+04
-2.479013671875000000e+04
-2.479162890625000000e+04
-2.479104296875000000e+04
-2.478887109375000000e+04
-2.479030468750000000e+04
-2.478847460937500000e+04
-2.479003125000000000e+04
-2.478996484375000000e+04
-2.478821289062500000e+04
-2.479178515625000000e+04
-2.478997656250000000e+04
-2.479065234375000000e+04
-2.478816015625000000e+04
-2.478625000000000000e+04
-2.478890039062500000e+04
-2.479127734375000000e+04
-2.479126171875000000e+04
-2.479071093750000000e+04
-2.479095703125000000e+04
-2.479162500000000000e+04
-2.479012890625000000e+04
-2.478938085937500000e+04
-2.478847265625000000e+04
-2.478817382812500000e+04
-2.478035156250000000e+04
-2.479091796875000000e+04
-2.479160937500000000e+04
-2.479025976562500000e+04
-2.478792773437500000e+04
-2.479038671875000000e+04
-2.478807226562500000e+04
-2.479097460937500000e+04
-2.479121093750000000e+04
-2.479098632812500000e+04
-2.478987500000000000e+04
-2.478766015625000000e+04
-2.478495703125000000e+04
-2.478586718750000000e+04
-2.478929101562500000e+04
-2.479162500000000000e+04
-2.478996875000000000e+04
-2.479155078125000000e+04
-2.478914257812500000e+04
-2.479003125000000000e+04
-2.478812109375000000e+04
-2.478714648437500000e+04
-2.478925781250000000e+04
-2.479115625000000000e+04
-2.478912109375000000e+04
-2.478912890625000000e+04
-2.479073046875000000e+04
-2.479012500000000000e+04
-2.478760156250000000e+04
-2.478316992187500000e+04
-2.478844140625000000e+04
-2.478841796875000000e+04
-2.479024609375000000e+04
-2.478929687500000000e+04
-2.479095898437500000e+04
-2.478349609375000000e+04
-2.478868554687500000e+04
-2.479070312500000000e+04
-2.478819531250000000e+04
-2.478946875000000000e+04
-2.479039062500000000e+04
-2.478526953125000000e+04
-2.479118750000000000e+04
-2.479033203125000000e+04
-2.478830468750000000e+04
-2.478948046875000000e+04
-2.478940234375000000e+04
-2.478915625000000000e+04
-2.478448828125000000e+04
-2.478955468750000000e+04
-2.478482421875000000e+04
-2.479097265625000000e+04
-2.479146875000000000e+04
-2.478626171875000000e+04
-2.478394921875000000e+04
-2.478546875000000000e+04
-2.478905468750000000e+04
-2.478721093750000000e+04
-2.478622265625000000e+04
-2.479042382812500000e+04
-2.478791992187500000e+04
-2.479085546875000000e+04
-2.479108203125000000e+04
-2.478837890625000000e+04
-2.478726171875000000e+04
-2.478758984375000000e+04
-2.479175000000000000e+04
-2.478991992187500000e+04
-2.478994335937500000e+04
-2.478942578125000000e+04
-2.478523046875000000e+04
-2.478982031250000000e+04
-2.479143164062500000e+04
-2.479039257812500000e+04
-2.479113281250000000e+04
-2.478928125000000000e+04
-2.479090234375000000e+04
-2.479109179687500000e+04
-2.477971875000000000e+04
-2.478644140625000000e+04
-2.479100000000000000e+04
-2.479158984375000000e+04
-2.479044531250000000e+04
-2.478915039062500000e+04
-2.479123437500000000e+04
-2.479048046875000000e+04
-2.478990429687500000e+04
-2.478965625000000000e+04
-2.479024218750000000e+04
-2.478431445312500000e+04
-2.479073828125000000e+04
-2.478900000000000000e+04
-2.478410937500000000e+04
-2.478901953125000000e+04
-2.478794531250000000e+04
-2.479096875000000000e+04
-2.479066992187500000e+04
-2.479021093750000000e+04
-2.479091015625000000e+04
-2.479024218750000000e+04
-2.479020507812500000e+04
-2.479059765625000000e+04
-2.479081835937500000e+04
-2.478360351562500000e+04
-2.479053125000000000e+04
-2.478936718750000000e+04
-2.478828320312500000e+04
-2.478894140625000000e+04
-2.478593164062500000e+04
-2.479152343750000000e+04
-2.478946679687500000e+04
-2.479023046875000000e+04
-2.479123437500000000e+04
-2.478995703125000000e+04
-2.479167578125000000e+04
-2.478825000000000000e+04
-2.478568554687500000e+04
-2.479069921875000000e+04
-2.478989648437500000e+04
-2.478960742187500000e+04
-2.479020507812500000e+04
-2.478858007812500000e+04
-2.478972851562500000e+04
-2.478817968750000000e+04
-2.479135937500000000e+04
-2.478578320312500000e+04
-2.478694140625000000e+04
-2.478469140625000000e+04
-2.479159765625000000e+04
-2.478828515625000000e+04
-2.479132031250000000e+04
-2.479030468750000000e+04
-2.479134570312500000e+04
-2.478987695312500000e+04
-2.479057421875000000e+04
-2.479015429687500000e+04
-2.478973046875000000e+04
-2.478836914062500000e+04
-2.478887890625000000e+04
-2.479106835937500000e+04
-2.479025781250000000e+04
-2.479180078125000000e+04
-2.478985546875000000e+04
-2.478830664062500000e+04
-2.478874023437500000e+04
-2.479144531250000000e+04
-2.478590234375000000e+04
-2.479118164062500000e+04
-2.479033203125000000e+04
-2.479125976562500000e+04
-2.478637695312500000e+04
-2.479107812500000000e+04
-2.478944140625000000e+04
-2.479137890625000000e+04
-2.478541406250000000e+04
-2.479014257812500000e+04
-2.479179296875000000e+04
-2.479080664062500000e+04
-2.478823828125000000e+04
-2.479060156250000000e+04
-2.478820507812500000e+04
-2.478996093750000000e+04
-2.478646875000000000e+04
-2.478511718750000000e+04
-2.478986328125000000e+04
-2.479108203125000000e+04
-2.478757421875000000e+04
-2.478901953125000000e+04
-2.478595703125000000e+04
-2.478813671875000000e+04
-2.478537109375000000e+04
-2.478939062500000000e+04
-2.479026367187500000e+04
-2.478878906250000000e+04
-2.478928125000000000e+04
-2.478385937500000000e+04
-2.477720898437500000e+04
-2.479098046875000000e+04
-2.478371484375000000e+04
-2.478489257812500000e+04
-2.479024218750000000e+04
-2.478793554687500000e+04
-2.479074609375000000e+04
-2.478988476562500000e+04
-2.479027539062500000e+04
-2.478763671875000000e+04
-2.478190234375000000e+04
-2.479033203125000000e+04
-2.478811523437500000e+04
-2.479029882812500000e+04
-2.478933984375000000e+04
-2.479156640625000000e+04
-2.479030664062500000e+04
-2.478801171875000000e+04
-2.479159179687500000e+04
-2.478866210937500000e+04
-2.478937695312500000e+04
-2.478988476562500000e+04
-2.478958593750000000e+04
-2.478949804687500000e+04
-2.479182226562500000e+04
-2.479064843750000000e+04
-2.478744921875000000e+04
-2.479019140625000000e+04
-2.478982421875000000e+04
-2.478900195312500000e+04
-2.478843359375000000e+04
-2.478957421875000000e+04
-2.478822265625000000e+04
-2.478838281250000000e+04
-2.479040234375000000e+04
-2.479068359375000000e+04
-2.478919140625000000e+04
-2.478911523437500000e+04
-2.478883984375000000e+04
-2.478421484375000000e+04
-2.478952539062500000e+04
-2.478344921875000000e+04
-2.479071875000000000e+04
-2.479171093750000000e+04
-2.479066406250000000e+04
-2.478883789062500000e+04
-2.479180664062500000e+04
-2.479126953125000000e+04
-2.478552734375000000e+04
-2.478748437500000000e+04
-2.478979296875000000e+04
-2.479000781250000000e+04
-2.479115429687500000e+04
-2.479012109375000000e+04
-2.479010742187500000e+04
-2.479060937500000000e+04
-2.478512109375000000e+04
-2.479087109375000000e+04
-2.479058984375000000e+04
-2.479110351562500000e+04
-2.478899609375000000e+04
-2.477753710937500000e+04
-2.479060351562500000e+04
-2.478498046875000000e+04
-2.478777929687500000e+04
-2.478664843750000000e+04
-2.479144726562500000e+04
-2.478917187500000000e+04
-2.479094140625000000e+04
-2.479015625000000000e+04
-2.478591015625000000e+04
-2.479012890625000000e+04
-2.478787304687500000e+04
-2.478629296875000000e+04
-2.478566406250000000e+04
-2.479071875000000000e+04
-2.478977343750000000e+04
-2.479176953125000000e+04
-2.478945703125000000e+04
-2.478945898437500000e+04
-2.478825585937500000e+04
-2.478805078125000000e+04
-2.478733789062500000e+04
-2.478961328125000000e+04
-2.478535156250000000e+04
-2.479139843750000000e+04
-2.478903515625000000e+04
-2.479187109375000000e+04
-2.478846093750000000e+04
-2.479039062500000000e+04
-2.478645703125000000e+04
-2.478630859375000000e+04
-2.478927539062500000e+04
-2.478792187500000000e+04
-2.479100781250000000e+04
-2.478966015625000000e+04
-2.479024609375000000e+04
-2.478592968750000000e+04
-2.478909570312500000e+04
-2.479005859375000000e+04
-2.478899023437500000e+04
-2.479044531250000000e+04
-2.477523437500000000e+04
-2.478859765625000000e+04
-2.478957617187500000e+04
-2.479046679687500000e+04
-2.479015234375000000e+04
-2.478926953125000000e+04
-2.478963671875000000e+04
-2.478945703125000000e+04
-2.479090820312500000e+04
-2.479153906250000000e+04
-2.478619921875000000e+04
-2.479067187500000000e+04
-2.478981250000000000e+04
-2.479009375000000000e+04
-2.478740820312500000e+04
-2.478305664062500000e+04
-2.478991601562500000e+04
-2.478831054687500000e+04
-2.478391406250000000e+04
-2.478691796875000000e+04
-2.479006250000000000e+04
-2.479091210937500000e+04
-2.478936718750000000e+04
-2.479050390625000000e+04
-2.478773828125000000e+04
-2.479016992187500000e+04
-2.478735351562500000e+04
-2.478383984375000000e+04
-2.478654101562500000e+04
-2.478621289062500000e+04
-2.478808789062500000e+04
-2.477556250000000000e+04
-2.479030664062500000e+04
-2.478538671875000000e+04
-2.478815234375000000e+04
-2.479043945312500000e+04
-2.478517187500000000e+04
-2.478921484375000000e+04
-2.478482812500000000e+04
-2.478902929687500000e+04
-2.478752343750000000e+04
-2.478903906250000000e+04
-2.478585546875000000e+04
-2.478500195312500000e+04
-2.478997265625000000e+04
-2.479095312500000000e+04
-2.478935546875000000e+04
-2.478534765625000000e+04
-2.478748828125000000e+04
-2.478853125000000000e+04
-2.479055078125000000e+04
-2.479089843750000000e+04
-2.478935156250000000e+04
-2.478886914062500000e+04
-2.479135546875000000e+04
-2.479146875000000000e+04
-2.479142968750000000e+04
-2.478840039062500000e+04
-2.478670312500000000e+04
-2.479057812500000000e+04
-2.478931250000000000e+04
-2.479080078125000000e+04
-2.478840625000000000e+04
-2.478203125000000000e+04
-2.478973242187500000e+04
-2.478920703125000000e+04
-2.478919531250000000e+04
-2.478976562500000000e+04
-2.479114648437500000e+04
-2.478651562500000000e+04
-2.478870312500000000e+04
-2.479081640625000000e+04
-2.479167968750000000e+04
-2.479029296875000000e+04
-2.478856640625000000e+04
-2.479073046875000000e+04
-2.479108984375000000e+04
-2.478873632812500000e+04
-2.478633398437500000e+04
-2.479133984375000000e+04
-2.478941015625000000e+04
-2.479025781250000000e+04
-2.478740625000000000e+04
-2.478555078125000000e+04
-2.479168945312500000e+04
-2.478998242187500000e+04
-2.478918750000000000e+04
-2.478926757812500000e+04
-2.478930859375000000e+04
-2.478991015625000000e+04
-2.479089062500000000e+04
-2.479181445312500000e+04
-2.478442187500000000e+04
-2.478659765625000000e+04
-2.478864453125000000e+04
-2.478986718750000000e+04
-2.478473437500000000e+04
-2.479067968750000000e+04
-2.478929296875000000e+04
-2.479106640625000000e+04
-2.479126171875000000e+04
-2.478678125000000000e+04
-2.479064843750000000e+04
-2.478756835937500000e+04
-2.479142578125000000e+04
-2.479134375000000000e+04
-2.478997656250000000e+04
-2.478991210937500000e+04
-2.478756250000000000e+04
-2.479031445312500000e+04
-2.478969140625000000e+04
-2.479042187500000000e+04
-2.478720507812500000e+04
-2.478610156250000000e+04
-2.478836914062500000e+04
-2.478905078125000000e+04
-2.478905273437500000e+04
-2.478686328125000000e+04
-2.478450781250000000e+04
-2.479187109375000000e+04
-2.479071484375000000e+04
-2.478976562500000000e+04
-2.478420117187500000e+04
-2.479188281250000000e+04
-2.478954492187500000e+04
-2.478964062500000000e+04
-2.478785937500000000e+04
-2.478412695312500000e+04
-2.478978125000000000e+04
-2.478992187500000000e+04
-2.478336328125000000e+04
-2.478931250000000000e+04
-2.479049804687500000e+04
-2.479012109375000000e+04
-2.478979296875000000e+04
-2.479013671875000000e+04
-2.479014843750000000e+04
-2.478640625000000000e+04
-2.478984765625000000e+04
-2.478966406250000000e+04
-2.478750585937500000e+04
-2.479112304687500000e+04
-2.479038671875000000e+04
-2.479179882812500000e+04
-2.478185937500000000e+04
-2.479091015625000000e+04
-2.478796679687500000e+04
-2.478470507812500000e+04
-2.478989843750000000e+04
-2.478832031250000000e+04
-2.478857812500000000e+04
-2.479107421875000000e+04
-2.479030859375000000e+04
-2.479085351562500000e+04
-2.478047070312500000e+04
-2.478854687500000000e+04
-2.479054101562500000e+04
-2.478996289062500000e+04
-2.478736328125000000e+04
-2.479031835937500000e+04
-2.478957617187500000e+04
-2.479124218750000000e+04
-2.478950781250000000e+04
-2.478758007812500000e+04
-2.479130664062500000e+04
-2.478911718750000000e+04
-2.479068164062500000e+04
-2.478895312500000000e+04
-2.478910156250000000e+04
-2.479047656250000000e+04
-2.479186328125000000e+04
-2.479023632812500000e+04
-2.478776562500000000e+04
-2.478800781250000000e+04
-2.479043164062500000e+04
-2.478767968750000000e+04
-2.479120703125000000e+04
-2.479007031250000000e+04
-2.478560742187500000e+04
-2.478681250000000000e+04
-2.478950585937500000e+04
-2.478702343750000000e+04
-2.479063867187500000e+04
-2.478877929687500000e+04
-2.479096484375000000e+04
-2.478944921875000000e+04
-2.479015234375000000e+04
-2.479125585937500000e+04
-2.478636132812500000e+04
-2.478720898437500000e+04
-2.479030273437500000e+04
-2.478709375000000000e+04
-2.478817968750000000e+04
-2.478923437500000000e+04
-2.478706640625000000e+04
-2.478923828125000000e+04
-2.478788671875000000e+04
-2.478117968750000000e+04
-2.478863281250000000e+04
-2.478784765625000000e+04
-2.479126562500000000e+04
-2.478868359375000000e+04
-2.478702734375000000e+04
-2.479172265625000000e+04
-2.478852343750000000e+04
-2.478809765625000000e+04
-2.478773046875000000e+04
-2.478970312500000000e+04
-2.478891992187500000e+04
-2.478961328125000000e+04
-2.478931640625000000e+04
-2.479153515625000000e+04
-2.479064062500000000e+04
-2.478954101562500000e+04
-2.478915039062500000e+04
-2.478957812500000000e+04
-2.479161328125000000e+04
-2.478742187500000000e+04
-2.479098046875000000e+04
-2.478964843750000000e+04
-2.479080468750000000e+04
-2.479076171875000000e+04
-2.478741015625000000e+04
-2.478762109375000000e+04
-2.479122851562500000e+04
-2.478859765625000000e+04
-2.479127343750000000e+04
-2.479144335937500000e+04
-2.478361132812500000e+04
-2.478963281250000000e+04
-2.478811523437500000e+04
-2.478916210937500000e+04
-2.478751953125000000e+04
-2.479046484375000000e+04
-2.479023437500000000e+04
-2.478809570312500000e+04
-2.479020507812500000e+04
-2.478753515625000000e+04
-2.479096484375000000e+04
-2.479092578125000000e+04
-2.478858398437500000e+04
-2.478795117187500000e+04
-2.478868750000000000e+04
-2.478856054687500000e+04
-2.478231250000000000e+04
-2.479053125000000000e+04
-2.478883593750000000e+04
-2.478644531250000000e+04
-2.478909765625000000e+04
-2.479020703125000000e+04
-2.479106445312500000e+04
-2.479091015625000000e+04
-2.479003906250000000e+04
-2.478969335937500000e+04
-2.479169531250000000e+04
-2.478105273437500000e+04
-2.479145507812500000e+04
-2.478864062500000000e+04
-2.478903125000000000e+04
-2.478823828125000000e+04
-2.479117187500000000e+04
-2.478783007812500000e+04
-2.478939843750000000e+04
-2.478112500000000000e+04
-2.478734960937500000e+04
-2.478992187500000000e+04
-2.478809375000000000e+04
-2.478922265625000000e+04
-2.478980468750000000e+04
-2.478918750000000000e+04
-2.479157031250000000e+04
-2.478557226562500000e+04
-2.478698632812500000e+04
-2.479004882812500000e+04
-2.479080078125000000e+04
-2.478978515625000000e+04
-2.478988281250000000e+04
-2.479097070312500000e+04
-2.478908984375000000e+04
-2.478543164062500000e+04
-2.478936718750000000e+04
-2.479048046875000000e+04
-2.479057812500000000e+04
-2.479025195312500000e+04
-2.479041210937500000e+04
-2.479124804687500000e+04
-2.478976367187500000e+04
-2.478287890625000000e+04
-2.478620312500000000e+04
-2.479116992187500000e+04
-2.478892187500000000e+04
-2.478791796875000000e+04
-2.478710156250000000e+04
-2.478740234375000000e+04
-2.479037890625000000e+04
-2.478559765625000000e+04
-2.478448242187500000e+04
-2.478462500000000000e+04
-2.479107031250000000e+04
-2.478715039062500000e+04
-2.478798828125000000e+04
-2.478996875000000000e+04
-2.478953515625000000e+04
-2.478800000000000000e+04
-2.479123437500000000e+04
-2.478949218750000000e+04
-2.479071093750000000e+04
-2.479072656250000000e+04
-2.478936132812500000e+04
-2.479148242187500000e+04
-2.479086132812500000e+04
-2.478842578125000000e+04
-2.478662500000000000e+04
-2.478581640625000000e+04
-2.478909765625000000e+04
-2.478785546875000000e+04
-2.478558203125000000e+04
-2.479131250000000000e+04
-2.478890625000000000e+04
-2.479161328125000000e+04
-2.478782617187500000e+04
-2.479053906250000000e+04
-2.479056835937500000e+04
-2.478911328125000000e+04
-2.479151367187500000e+04
-2.479072265625000000e+04
-2.479140039062500000e+04
-2.478975781250000000e+04
-2.478915234375000000e+04
-2.478556640625000000e+04
-2.478788867187500000e+04
-2.478764453125000000e+04
-2.477955078125000000e+04
-2.478679101562500000e+04
-2.478296093750000000e+04
-2.479175976562500000e+04
-2.479088671875000000e+04
-2.478774609375000000e+04
-2.478723828125000000e+04
-2.479095312500000000e+04
-2.479128906250000000e+04
-2.478823046875000000e+04
-2.479170312500000000e+04
-2.478831640625000000e+04
-2.479113671875000000e+04
-2.478657812500000000e+04
-2.478923437500000000e+04
-2.478876171875000000e+04
-2.479020117187500000e+04
-2.479081640625000000e+04
-2.479138281250000000e+04
-2.479134375000000000e+04
-2.479041992187500000e+04
-2.479032421875000000e+04
-2.478763867187500000e+04
-2.479069921875000000e+04
-2.479110742187500000e+04
-2.479151171875000000e+04
-2.478871289062500000e+04
-2.478288671875000000e+04
-2.479055078125000000e+04
-2.479033203125000000e+04
-2.478963085937500000e+04
-2.479093945312500000e+04
-2.479107421875000000e+04
-2.479050781250000000e+04
-2.478792578125000000e+04
-2.479057617187500000e+04
-2.478935156250000000e+04
-2.478909765625000000e+04
-2.478819140625000000e+04
-2.478413867187500000e+04
-2.479031250000000000e+04
-2.479096093750000000e+04
-2.478984375000000000e+04
-2.478984570312500000e+04
-2.478997265625000000e+04
-2.478816601562500000e+04
-2.478746484375000000e+04
-2.479081250000000000e+04
-2.479144531250000000e+04
-2.479157812500000000e+04
-2.478691210937500000e+04
-2.479030859375000000e+04
-2.478709375000000000e+04
-2.478835937500000000e+04
-2.478976171875000000e+04
-2.478702343750000000e+04
-2.478795703125000000e+04
-2.478654882812500000e+04
-2.479012890625000000e+04
-2.479138867187500000e+04
-2.478918359375000000e+04
-2.478808789062500000e+04
-2.479055078125000000e+04
-2.478440234375000000e+04
-2.479069531250000000e+04
-2.478955664062500000e+04
-2.478792187500000000e+04
-2.479009765625000000e+04
-2.478286718750000000e+04
-2.478918359375000000e+04
-2.478770312500000000e+04
-2.478654101562500000e+04
-2.478923828125000000e+04
-2.478996289062500000e+04
-2.479110546875000000e+04
-2.479053710937500000e+04
-2.478907812500000000e+04
-2.478915039062500000e+04
-2.478722070312500000e+04
-2.479162500000000000e+04
-2.479144140625000000e+04
-2.479024218750000000e+04
-2.479038867187500000e+04
-2.479070507812500000e+04
-2.478965820312500000e+04
-2.478965039062500000e+04
-2.478987890625000000e+04
-2.478896875000000000e+04
-2.478514453125000000e+04
-2.479069921875000000e+04
-2.479031640625000000e+04
-2.478622460937500000e+04
-2.478998828125000000e+04
-2.479092773437500000e+04
-2.478833007812500000e+04
-2.479176171875000000e+04
-2.479082812500000000e+04
-2.478095703125000000e+04
-2.478737695312500000e+04
-2.479044726562500000e+04
-2.478746875000000000e+04
-2.479021484375000000e+04
-2.478861328125000000e+04
-2.479153710937500000e+04
-2.478959375000000000e+04
-2.478575195312500000e+04
-2.479014843750000000e+04
-2.478774609375000000e+04
-2.478826757812500000e+04
-2.478719140625000000e+04
-2.479120703125000000e+04
-2.479073046875000000e+04
-2.478799218750000000e+04
-2.479053125000000000e+04
-2.478919531250000000e+04
-2.478912500000000000e+04
-2.479021484375000000e+04
-2.478990039062500000e+04
-2.478636718750000000e+04
-2.478832031250000000e+04
-2.479131640625000000e+04
-2.479130273437500000e+04
-2.478971875000000000e+04
-2.478559765625000000e+04
-2.479147265625000000e+04
-2.478658984375000000e+04
-2.479009570312500000e+04
-2.478892773437500000e+04
-2.478738085937500000e+04
-2.478983984375000000e+04
-2.478537304687500000e+04
-2.478803710937500000e+04
-2.478996093750000000e+04
-2.478750000000000000e+04
-2.478913671875000000e+04
-2.478731640625000000e+04
-2.478542187500000000e+04
-2.479151562500000000e+04
-2.478690625000000000e+04
-2.479021093750000000e+04
-2.479114257812500000e+04
-2.478833789062500000e+04
-2.479089062500000000e+04
-2.478654687500000000e+04
-2.478862890625000000e+04
-2.478963281250000000e+04
-2.478855078125000000e+04
-2.479156445312500000e+04
-2.478695507812500000e+04
-2.478494140625000000e+04
-2.478243945312500000e+04
-2.479133203125000000e+04
-2.478993554687500000e+04
-2.479172851562500000e+04
-2.478821093750000000e+04
-2.479181640625000000e+04
-2.478893750000000000e+04
-2.478431640625000000e+04
-2.478946093750000000e+04
-2.478955468750000000e+04
-2.479028125000000000e+04
-2.479091796875000000e+04
-2.478786914062500000e+04
-2.478972851562500000e+04
-2.478997460937500000e+04
-2.478771875000000000e+04
-2.478990234375000000e+04
-2.478718945312500000e+04
-2.479007617187500000e+04
-2.479038281250000000e+04
-2.477963476562500000e+04
-2.478647265625000000e+04
-2.479017187500000000e+04
-2.479100000000000000e+04
-2.478696875000000000e+04
-2.479180664062500000e+04
-2.478916601562500000e+04
-2.479084375000000000e+04
-2.479134375000000000e+04
-2.478362304687500000e+04
-2.479171484375000000e+04
-2.479071875000000000e+04
-2.478036328125000000e+04
-2.479074218750000000e+04
-2.479078515625000000e+04
-2.478958203125000000e+04
-2.478814062500000000e+04
-2.478973828125000000e+04
-2.479099804687500000e+04
-2.479092187500000000e+04
-2.478737500000000000e+04
-2.479100195312500000e+04
-2.478847460937500000e+04
-2.478972851562500000e+04
-2.478786718750000000e+04
-2.479027148437500000e+04
-2.479059765625000000e+04
-2.478706054687500000e+04
-2.479169921875000000e+04
-2.478874414062500000e+04
-2.478935156250000000e+04
-2.478912695312500000e+04
-2.479016992187500000e+04
-2.478967578125000000e+04
-2.478785351562500000e+04
-2.478800000000000000e+04
-2.478608398437500000e+04
-2.478630273437500000e+04
-2.478916796875000000e+04
-2.478931640625000000e+04
-2.479160156250000000e+04
-2.478536914062500000e+04
-2.479100781250000000e+04
-2.478869140625000000e+04
-2.478875390625000000e+04
-2.478738867187500000e+04
-2.478655859375000000e+04
-2.479131250000000000e+04
-2.478826562500000000e+04
-2.478814453125000000e+04
-2.479083398437500000e+04
-2.479083398437500000e+04
-2.479034765625000000e+04
-2.479082421875000000e+04
-2.478158203125000000e+04
-2.478862890625000000e+04
-2.479056250000000000e+04
-2.478511328125000000e+04
-2.479186718750000000e+04
-2.479149609375000000e+04
-2.478879296875000000e+04
-2.479157031250000000e+04
-2.478995117187500000e+04
-2.478874609375000000e+04
-2.478401562500000000e+04
-2.479074804687500000e+04
-2.478951562500000000e+04
-2.478319921875000000e+04
-2.478596875000000000e+04
-2.478661132812500000e+04
-2.479004687500000000e+04
-2.479061328125000000e+04
-2.478800390625000000e+04
-2.479041406250000000e+04
-2.478909570312500000e+04
-2.479069921875000000e+04
-2.479112695312500000e+04
-2.478754687500000000e+04
-2.478629296875000000e+04
-2.478968164062500000e+04
-2.478810546875000000e+04
-2.478683398437500000e+04
-2.478901171875000000e+04
-2.478608203125000000e+04
-2.478925976562500000e+04
-2.478970898437500000e+04
-2.479049609375000000e+04
-2.478424414062500000e+04
-2.478943750000000000e+04
-2.478484375000000000e+04
-2.479005859375000000e+04
-2.478945703125000000e+04
-2.478860156250000000e+04
-2.479109765625000000e+04
-2.478610351562500000e+04
-2.478865820312500000e+04
-2.478867773437500000e+04
-2.479156640625000000e+04
-2.478346289062500000e+04
-2.479003320312500000e+04
-2.479038671875000000e+04
-2.479079296875000000e+04
-2.478955273437500000e+04
-2.478942187500000000e+04
-2.479158007812500000e+04
-2.479118750000000000e+04
-2.478758984375000000e+04
-2.478213281250000000e+04
-2.478572851562500000e+04
-2.478991406250000000e+04
-2.478904296875000000e+04
-2.479043750000000000e+04
-2.478568945312500000e+04
-2.478880859375000000e+04
-2.479146484375000000e+04
-2.479101171875000000e+04
-2.478928125000000000e+04
-2.478733593750000000e+04
-2.478828906250000000e+04
-2.478835546875000000e+04
-2.479075390625000000e+04
-2.479000195312500000e+04
-2.479086718750000000e+04
-2.479176171875000000e+04
-2.478936914062500000e+04
-2.478946679687500000e+04
-2.479023828125000000e+04
-2.478526562500000000e+04
-2.478779296875000000e+04
-2.479008007812500000e+04
-2.479003125000000000e+04
-2.478853906250000000e+04
-2.479075195312500000e+04
-2.478962695312500000e+04
-2.478958984375000000e+04
-2.479045898437500000e+04
-2.478841015625000000e+04
-2.479007617187500000e+04
-2.478946679687500000e+04
-2.479169335937500000e+04
-2.478724414062500000e+04
-2.478678515625000000e+04
-2.478688281250000000e+04
-2.479080078125000000e+04
-2.478745312500000000e+04
-2.478877734375000000e+04
-2.478651757812500000e+04
-2.478550390625000000e+04
-2.478987500000000000e+04
-2.478924609375000000e+04
-2.479062304687500000e+04
-2.478752343750000000e+04
-2.479157617187500000e+04
-2.478814453125000000e+04
-2.478907812500000000e+04
-2.479070703125000000e+04
-2.479043359375000000e+04
-2.479048828125000000e+04
-2.479176171875000000e+04
-2.478757031250000000e+04
-2.479154687500000000e+04
-2.477906445312500000e+04
-2.479087890625000000e+04
-2.478952343750000000e+04
-2.478679687500000000e+04
-2.479158203125000000e+04
-2.478964062500000000e+04
-2.479169140625000000e+04
-2.478511132812500000e+04
-2.478922070312500000e+04
-2.478983593750000000e+04
-2.478732421875000000e+04
-2.479067773437500000e+04
-2.478638867187500000e+04
-2.478949804687500000e+04
-2.478716601562500000e+04
-2.478553515625000000e+04
-2.478979687500000000e+04
-2.478951367187500000e+04
-2.478938281250000000e+04
-2.478664453125000000e+04
-2.478971875000000000e+04
-2.477896484375000000e+04
-2.478966796875000000e+04
-2.479114648437500000e+04
-2.479036328125000000e+04
-2.478926367187500000e+04
-2.478992968750000000e+04
-2.478710937500000000e+04
-2.479069726562500000e+04
-2.478817578125000000e+04
-2.478970703125000000e+04
-2.479129101562500000e+04
-2.479130859375000000e+04
-2.478916992187500000e+04
-2.478245703125000000e+04
-2.478895312500000000e+04
-2.478561718750000000e+04
-2.479184375000000000e+04
-2.478443359375000000e+04
-2.478656640625000000e+04
-2.478855078125000000e+04
-2.478814648437500000e+04
-2.478775781250000000e+04
-2.478835156250000000e+04
-2.478551562500000000e+04
-2.478765234375000000e+04
-2.479126757812500000e+04
-2.478800585937500000e+04
-2.478818359375000000e+04
-2.479126757812500000e+04
-2.479099804687500000e+04
-2.477872460937500000e+04
-2.478964062500000000e+04
-2.479172265625000000e+04
-2.478844335937500000e+04
-2.479098046875000000e+04
-2.478903515625000000e+04
-2.478982031250000000e+04
-2.479085546875000000e+04
-2.479029882812500000e+04
-2.478873828125000000e+04
-2.478781640625000000e+04
-2.479118359375000000e+04
-2.478985546875000000e+04
-2.479166796875000000e+04
-2.478598437500000000e+04
-2.478931250000000000e+04
-2.479028515625000000e+04
-2.479150390625000000e+04
-2.479125000000000000e+04
-2.479096875000000000e+04
-2.478643750000000000e+04
-2.479030468750000000e+04
-2.478868359375000000e+04
-2.478988281250000000e+04
-2.479078906250000000e+04
-2.479105664062500000e+04
-2.479101562500000000e+04
-2.478644531250000000e+04
-2.479037109375000000e+04
-2.478760937500000000e+04
-2.479152734375000000e+04
-2.479010937500000000e+04
-2.479146093750000000e+04
-2.478942578125000000e+04
-2.479158789062500000e+04
-2.478575195312500000e+04
-2.479063281250000000e+04
-2.478587109375000000e+04
-2.478990234375000000e+04
-2.478985546875000000e+04
-2.478480078125000000e+04
-2.478425390625000000e+04
-2.478695703125000000e+04
-2.479087890625000000e+04
-2.478703125000000000e+04
-2.478990625000000000e+04
-2.478998242187500000e+04
-2.479020312500000000e+04
-2.478978320312500000e+04
-2.479167578125000000e+04
-2.479114453125000000e+04
-2.478666992187500000e+04
-2.479182812500000000e+04
-2.479175976562500000e+04
-2.478631445312500000e+04
-2.478780468750000000e+04
-2.479153906250000000e+04
-2.479144140625000000e+04
-2.478298046875000000e+04
-2.478835937500000000e+04
-2.479186718750000000e+04
-2.479024609375000000e+04
-2.478760937500000000e+04
-2.478861718750000000e+04
-2.479049218750000000e+04
-2.479066015625000000e+04
-2.478858398437500000e+04
-2.479115820312500000e+04
-2.479121875000000000e+04
-2.478587500000000000e+04
-2.478976562500000000e+04
-2.478983007812500000e+04
-2.479118945312500000e+04
-2.478842578125000000e+04
-2.478936328125000000e+04
-2.478616210937500000e+04
-2.479072656250000000e+04
-2.478645312500000000e+04
-2.479112695312500000e+04
-2.479072265625000000e+04
-2.478824804687500000e+04
-2.478961718750000000e+04
-2.479041406250000000e+04
-2.478750781250000000e+04
-2.478934960937500000e+04
-2.479136718750000000e+04
-2.478971679687500000e+04
-2.479071484375000000e+04
-2.479145703125000000e+04
-2.478890039062500000e+04
-2.479064843750000000e+04
-2.479036132812500000e+04
-2.478317578125000000e+04
-2.479140625000000000e+04
-2.478678515625000000e+04
-2.479064648437500000e+04
-2.478667187500000000e+04
-2.479127929687500000e+04
-2.479155273437500000e+04
-2.479135937500000000e+04
-2.479047265625000000e+04
-2.478542773437500000e+04
-2.478850781250000000e+04
-2.478933593750000000e+04
-2.479026562500000000e+04
-2.478861132812500000e+04
-2.478949218750000000e+04
-2.478311914062500000e+04
-2.477808203125000000e+04
-2.479125390625000000e+04
-2.479041796875000000e+04
-2.478767187500000000e+04
-2.478483789062500000e+04
-2.478637109375000000e+04
-2.478981640625000000e+04
-2.478999218750000000e+04
-2.479042968750000000e+04
-2.478982421875000000e+04
-2.478953125000000000e+04
-2.478971289062500000e+04
-2.478998242187500000e+04
-2.479037109375000000e+04
-2.479090234375000000e+04
-2.478824023437500000e+04
-2.479078515625000000e+04
-2.479116796875000000e+04
-2.479138671875000000e+04
-2.479063281250000000e+04
-2.479183593750000000e+04
-2.479106640625000000e+04
-2.479005468750000000e+04
-2.478279492187500000e+04
-2.478181835937500000e+04
-2.478683203125000000e+04
-2.478919531250000000e+04
-2.478799218750000000e+04
-2.479119921875000000e+04
-2.478485156250000000e+04
-2.479004492187500000e+04
-2.478881054687500000e+04
-2.478813085937500000e+04
-2.478996484375000000e+04
-2.478312890625000000e+04
-2.479080859375000000e+04
-2.478937304687500000e+04
-2.479100781250000000e+04
-2.479096875000000000e+04
-2.478884375000000000e+04
-2.478524023437500000e+04
-2.478953710937500000e+04
-2.478503125000000000e+04
-2.478791406250000000e+04
-2.478825195312500000e+04
-2.478817968750000000e+04
-2.478885937500000000e+04
-2.478975195312500000e+04
-2.479008593750000000e+04
-2.478675195312500000e+04
-2.478335156250000000e+04
-2.479166796875000000e+04
-2.478927343750000000e+04
-2.478868750000000000e+04
-2.478802343750000000e+04
-2.479172265625000000e+04
-2.479111328125000000e+04
-2.478921093750000000e+04
-2.479000781250000000e+04
-2.478865234375000000e+04
-2.478208203125000000e+04
-2.479091796875000000e+04
-2.479151953125000000e+04
-2.479123828125000000e+04
-2.479093750000000000e+04
-2.478951367187500000e+04
-2.478641796875000000e+04
-2.479106445312500000e+04
-2.479093164062500000e+04
-2.478946484375000000e+04
-2.478895898437500000e+04
-2.479142187500000000e+04
-2.478514062500000000e+04
-2.479161718750000000e+04
-2.478859960937500000e+04
-2.478391210937500000e+04
-2.479022851562500000e+04
-2.478364843750000000e+04
-2.478861328125000000e+04
-2.479035937500000000e+04
-2.478448437500000000e+04
-2.478207031250000000e+04
-2.478058984375000000e+04
-2.479081250000000000e+04
-2.478732031250000000e+04
-2.479029492187500000e+04
-2.478869921875000000e+04
-2.478542187500000000e+04
-2.478858593750000000e+04
-2.478837890625000000e+04
-2.478887890625000000e+04
-2.478923632812500000e+04
-2.479087890625000000e+04
-2.478682812500000000e+04
-2.478916992187500000e+04
-2.479110546875000000e+04
-2.479175781250000000e+04
-2.478992578125000000e+04
-2.478713281250000000e+04
-2.478942382812500000e+04
-2.478504296875000000e+04
-2.479033203125000000e+04
-2.477989453125000000e+04
-2.478923242187500000e+04
-2.478282421875000000e+04
-2.478876953125000000e+04
-2.478874804687500000e+04
-2.478796875000000000e+04
-2.478902734375000000e+04
-2.479141406250000000e+04
-2.479097656250000000e+04
-2.479148828125000000e+04
-2.479167187500000000e+04
-2.478820703125000000e+04
-2.479119921875000000e+04
-2.479076953125000000e+04
-2.478800976562500000e+04
-2.478112304687500000e+04
-2.478986718750000000e+04
-2.479149804687500000e+04
-2.478986132812500000e+04
-2.479029882812500000e+04
-2.479069140625000000e+04
-2.479073242187500000e+04
-2.477661328125000000e+04
-2.478434765625000000e+04
-2.479054687500000000e+04
-2.478892187500000000e+04
-2.479185937500000000e+04
-2.478663085937500000e+04
-2.478297851562500000e+04
-2.478806640625000000e+04
-2.478788671875000000e+04
-2.478976953125000000e+04
-2.479146679687500000e+04
-2.478643359375000000e+04
-2.479061914062500000e+04
-2.479038281250000000e+04
-2.479075195312500000e+04
-2.478885546875000000e+04
-2.478919140625000000e+04
-2.478752343750000000e+04
-2.479040820312500000e+04
-2.478979492187500000e+04
-2.479064843750000000e+04
-2.479055468750000000e+04
-2.478868164062500000e+04
-2.479121093750000000e+04
-2.478833593750000000e+04
-2.478782812500000000e+04
-2.478894531250000000e+04
-2.478846875000000000e+04
-2.478827148437500000e+04
-2.478819921875000000e+04
-2.478744921875000000e+04
-2.478576757812500000e+04
-2.478969531250000000e+04
-2.478117773437500000e+04
-2.479098828125000000e+04
-2.478770703125000000e+04
-2.478430078125000000e+04
-2.478691015625000000e+04
-2.478437500000000000e+04
-2.478400000000000000e+04
-2.478850781250000000e+04
-2.479058593750000000e+04
-2.478833593750000000e+04
-2.479165429687500000e+04
-2.479004687500000000e+04
-2.478882812500000000e+04
-2.479141601562500000e+04
-2.479174218750000000e+04
-2.478845507812500000e+04
-2.479139062500000000e+04
-2.478490820312500000e+04
-2.478944140625000000e+04
-2.479172070312500000e+04
-2.479105859375000000e+04
-2.478877343750000000e+04
-2.479057031250000000e+04
-2.478558593750000000e+04
-2.478982031250000000e+04
-2.479040625000000000e+04
-2.479014843750000000e+04
-2.479140429687500000e+04
-2.479128710937500000e+04
-2.479002343750000000e+04
-2.478611132812500000e+04
-2.479162304687500000e+04
-2.479023242187500000e+04
-2.478866796875000000e+04
-2.479096875000000000e+04
-2.478654296875000000e+04
-2.479185156250000000e+04
-2.478939843750000000e+04
-2.479060937500000000e+04
-2.479055664062500000e+04
-2.479138281250000000e+04
-2.478272656250000000e+04
-2.478761328125000000e+04
-2.479021679687500000e+04
-2.478896484375000000e+04
-2.478943945312500000e+04
-2.478258984375000000e+04
-2.479115625000000000e+04
-2.479143750000000000e+04
-2.479098242187500000e+04
-2.478964062500000000e+04
-2.479036718750000000e+04
-2.478646484375000000e+04
-2.479019140625000000e+04
-2.479009765625000000e+04
-2.478510546875000000e+04
-2.478980468750000000e+04
-2.478982226562500000e+04
-2.478881640625000000e+04
-2.479125976562500000e+04
-2.479114062500000000e+04
-2.478763085937500000e+04
-2.478986914062500000e+04
-2.479067187500000000e+04
-2.479075000000000000e+04
-2.479131445312500000e+04
-2.479142578125000000e+04
-2.479083593750000000e+04
-2.478730468750000000e+04
-2.478913281250000000e+04
-2.478808203125000000e+04
-2.478567382812500000e+04
-2.478781250000000000e+04
-2.479144921875000000e+04
-2.479166796875000000e+04
-2.479065429687500000e+04
-2.478924218750000000e+04
-2.478730468750000000e+04
-2.479151562500000000e+04
-2.478650195312500000e+04
-2.478510742187500000e+04
-2.479105859375000000e+04
-2.479155078125000000e+04
-2.478665625000000000e+04
-2.479105859375000000e+04
-2.479089843750000000e+04
-2.479116796875000000e+04
-2.478782812500000000e+04
-2.478755468750000000e+04
-2.478914453125000000e+04
-2.479041015625000000e+04
-2.479180859375000000e+04
-2.479137500000000000e+04
-2.479129687500000000e+04
-2.479149218750000000e+04
-2.478987304687500000e+04
-2.478988281250000000e+04
-2.479168750000000000e+04
-2.478966406250000000e+04
-2.478888085937500000e+04
-2.478844726562500000e+04
-2.478925000000000000e+04
-2.478897656250000000e+04
-2.478894726562500000e+04
-2.479112500000000000e+04
-2.478495703125000000e+04
-2.478614843750000000e+04
-2.478937304687500000e+04
-2.478803515625000000e+04
-2.478879296875000000e+04
-2.478551562500000000e+04
-2.479067578125000000e+04
-2.478949414062500000e+04
-2.478967968750000000e+04
-2.479105664062500000e+04
-2.479071875000000000e+04
-2.478670507812500000e+04
-2.478993359375000000e+04
-2.478735742187500000e+04
-2.479087109375000000e+04
-2.479175195312500000e+04
-2.479007031250000000e+04
-2.478451562500000000e+04
-2.479039843750000000e+04
-2.479056640625000000e+04
-2.478528320312500000e+04
-2.478870507812500000e+04
-2.478413281250000000e+04
-2.479046484375000000e+04
-2.479023828125000000e+04
-2.478864453125000000e+04
-2.479150195312500000e+04
-2.478997265625000000e+04
-2.479101562500000000e+04
-2.478939062500000000e+04
-2.479071875000000000e+04
-2.479029687500000000e+04
-2.478863671875000000e+04
-2.477875585937500000e+04
-2.478831445312500000e+04
-2.478701757812500000e+04
-2.478620507812500000e+04
-2.479098046875000000e+04
-2.478486328125000000e+04
-2.478886328125000000e+04
-2.478861132812500000e+04
-2.479018359375000000e+04
-2.479101562500000000e+04
-2.478764062500000000e+04
-2.478906640625000000e+04
-2.478773046875000000e+04
-2.479115625000000000e+04
-2.478726757812500000e+04
-2.478392382812500000e+04
-2.478889648437500000e+04
-2.479031835937500000e+04
-2.478609960937500000e+04
-2.478965625000000000e+04
-2.478796093750000000e+04
-2.478787109375000000e+04
-2.478744335937500000e+04
-2.478873828125000000e+04
-2.479026953125000000e+04
-2.479121289062500000e+04
-2.479109375000000000e+04
-2.478816015625000000e+04
-2.478976171875000000e+04
-2.478767382812500000e+04
-2.479128125000000000e+04
-2.478404296875000000e+04
-2.478975585937500000e+04
-2.479136523437500000e+04
-2.479176562500000000e+04
-2.478881835937500000e+04
-2.479068359375000000e+04
-2.478980664062500000e+04
-2.479072265625000000e+04
-2.479184179687500000e+04
-2.479098437500000000e+04
-2.479038671875000000e+04
-2.478972070312500000e+04
-2.478924218750000000e+04
-2.479077734375000000e+04
-2.479061328125000000e+04
-2.479131445312500000e+04
-2.478852343750000000e+04
-2.478136328125000000e+04
-2.479036523437500000e+04
-2.478786132812500000e+04
-2.478999609375000000e+04
-2.479131054687500000e+04
-2.478929687500000000e+04
-2.479040039062500000e+04
-2.478800781250000000e+04
-2.478823828125000000e+04
-2.478808789062500000e+04
-2.479089062500000000e+04
-2.479051953125000000e+04
-2.479066796875000000e+04
-2.479144531250000000e+04
-2.478906445312500000e+04
-2.479061328125000000e+04
-2.478808593750000000e+04
-2.478585937500000000e+04
-2.478507812500000000e+04
-2.479171093750000000e+04
-2.479069140625000000e+04
-2.479143554687500000e+04
-2.478880078125000000e+04
-2.478898437500000000e+04
-2.478954296875000000e+04
-2.478725781250000000e+04
-2.478852343750000000e+04
-2.479175976562500000e+04
-2.479089062500000000e+04
-2.478945312500000000e+04
-2.478465039062500000e+04
-2.478907617187500000e+04
-2.478925976562500000e+04
-2.479135937500000000e+04
-2.478592578125000000e+04
-2.479101562500000000e+04
-2.479065234375000000e+04
-2.478688476562500000e+04
-2.478788867187500000e+04
-2.479036718750000000e+04
-2.479096484375000000e+04
-2.478825585937500000e+04
-2.479106250000000000e+04
-2.479066015625000000e+04
-2.478723828125000000e+04
-2.478984375000000000e+04
-2.479100781250000000e+04
-2.479165039062500000e+04
-2.478992578125000000e+04
-2.478909179687500000e+04
-2.479105468750000000e+04
-2.479145703125000000e+04
-2.478730468750000000e+04
-2.479135546875000000e+04
-2.479013476562500000e+04
-2.479000976562500000e+04
-2.479092578125000000e+04
-2.478522656250000000e+04
-2.478915234375000000e+04
-2.478129882812500000e+04
-2.479061328125000000e+04
-2.479152343750000000e+04
-2.479044335937500000e+04
-2.479111718750000000e+04
-2.479071289062500000e+04
-2.479048046875000000e+04
-2.479066210937500000e+04
-2.478692968750000000e+04
-2.478993359375000000e+04
-2.479062500000000000e+04
-2.479078515625000000e+04
-2.478948242187500000e+04
-2.478647265625000000e+04
-2.479066406250000000e+04
-2.478757812500000000e+04
-2.478570312500000000e+04
-2.479055078125000000e+04
-2.478851562500000000e+04
-2.478144921875000000e+04
-2.478798046875000000e+04
-2.478813671875000000e+04
-2.478565039062500000e+04
-2.478916992187500000e+04
-2.479082226562500000e+04
-2.478945703125000000e+04
-2.478913476562500000e+04
-2.479044726562500000e+04
-2.479145312500000000e+04
-2.478670703125000000e+04
-2.479139843750000000e+04
-2.479133593750000000e+04
-2.479172656250000000e+04
-2.479092968750000000e+04
-2.478919140625000000e+04
-2.479112890625000000e+04
-2.478946875000000000e+04
-2.478753515625000000e+04
-2.478717578125000000e+04
-2.478579101562500000e+04
-2.479058593750000000e+04
-2.479147460937500000e+04
-2.478788671875000000e+04
-2.479130078125000000e+04
-2.478974023437500000e+04
-2.479161132812500000e+04
-2.478055664062500000e+04
-2.478935937500000000e+04
-2.478663671875000000e+04
-2.479018359375000000e+04
-2.479083007812500000e+04
-2.478865820312500000e+04
-2.479043164062500000e+04
-2.479157617187500000e+04
-2.478683007812500000e+04
-2.479047265625000000e+04
-2.479018750000000000e+04
-2.478795703125000000e+04
-2.478620312500000000e+04
-2.478990234375000000e+04
-2.478667382812500000e+04
-2.478806250000000000e+04
-2.478924804687500000e+04
-2.478768554687500000e+04
-2.478773242187500000e+04
-2.478606445312500000e+04
-2.479119921875000000e+04
-2.478837695312500000e+04
-2.478980273437500000e+04
-2.478700390625000000e+04
-2.478859179687500000e+04
-2.479055273437500000e+04
-2.478928125000000000e+04
-2.479076953125000000e+04
-2.478721093750000000e+04
-2.478978710937500000e+04
-2.478910156250000000e+04
-2.479147460937500000e+04
-2.479179687500000000e+04
-2.479107031250000000e+04
-2.478748437500000000e+04
-2.478937304687500000e+04
-2.478766601562500000e+04
-2.478865039062500000e+04
-2.478644921875000000e+04
-2.478820312500000000e+04
-2.478823046875000000e+04
-2.479027929687500000e+04
-2.478863281250000000e+04
-2.479111328125000000e+04
-2.479029296875000000e+04
-2.478917578125000000e+04
-2.479046484375000000e+04
-2.479148046875000000e+04
-2.478812109375000000e+04
-2.478758203125000000e+04
-2.478889257812500000e+04
-2.479156640625000000e+04
-2.479086328125000000e+04
-2.478621289062500000e+04
-2.478940234375000000e+04
-2.478753320312500000e+04
-2.478949609375000000e+04
-2.478875390625000000e+04
-2.478729296875000000e+04
-2.478930078125000000e+04
-2.479127539062500000e+04
-2.478838085937500000e+04
-2.479002929687500000e+04
-2.479086328125000000e+04
-2.478983984375000000e+04
-2.479133984375000000e+04
-2.478715625000000000e+04
-2.478850781250000000e+04
-2.478912109375000000e+04
-2.478717968750000000e+04
-2.479054687500000000e+04
-2.478846093750000000e+04
-2.477722265625000000e+04
-2.479182812500000000e+04
-2.479077734375000000e+04
-2.479055468750000000e+04
-2.478824414062500000e+04
-2.478865625000000000e+04
-2.479106054687500000e+04
-2.479104296875000000e+04
-2.478475781250000000e+04
-2.478773632812500000e+04
-2.478859179687500000e+04
-2.478776953125000000e+04
-2.478740625000000000e+04
-2.478984765625000000e+04
-2.478819140625000000e+04
-2.478971093750000000e+04
-2.479019921875000000e+04
-2.479189843750000000e+04
-2.479166406250000000e+04
-2.478704296875000000e+04
-2.479163281250000000e+04
-2.479183398437500000e+04
-2.478935937500000000e+04
-2.479089843750000000e+04
-2.478962890625000000e+04
-2.478909375000000000e+04
-2.479112500000000000e+04
-2.479060546875000000e+04
-2.478856445312500000e+04
-2.478988867187500000e+04
-2.479127929687500000e+04
-2.478780078125000000e+04
-2.478796093750000000e+04
-2.479014453125000000e+04
-2.479006250000000000e+04
-2.478659375000000000e+04
-2.479078515625000000e+04
-2.478884570312500000e+04
-2.478808593750000000e+04
-2.478455859375000000e+04
-2.478923046875000000e+04
-2.479184375000000000e+04
-2.478870507812500000e+04
-2.478674804687500000e+04
-2.478456640625000000e+04
-2.479134765625000000e+04
-2.478958593750000000e+04
-2.478768164062500000e+04
-2.478587109375000000e+04
-2.478742578125000000e+04
-2.478967578125000000e+04
-2.478993359375000000e+04
-2.478603710937500000e+04
-2.478953125000000000e+04
-2.478565625000000000e+04
-2.479090429687500000e+04
-2.478711328125000000e+04
-2.478548632812500000e+04
-2.479101171875000000e+04
-2.479004296875000000e+04
-2.478584765625000000e+04
-2.479005468750000000e+04
-2.477950390625000000e+04
-2.478679296875000000e+04
-2.478835937500000000e+04
-2.479057812500000000e+04
-2.478431250000000000e+04
-2.478938671875000000e+04
-2.479079687500000000e+04
-2.478804882812500000e+04
-2.478853906250000000e+04
-2.479014648437500000e+04
-2.479169531250000000e+04
-2.478770507812500000e+04
-2.478667578125000000e+04
-2.479064062500000000e+04
-2.479041992187500000e+04
-2.478188867187500000e+04
-2.479023046875000000e+04
-2.479145117187500000e+04
-2.479118164062500000e+04
-2.479151171875000000e+04
-2.479083007812500000e+04
-2.478384765625000000e+04
-2.479121093750000000e+04
-2.479127343750000000e+04
-2.479091796875000000e+04
-2.479056250000000000e+04
-2.478740039062500000e+04
-2.478798242187500000e+04
-2.478716992187500000e+04
-2.479003515625000000e+04
-2.478828320312500000e+04
-2.478809375000000000e+04
-2.478948632812500000e+04
-2.478857812500000000e+04
-2.479015039062500000e+04
-2.479084179687500000e+04
-2.478583593750000000e+04
-2.478525585937500000e+04
-2.479025195312500000e+04
-2.478748828125000000e+04
-2.478888671875000000e+04
-2.478527343750000000e+04
-2.478610156250000000e+04
-2.479144531250000000e+04
-2.479142968750000000e+04
-2.479093164062500000e+04
-2.479168554687500000e+04
-2.478873632812500000e+04
-2.479050390625000000e+04
-2.479051757812500000e+04
-2.479026953125000000e+04
-2.479105273437500000e+04
-2.479008593750000000e+04
-2.479106054687500000e+04
-2.478483007812500000e+04
-2.479010156250000000e+04
-2.478821679687500000e+04
-2.477839453125000000e+04
-2.478954687500000000e+04
-2.478969726562500000e+04
-2.479010937500000000e+04
-2.478981640625000000e+04
-2.478902148437500000e+04
-2.479015234375000000e+04
-2.479053906250000000e+04
-2.479104296875000000e+04
-2.478717968750000000e+04
-2.478877343750000000e+04
-2.478353906250000000e+04
-2.478975390625000000e+04
-2.479186328125000000e+04
-2.478680859375000000e+04
-2.478755078125000000e+04
-2.478808593750000000e+04
-2.478932226562500000e+04
-2.478839062500000000e+04
-2.479150195312500000e+04
-2.479109960937500000e+04
-2.478725390625000000e+04
-2.478914843750000000e+04
-2.479101562500000000e+04
-2.478899609375000000e+04
-2.478971484375000000e+04
-2.479032031250000000e+04
-2.479050390625000000e+04
-2.478883203125000000e+04
-2.479073242187500000e+04
-2.479171484375000000e+04
-2.478752539062500000e+04
-2.478111328125000000e+04
-2.479022265625000000e+04
-2.478829687500000000e+04
-2.479174218750000000e+04
-2.479090039062500000e+04
-2.478663281250000000e+04
-2.478992187500000000e+04
-2.478200976562500000e+04
-2.478595312500000000e+04
-2.478959179687500000e+04
-2.478944726562500000e+04
-2.478400585937500000e+04
-2.478939843750000000e+04
-2.479000000000000000e+04
-2.478474609375000000e+04
-2.478726171875000000e+04
-2.479033984375000000e+04
-2.479018359375000000e+04
-2.479048828125000000e+04
-2.479158203125000000e+04
-2.479090039062500000e+04
-2.478801171875000000e+04
-2.479098632812500000e+04
-2.479136328125000000e+04
-2.478476953125000000e+04
-2.479095117187500000e+04
-2.479127539062500000e+04
-2.478993359375000000e+04
-2.479157812500000000e+04
-2.478981640625000000e+04
-2.479173046875000000e+04
-2.478374218750000000e+04
-2.478961718750000000e+04
-2.479156640625000000e+04
-2.478976953125000000e+04
-2.478778125000000000e+04
-2.478658984375000000e+04
-2.478650781250000000e+04
-2.479076171875000000e+04
-2.479062500000000000e+04
-2.479041601562500000e+04
-2.478658593750000000e+04
-2.478903906250000000e+04
-2.478959179687500000e+04
-2.478875195312500000e+04
-2.478790234375000000e+04
-2.478971875000000000e+04
-2.479120703125000000e+04
-2.478764453125000000e+04
-2.478833203125000000e+04
-2.478987500000000000e+04
-2.479127539062500000e+04
-2.478361328125000000e+04
-2.478941406250000000e+04
-2.479107812500000000e+04
-2.479066015625000000e+04
-2.479062500000000000e+04
-2.478785742187500000e+04
-2.478725390625000000e+04
-2.478663671875000000e+04
-2.479004882812500000e+04
-2.478598242187500000e+04
-2.478671093750000000e+04
-2.479072265625000000e+04
-2.478412890625000000e+04
-2.478870312500000000e+04
-2.479082421875000000e+04
-2.478083984375000000e+04
-2.479036718750000000e+04
-2.479019726562500000e+04
-2.478620312500000000e+04
-2.479150781250000000e+04
-2.478863085937500000e+04
-2.479110546875000000e+04
-2.478850781250000000e+04
-2.478665234375000000e+04
-2.478695312500000000e+04
-2.478928515625000000e+04
-2.479094921875000000e+04
-2.479141992187500000e+04
-2.479025000000000000e+04
-2.478961914062500000e+04
-2.478829296875000000e+04
-2.479020117187500000e+04
-2.478861718750000000e+04
-2.479104296875000000e+04
-2.478987890625000000e+04
-2.479115429687500000e+04
-2.478938867187500000e+04
-2.478672265625000000e+04
-2.478972265625000000e+04
-2.479093359375000000e+04
-2.479078125000000000e+04
-2.478800781250000000e+04
-2.478796875000000000e+04
-2.479073828125000000e+04
-2.478510156250000000e+04
-2.478942578125000000e+04
-2.479083593750000000e+04
-2.478841406250000000e+04
-2.479119921875000000e+04
-2.479150000000000000e+04
-2.479129296875000000e+04
-2.478516015625000000e+04
-2.478980468750000000e+04
-2.478997460937500000e+04
-2.479055859375000000e+04
-2.479113476562500000e+04
-2.478575000000000000e+04
-2.478280859375000000e+04
-2.479116992187500000e+04
-2.478745898437500000e+04
-2.479052539062500000e+04
-2.478880078125000000e+04
-2.478993554687500000e+04
-2.478871875000000000e+04
-2.478991601562500000e+04
-2.478974804687500000e+04
-2.478729492187500000e+04
-2.479096093750000000e+04
-2.478541015625000000e+04
-2.479185742187500000e+04
-2.478989648437500000e+04
-2.479141406250000000e+04
-2.479098437500000000e+04
-2.478922265625000000e+04
-2.478992187500000000e+04
-2.478825585937500000e+04
-2.478849023437500000e+04
-2.479137890625000000e+04
-2.478867382812500000e+04
-2.477950390625000000e+04
-2.479058007812500000e+04
-2.478735156250000000e+04
-2.478792578125000000e+04
-2.478358593750000000e+04
-2.478469921875000000e+04
-2.479182812500000000e+04
-2.479160351562500000e+04
-2.479076953125000000e+04
-2.479137109375000000e+04
-2.478942187500000000e+04
-2.478928906250000000e+04
-2.478982421875000000e+04
-2.478772656250000000e+04
-2.479109179687500000e+04
-2.479061718750000000e+04
-2.478256640625000000e+04
-2.479066015625000000e+04
-2.478765625000000000e+04
-2.479136718750000000e+04
-2.478419921875000000e+04
-2.478952148437500000e+04
-2.478367578125000000e+04
-2.478413281250000000e+04
-2.478966015625000000e+04
-2.479095312500000000e+04
-2.479118554687500000e+04
-2.479066406250000000e+04
-2.479095898437500000e+04
-2.479130468750000000e+04
-2.478649218750000000e+04
-2.479080078125000000e+04
-2.479026757812500000e+04
-2.479107421875000000e+04
-2.478991992187500000e+04
-2.478808203125000000e+04
-2.478653906250000000e+04
-2.479179296875000000e+04
-2.478966796875000000e+04
-2.478817187500000000e+04
-2.478969531250000000e+04
-2.478888281250000000e+04
-2.478740429687500000e+04
-2.478887109375000000e+04
-2.479088476562500000e+04
-2.478807812500000000e+04
-2.478821093750000000e+04
-2.479050390625000000e+04
-2.478997070312500000e+04
-2.479143554687500000e+04
-2.479058789062500000e+04
-2.478350976562500000e+04
-2.478993750000000000e+04
-2.478808203125000000e+04
-2.478849218750000000e+04
-2.478982812500000000e+04
-2.478759765625000000e+04
-2.479044921875000000e+04
-2.478888085937500000e+04
-2.478840429687500000e+04
-2.479098046875000000e+04
-2.478833203125000000e+04
-2.479062109375000000e+04
-2.478682421875000000e+04
-2.479136718750000000e+04
-2.477980468750000000e+04
-2.478526171875000000e+04
-2.479110156250000000e+04
-2.478812500000000000e+04
-2.479134765625000000e+04
-2.478899609375000000e+04
-2.478855273437500000e+04
-2.478609375000000000e+04
-2.478795703125000000e+04
-2.478869531250000000e+04
-2.479162109375000000e+04
-2.478833984375000000e+04
-2.479038085937500000e+04
-2.478315820312500000e+04
-2.478789257812500000e+04
-2.478913085937500000e+04
-2.479172265625000000e+04
-2.478562109375000000e+04
-2.479159765625000000e+04
-2.479110351562500000e+04
-2.479123437500000000e+04
-2.478840429687500000e+04
-2.478643554687500000e+04
-2.478723828125000000e+04
-2.479033984375000000e+04
-2.479138085937500000e+04
-2.478845312500000000e+04
-2.478838281250000000e+04
-2.478979101562500000e+04
-2.478878515625000000e+04
-2.478980859375000000e+04
-2.478541601562500000e+04
-2.478798242187500000e+04
-2.478990820312500000e+04
-2.478989062500000000e+04
-2.478911718750000000e+04
-2.478787695312500000e+04
-2.479060937500000000e+04
-2.478901757812500000e+04
-2.478861328125000000e+04
-2.479010937500000000e+04
-2.478752734375000000e+04
-2.478873828125000000e+04
-2.479018359375000000e+04
-2.478679296875000000e+04
-2.479053515625000000e+04
-2.479005664062500000e+04
-2.479059375000000000e+04
-2.478587109375000000e+04
-2.478785937500000000e+04
-2.479095898437500000e+04
-2.479082617187500000e+04
-2.479042578125000000e+04
-2.478701953125000000e+04
-2.478511914062500000e+04
-2.479040625000000000e+04
-2.479157812500000000e+04
-2.478930664062500000e+04
-2.478882812500000000e+04
-2.478914453125000000e+04
-2.479008984375000000e+04
-2.479150781250000000e+04
-2.478778515625000000e+04
-2.479019921875000000e+04
-2.478938671875000000e+04
-2.479018750000000000e+04
-2.478915429687500000e+04
-2.479102343750000000e+04
-2.479121289062500000e+04
-2.478853906250000000e+04
-2.478599023437500000e+04
-2.479098437500000000e+04
-2.479015234375000000e+04
-2.478879492187500000e+04
-2.479005468750000000e+04
-2.478950390625000000e+04
-2.479060937500000000e+04
-2.478890234375000000e+04
-2.478839648437500000e+04
-2.479130078125000000e+04
-2.478991796875000000e+04
-2.479044531250000000e+04
-2.479063671875000000e+04
-2.477844726562500000e+04
-2.478803125000000000e+04
-2.479078906250000000e+04
-2.478778515625000000e+04
-2.478982812500000000e+04
-2.478762500000000000e+04
-2.479056640625000000e+04
-2.478946875000000000e+04
-2.479148437500000000e+04
-2.478535156250000000e+04
-2.478448632812500000e+04
-2.478700781250000000e+04
-2.478975585937500000e+04
-2.478570117187500000e+04
-2.478572460937500000e+04
-2.478863085937500000e+04
-2.478990234375000000e+04
-2.479089648437500000e+04
