# Variable: A_1
# Sample shape: (3000,)
# Date: 2018-05-21 14:27:07.612434
1.552631348765165242e+01
1.572537063838342064e+01
1.578568251938380307e+01
1.594718274650434431e+01
1.567079952731900505e+01
1.559871743938259492e+01
1.585134182583315621e+01
1.559695685275083754e+01
1.576825866390629827e+01
1.575755980622204788e+01
1.574917618087647142e+01
1.569152952038445470e+01
1.595058229529722205e+01
1.572476386150254868e+01
1.554281548515293032e+01
1.535715176095528633e+01
1.559928542840525623e+01
1.571046096448540297e+01
1.557076596951360159e+01
1.589101512175375497e+01
1.580312947860664785e+01
1.564919180115609265e+01
1.534044380301332566e+01
1.543359107116389417e+01
1.548753587680455368e+01
1.593682901682424635e+01
1.566810534684614531e+01
1.558995564288119517e+01
1.546078439773492263e+01
1.600780210720228780e+01
1.548101657791008279e+01
1.543370444583025503e+01
1.567978865282668544e+01
1.566297631298124138e+01
1.571215518408694223e+01
1.571437577093874793e+01
1.534598931144654976e+01
1.544326444757028227e+01
1.560331887405597584e+01
1.571824177662429278e+01
1.578066612396015067e+01
1.593910224191695768e+01
1.580609348242962220e+01
1.527330459294154252e+01
1.564313238608112044e+01
1.585364615947535682e+01
1.578611407518208765e+01
1.609873209450306675e+01
1.577184085904264599e+01
1.583282532077956617e+01
1.560727014287647663e+01
1.560313591275371792e+01
1.571929946833810376e+01
1.572118631488624452e+01
1.569803073185484799e+01
1.574952895126178554e+01
1.554386048811341503e+01
1.589643499441023877e+01
1.585771877971872890e+01
1.534379255470150660e+01
1.571548434990473098e+01
1.580172500343815578e+01
1.552759305722940120e+01
1.550188308307253671e+01
1.579819124283429943e+01
1.560849930578481981e+01
1.524016049386765026e+01
1.562752943503980951e+01
1.549700117421364176e+01
1.584594123489153894e+01
1.560889579611812295e+01
1.559676843232671750e+01
1.579298878681378326e+01
1.583010533063018777e+01
1.583133501194108739e+01
1.603523550964953870e+01
1.568504821775746905e+01
1.588781674390424570e+01
1.555419833760897497e+01
1.567360056940672841e+01
1.581366803692433720e+01
1.546672581296330939e+01
1.596656013710424027e+01
1.561865595642586335e+01
1.557909929712475261e+01
1.569520580034793156e+01
1.584538331480959528e+01
1.553877595589822924e+01
1.563114987838896752e+01
1.591161859443251458e+01
1.562330458193487281e+01
1.547449301460812343e+01
1.593162996483466287e+01
1.581179031031957294e+01
1.549210121955696806e+01
1.573082942582271926e+01
1.560784103886953034e+01
1.570115025908044259e+01
1.600595746396912133e+01
1.605795838856924718e+01
1.589903159284897605e+01
1.594451819451734487e+01
1.551304961345081779e+01
1.597479921214847565e+01
1.553786093362819898e+01
1.558498609662471601e+01
1.595737286161592472e+01
1.601116121237058110e+01
1.576394380624789804e+01
1.615850698228673821e+01
1.563090583571993442e+01
1.535296080485097114e+01
1.573336840508628853e+01
1.521989922414845431e+01
1.579159900467512756e+01
1.544607674221481552e+01
1.589688494777768391e+01
1.530279833549302637e+01
1.557916715692236842e+01
1.557525446985661688e+01
1.524360352061469470e+01
1.592215566271361915e+01
1.596108015976074057e+01
1.567045489888105436e+01
1.538110052531845717e+01
1.516838652788950625e+01
1.574506869169655587e+01
1.589821056816100509e+01
1.566751022834697871e+01
1.543181120160930853e+01
1.578330927804958606e+01
1.582699191551029472e+01
1.579491339630184044e+01
1.580891334941018478e+01
1.573713883469579322e+01
1.545155336268808632e+01
1.553411095742647596e+01
1.537236056090379499e+01
1.562530137499928706e+01
1.555951125686837244e+01
1.581722708962603008e+01
1.602970738446191490e+01
1.571617420512708385e+01
1.580806959838783499e+01
1.515956636338153096e+01
1.577480000793713977e+01
1.585002963413723798e+01
1.561868150779593378e+01
1.560822702807772799e+01
1.555311982120791114e+01
1.524336415908912201e+01
1.531101206173435436e+01
1.576689374430524460e+01
1.554596421463429579e+01
1.580253117816473996e+01
1.549350159689223716e+01
1.556776438272096108e+01
1.554033487565588167e+01
1.588712389626803656e+01
1.547987294113427303e+01
1.610311534448256054e+01
1.567504680917360993e+01
1.546408549170214108e+01
1.569936886078677496e+01
1.555970736178609037e+01
1.572407224740184617e+01
1.581940563992330340e+01
1.578692794539206190e+01
1.548327434214141185e+01
1.570811981723514883e+01
1.604970792125894263e+01
1.614405814760776536e+01
1.570332805585744218e+01
1.588285862202036469e+01
1.576318214354643743e+01
1.567921257503972754e+01
1.548840918110455966e+01
1.578017017105930719e+01
1.545852724203039230e+01
1.609311159045844164e+01
1.539125966154326441e+01
1.565910130362325248e+01
1.547422525197486465e+01
1.548253055253255006e+01
1.579462822219288221e+01
1.569751989145317772e+01
1.610553956443310497e+01
1.576075646360815519e+01
1.565089505134986325e+01
1.563439622703721632e+01
1.552539206581283260e+01
1.534150624184095513e+01
1.541198389118591017e+01
1.575234747710040750e+01
1.568667870035535117e+01
1.551618459847093057e+01
1.580454846581385198e+01
1.563515548492773810e+01
1.573785482358573162e+01
1.570936275282974748e+01
1.562379697646910870e+01
1.565452579703826252e+01
1.547860798895927026e+01
1.549517796729857366e+01
1.584289653153589050e+01
1.565483125130104725e+01
1.582814788995382038e+01
1.587618633333068097e+01
1.570481739232095464e+01
1.603884160251389801e+01
1.548980969906911120e+01
1.591025283236485244e+01
1.568465474317452646e+01
1.551870762478636046e+01
1.560698987567286444e+01
1.601031695945840738e+01
1.582401681928274328e+01
1.598449655196090902e+01
1.597323824211900245e+01
1.554644867045027823e+01
1.583095277919451505e+01
1.556712747607110181e+01
1.579155606815638713e+01
1.592372473403680466e+01
1.588572205627805012e+01
1.544305506274554673e+01
1.570092010121437376e+01
1.587622327176106651e+01
1.593281179886088239e+01
1.583088062644047866e+01
1.553389568269519394e+01
1.560983648724157291e+01
1.550326164960795161e+01
1.600820225659219531e+01
1.567940849124068592e+01
1.589694590268058327e+01
1.609657556373689502e+01
1.555828034979498042e+01
1.574527249983570343e+01
1.584073844782990470e+01
1.587145547159690118e+01
1.565690481947793344e+01
1.571328900171993226e+01
1.549149428698496322e+01
1.584739279543579293e+01
1.553218178987096643e+01
1.551383409378805034e+01
1.576416045806392319e+01
1.545002960699937766e+01
1.558720128345107980e+01
1.573603751071896184e+01
1.577084349468292324e+01
1.560840920620841032e+01
1.549027105761878431e+01
1.524560546252979520e+01
1.562614762058302809e+01
1.585690762675691445e+01
1.576259628379456146e+01
1.554054758089864130e+01
1.582021239580603122e+01
1.590345361383045386e+01
1.565170104781879523e+01
1.548282593977183907e+01
1.558165930866069537e+01
1.528501834402392845e+01
1.583378183147086027e+01
1.580946403533003242e+01
1.544552526697626682e+01
1.578489420553433398e+01
1.553538802995285728e+01
1.593998156180384740e+01
1.558718294973871465e+01
1.553911337262151804e+01
1.559815236985462050e+01
1.543692000693400068e+01
1.586924915990031515e+01
1.553867497796373875e+01
1.566818706038940334e+01
1.587875460938147221e+01
1.553165321164149404e+01
1.586467248728145840e+01
1.568514465610014952e+01
1.556048442007413612e+01
1.578748491762165784e+01
1.607433746998223967e+01
1.555978639326297674e+01
1.604289127227988487e+01
1.561178598672303330e+01
1.564830730398136893e+01
1.542141883533076374e+01
1.579383134197967919e+01
1.560554946043864710e+01
1.563763062323780240e+01
1.558168545827304463e+01
1.587398023966583338e+01
1.577295261673450177e+01
1.576969069323740591e+01
1.554255245056839740e+01
1.580114277702810632e+01
1.579012896909392616e+01
1.537659581514262896e+01
1.547919568747376573e+01
1.575372359251372956e+01
1.586294208988658738e+01
1.568335228764369660e+01
1.539200782939474266e+01
1.567485454469229111e+01
1.567651848741463283e+01
1.547246808044255317e+01
1.585131768725745260e+01
1.562320184338021356e+01
1.566444424751384012e+01
1.566787440221421868e+01
1.572685738943845379e+01
1.568060230622339546e+01
1.564407153345844215e+01
1.549858378373275514e+01
1.602114493849171950e+01
1.597641502015870962e+01
1.543437795244125788e+01
1.556442428068968198e+01
1.605259635432376086e+01
1.559476753905657809e+01
1.577363752832558141e+01
1.563803110164630183e+01
1.571158508088582195e+01
1.562821704900845354e+01
1.562972908356537260e+01
1.565233111240534569e+01
1.567130683506121613e+01
1.543743420265104938e+01
1.565289467424590342e+01
1.570386559311732988e+01
1.585314066159867252e+01
1.592678741155469346e+01
1.564411765943372679e+01
1.572940258545244596e+01
1.575878022518765498e+01
1.587076736713139091e+01
1.557083990054395528e+01
1.578007187318343796e+01
1.560470197665580905e+01
1.552379852196839316e+01
1.603858842373152171e+01
1.572757058280418185e+01
1.590025988400004664e+01
1.525528380257851424e+01
1.549469872506748835e+01
1.597458639438252170e+01
1.556574207094769413e+01
1.568551888199709943e+01
1.565418063088112355e+01
1.560767245454774077e+01
1.570234080872492299e+01
1.573478956111789273e+01
1.596270418144612435e+01
1.578196369459544357e+01
1.581251075655859317e+01
1.563076453175814073e+01
1.577088376846396045e+01
1.543566586833188481e+01
1.606026509976512884e+01
1.601955706643113686e+01
1.582354045637303841e+01
1.560875874319520840e+01
1.572206518647104012e+01
1.599349115424864998e+01
1.576257748031155614e+01
1.562834108568156033e+01
1.552854830696084854e+01
1.577495417116738530e+01
1.572907784238506679e+01
1.594148275344111276e+01
1.533449449433208223e+01
1.575769566408902911e+01
1.585268264858009246e+01
1.560419783929444826e+01
1.566972570505126505e+01
1.567481367091348510e+01
1.600271386799653683e+01
1.555760688066079034e+01
1.553969733892733096e+01
1.551383646936091232e+01
1.572497092032022081e+01
1.569104210401720678e+01
1.574943020624546897e+01
1.578541693112860678e+01
1.554138651310355712e+01
1.534859823696170444e+01
1.570562354615957013e+01
1.571489653115735408e+01
1.587422426840030099e+01
1.560893829081128104e+01
1.587761847538265769e+01
1.574719463638403916e+01
1.571057915080133327e+01
1.575234476648587822e+01
1.551205580884992230e+01
1.604176777402949838e+01
1.581051638167968498e+01
1.532741313470147482e+01
1.545635681435454423e+01
1.585137527485420250e+01
1.564701727461340575e+01
1.605192941672769180e+01
1.569549551405010490e+01
1.552456837461635963e+01
1.572109813771036713e+01
1.551291321490816699e+01
1.569840852422255217e+01
1.578894970715087709e+01
1.539094650507843376e+01
1.575944633955541185e+01
1.572426567958188315e+01
1.583800888663269468e+01
1.564328131719535442e+01
1.569876744511595668e+01
1.578371411056464524e+01
1.551207773982480731e+01
1.568579133103146539e+01
1.582539214206586919e+01
1.550931635482633553e+01
1.548135043796728638e+01
1.575999407791305629e+01
1.576286647810025876e+01
1.566369821383264593e+01
1.565519041253216059e+01
1.565234457835117432e+01
1.574416256939251824e+01
1.556353943791072147e+01
1.559903779036554106e+01
1.597491442442309761e+01
1.558328014527670291e+01
1.590431895041656851e+01
1.574559656987682921e+01
1.570603616777217937e+01
1.573595261951887814e+01
1.560789929978794355e+01
1.585058330040582675e+01
1.601020207400102180e+01
1.544870592193829673e+01
1.563392656408267456e+01
1.588921070020068527e+01
1.595073280706676222e+01
1.580725115736658992e+01
1.585927694343153682e+01
1.549018504006300923e+01
1.556119116166201977e+01
1.560362616163734728e+01
1.582742638593681583e+01
1.558556250327587200e+01
1.560442372477297823e+01
1.559879031098455826e+01
1.563617518587144595e+01
1.559060059172756318e+01
1.571269780834743557e+01
1.579213102267273605e+01
1.538147328370107481e+01
1.583857781494312889e+01
1.578749296277329606e+01
1.539915143426433275e+01
1.574974360372284288e+01
1.591927664411244159e+01
1.542882836531766522e+01
1.560050199860451237e+01
1.574022083055282195e+01
1.574989903703164629e+01
1.594736841826407847e+01
1.562676126149793632e+01
1.568548405886477681e+01
1.542294681247857291e+01
1.564692467693112299e+01
1.538848798058760359e+01
1.559702866885860928e+01
1.552025508830889677e+01
1.575229187149546206e+01
1.580995713316884732e+01
1.560443108085005903e+01
1.542410423699317867e+01
1.572113862653817939e+01
1.580059387620507572e+01
1.557356611136629176e+01
1.558482890661277587e+01
1.562439347258448841e+01
1.570897488507941908e+01
1.552571554276015675e+01
1.577186843214079559e+01
1.601190558971398303e+01
1.558694175798324544e+01
1.570127505697158377e+01
1.554283279499375681e+01
1.573684889463015146e+01
1.562791372784931454e+01
1.556697950974636235e+01
1.583846109873473118e+01
1.600016857434144413e+01
1.577813866363164941e+01
1.584386649789707491e+01
1.571333563263122457e+01
1.580887528730212210e+01
1.584915105672639513e+01
1.604410164380813342e+01
1.577265584152324962e+01
1.586627104055801141e+01
1.547919312468319752e+01
1.605827627110003064e+01
1.577297074078640193e+01
1.578689967507587433e+01
1.554079937553083823e+01
1.589376470380495299e+01
1.548540653315123983e+01
1.561777773030599903e+01
1.583241798055663452e+01
1.591218655946438609e+01
1.566859932650277365e+01
1.573975637518988613e+01
1.569502193048551142e+01
1.544115142853556399e+01
1.584156743190005301e+01
1.583239123608406196e+01
1.546791300100039379e+01
1.574885257233131064e+01
1.578226829134420228e+01
1.589452984326429608e+01
1.606349956135461099e+01
1.557090290462277871e+01
1.587234658962673706e+01
1.548487916151252186e+01
1.581874706644084583e+01
1.557666831537891916e+01
1.587233866323913034e+01
1.527566614525426658e+01
1.559457770718709213e+01
1.568686304756401029e+01
1.572621578051955460e+01
1.586928684565717873e+01
1.576901345220512773e+01
1.598075079321329817e+01
1.593055898655783764e+01
1.567836666404163459e+01
1.526870542235103301e+01
1.574981365232631525e+01
1.554248245067947565e+01
1.567099602911520151e+01
1.564109549977501601e+01
1.546383246470407968e+01
1.575784054248432930e+01
1.580835212489080988e+01
1.573166511724639882e+01
1.581411117838227653e+01
1.542301559910420394e+01
1.549797878045161781e+01
1.554716871170638726e+01
1.566892230078675396e+01
1.554586269310442859e+01
1.589530437269243102e+01
1.577221365115300777e+01
1.578712319691360833e+01
1.538456102742349962e+01
1.573489714992107125e+01
1.566947608119172308e+01
1.594831355164360431e+01
1.569603741128840291e+01
1.561986312279565858e+01
1.565041000069145483e+01
1.562505140349671962e+01
1.576468352688616292e+01
1.578173946525622107e+01
1.546395820626424111e+01
1.538956086313005578e+01
1.566656003404629516e+01
1.571310073440612243e+01
1.610304117277524583e+01
1.581856439441843420e+01
1.589216421947928382e+01
1.588771639194296981e+01
1.575191633905861188e+01
1.588808791130221998e+01
1.600775519925896972e+01
1.562634880942329829e+01
1.593355316560761281e+01
1.558242353561843530e+01
1.564091923873837153e+01
1.587798887919534252e+01
1.609872557093037670e+01
1.561856249958622911e+01
1.554595356803739037e+01
1.594331968398596366e+01
1.568897734118301557e+01
1.549435366656888036e+01
1.600592877954230531e+01
1.550711932258798598e+01
1.579727825785090012e+01
1.561898081066137500e+01
1.578055957703033307e+01
1.600783408682989517e+01
1.572333033268146174e+01
1.558276890687341698e+01
1.595246829236502961e+01
1.566788289555160496e+01
1.569620621419755757e+01
1.576937799070686097e+01
1.598487362958960034e+01
1.553253789524883288e+01
1.586323882320161260e+01
1.597325649162374361e+01
1.579211591725987596e+01
1.597880083167000720e+01
1.537036378353970179e+01
1.552635207003615037e+01
1.574655756914836857e+01
1.576784278616626445e+01
1.574716325468098965e+01
1.573982289893585396e+01
1.575884332455422943e+01
1.566412212252186364e+01
1.569851316436523092e+01
1.573065013240385390e+01
1.585534146608853767e+01
1.573293912069266653e+01
1.559343860559283002e+01
1.578880547354889075e+01
1.574384778254024830e+01
1.601179412810779823e+01
1.614833294111084072e+01
1.559056883119310477e+01
1.578859288219864965e+01
1.584728956637083819e+01
1.556273139142056294e+01
1.580729876998976202e+01
1.559875563592192727e+01
1.524065271563019408e+01
1.539161361168506659e+01
1.580521072145034189e+01
1.611886622284496084e+01
1.576153767187515697e+01
1.580513290899697587e+01
1.554992306804581403e+01
1.578243310835401836e+01
1.562885812157632159e+01
1.592370084580571366e+01
1.555866783732857428e+01
1.563507916016357413e+01
1.583429855152142096e+01
1.565089284927152669e+01
1.570589500997531118e+01
1.577686185693885967e+01
1.607916169860680000e+01
1.558950137602566777e+01
1.550315120273870662e+01
1.564184659231804986e+01
1.562351962460089183e+01
1.557686843609004512e+01
1.536619201708979077e+01
1.606704053696659429e+01
1.556587091858405714e+01
1.573764604033896219e+01
1.553551842139934180e+01
1.560869498656608378e+01
1.543770255281368797e+01
1.543855135514508525e+01
1.581928989590580592e+01
1.531020831563439621e+01
1.554376999778051527e+01
1.566510240822588429e+01
1.576490452297803380e+01
1.564921156057725860e+01
1.591139082068457178e+01
1.558722127862871609e+01
1.562965399801530353e+01
1.557530908948336013e+01
1.587717540252836912e+01
1.555983563943152248e+01
1.541064283578848837e+01
1.571035251453279713e+01
1.593535381736318968e+01
1.592281428531901710e+01
1.567380793253601290e+01
1.584557075067979781e+01
1.579469181651819909e+01
1.574533576117164912e+01
1.577332190106258203e+01
1.577421360684939167e+01
1.567610081369821629e+01
1.551239024142970102e+01
1.554126258901713697e+01
1.579071700482656482e+01
1.588838643356896085e+01
1.555136947047167517e+01
1.567874486205353080e+01
1.558606403611641866e+01
1.545691679049682854e+01
1.562969186890808970e+01
1.599629250843259776e+01
1.552228424177823207e+01
1.559594656136452073e+01
1.573449098105091259e+01
1.555762787221428312e+01
1.582713606466897716e+01
1.575476242675577154e+01
1.554227887651189022e+01
1.585975989054063184e+01
1.568028372500549139e+01
1.595266414591735327e+01
1.569640786558003676e+01
1.580663453152869913e+01
1.598425576219396582e+01
1.557776632671135708e+01
1.583828353390329724e+01
1.588842554585018441e+01
1.564460170189133770e+01
1.554066297613577241e+01
1.557772714512993950e+01
1.586056759988362863e+01
1.549918105328625373e+01
1.545896849916058891e+01
1.547069024865602849e+01
1.562184567026172743e+01
1.550600160157754637e+01
1.556150034604811871e+01
1.557580441090921219e+01
1.579279964983221696e+01
1.530805785193518354e+01
1.564768111791373251e+01
1.588847101656644156e+01
1.581333806966121713e+01
1.553996467841199980e+01
1.559578859430268238e+01
1.571088791682645436e+01
1.552640704488371881e+01
1.566353225621737089e+01
1.579260748791699065e+01
1.579055327704106837e+01
1.539532922677522464e+01
1.569049688282147059e+01
1.593613350647420113e+01
1.546249014320602377e+01
1.561714626257920457e+01
1.611673924082960241e+01
1.579547372709515685e+01
1.563699226613849902e+01
1.588653821537459621e+01
1.563832447440757001e+01
1.610185211307733510e+01
1.592746211434097070e+01
1.568813306511516359e+01
1.551831010501618024e+01
1.575550331458902598e+01
1.573520182507522236e+01
1.603254629946949805e+01
1.576402087068666802e+01
1.557840543600825534e+01
1.554782094337836185e+01
1.584206076589491197e+01
1.537999336104205916e+01
1.560917277970155403e+01
1.570229278442747223e+01
1.549480404420174828e+01
1.566082912664302462e+01
1.555273734322409318e+01
1.549111188171657894e+01
1.585543457955563440e+01
1.531158376850087954e+01
1.573374536323949613e+01
1.572646489361767941e+01
1.561709888750581143e+01
1.562054956115169091e+01
1.571466001188304595e+01
1.567186485637698823e+01
1.561564901408507211e+01
1.567472049534847045e+01
1.537363249969109447e+01
1.546545724177327052e+01
1.530266137734888510e+01
1.568354022210903764e+01
1.536641587011653343e+01
1.548842701326490179e+01
1.539815529892130108e+01
1.543454048693514302e+01
1.552165992634563452e+01
1.567148302990254649e+01
1.551869966481994645e+01
1.538734981119214851e+01
1.567888919775725043e+01
1.602035213298564287e+01
1.581352805583766141e+01
1.581054097010757076e+01
1.557640447202079059e+01
1.564494548836738375e+01
1.581685591372608002e+01
1.581094422412708944e+01
1.599499331356075515e+01
1.559823946565728292e+01
1.577353246466894099e+01
1.570546991234640721e+01
1.561105158302767393e+01
1.570107105540257741e+01
1.565021980909429367e+01
1.542622161784828805e+01
1.566251933726837819e+01
1.551957326545714366e+01
1.574228540192725490e+01
1.564880907666253052e+01
1.567011362668159435e+01
1.591186535991062101e+01
1.593399006678453134e+01
1.561308865655475842e+01
1.557305650989224333e+01
1.559592026512311236e+01
1.554841762543050088e+01
1.598480934671624887e+01
1.548697348190976442e+01
1.561038982566483035e+01
1.599520510002195195e+01
1.577669908195015580e+01
1.576789761554025304e+01
1.572118775858939799e+01
1.584830091921089945e+01
1.556746206489487605e+01
1.554994288052815676e+01
1.584925687264792415e+01
1.583784557978933449e+01
1.543375895292859568e+01
1.547365075176404936e+01
1.536204588814656979e+01
1.607155036640010692e+01
1.588965134624721998e+01
1.553224999108201132e+01
1.580432972818525528e+01
1.568554030117269704e+01
1.582911162397683036e+01
1.545969860552661324e+01
1.584201140197408009e+01
1.547527501865719657e+01
1.559407020783539721e+01
1.587425977636694796e+01
1.576380865206004067e+01
1.581482322880848557e+01
1.562697367071639931e+01
1.543719443372022226e+01
1.560657205448520202e+01
1.549681055066542790e+01
1.570028194509642461e+01
1.549384995445500834e+01
1.569491266034893329e+01
1.567394668670928759e+01
1.553589998862229749e+01
1.591465840584654856e+01
1.566784254835347667e+01
1.567857030304302768e+01
1.585206956052985205e+01
1.591729621125678307e+01
1.547679093287557350e+01
1.577751987350410090e+01
1.616525146319299822e+01
1.574102372428455610e+01
1.549996256836704589e+01
1.599357095954917085e+01
1.579135209680193164e+01
1.561041697943570306e+01
1.573036308904283942e+01
1.519647754774099369e+01
1.559804067917423431e+01
1.567780628049962388e+01
1.557910288157192191e+01
1.548140149879438532e+01
1.586435650767912797e+01
1.540695065778460204e+01
1.573891705400481023e+01
1.589701892299954622e+01
1.570140644312306044e+01
1.565263634940262349e+01
1.584345782711173278e+01
1.577362535431887558e+01
1.554787375458525922e+01
1.557011631340438385e+01
1.561371282097564972e+01
1.576108476108024625e+01
1.555994666946090277e+01
1.581101033018236457e+01
1.585313597482614689e+01
1.567718078488762856e+01
1.557177273147252272e+01
1.593340079142907761e+01
1.552440118350018139e+01
1.578260138597487128e+01
1.581323811527422230e+01
1.551722394475845945e+01
1.579284549200947119e+01
1.540324759884359729e+01
1.554613003552602990e+01
1.550025857480206248e+01
1.599903961759231841e+01
1.580003449165898921e+01
1.571511325450566510e+01
1.543522039903103327e+01
1.540487924390182783e+01
1.565640550064731329e+01
1.605581752955803410e+01
1.542192507706072391e+01
1.562814322661637867e+01
1.563908767543625267e+01
1.549352891558442380e+01
1.528950193422658899e+01
1.561766213276590243e+01
1.580225965582083347e+01
1.561777727416251693e+01
1.566808945984296386e+01
1.545827611296645898e+01
1.561282798939386751e+01
1.573956174682844811e+01
1.576302213427635301e+01
1.563450010746730889e+01
1.574663321924036374e+01
1.548544953622993781e+01
1.577173401401870656e+01
1.563275129909397521e+01
1.569663535688238909e+01
1.556601549701541742e+01
1.602353708399243359e+01
1.559081554740929931e+01
1.573569890124986159e+01
1.567439674973162944e+01
1.597089460641003456e+01
1.561433656127695002e+01
1.563991145031904217e+01
1.585018884779831794e+01
1.589116223180332987e+01
1.580756207167272542e+01
1.555976514853167814e+01
1.566793223785461109e+01
1.549980105761125770e+01
1.559073314491895346e+01
1.574914932095884801e+01
1.578501166155598767e+01
1.587913885079537479e+01
1.557443549208177380e+01
1.567674323261561398e+01
1.556729133250225594e+01
1.584045063405604914e+01
1.584994909385525652e+01
1.568931966216147700e+01
1.575999743419146348e+01
1.605323623736553529e+01
1.566109117671306450e+01
1.580728061943310436e+01
1.541938902826306190e+01
1.559740237970235555e+01
1.575739430810250319e+01
1.522919215630789580e+01
1.555899313922595262e+01
1.566785534783430656e+01
1.552026321165624800e+01
1.584349865812828462e+01
1.541190853207709921e+01
1.566469555648595779e+01
1.586037422926700557e+01
1.565742761882487422e+01
1.563301231406822644e+01
1.581402989418045202e+01
1.588879039416303129e+01
1.587283888907950669e+01
1.556924578156403172e+01
1.583862386060978800e+01
1.553837808489413597e+01
1.546259515038679311e+01
1.579369132502699813e+01
1.581549880676085529e+01
1.596546685638990759e+01
1.573585798382251255e+01
1.578255214457150224e+01
1.565324620523433907e+01
1.567101144315398642e+01
1.576770998733642770e+01
1.578355544173631486e+01
1.581370031692780920e+01
1.563927628310702467e+01
1.569048122224434039e+01
1.569379873535944725e+01
1.564082719667899646e+01
1.569128180556429619e+01
1.564681004705041190e+01
1.570732000842292386e+01
1.567090202876860339e+01
1.564287963435845796e+01
1.596584702153731428e+01
1.621460412992645672e+01
1.563857614321638678e+01
1.588776224563392425e+01
1.582479331142253365e+01
1.591544035125498091e+01
1.595539681736689808e+01
1.557548091542730440e+01
1.556115066228742094e+01
1.580462280201047243e+01
1.540593393736373962e+01
1.546354769665804341e+01
1.521422225031800757e+01
1.560807366467897772e+01
1.566611443802779391e+01
1.607679734885998357e+01
1.568949340886763366e+01
1.581940485235431915e+01
1.587483221066536210e+01
1.559779707624049294e+01
1.552640646192331175e+01
1.556439684436765525e+01
1.565535628415647018e+01
1.572459341142711331e+01
1.582683524526786023e+01
1.544517391148557373e+01
1.588124535006445370e+01
1.579110243546219650e+01
1.581153510045823118e+01
1.568618662149453868e+01
1.589181648286146853e+01
1.529406911010445747e+01
1.572986133729966873e+01
1.569319749818940402e+01
1.544719941038900579e+01
1.565302096169246049e+01
1.552242722473708980e+01
1.577876362797760912e+01
1.558967682559101142e+01
1.548119895534130563e+01
1.593054462698783347e+01
1.547287328863856359e+01
1.579334137092943990e+01
1.570434623207779268e+01
1.578332853393585644e+01
1.591508169150149854e+01
1.582026194197804791e+01
1.545333813892606578e+01
1.570857200921309094e+01
1.601540032568339456e+01
1.534640582106558959e+01
1.594522894261265122e+01
1.589170508437197071e+01
1.581333523553511711e+01
1.595274459578580029e+01
1.568584501700818912e+01
1.547002363700877225e+01
1.609872772502208349e+01
1.579729719457625059e+01
1.530372853991644355e+01
1.622659679427489010e+01
1.573120666794529754e+01
1.574065942314410549e+01
1.570820388628476216e+01
1.575249469426488780e+01
1.540303309809025123e+01
1.575401651367269729e+01
1.593051419955375536e+01
1.570843885729694911e+01
1.560293825588919603e+01
1.575066409634288433e+01
1.547756274036457036e+01
1.597390334356824759e+01
1.564537290064889774e+01
1.554221705249692143e+01
1.554528021548520123e+01
1.562900926877282615e+01
1.570714206070598706e+01
1.524607513838093631e+01
1.585664140678737866e+01
1.544772335782313277e+01
1.573690224068874599e+01
1.556854561838983564e+01
1.583565951789280746e+01
1.561732766732728095e+01
1.562474063381295331e+01
1.553362576372515136e+01
1.573236285070474061e+01
1.555397145355976107e+01
1.588412615408116579e+01
1.586030497602900624e+01
1.566562345967769687e+01
1.573169948696228637e+01
1.574251529292095952e+01
1.558419209984409726e+01
1.560328127962058531e+01
1.567415518345554304e+01
1.556055272021615465e+01
1.578991237709453266e+01
1.566382777285847716e+01
1.525631424753911602e+01
1.556553874481784661e+01
1.584668906962002488e+01
1.574252166193859992e+01
1.560625451926324025e+01
1.527802247946601355e+01
1.601165165406368729e+01
1.572782987544948341e+01
1.557352444528685176e+01
1.588190023420960273e+01
1.576608801622873024e+01
1.562164401102666034e+01
1.544101801855738998e+01
1.546919639418944215e+01
1.606318578702757804e+01
1.571539639627406260e+01
1.583581920253318387e+01
1.565330646507085000e+01
1.561364842119746754e+01
1.564851790042165902e+01
1.544707992231808369e+01
1.559436252557056868e+01
1.591866519742507791e+01
1.549348592343512898e+01
1.581760248697240101e+01
1.565011063130007685e+01
1.563729179600505326e+01
1.575837232420558465e+01
1.544403346522529041e+01
1.591486058299753203e+01
1.582260626228076639e+01
1.572985414155566275e+01
1.528963437655333735e+01
1.577341824615333721e+01
1.548477363295814513e+01
1.565328683520886344e+01
1.561352553918829855e+01
1.550847638494168024e+01
1.588469078494834008e+01
1.525964161927333507e+01
1.551826845419330070e+01
1.573089343835776610e+01
1.546716245435718307e+01
1.562963474686233667e+01
1.559458004883707005e+01
1.561253544456850229e+01
1.579796328422831841e+01
1.533708994425210292e+01
1.602113584636577315e+01
1.589623979459924819e+01
1.594698019930801713e+01
1.565569356195490869e+01
1.539090284084022286e+01
1.562221429146054952e+01
1.579149699867937606e+01
1.601709709717465913e+01
1.547869077981127006e+01
1.543757717168501209e+01
1.580006831535612832e+01
1.534918681138290353e+01
1.538546887653406614e+01
1.601797358980067543e+01
1.545383190627042680e+01
1.586172629150911639e+01
1.591677970328303360e+01
1.561969701504452779e+01
1.582237599452960097e+01
1.577999697146327485e+01
1.585681794203302353e+01
1.587028954438502915e+01
1.578983574971806192e+01
1.573134818795674761e+01
1.584477379220525961e+01
1.562010091278588675e+01
1.532435483647332042e+01
1.555575683716369717e+01
1.542782449640258591e+01
1.585652223583885956e+01
1.600606611130590551e+01
1.571529082214142470e+01
1.588094596659037627e+01
1.567530062310288663e+01
1.573461767535028599e+01
1.568828237697369765e+01
1.566462308539666459e+01
1.592460790800010528e+01
1.592064174262366727e+01
1.565978535971279051e+01
1.556025674168511408e+01
1.578836852350198683e+01
1.575626644841663548e+01
1.542903864218389209e+01
1.584829041807302907e+01
1.564201117285117704e+01
1.582017256949788830e+01
1.564060409039953647e+01
1.580186235307020048e+01
1.551699648824437361e+01
1.604284356327755034e+01
1.535469845179146375e+01
1.561472955525029782e+01
1.585926290130954719e+01
1.561792139056645645e+01
1.513596565667014282e+01
1.564742952655252495e+01
1.554946444372415293e+01
1.599567342374596635e+01
1.555538893132609957e+01
1.557745564535633598e+01
1.582041137922954555e+01
1.531135332192529042e+01
1.570672038335229104e+01
1.535571887121951740e+01
1.576204328586101155e+01
1.544200347741694479e+01
1.555975395513680581e+01
1.530980491215203365e+01
1.558808648852514978e+01
1.573057584641867734e+01
1.569866526012196850e+01
1.578736217560410360e+01
1.572212173168480298e+01
1.618443957367619745e+01
1.588390326689476950e+01
1.575968993474460511e+01
1.540857658798354102e+01
1.543637026794174361e+01
1.554110426055652994e+01
1.543742890513793142e+01
1.572972213825745058e+01
1.585213533015010867e+01
1.593047596697637047e+01
1.565278754268362249e+01
1.585238101252565279e+01
1.596757561604010256e+01
1.589643065972886937e+01
1.549033084122147841e+01
1.595509999380457700e+01
1.585821816573542975e+01
1.609753571756032997e+01
1.579822616573902216e+01
1.573341349586712035e+01
1.555094523457957401e+01
1.570036834810157167e+01
1.538300829950002679e+01
1.565117263310283136e+01
1.590563425363943750e+01
1.608723265839773831e+01
1.573738909172899270e+01
1.553108266114127289e+01
1.596303795698228178e+01
1.564330432550167238e+01
1.541417898769584482e+01
1.532577199493855780e+01
1.582225398691811868e+01
1.562657284563386817e+01
1.580007825287073153e+01
1.565664572026387269e+01
1.585484224157057831e+01
1.566323749252310549e+01
1.560383580497998146e+01
1.571544573178438142e+01
1.573519014168511809e+01
1.586093349122376495e+01
1.552181420676398460e+01
1.567387833464003144e+01
1.571934059130990669e+01
1.588877982126814814e+01
1.565204758870895141e+01
1.523656962827085515e+01
1.586194622896030992e+01
1.571454085895062214e+01
1.571595910404851004e+01
1.555086976732219206e+01
1.603044149866765267e+01
1.550999507358998919e+01
1.558858152814693909e+01
1.585359678039789166e+01
1.546430718233767543e+01
1.536568619824053705e+01
1.546918706545459798e+01
1.568537087470966007e+01
1.560354418773041907e+01
1.580457776816433935e+01
1.540347668079629528e+01
1.580906650533392188e+01
1.569484367654462709e+01
1.562292523540358857e+01
1.577198040535008516e+01
1.584710064302028165e+01
1.580837715180910052e+01
1.556853849466162032e+01
1.558735213882757620e+01
1.561259089876660333e+01
1.590519044766661771e+01
1.538998338342499927e+01
1.569250138323075561e+01
1.557955768085648529e+01
1.551501424411510577e+01
1.589940941294689303e+01
1.548424951978311981e+01
1.565648130315025455e+01
1.553510369923824896e+01
1.569953881531684203e+01
1.556088655028430523e+01
1.567585678478848976e+01
1.577446010489089723e+01
1.537135755003422943e+01
1.555844760111347469e+01
1.600145833191061939e+01
1.560881360809113438e+01
1.571878322355814994e+01
1.576072087644365993e+01
1.584141777277444696e+01
1.568832834865023784e+01
1.531988036824185606e+01
1.550318095536113283e+01
1.563566518156300944e+01
1.563216857452739994e+01
1.545829032458447116e+01
1.573511222500069806e+01
1.565659508799985211e+01
1.567256058179088640e+01
1.540800979569212714e+01
1.575070763407349439e+01
1.555169145003344688e+01
1.571171964260143916e+01
1.548990305156291036e+01
1.574932130205946734e+01
1.560191578311337146e+01
1.566275231532740442e+01
1.531507350540212364e+01
1.585393654791928242e+01
1.584295794940059388e+01
1.549943792189510461e+01
1.563454281533299550e+01
1.558853931171778306e+01
1.570323391876051211e+01
1.574499476120581676e+01
1.577470817397930780e+01
1.541083036065432843e+01
1.573762946133305540e+01
1.582899550800376964e+01
1.565806768992510101e+01
1.584855386409035560e+01
1.572262697037195878e+01
1.591077335472841803e+01
1.579741558316430527e+01
1.610177805163898057e+01
1.544599960801780014e+01
1.548887916136640897e+01
1.574714590670196479e+01
1.572871542876841389e+01
1.597761762900018923e+01
1.575012989260195262e+01
1.577348824287321349e+01
1.607585249219460977e+01
1.578622824420922832e+01
1.616590757646228127e+01
1.566620374361076173e+01
1.578350976746656009e+01
1.576477804763629820e+01
1.545003026753874487e+01
1.561175098621281165e+01
1.555608158697718224e+01
1.539612323537801863e+01
1.581416440618716912e+01
1.554823013295629686e+01
1.568376405180372046e+01
1.568514161680797514e+01
1.591513409479878227e+01
1.556551973727131433e+01
1.586956703136166524e+01
1.542226297205724173e+01
1.558742270449891265e+01
1.542587363365620945e+01
1.558868373206421687e+01
1.605830544827544060e+01
1.554269968558743642e+01
1.599022821708608788e+01
1.577625855219226203e+01
1.545179988886440903e+01
1.587851092881485116e+01
1.561943686867885894e+01
1.571982724249780716e+01
1.571511806173631065e+01
1.583118699819795339e+01
1.573531572156655223e+01
1.570003344408916490e+01
1.583908465944142563e+01
1.545754334511369521e+01
1.601176527337355182e+01
1.561491987698025241e+01
1.584408276869928756e+01
1.578682360684632968e+01
1.585137410191260976e+01
1.527351281540420658e+01
1.565815229142327425e+01
1.580404594853718159e+01
1.557795797289388595e+01
1.589470457946658222e+01
1.579365145442183049e+01
1.579837123407718380e+01
1.563196314354823890e+01
1.562861520554786843e+01
1.589893258346041094e+01
1.591735036295989580e+01
1.596199560233197801e+01
1.587628018449679956e+01
1.584895707580048452e+01
1.568673359749526064e+01
1.571224938608421517e+01
1.581128648307123719e+01
1.564988430127467112e+01
1.579265947926269931e+01
1.581135479361934415e+01
1.587603961921536211e+01
1.588350097207926481e+01
1.561777113535120343e+01
1.577301731763450121e+01
1.587724914138119914e+01
1.534763635949578031e+01
1.567689350378415014e+01
1.575040990060597679e+01
1.563444326895507785e+01
1.571501910620122544e+01
1.553918483422522279e+01
1.561901655986352466e+01
1.560400603837427091e+01
1.561326651433616064e+01
1.573342123745175059e+01
1.580385965283024063e+01
1.569734650195807824e+01
1.559266892537101512e+01
1.568163027901660200e+01
1.580443134068162969e+01
1.611241235409812589e+01
1.562294352493456095e+01
1.564385803951836174e+01
1.587507119058606619e+01
1.556620947641756914e+01
1.563457914851315067e+01
1.557607636711056820e+01
1.585457779600039707e+01
1.559086998136757707e+01
1.556213345773040047e+01
1.582203786878039686e+01
1.551071824748358274e+01
1.579400548062837473e+01
1.545040755896317108e+01
1.568075212269579843e+01
1.553982194717801057e+01
1.560974634541295458e+01
1.541539186998516087e+01
1.577879107079615828e+01
1.542857989513644945e+01
1.596153644845174746e+01
1.565903553574434248e+01
1.567851171926174203e+01
1.590508425345833921e+01
1.574375701869894328e+01
1.539111622341482999e+01
1.557794195459946529e+01
1.597777040023571260e+01
1.596938712214334366e+01
1.526326879376458479e+01
1.547767613345174986e+01
1.578013111038630711e+01
1.574863506663031032e+01
1.564077480093392936e+01
1.585739172280510445e+01
1.533366904531206742e+01
1.561515760228103389e+01
1.534039538015995419e+01
1.581206414471308896e+01
1.581384187403665109e+01
1.582377316738866213e+01
1.559244914132158222e+01
1.572321649535431476e+01
1.562717655643199244e+01
1.577244415043917236e+01
1.553215877997233818e+01
1.593118933852751695e+01
1.556442732777893312e+01
1.561488538306758578e+01
1.583955207956741695e+01
1.555597887085298225e+01
1.568512075273566531e+01
1.561927382667586883e+01
1.585108535166415322e+01
1.572327937241600182e+01
1.587222919322096004e+01
1.558232972232748104e+01
1.555583317814695121e+01
1.562365174485666941e+01
1.562223929861513660e+01
1.569058847960450542e+01
1.574491920786376831e+01
1.565783824989100381e+01
1.539685435401349878e+01
1.582998419097489951e+01
1.540312887795785279e+01
1.570476550749324041e+01
1.581580093062963854e+01
1.572738586434405583e+01
1.558612700876448365e+01
1.559588875841806832e+01
1.550772585941037640e+01
1.578447231559085395e+01
1.587814303469873423e+01
1.571686203767307966e+01
1.541847563774141427e+01
1.600377112150038528e+01
1.570603544556478504e+01
1.542738766234737291e+01
1.553443198092131183e+01
1.578466502402068272e+01
1.545493597802283858e+01
1.577167758729008717e+01
1.563226920639030837e+01
1.585122897927028340e+01
1.548136005331440401e+01
1.572995540924098101e+01
1.593745084506525700e+01
1.542736191909332710e+01
1.562148580331363945e+01
1.582128532062631443e+01
1.580249677681227816e+01
1.559173644875065889e+01
1.567789890709070022e+01
1.574197563059791172e+01
1.604331216648647640e+01
1.585892726177180378e+01
1.597740649252902223e+01
1.588136556423568280e+01
1.534398403106873765e+01
1.575098652786021702e+01
1.581925204010829589e+01
1.592141693171782002e+01
1.582304174277238928e+01
1.591774806762139605e+01
1.581934635330905614e+01
1.584015654695551945e+01
1.561069742506778724e+01
1.559514309159914980e+01
1.566897817242757895e+01
1.593521334352585939e+01
1.587743481801786416e+01
1.546347811271549233e+01
1.577229407991069721e+01
1.554494803637546241e+01
1.590713046470759551e+01
1.572110366112673674e+01
1.568840225791113063e+01
1.559734193569155813e+01
1.574706207853125406e+01
1.517564544864314158e+01
1.587446303169704187e+01
1.597757167383439914e+01
1.568211804024462097e+01
1.578628980090599221e+01
1.573624634654713894e+01
1.566379800060179406e+01
1.567181647872350858e+01
1.550795081572505474e+01
1.570393594560501072e+01
1.541894475358242822e+01
1.558570200299070052e+01
1.598552812655218958e+01
1.571421313016602817e+01
1.539785449000638806e+01
1.574525829797249443e+01
1.575253652970172702e+01
1.547802627448202983e+01
1.563885984843317623e+01
1.569018523642565199e+01
1.622140501527789169e+01
1.555312108160550721e+01
1.597669038190160506e+01
1.560222356290993240e+01
1.589317498972447140e+01
1.553373736432942209e+01
1.577015345783468270e+01
1.584313718194295006e+01
1.541147902856992502e+01
1.556696870357693285e+01
1.556758731986033872e+01
1.548533780266808968e+01
1.571392998904744154e+01
1.578242827650863767e+01
1.573938901745903252e+01
1.607158203763172821e+01
1.588763966828112828e+01
1.571554265901906078e+01
1.540590476608657511e+01
1.569107005315697023e+01
1.550512452838204780e+01
1.604830292791958968e+01
1.549475754120215676e+01
1.532591899896776155e+01
1.563841109545559149e+01
1.569046331927769167e+01
1.566749334302151375e+01
1.584235921692420668e+01
1.555058192397478933e+01
1.613380226602751222e+01
1.555339395709245309e+01
1.533742088663436753e+01
1.560052497182020126e+01
1.550875986200717804e+01
1.541616316842124057e+01
1.546480686315143949e+01
1.558178775413886008e+01
1.571496193848099665e+01
1.557392786506164839e+01
1.584577383722301036e+01
1.568668854249316347e+01
1.535083179751311633e+01
1.548867034748799476e+01
1.556767716468007201e+01
1.565771434156932429e+01
1.592152933544909388e+01
1.538645649654584346e+01
1.567486392020350650e+01
1.578841149972942581e+01
1.589436170494002276e+01
1.599426337815580190e+01
1.617196699639480073e+01
1.561369278990604315e+01
1.540568954775185162e+01
1.602555265166212095e+01
1.553037483693127996e+01
1.544431139312472290e+01
1.593785480779414243e+01
1.575693040127070077e+01
1.580479077682648636e+01
1.589815153187694818e+01
1.579635672745756914e+01
1.547466047539646006e+01
1.560233075462254426e+01
1.559867376257624549e+01
1.611651690515837387e+01
1.576856180414191932e+01
1.573673314748865337e+01
1.547369274413134832e+01
1.573809874742003245e+01
1.576822501760813111e+01
1.579608494706702260e+01
1.583785888412364251e+01
1.588211392857709114e+01
1.573850926159712316e+01
1.582060878231529699e+01
1.576997570911101398e+01
1.557759177797381511e+01
1.573131229928719499e+01
1.587901003427677793e+01
1.542705939215541555e+01
1.561939926014412983e+01
1.545180875796348019e+01
1.590868579172018116e+01
1.534493529215599317e+01
1.582903660625269282e+01
1.564487388950379909e+01
1.560473894562091246e+01
1.550683552914261121e+01
1.558375018236183074e+01
1.587144619366694798e+01
1.566736541494309698e+01
1.550505640458654177e+01
1.552290468219662856e+01
1.552815723214068022e+01
1.585949451839522517e+01
1.547347945925805490e+01
1.576861433527970746e+01
1.554441234612061429e+01
1.619681920550793919e+01
1.570255843100114568e+01
1.539630552548000075e+01
1.581351082606247616e+01
1.570011811260815193e+01
1.577210401161848097e+01
1.578348926746041414e+01
1.577690514554873857e+01
1.578108937083344365e+01
1.572895877630443096e+01
1.551244788811780495e+01
1.574480702215164030e+01
1.546188612863857514e+01
1.531093193878582959e+01
1.556045142603703191e+01
1.548799515051215536e+01
1.580677005554758097e+01
1.571732956713023022e+01
1.580317359962843504e+01
1.561315134158987661e+01
1.570942226973709133e+01
1.593776820277133055e+01
1.556821717969395635e+01
1.560160357392167541e+01
1.535623202702020151e+01
1.556981162590080814e+01
1.560154268024251145e+01
1.600601968055308078e+01
1.542103768848226686e+01
1.597235213405635967e+01
1.576236678701970284e+01
1.536983161455465208e+01
1.527799887232507459e+01
1.546178584012417900e+01
1.566549616843293435e+01
1.573181819439269979e+01
1.582035076481917457e+01
1.588192526740338373e+01
1.541667320647778894e+01
1.537396349245639549e+01
1.543026264854113094e+01
1.548725632071855252e+01
1.573611420507970671e+01
1.554076670577969566e+01
1.577043331880982890e+01
1.558248279598224073e+01
1.549864512039621012e+01
1.550968408438237311e+01
1.538028878431719093e+01
1.583651399858260156e+01
1.549667352147251442e+01
1.537381017583091491e+01
1.560248832134042551e+01
1.576315429945659119e+01
1.554032650829859108e+01
1.565419264772013186e+01
1.535837964446745119e+01
1.572148926101692723e+01
1.599219583770394948e+01
1.576462917250658258e+01
1.589999932833384122e+01
1.562349831757589769e+01
1.545919162044085482e+01
1.599778287630568130e+01
1.543765836341601094e+01
1.547371238567928664e+01
1.599216473566391805e+01
1.588126759730804238e+01
1.604961496019867084e+01
1.555831297850636297e+01
1.591001376380853394e+01
1.594841057762493186e+01
1.576823507457999085e+01
1.530098934969712765e+01
1.554337864618318754e+01
1.529902174811015847e+01
1.545851016753126750e+01
1.584728201071487952e+01
1.583996222056811476e+01
1.608979433472223519e+01
1.579355526264026999e+01
1.563560177648060190e+01
1.573790971762860025e+01
1.566989622251885095e+01
1.567686521396580801e+01
1.569807898451188954e+01
1.578961161203569930e+01
1.604383712275261686e+01
1.594284892432612644e+01
1.587586382896696335e+01
1.597728724160521629e+01
1.583360172703013546e+01
1.568297537771450756e+01
1.572401392601374681e+01
1.572090277067285058e+01
1.550863832921520746e+01
1.596077330272673045e+01
1.616652913673150493e+01
1.556281522172350051e+01
1.544755027222445953e+01
1.550614646672181784e+01
1.609221757690410826e+01
1.562458943665957278e+01
1.573856175207124686e+01
1.575518332641379615e+01
1.580328393807974230e+01
1.600732711470717717e+01
1.572490244079193111e+01
1.570174956800890165e+01
1.579570612079541370e+01
1.532648497801425869e+01
1.596314836621127675e+01
1.561753249431656165e+01
1.562201972061348521e+01
1.557849513871569513e+01
1.573484823808150779e+01
1.582100211630560693e+01
1.568873431168193555e+01
1.563152631025704409e+01
1.582838348355798352e+01
1.595374748773850726e+01
1.564030601326772718e+01
1.595252480868432166e+01
1.549249716147574496e+01
1.548669645228296154e+01
1.579908540170895392e+01
1.569312940137172774e+01
1.548425588778358630e+01
1.569670664323469289e+01
1.560775834882181989e+01
1.518503467412950414e+01
1.587389263811478202e+01
1.552513979142746692e+01
1.569392418059303118e+01
1.560181524263767194e+01
1.585620083778392875e+01
1.581128351638937168e+01
1.540268292448651444e+01
1.553308083973173126e+01
1.575948664634437968e+01
1.570094014243240288e+01
1.602980845383989461e+01
1.579665800954645860e+01
1.584076153173766599e+01
1.532126078534766123e+01
1.585913462901559434e+01
1.574486499017877605e+01
1.583177408952028919e+01
1.598595342217200432e+01
1.573213534639424260e+01
1.576068866328766838e+01
1.595552545345838169e+01
1.557971832021635983e+01
1.572402259967462435e+01
1.569600869134106169e+01
1.560207127051273801e+01
1.583078542040261283e+01
1.583634364001689754e+01
1.588188937363300646e+01
1.543716499043980939e+01
1.587846196375692465e+01
1.544268873744576354e+01
1.560060601038853179e+01
1.610340773558076322e+01
1.536708539557322162e+01
1.538268831615502918e+01
1.556891661264892157e+01
1.563338030882764329e+01
1.538152629033372065e+01
1.527961593933846274e+01
1.553536205059234732e+01
1.556876807981734423e+01
1.592351398794726869e+01
1.571647179978981512e+01
1.568216890685354947e+01
1.556363725141031296e+01
1.560254512925409642e+01
1.538360064695872076e+01
1.560272016089786717e+01
1.575921164388502405e+01
1.570749800618622771e+01
1.562522707417061163e+01
1.567059639372826751e+01
1.616046655712856861e+01
1.577390203755528120e+01
1.572725348264524925e+01
1.551523005763907648e+01
1.572928921900864196e+01
1.540708031575477399e+01
1.557715925069740237e+01
1.561461078374540179e+01
1.575163344562438006e+01
1.529307741607135362e+01
1.615214600460340222e+01
1.565902272016045238e+01
1.592344142847644406e+01
1.578453323091158289e+01
1.594959020297446628e+01
1.537960789493557812e+01
1.553635407572246585e+01
1.538373141920522968e+01
1.565347625873302206e+01
1.553667936505716973e+01
1.557135309740173312e+01
1.552254993418114815e+01
1.573050518661489328e+01
1.567693871556687846e+01
1.564252329641925954e+01
1.573038723111858062e+01
1.566781650714746910e+01
1.561747906510054129e+01
1.559569396008563125e+01
1.524085068947075783e+01
1.573526682360642148e+01
1.545449921758233458e+01
1.573179587314724870e+01
1.565239125220661442e+01
1.553735837082284732e+01
1.547202319142183313e+01
1.525062110885834521e+01
1.584030152725927998e+01
1.570482242096836067e+01
1.530819098706778902e+01
1.563131412522947983e+01
1.549349285091766681e+01
1.555471488154105764e+01
1.564159880582333173e+01
1.579445192199585790e+01
1.567759104911619339e+01
1.601987220191017514e+01
1.584233108543127067e+01
1.563593747568578962e+01
1.572924685193284056e+01
1.554637523194457316e+01
1.565818845308963958e+01
1.534869119049134767e+01
1.590446940336623172e+01
1.567043211064862263e+01
1.604420851176218221e+01
1.632106460123933189e+01
1.575989820503457928e+01
1.562112270719985929e+01
1.575474607006622385e+01
1.569370984096989119e+01
1.589521705909371718e+01
1.554779028547367936e+01
1.538483319121492876e+01
1.571574394587667811e+01
1.531834762093812152e+01
1.545821359470893519e+01
1.566570005097067053e+01
1.594819039313187581e+01
1.582944288622012863e+01
1.553871294161155525e+01
1.561458310694501606e+01
1.540683199619484256e+01
1.548606740374441770e+01
1.579377360671155905e+01
1.559939805852925687e+01
1.578799381706879501e+01
1.568215607537008616e+01
1.592301864487047780e+01
1.578879768603987799e+01
1.563232271245051486e+01
1.562775425275341767e+01
1.558470638419695931e+01
1.602673566031393904e+01
1.565999155985111102e+01
1.562201725375133954e+01
1.540201105374400825e+01
1.572833999849112629e+01
1.599277588961199115e+01
1.594903978187042881e+01
1.599680079218880557e+01
1.567473999825620190e+01
1.571822607132759586e+01
1.589205734035166095e+01
1.598464659818324662e+01
1.552152524561538272e+01
1.549262121029603989e+01
1.546960001865797629e+01
1.576883362143763279e+01
1.571397763971507544e+01
1.565231487806524235e+01
1.573394727332574838e+01
1.593894886354032714e+01
1.593260268984399275e+01
1.565279976831623721e+01
1.585378355535226369e+01
1.592581446219939600e+01
1.590370191623356000e+01
1.573472136097140606e+01
1.581601115471633179e+01
1.579283990295665241e+01
1.568317627568325356e+01
1.551465513010637132e+01
1.564442332825392690e+01
1.559136242069069489e+01
1.571582774978186947e+01
1.556783825503851126e+01
1.588831118213607496e+01
1.603243256084270385e+01
1.573056424533917763e+01
1.578486321227975964e+01
1.560328765930284511e+01
1.607436933849016469e+01
1.556082150065619985e+01
1.591653998826248895e+01
1.590969972369472352e+01
1.602392424968305562e+01
1.604324704499376608e+01
1.569967480029851359e+01
1.600963067203727164e+01
1.572714429093204203e+01
1.544325607995495631e+01
1.597799954574227677e+01
1.593732318968609540e+01
1.535960888164475158e+01
1.574466375958531827e+01
1.556224701530492460e+01
1.549009627436233316e+01
1.567013440658431200e+01
1.580601649007263276e+01
1.588656800667667035e+01
1.560815426167168241e+01
1.599466210212274753e+01
1.596742253019095337e+01
1.599644783767234912e+01
1.599540283496044069e+01
1.574889280461995078e+01
1.605807686040988358e+01
1.534495399284065442e+01
1.544766459315781937e+01
1.547334494854636411e+01
1.547583242025798000e+01
1.541397170936848049e+01
1.558380207990814803e+01
1.611549922330224405e+01
1.532869283860966902e+01
1.586737062319352631e+01
1.529388073481334231e+01
1.556916348685316365e+01
1.569653126940852239e+01
1.570438103336688407e+01
1.579386277183064102e+01
1.564715691391309527e+01
1.575836405141888541e+01
1.553888324015263400e+01
1.564769276919880348e+01
1.563474608726922099e+01
1.556408182068343748e+01
1.593257601126380330e+01
1.574897129837004073e+01
1.586284051520333804e+01
1.616211038792577170e+01
1.579939235762938843e+01
1.623151205735863201e+01
1.523140667266334525e+01
1.576592676632904499e+01
1.561300207884905866e+01
1.541929850648676315e+01
1.574586485316138784e+01
1.549611923566210692e+01
1.597642546526402896e+01
1.591033135777842666e+01
1.561393504534009224e+01
1.598457085549527612e+01
1.555809866364200467e+01
1.562958668203122237e+01
1.560848450943621835e+01
1.585039354078138096e+01
1.599686485756339671e+01
1.583493763331584070e+01
1.547428968235599811e+01
1.562746058112243119e+01
1.564723491012154355e+01
1.594020207671302281e+01
1.516799159313387690e+01
1.552781500981191165e+01
1.579333390855105357e+01
1.555718020598719775e+01
1.561551436687431504e+01
1.576795903839371071e+01
1.563588032690193685e+01
1.578725877427401869e+01
1.557460960257308891e+01
1.587264303218337247e+01
1.561352743559504574e+01
1.569938053100795017e+01
1.564041490200903262e+01
1.571189337955619436e+01
1.577205555406683679e+01
1.578088871775172919e+01
1.550175620321862446e+01
1.558347519847385598e+01
1.542283602364410200e+01
1.556042321982976162e+01
1.591618967126029993e+01
1.558179356793114856e+01
1.548652080656096253e+01
1.544331212107151963e+01
1.598536264107674931e+01
1.565539379597671754e+01
1.596720863146805058e+01
1.560573661857898742e+01
1.559792873352817644e+01
1.575666313998227075e+01
1.575742984289747284e+01
1.564301278361974390e+01
1.548948025901863623e+01
1.551317642530262120e+01
1.571215836693834866e+01
1.575608163073791168e+01
1.564925642315090926e+01
1.573973857123107933e+01
1.537536230378906943e+01
1.558728684348358051e+01
1.602067183325359778e+01
1.543058500937659261e+01
1.571002885800378301e+01
1.552976241256275358e+01
1.571580806700083954e+01
1.566720784476771300e+01
1.589580058986731004e+01
1.564773502628908020e+01
1.586304979243984725e+01
1.592929688301877533e+01
1.558586370624856343e+01
1.598526547061986136e+01
1.582428858936454219e+01
1.593984903990150315e+01
1.525134225689474476e+01
1.568692356057300330e+01
1.570596796989898536e+01
1.571343202252730720e+01
1.589085019955923705e+01
1.587321760788143798e+01
1.538241620455283432e+01
1.593955399789280314e+01
1.578167260226229551e+01
1.592314101048545893e+01
1.554774636592903825e+01
1.578955588734697812e+01
1.567943667528977159e+01
1.604991886395943368e+01
1.547485922980094841e+01
1.561624711509041852e+01
1.572559038831858302e+01
1.571568574247184458e+01
1.529615658318131111e+01
1.560913060008783582e+01
1.578423926184481552e+01
1.570269950709567119e+01
1.553915719299391363e+01
1.555839314939906792e+01
1.545990439344764944e+01
1.603455420900272088e+01
1.568781967216273721e+01
1.589845856474818220e+01
1.539519378890719992e+01
1.573045531226918570e+01
1.572378917919571784e+01
1.597960398153502837e+01
1.562440121296442008e+01
1.595204362448881241e+01
1.578688235377092397e+01
1.571407578919152748e+01
1.551913613872952524e+01
1.601969046082140480e+01
1.568890726469595265e+01
1.581404838268763768e+01
1.586564988880910931e+01
1.557838549762378122e+01
1.558395222747421727e+01
1.570066029694615573e+01
1.566179918319959086e+01
1.562987713300568693e+01
1.556052064849631478e+01
1.578077455071094626e+01
1.584974707558574458e+01
1.559915151290996427e+01
1.553479566565841985e+01
1.540849591716322031e+01
1.574607574096325990e+01
1.571340020233223811e+01
1.581958911591928718e+01
1.543563105911082900e+01
1.565887147842920868e+01
1.579522193135954744e+01
1.585396255331993132e+01
1.589203354381790234e+01
1.589118194757823233e+01
1.516999014109194199e+01
1.593491718325638296e+01
1.602050882117892883e+01
1.593427986080002157e+01
1.599582774888115466e+01
1.579873045478173132e+01
1.554246747098552817e+01
1.603186010698486896e+01
1.585452019119488831e+01
1.583094070091196137e+01
1.598197064739295215e+01
1.603066976921646969e+01
1.586584876387799881e+01
1.595549395347324761e+01
1.556975497848205414e+01
1.563185417452656623e+01
1.600650521255857583e+01
1.587697705573397933e+01
1.581231328647326961e+01
1.541392775160013073e+01
1.565996057800373187e+01
1.567342636647105536e+01
1.546933631981631230e+01
1.576417960264923934e+01
1.561069193923415277e+01
1.583001429225337553e+01
1.606164149727289470e+01
1.579994407798759326e+01
1.571684180304027656e+01
1.606749521038044293e+01
1.571153764158835031e+01
1.572242130167023433e+01
1.548769034662159072e+01
1.604998579573873840e+01
1.546669863659781363e+01
1.590600421662352559e+01
1.563499120534009634e+01
1.582505797078456666e+01
1.566518530884776794e+01
1.542031842954094856e+01
1.595467328119446115e+01
1.561582134096517827e+01
1.588454982153067796e+01
1.538205886873010009e+01
1.576371350911912117e+01
1.572604579820437110e+01
1.577919714185217792e+01
1.570928953883473156e+01
1.589486967515111182e+01
1.596611178403762388e+01
1.605300626720855206e+01
1.561263275244291115e+01
1.572923717702874491e+01
1.551810494201974144e+01
1.591934407863192469e+01
1.584211171916424732e+01
1.562727932425742061e+01
1.545563233364898537e+01
1.579420514011396470e+01
1.591415022142408908e+01
1.581546060334278714e+01
1.569589077435463764e+01
1.554288253945104614e+01
1.555530276666923051e+01
1.554155063061013564e+01
1.532182886873647831e+01
1.590564666842021069e+01
1.580028616676805164e+01
1.570242583066394992e+01
1.544868854678079551e+01
1.565522220222463190e+01
1.547274491833772281e+01
1.591679479120190521e+01
1.575452871822285772e+01
1.574944680293668675e+01
1.591658777297495853e+01
1.568716300297101895e+01
1.608167241683673154e+01
1.605514697193712692e+01
1.542273207835866522e+01
1.583854519845120201e+01
1.573608903292367422e+01
1.548050576278048673e+01
1.562095250888558873e+01
1.586327857544571174e+01
1.604628969404163996e+01
1.563322521236431051e+01
1.566287383441397907e+01
1.603194564728776683e+01
1.562897059986848802e+01
1.572210677648699928e+01
1.592400389419444906e+01
1.583335946308527298e+01
1.565158223883780941e+01
1.576748266916301588e+01
1.537815109542047587e+01
1.560886958302645766e+01
1.576075949117656982e+01
1.599701723651957863e+01
1.574411137607504685e+01
1.557083553299032985e+01
1.566326241814988762e+01
1.554276854698469457e+01
1.541188027438210106e+01
1.553945910664492303e+01
1.555343640873387656e+01
1.565964432299827180e+01
1.547987865623269776e+01
1.554679786857232493e+01
1.541007109940697895e+01
1.583419125481613676e+01
1.568387491200416228e+01
1.576078366564449773e+01
1.539295328918851880e+01
1.591453327314125410e+01
1.578291996877485559e+01
1.580348797999525878e+01
1.578898078507070046e+01
1.542223150978679591e+01
1.567300535636312198e+01
1.564358206454985734e+01
1.590852558942156669e+01
1.558373983250483974e+01
1.574861935659298950e+01
1.582299270095911581e+01
1.577452610673945621e+01
1.562856081570547673e+01
1.554677772297002214e+01
1.591623173587137252e+01
1.576273393943542978e+01
1.563428504990193524e+01
1.552053210452818632e+01
1.583302600042557096e+01
1.588254672758704089e+01
1.573863883538439978e+01
1.567810038209554335e+01
1.552135502900568653e+01
1.551451243534070734e+01
1.577474146074085937e+01
1.547289619321155385e+01
1.585042977104153294e+01
1.577871290924162118e+01
1.566017019191047233e+01
1.550366190963610791e+01
1.588687527747130446e+01
1.560738964619911506e+01
1.556717121776936352e+01
1.529042763414604700e+01
1.580360219249377529e+01
1.567219263213432789e+01
1.583331896599684541e+01
1.548226947871368786e+01
1.566496232671347322e+01
1.543402470872736387e+01
1.580137917428419136e+01
1.543284134873213098e+01
1.565282898274077716e+01
1.541802644872668182e+01
1.552192970993440291e+01
1.546523740393059754e+01
1.551186080411623891e+01
1.578407960431389156e+01
1.566305018392510107e+01
1.561237152987187926e+01
1.588827048854079393e+01
1.542132258357969121e+01
1.599928839987274642e+01
1.563990552662173883e+01
1.564259621237033926e+01
1.596725951226055074e+01
1.574327996602494295e+01
1.575895878552371698e+01
1.573320661439154300e+01
1.536128863462412397e+01
1.560654916717347085e+01
1.537792377361570928e+01
1.569859670494824044e+01
1.567563200750052488e+01
1.583862638625875796e+01
1.550012941647572440e+01
1.531608677087431047e+01
1.616172738856942459e+01
1.582727261591815449e+01
1.557123725637388389e+01
1.575575013581914341e+01
1.583092616746853665e+01
1.559629460812853630e+01
1.574571446596220703e+01
1.551730369609398785e+01
1.566471629328175652e+01
1.608778782866510682e+01
1.597485179903064711e+01
1.591399770519885948e+01
1.567097732033715118e+01
1.588286124143211175e+01
1.562124427470575050e+01
1.556785570361801696e+01
1.573424440313636374e+01
1.558957381586473545e+01
1.584026023615663092e+01
1.596253383531021086e+01
1.574301730956933021e+01
1.593865542262271973e+01
1.585658368517732342e+01
1.587882546151961627e+01
1.576503696657548126e+01
1.584669839385625600e+01
1.582711224916320525e+01
1.563276215233027600e+01
1.530674207516754670e+01
1.558328526263650105e+01
1.591476040602229780e+01
1.568135651334842073e+01
1.568762218331606917e+01
1.573148571594084189e+01
1.586227461451038323e+01
1.557255644252636451e+01
1.556703812263415720e+01
1.556712177356172688e+01
1.581308175427817275e+01
1.555257459410651144e+01
1.546184997929063876e+01
1.566785333338573061e+01
1.580779775166500833e+01
1.562555659854257684e+01
1.578000750985144407e+01
1.581742436552805486e+01
1.564868563010682045e+01
1.584741671713367772e+01
1.552844734291590889e+01
1.557344039272024183e+01
1.553290369289909556e+01
1.584244836328749884e+01
1.548486231313265549e+01
1.580145930467659454e+01
1.534132474004947255e+01
1.562096062445064604e+01
1.567752036436468188e+01
1.575055306114859732e+01
1.547387143454540670e+01
1.554910682188150695e+01
1.554222375048634319e+01
1.568223659675257764e+01
1.535832634170639288e+01
1.580650132314907452e+01
1.563053819504480479e+01
1.550582128592186670e+01
1.592711246391795754e+01
1.567108246682717265e+01
1.580096379691141806e+01
1.574438014825692278e+01
1.590559485923462013e+01
1.555333790094979385e+01
1.572751482626348363e+01
1.557702127796685510e+01
1.577785010802734789e+01
1.530168816076387373e+01
1.584710728997330520e+01
1.558467615131360873e+01
1.522939020037366475e+01
1.591069883810298613e+01
1.579440013491958794e+01
1.583713042210403543e+01
1.552235299247903200e+01
1.586866830042074383e+01
1.593925056675959340e+01
1.598379818709457822e+01
1.565136007367303428e+01
1.579792501850686648e+01
1.548955796014295139e+01
1.589938236412491257e+01
1.569250723629470556e+01
1.572936568603057772e+01
1.579358390575867688e+01
1.581377382798496534e+01
1.569307892338864008e+01
1.602137842203973150e+01
1.588445764349490474e+01
1.586011022915078073e+01
1.553427119697045633e+01
1.576275619902312286e+01
1.553785493585385069e+01
1.566381419124161667e+01
1.611848959245391200e+01
1.568117653658659982e+01
1.580391384600897275e+01
1.572547959543122964e+01
1.547917421418837591e+01
1.570732466623718970e+01
1.569215481993898997e+01
1.553591399767196357e+01
1.588596209638134660e+01
1.552825980552801255e+01
1.562461517602618422e+01
1.563683662603051339e+01
1.583889398340254573e+01
1.564048433682190087e+01
1.556997625867313495e+01
1.588586431722631431e+01
1.553633251969024265e+01
1.593786779256413588e+01
1.565106123426232365e+01
1.559534161569566457e+01
1.566226543666792459e+01
1.557831681338660523e+01
1.593168716224944248e+01
1.561977276528947023e+01
1.559506036018400366e+01
1.550632787059215012e+01
1.580770166674535027e+01
1.546294116250336259e+01
1.542348177964636946e+01
1.567773581184943055e+01
1.565057724789164340e+01
1.568820205076669616e+01
1.563781989405361905e+01
1.568945007993369600e+01
1.589335616408171781e+01
1.566692469035760737e+01
1.599681217112767939e+01
1.583582346350521597e+01
1.598668955418302673e+01
1.585398565770158541e+01
1.517222858645199324e+01
1.607768909218206943e+01
1.563068549428856535e+01
1.609049698045989629e+01
1.570309577445680915e+01
1.595018384582194848e+01
1.612185408083129801e+01
1.623698027295340651e+01
1.571236195241753641e+01
1.547404868826761692e+01
1.564817518936465390e+01
1.552548123235973954e+01
1.569588596546003245e+01
1.563429174606227257e+01
1.631638257347731269e+01
1.555695120592200098e+01
1.554262400177138126e+01
1.539772224158677183e+01
1.574890672835858574e+01
1.572367421221000683e+01
1.555508637893736612e+01
1.572959082927170193e+01
1.558057218139761879e+01
1.571565066216753870e+01
1.578826565111131508e+01
1.555515980915148866e+01
1.586712291319074097e+01
1.553152397984511346e+01
1.597660447777534998e+01
1.539078086686028612e+01
1.547450401363749606e+01
1.543706198890093084e+01
1.541872221098703655e+01
1.558785125809042249e+01
1.577632605499755591e+01
1.535866577744306483e+01
1.571608310155796140e+01
1.560776841937811454e+01
1.599453856712552380e+01
1.575062201810573725e+01
1.575229043205331436e+01
1.541221775362307156e+01
1.546416895168252026e+01
1.587107883848398870e+01
1.573525508891901303e+01
1.551130744151640428e+01
1.533461662154302552e+01
1.557173279644576880e+01
1.578459324754616588e+01
1.525071992990712921e+01
1.580138699417669201e+01
1.595055579394273870e+01
1.568814256470144386e+01
1.585509736051069218e+01
1.530563337786350431e+01
1.599163871697800232e+01
1.522910938206574194e+01
1.563004117921443914e+01
1.557353435442088241e+01
1.606052360069950424e+01
1.581954633703652568e+01
1.582568377891282907e+01
1.557930681651765425e+01
1.579968819693461235e+01
1.576972110945730599e+01
1.570408494240951391e+01
1.556873483744867492e+01
1.546210327715236588e+01
1.537776318939951814e+01
1.567037847266111683e+01
1.583801458038111498e+01
1.569535204143583584e+01
1.593754333686239022e+01
1.570890761292048055e+01
1.571633226374003378e+01
1.570885830301220487e+01
1.562189322174614858e+01
1.585203774047100644e+01
1.578886149003062656e+01
1.585823207753548481e+01
1.554045286175460383e+01
1.589351561014452408e+01
1.562355802943178595e+01
1.570316192118499465e+01
1.598345344226784626e+01
1.615653873601768353e+01
1.564049529750175616e+01
1.559560321754736023e+01
1.571469195860089663e+01
1.576945799037309470e+01
1.576478112402837084e+01
1.548263380864524841e+01
1.571194037007566635e+01
1.587675522620992474e+01
1.550512746324028157e+01
1.594112260656101832e+01
1.592355790250225134e+01
1.582346795266205319e+01
1.568178914319679507e+01
1.556570207630459635e+01
1.511402788477992765e+01
1.587175914904821283e+01
1.560321849196990662e+01
1.608586728005161248e+01
1.553687061112517753e+01
1.591575354086162974e+01
1.573797126648938338e+01
1.584054289753463607e+01
1.572354864004832820e+01
1.569958129669183222e+01
1.608478478659603539e+01
1.601617156777369289e+01
1.609143495798281975e+01
1.590574042659618215e+01
1.565949110253669296e+01
1.557094581694622981e+01
1.562944537352831809e+01
1.561884835741784094e+01
1.534365578276546316e+01
1.601643571190669491e+01
1.551526449300571997e+01
1.564664728709714936e+01
1.566505827491220160e+01
1.547395068328736656e+01
1.541197788891355813e+01
1.624493624542160930e+01
1.550745143074235344e+01
1.533470307620553719e+01
1.565942288647902281e+01
1.575227696638038566e+01
1.591223368137493033e+01
1.579706791873694982e+01
1.555524214274203132e+01
1.545028600676268837e+01
1.581934748594279228e+01
1.597601889286111287e+01
1.584651366657906735e+01
1.569941929635975342e+01
1.591459861341884974e+01
1.545407049337209493e+01
1.574584628147811038e+01
1.548292457278576251e+01
1.608309389439428827e+01
1.536708426429517260e+01
1.553166332329569421e+01
1.552100151574208731e+01
1.530495431157345898e+01
1.561361290290856374e+01
1.571167803064125579e+01
1.574497231552694210e+01
1.588780245412986147e+01
1.550341413885101360e+01
1.591164665773314901e+01
1.581409646394061319e+01
1.594289600572401611e+01
1.576088607277620923e+01
1.598308167751105913e+01
1.575905100337088172e+01
1.536199601235784584e+01
1.576443561078836275e+01
1.585535857306317453e+01
1.553716574138351803e+01
1.552333357723481200e+01
1.583025295745101246e+01
1.593994226103544776e+01
1.580446663767213167e+01
1.574857736129833974e+01
1.549035446930897564e+01
1.565963436571602152e+01
1.562427337408511541e+01
1.572606588981846976e+01
1.576334575794335713e+01
1.556561645439525776e+01
1.597032354389828690e+01
1.573355374856168787e+01
1.558391256870771180e+01
1.575842183245560868e+01
1.570081199988696774e+01
1.589899018158579125e+01
1.562247517578543388e+01
1.554327893770892111e+01
1.585070687323407235e+01
1.554211987318604216e+01
1.579623736269150314e+01
1.575156488714704039e+01
1.556843708944545135e+01
1.605348377549332639e+01
1.559132581884506763e+01
1.574332958476188615e+01
1.576735751450666889e+01
1.588216792277038003e+01
1.560112823110298130e+01
1.546147348582451464e+01
1.587100075668509369e+01
1.556859620749808215e+01
1.576073235520932592e+01
1.600701295272799030e+01
1.607807523685405116e+01
1.559962946027577502e+01
1.580902672323061253e+01
1.551279833407729924e+01
1.564396763712445448e+01
1.529998252240366163e+01
1.562137832925948544e+01
1.569810095793570248e+01
1.559324467214555909e+01
1.576963794521591922e+01
1.563543190567588326e+01
1.573050510592197782e+01
1.578194476410089919e+01
1.551932250314719930e+01
1.554710747865452447e+01
1.589210014986447561e+01
1.559572755247206111e+01
1.587212468193903625e+01
1.556417415975701424e+01
1.601462857695251074e+01
1.544846938280535653e+01
1.547393314059224778e+01
1.573168757626950764e+01
1.550508006854226650e+01
1.576947958573188124e+01
1.521241827713898864e+01
1.581676826584537565e+01
1.554642474761919146e+01
1.570097918374997903e+01
1.565326812277175428e+01
1.567890070040561667e+01
1.546086702493783527e+01
1.543721404357481042e+01
1.562843459250482603e+01
1.522851534777257143e+01
1.589221539165447439e+01
1.553321930476873902e+01
1.576853183911407896e+01
1.584049076732981476e+01
1.574089278584714080e+01
1.555366515042555697e+01
1.594612179819307229e+01
1.598753175961432582e+01
1.579817994818299631e+01
1.545667695060750724e+01
1.557926522645030154e+01
1.563513606351062180e+01
1.557255079111018148e+01
1.575568471983826946e+01
1.585820506046787060e+01
1.574497687666155876e+01
1.549338307632945444e+01
1.578869922388046731e+01
1.567322845076204452e+01
1.577712391017488081e+01
1.565810390329948909e+01
1.574138211681688126e+01
1.566496215872283315e+01
1.570403629690125058e+01
1.593273840479522718e+01
1.552201701603819295e+01
1.594974707587781992e+01
1.583779605859791495e+01
1.579415717507221117e+01
1.593119219042839418e+01
1.569008257911904458e+01
1.536818065794872190e+01
1.578301748949309236e+01
1.535842958549530124e+01
1.557127224778441033e+01
1.603695077740561459e+01
1.547976932379323145e+01
1.599590189564135301e+01
1.558033597012688887e+01
1.574268122559650607e+01
1.570023583972787407e+01
1.533782306228556536e+01
1.563113687311567190e+01
1.560857593773777907e+01
1.583153894819389151e+01
1.566697244595890659e+01
1.593855386169142996e+01
1.554369861588166479e+01
1.575020369490804661e+01
1.567351125907354970e+01
1.576360816409188992e+01
1.576214481428786840e+01
1.583285150936024621e+01
1.548285642468549739e+01
1.546198833104555881e+01
1.612899650792704520e+01
1.535486116668113787e+01
1.578747302320555868e+01
1.570324830900008983e+01
1.567797986473778238e+01
1.535904755070592387e+01
1.562218706806934421e+01
1.553736378652571659e+01
1.579448562411732837e+01
1.584857735043499716e+01
1.605449149289384181e+01
1.530960867992551577e+01
1.549075968168671658e+01
1.569230648483092949e+01
1.537637454512185364e+01
1.585733715466842675e+01
1.590107077112024747e+01
1.583845023882375713e+01
1.591414915342595116e+01
1.540837779284801989e+01
1.556704107924837643e+01
1.566596074472425748e+01
1.559316844777878863e+01
1.572538720190846107e+01
1.549789996136735049e+01
1.586513714866010005e+01
1.558705568895625326e+01
1.591402235270056842e+01
1.567923489301196938e+01
1.598094973765326365e+01
1.607111680527774311e+01
1.573353199305852179e+01
1.558950537053411445e+01
1.582740377319360547e+01
1.574042331850143484e+01
1.593154751583868745e+01
1.535934847465358644e+01
1.576680731750471409e+01
1.566223787003687207e+01
1.568344841546172397e+01
1.576861308505493575e+01
1.537071169740578647e+01
1.572240426915290001e+01
1.557336132545346352e+01
1.569048037320311018e+01
1.563548073366870028e+01
1.569644306329394823e+01
1.585030218305306349e+01
1.526809619528304651e+01
1.621913913301654375e+01
1.569726183562369037e+01
1.584425185725239515e+01
1.586777965415717873e+01
1.600156931778003866e+01
1.591508880489901401e+01
1.537580847956217767e+01
1.568100959953646800e+01
1.589927884131057922e+01
1.557784907972661692e+01
1.597179478456045842e+01
1.507805064839432418e+01
1.554264068184113867e+01
1.596025007021445141e+01
1.566732309927294686e+01
1.596893731659970150e+01
1.592747275632205017e+01
1.545692989332460954e+01
1.544666280266643810e+01
1.563350576362838673e+01
1.551167748569452165e+01
1.568726722919886818e+01
1.544484369632905896e+01
1.555914153465266914e+01
1.574735216698429063e+01
1.546604513376592216e+01
1.557441353327973843e+01
1.562465099009957825e+01
1.566911508889267601e+01
1.590779720280560383e+01
1.599915009446157121e+01
1.579051645120478931e+01
1.554862376213275965e+01
1.562801912805636562e+01
1.581781939091907141e+01
1.587639474515934168e+01
1.562758276509105393e+01
1.573415838412383927e+01
1.591464726070916136e+01
1.571019106876710225e+01
1.573754355037214303e+01
1.571723286858025226e+01
1.552664454808152072e+01
1.567397387480211712e+01
1.540226606288215017e+01
1.571373673053668263e+01
1.598068553582896989e+01
1.586262457691335293e+01
1.565846954130558366e+01
1.603156690982737231e+01
1.542973744405465197e+01
1.553071266356197810e+01
1.550181587923138871e+01
1.559588814572708060e+01
1.605476717103310591e+01
1.559796246893566263e+01
1.577982711325535803e+01
1.563380201723198759e+01
1.540848936781802792e+01
1.526926090796593094e+01
1.581766610445127519e+01
1.552861499413151414e+01
1.584797604125470194e+01
1.557052152126150624e+01
1.568629443174510207e+01
1.567654542010604146e+01
1.558868258555432185e+01
1.549470297901617499e+01
1.582289187791664808e+01
1.558478368778058254e+01
1.556456874568900339e+01
1.619231825149950410e+01
1.574932112014761820e+01
1.552116677047090398e+01
1.580435092126400143e+01
1.598129204903382572e+01
1.578890015790128132e+01
1.598887912228674146e+01
1.587593583883212922e+01
1.571329619255513421e+01
1.565334315695838718e+01
1.579135562814613891e+01
1.603168913427914788e+01
1.549370654594630636e+01
1.570159254247751335e+01
1.574893437722501588e+01
1.554040879353547666e+01
1.589632704983892175e+01
1.591661046919409372e+01
1.582980143208832047e+01
1.567889872835162635e+01
1.567867191663562032e+01
1.556555802580206027e+01
1.574433611597923743e+01
1.593783766463699436e+01
1.588404751419656691e+01
1.562086248592912341e+01
1.569642372528384300e+01
1.571824189998927324e+01
1.575356620909326999e+01
1.568501967227731164e+01
1.568113821297677646e+01
1.563815624740749222e+01
1.583153580033375540e+01
1.521124572302042921e+01
1.608426723661136748e+01
1.549350783063077586e+01
1.553863290622496329e+01
1.591917381836915979e+01
1.591104290603422378e+01
1.539896301031744308e+01
1.571471198875138420e+01
1.572995532216541648e+01
1.555991424942163981e+01
1.538703545975019615e+01
1.537917524237041000e+01
1.543705387536360263e+01
1.534411366512795105e+01
1.585036620305688793e+01
1.558650661027510687e+01
1.526548897520655679e+01
1.580036160560108804e+01
1.576305932774714513e+01
1.572172939369781020e+01
1.557272255679087003e+01
1.589282485876143269e+01
1.550994408548757875e+01
1.557297227956111918e+01
1.580729693180314577e+01
1.570276167695765146e+01
1.544338202943074201e+01
1.560417249948402585e+01
1.594502172942424778e+01
1.563624110902359376e+01
1.594892999031465841e+01
1.546454940996425620e+01
1.576546960950348364e+01
1.536420039023465201e+01
1.573234198564510677e+01
1.552940211416995808e+01
1.584791645549398709e+01
1.548911277186539515e+01
1.558350228359429579e+01
1.550889029337582414e+01
1.601580369978848140e+01
1.560453423837628506e+01
1.586227415181405753e+01
1.567860473623487927e+01
1.582162070056026337e+01
1.567020691953135803e+01
1.556430852827107358e+01
1.583079143621525731e+01
1.578034430884229522e+01
1.572216697521866990e+01
1.584418492960935865e+01
1.569863565188822463e+01
1.593614239195161630e+01
1.565432817002440835e+01
1.544324390861000040e+01
1.577315528625343610e+01
1.611739061081689783e+01
1.575082671756970321e+01
1.586962871237562034e+01
1.574153912417501111e+01
1.581306667968352109e+01
1.551502959237565982e+01
1.574820395515974347e+01
1.572986112482780108e+01
1.545440367876814491e+01
1.598150180767353845e+01
1.613811893885300819e+01
1.555083546888809742e+01
1.528015149342252421e+01
1.561315504441900082e+01
1.543478788320004291e+01
1.545722860831282297e+01
1.561708888741829604e+01
1.544508503775298180e+01
1.590696292798592104e+01
1.597976894208336418e+01
1.570989484318964102e+01
1.573037200467880936e+01
1.541400759584784375e+01
1.588861743096544643e+01
1.573183508922533491e+01
1.569670785076690578e+01
1.540887296205513302e+01
1.582102057629487390e+01
1.556507032283279379e+01
