# Variable: deviance
# Sample shape: (3000,)
# Date: 2018-05-21 14:27:07.642036
-1.166724707031250000e+05
-1.166793398437500000e+05
-1.166771171875000000e+05
-1.166685371093750000e+05
-1.166728515625000000e+05
-1.166790898437500000e+05
-1.166749394531250000e+05
-1.166751250000000000e+05
-1.166757031250000000e+05
-1.166777187500000000e+05
-1.166797402343750000e+05
-1.166776445312500000e+05
-1.166754531250000000e+05
-1.166750136718750000e+05
-1.166771933593750000e+05
-1.166734433593750000e+05
-1.166778144531250000e+05
-1.166773339843750000e+05
-1.166712050781250000e+05
-1.166772890625000000e+05
-1.166753710937500000e+05
-1.166705878906250000e+05
-1.166740996093750000e+05
-1.166650390625000000e+05
-1.166769472656250000e+05
-1.166758378906250000e+05
-1.166737910156250000e+05
-1.166791425781250000e+05
-1.166723339843750000e+05
-1.166738632812500000e+05
-1.166748691406250000e+05
-1.166782949218750000e+05
-1.166767148437500000e+05
-1.166749902343750000e+05
-1.166731718750000000e+05
-1.166778261718750000e+05
-1.166670351562500000e+05
-1.166714648437500000e+05
-1.166774218750000000e+05
-1.166702363281250000e+05
-1.166777890625000000e+05
-1.166700683593750000e+05
-1.166793613281250000e+05
-1.166720839843750000e+05
-1.166769863281250000e+05
-1.166753164062500000e+05
-1.166774804687500000e+05
-1.166682714843750000e+05
-1.166776054687500000e+05
-1.166692578125000000e+05
-1.166748535156250000e+05
-1.166768828125000000e+05
-1.166773203125000000e+05
-1.166794277343750000e+05
-1.166756660156250000e+05
-1.166774707031250000e+05
-1.166749824218750000e+05
-1.166760000000000000e+05
-1.166791093750000000e+05
-1.166702753906250000e+05
-1.166731054687500000e+05
-1.166769394531250000e+05
-1.166735410156250000e+05
-1.166735859375000000e+05
-1.166749472656250000e+05
-1.166762246093750000e+05
-1.166694355468750000e+05
-1.166779023437500000e+05
-1.166782578125000000e+05
-1.166757207031250000e+05
-1.166785253906250000e+05
-1.166799042968750000e+05
-1.166766191406250000e+05
-1.166722089843750000e+05
-1.166725683593750000e+05
-1.166746328125000000e+05
-1.166741406250000000e+05
-1.166734042968750000e+05
-1.166710976562500000e+05
-1.166720468750000000e+05
-1.166724394531250000e+05
-1.166746855468750000e+05
-1.166742656250000000e+05
-1.166795585937500000e+05
-1.166670761718750000e+05
-1.166754160156250000e+05
-1.166744277343750000e+05
-1.166797070312500000e+05
-1.166728476562500000e+05
-1.166705019531250000e+05
-1.166800156250000000e+05
-1.166750878906250000e+05
-1.166778105468750000e+05
-1.166747968750000000e+05
-1.166742890625000000e+05
-1.166746093750000000e+05
-1.166736132812500000e+05
-1.166713945312500000e+05
-1.166687441406250000e+05
-1.166734062500000000e+05
-1.166739843750000000e+05
-1.166752109375000000e+05
-1.166796718750000000e+05
-1.166651406250000000e+05
-1.166705234375000000e+05
-1.166761210937500000e+05
-1.166778554687500000e+05
-1.166736835937500000e+05
-1.166781914062500000e+05
-1.166709179687500000e+05
-1.166774902343750000e+05
-1.166694355468750000e+05
-1.166753066406250000e+05
-1.166697734375000000e+05
-1.166722539062500000e+05
-1.166746093750000000e+05
-1.166668144531250000e+05
-1.166743027343750000e+05
-1.166769472656250000e+05
-1.166769921875000000e+05
-1.166546230468750000e+05
-1.166779394531250000e+05
-1.166680742187500000e+05
-1.166767851562500000e+05
-1.166718046875000000e+05
-1.166629980468750000e+05
-1.166736445312500000e+05
-1.166767070312500000e+05
-1.166774316406250000e+05
-1.166771933593750000e+05
-1.166748750000000000e+05
-1.166742812500000000e+05
-1.166789707031250000e+05
-1.166714414062500000e+05
-1.166765839843750000e+05
-1.166752753906250000e+05
-1.166782617187500000e+05
-1.166695039062500000e+05
-1.166758222656250000e+05
-1.166765625000000000e+05
-1.166751328125000000e+05
-1.166721992187500000e+05
-1.166797343750000000e+05
-1.166781835937500000e+05
-1.166610976562500000e+05
-1.166768535156250000e+05
-1.166785664062500000e+05
-1.166779667968750000e+05
-1.166781269531250000e+05
-1.166626777343750000e+05
-1.166695214843750000e+05
-1.166684218750000000e+05
-1.166723808593750000e+05
-1.166738046875000000e+05
-1.166795605468750000e+05
-1.166770800781250000e+05
-1.166783984375000000e+05
-1.166704257812500000e+05
-1.166744843750000000e+05
-1.166735000000000000e+05
-1.166722187500000000e+05
-1.166777207031250000e+05
-1.166738847656250000e+05
-1.166711308593750000e+05
-1.166664628906250000e+05
-1.166740585937500000e+05
-1.166764257812500000e+05
-1.166770683593750000e+05
-1.166755058593750000e+05
-1.166773476562500000e+05
-1.166724042968750000e+05
-1.166738437500000000e+05
-1.166784414062500000e+05
-1.166750000000000000e+05
-1.166797617187500000e+05
-1.166798085937500000e+05
-1.166623027343750000e+05
-1.166747558593750000e+05
-1.166719082031250000e+05
-1.166741445312500000e+05
-1.166750488281250000e+05
-1.166761816406250000e+05
-1.166679980468750000e+05
-1.166759648437500000e+05
-1.166736328125000000e+05
-1.166707070312500000e+05
-1.166656835937500000e+05
-1.166761464843750000e+05
-1.166780996093750000e+05
-1.166779335937500000e+05
-1.166773906250000000e+05
-1.166745039062500000e+05
-1.166776875000000000e+05
-1.166766679687500000e+05
-1.166754726562500000e+05
-1.166735332031250000e+05
-1.166784199218750000e+05
-1.166743691406250000e+05
-1.166805585937500000e+05
-1.166762304687500000e+05
-1.166739960937500000e+05
-1.166742109375000000e+05
-1.166706835937500000e+05
-1.166696386718750000e+05
-1.166751738281250000e+05
-1.166668632812500000e+05
-1.166787011718750000e+05
-1.166770195312500000e+05
-1.166765136718750000e+05
-1.166752675781250000e+05
-1.166737519531250000e+05
-1.166736972656250000e+05
-1.166802031250000000e+05
-1.166760546875000000e+05
-1.166750234375000000e+05
-1.166770781250000000e+05
-1.166737617187500000e+05
-1.166646992187500000e+05
-1.166735234375000000e+05
-1.166741640625000000e+05
-1.166801386718750000e+05
-1.166790800781250000e+05
-1.166716640625000000e+05
-1.166745742187500000e+05
-1.166724023437500000e+05
-1.166739335937500000e+05
-1.166712558593750000e+05
-1.166799453125000000e+05
-1.166471093750000000e+05
-1.166770566406250000e+05
-1.166755703125000000e+05
-1.166756445312500000e+05
-1.166773964843750000e+05
-1.166760722656250000e+05
-1.166762968750000000e+05
-1.166766660156250000e+05
-1.166730605468750000e+05
-1.166713886718750000e+05
-1.166711328125000000e+05
-1.166700957031250000e+05
-1.166747871093750000e+05
-1.166725136718750000e+05
-1.166675058593750000e+05
-1.166757460937500000e+05
-1.166743593750000000e+05
-1.166776601562500000e+05
-1.166757851562500000e+05
-1.166732011718750000e+05
-1.166688027343750000e+05
-1.166786093750000000e+05
-1.166788691406250000e+05
-1.166638085937500000e+05
-1.166748378906250000e+05
-1.166768984375000000e+05
-1.166747832031250000e+05
-1.166748066406250000e+05
-1.166711289062500000e+05
-1.166767675781250000e+05
-1.166746718750000000e+05
-1.166744589843750000e+05
-1.166670996093750000e+05
-1.166759609375000000e+05
-1.166776074218750000e+05
-1.166777011718750000e+05
-1.166669296875000000e+05
-1.166784238281250000e+05
-1.166787070312500000e+05
-1.166750156250000000e+05
-1.166711933593750000e+05
-1.166761640625000000e+05
-1.166743867187500000e+05
-1.166699257812500000e+05
-1.166700410156250000e+05
-1.166720449218750000e+05
-1.166718867187500000e+05
-1.166781542968750000e+05
-1.166733789062500000e+05
-1.166776757812500000e+05
-1.166756933593750000e+05
-1.166742109375000000e+05
-1.166788398437500000e+05
-1.166772285156250000e+05
-1.166734980468750000e+05
-1.166785468750000000e+05
-1.166712695312500000e+05
-1.166674316406250000e+05
-1.166741523437500000e+05
-1.166725273437500000e+05
-1.166750273437500000e+05
-1.166776777343750000e+05
-1.166667871093750000e+05
-1.166767304687500000e+05
-1.166639316406250000e+05
-1.166802890625000000e+05
-1.166693789062500000e+05
-1.166677910156250000e+05
-1.166773398437500000e+05
-1.166785214843750000e+05
-1.166752167968750000e+05
-1.166763027343750000e+05
-1.166745097656250000e+05
-1.166728183593750000e+05
-1.166700644531250000e+05
-1.166749257812500000e+05
-1.166686464843750000e+05
-1.166722050781250000e+05
-1.166797148437500000e+05
-1.166737714843750000e+05
-1.166723203125000000e+05
-1.166649765625000000e+05
-1.166698769531250000e+05
-1.166742792968750000e+05
-1.166747968750000000e+05
-1.166797792968750000e+05
-1.166697011718750000e+05
-1.166753007812500000e+05
-1.166778691406250000e+05
-1.166748066406250000e+05
-1.166652246093750000e+05
-1.166755253906250000e+05
-1.166767382812500000e+05
-1.166748964843750000e+05
-1.166742402343750000e+05
-1.166714375000000000e+05
-1.166765605468750000e+05
-1.166671328125000000e+05
-1.166762753906250000e+05
-1.166788417968750000e+05
-1.166648945312500000e+05
-1.166602109375000000e+05
-1.166705175781250000e+05
-1.166718320312500000e+05
-1.166777968750000000e+05
-1.166721171875000000e+05
-1.166631953125000000e+05
-1.166678496093750000e+05
-1.166732382812500000e+05
-1.166736914062500000e+05
-1.166789394531250000e+05
-1.166791992187500000e+05
-1.166739296875000000e+05
-1.166785917968750000e+05
-1.166756269531250000e+05
-1.166741152343750000e+05
-1.166762480468750000e+05
-1.166702929687500000e+05
-1.166734589843750000e+05
-1.166746152343750000e+05
-1.166781894531250000e+05
-1.166775957031250000e+05
-1.166765800781250000e+05
-1.166761777343750000e+05
-1.166708730468750000e+05
-1.166750019531250000e+05
-1.166747207031250000e+05
-1.166527929687500000e+05
-1.166689296875000000e+05
-1.166762265625000000e+05
-1.166782968750000000e+05
-1.166759121093750000e+05
-1.166736523437500000e+05
-1.166715878906250000e+05
-1.166750937500000000e+05
-1.166798183593750000e+05
-1.166797304687500000e+05
-1.166727675781250000e+05
-1.166765546875000000e+05
-1.166777246093750000e+05
-1.166786816406250000e+05
-1.166734023437500000e+05
-1.166754746093750000e+05
-1.166770527343750000e+05
-1.166773066406250000e+05
-1.166752929687500000e+05
-1.166774765625000000e+05
-1.166758906250000000e+05
-1.166741875000000000e+05
-1.166768535156250000e+05
-1.166756875000000000e+05
-1.166680976562500000e+05
-1.166754531250000000e+05
-1.166725156250000000e+05
-1.166782500000000000e+05
-1.166778457031250000e+05
-1.166775136718750000e+05
-1.166748613281250000e+05
-1.166749199218750000e+05
-1.166755214843750000e+05
-1.166742324218750000e+05
-1.166788750000000000e+05
-1.166750273437500000e+05
-1.166728222656250000e+05
-1.166720214843750000e+05
-1.166728574218750000e+05
-1.166777929687500000e+05
-1.166777714843750000e+05
-1.166736152343750000e+05
-1.166745605468750000e+05
-1.166711035156250000e+05
-1.166745800781250000e+05
-1.166741757812500000e+05
-1.166772929687500000e+05
-1.166761367187500000e+05
-1.166771289062500000e+05
-1.166725703125000000e+05
-1.166735507812500000e+05
-1.166770664062500000e+05
-1.166717363281250000e+05
-1.166775664062500000e+05
-1.166793203125000000e+05
-1.166724941406250000e+05
-1.166645937500000000e+05
-1.166800527343750000e+05
-1.166791191406250000e+05
-1.166769472656250000e+05
-1.166772851562500000e+05
-1.166764960937500000e+05
-1.166774609375000000e+05
-1.166770332031250000e+05
-1.166792187500000000e+05
-1.166641718750000000e+05
-1.166734414062500000e+05
-1.166758437500000000e+05
-1.166719335937500000e+05
-1.166720546875000000e+05
-1.166716718750000000e+05
-1.166786757812500000e+05
-1.166760996093750000e+05
-1.166752109375000000e+05
-1.166729570312500000e+05
-1.166683085937500000e+05
-1.166665214843750000e+05
-1.166791464843750000e+05
-1.166760136718750000e+05
-1.166793886718750000e+05
-1.166751933593750000e+05
-1.166730273437500000e+05
-1.166738847656250000e+05
-1.166723242187500000e+05
-1.166731132812500000e+05
-1.166689277343750000e+05
-1.166769941406250000e+05
-1.166706699218750000e+05
-1.166725371093750000e+05
-1.166699746093750000e+05
-1.166768203125000000e+05
-1.166738300781250000e+05
-1.166758164062500000e+05
-1.166774960937500000e+05
-1.166696757812500000e+05
-1.166777636718750000e+05
-1.166764941406250000e+05
-1.166777050781250000e+05
-1.166783945312500000e+05
-1.166731425781250000e+05
-1.166748085937500000e+05
-1.166743105468750000e+05
-1.166726367187500000e+05
-1.166755078125000000e+05
-1.166796250000000000e+05
-1.166752539062500000e+05
-1.166791191406250000e+05
-1.166738281250000000e+05
-1.166745136718750000e+05
-1.166803828125000000e+05
-1.166793398437500000e+05
-1.166710058593750000e+05
-1.166759472656250000e+05
-1.166703457031250000e+05
-1.166767578125000000e+05
-1.166734277343750000e+05
-1.166775214843750000e+05
-1.166722910156250000e+05
-1.166681972656250000e+05
-1.166729335937500000e+05
-1.166759199218750000e+05
-1.166734140625000000e+05
-1.166715214843750000e+05
-1.166739238281250000e+05
-1.166694785156250000e+05
-1.166775292968750000e+05
-1.166782187500000000e+05
-1.166696347656250000e+05
-1.166761777343750000e+05
-1.166746953125000000e+05
-1.166774296875000000e+05
-1.166745683593750000e+05
-1.166692871093750000e+05
-1.166789023437500000e+05
-1.166763632812500000e+05
-1.166727304687500000e+05
-1.166769863281250000e+05
-1.166741621093750000e+05
-1.166714433593750000e+05
-1.166753046875000000e+05
-1.166727500000000000e+05
-1.166739296875000000e+05
-1.166789179687500000e+05
-1.166795156250000000e+05
-1.166783593750000000e+05
-1.166645117187500000e+05
-1.166700585937500000e+05
-1.166792734375000000e+05
-1.166757558593750000e+05
-1.166772187500000000e+05
-1.166723105468750000e+05
-1.166621093750000000e+05
-1.166769609375000000e+05
-1.166730957031250000e+05
-1.166764628906250000e+05
-1.166762988281250000e+05
-1.166757421875000000e+05
-1.166705566406250000e+05
-1.166714199218750000e+05
-1.166761289062500000e+05
-1.166785722656250000e+05
-1.166799726562500000e+05
-1.166712695312500000e+05
-1.166779941406250000e+05
-1.166784179687500000e+05
-1.166750175781250000e+05
-1.166743828125000000e+05
-1.166777480468750000e+05
-1.166709531250000000e+05
-1.166693339843750000e+05
-1.166764609375000000e+05
-1.166757460937500000e+05
-1.166760644531250000e+05
-1.166779628906250000e+05
-1.166726718750000000e+05
-1.166725976562500000e+05
-1.166660625000000000e+05
-1.166686816406250000e+05
-1.166784121093750000e+05
-1.166772167968750000e+05
-1.166793027343750000e+05
-1.166743027343750000e+05
-1.166755449218750000e+05
-1.166772500000000000e+05
-1.166745312500000000e+05
-1.166611152343750000e+05
-1.166808203125000000e+05
-1.166680175781250000e+05
-1.166767910156250000e+05
-1.166751621093750000e+05
-1.166658593750000000e+05
-1.166708378906250000e+05
-1.166776757812500000e+05
-1.166794882812500000e+05
-1.166793535156250000e+05
-1.166704628906250000e+05
-1.166758437500000000e+05
-1.166774296875000000e+05
-1.166706679687500000e+05
-1.166802304687500000e+05
-1.166771269531250000e+05
-1.166793828125000000e+05
-1.166781640625000000e+05
-1.166733886718750000e+05
-1.166711933593750000e+05
-1.166793144531250000e+05
-1.166719726562500000e+05
-1.166731953125000000e+05
-1.166730117187500000e+05
-1.166694257812500000e+05
-1.166735468750000000e+05
-1.166795371093750000e+05
-1.166782617187500000e+05
-1.166779316406250000e+05
-1.166707500000000000e+05
-1.166763808593750000e+05
-1.166780273437500000e+05
-1.166674355468750000e+05
-1.166734160156250000e+05
-1.166729628906250000e+05
-1.166728125000000000e+05
-1.166777558593750000e+05
-1.166771875000000000e+05
-1.166781542968750000e+05
-1.166764101562500000e+05
-1.166788535156250000e+05
-1.166765722656250000e+05
-1.166741679687500000e+05
-1.166728613281250000e+05
-1.166705273437500000e+05
-1.166795957031250000e+05
-1.166786855468750000e+05
-1.166758964843750000e+05
-1.166730957031250000e+05
-1.166749941406250000e+05
-1.166702382812500000e+05
-1.166761210937500000e+05
-1.166773164062500000e+05
-1.166793437500000000e+05
-1.166773105468750000e+05
-1.166738632812500000e+05
-1.166737050781250000e+05
-1.166715605468750000e+05
-1.166708808593750000e+05
-1.166805390625000000e+05
-1.166795507812500000e+05
-1.166782578125000000e+05
-1.166719785156250000e+05
-1.166726699218750000e+05
-1.166747246093750000e+05
-1.166739804687500000e+05
-1.166789316406250000e+05
-1.166754238281250000e+05
-1.166708691406250000e+05
-1.166792421875000000e+05
-1.166691289062500000e+05
-1.166788652343750000e+05
-1.166709570312500000e+05
-1.166727089843750000e+05
-1.166790800781250000e+05
-1.166756328125000000e+05
-1.166772109375000000e+05
-1.166749492187500000e+05
-1.166739570312500000e+05
-1.166771269531250000e+05
-1.166765058593750000e+05
-1.166761855468750000e+05
-1.166770234375000000e+05
-1.166712871093750000e+05
-1.166684609375000000e+05
-1.166785722656250000e+05
-1.166797832031250000e+05
-1.166786269531250000e+05
-1.166791406250000000e+05
-1.166783164062500000e+05
-1.166750507812500000e+05
-1.166679316406250000e+05
-1.166710156250000000e+05
-1.166736386718750000e+05
-1.166745410156250000e+05
-1.166781953125000000e+05
-1.166737539062500000e+05
-1.166786347656250000e+05
-1.166706347656250000e+05
-1.166749648437500000e+05
-1.166752441406250000e+05
-1.166708828125000000e+05
-1.166788691406250000e+05
-1.166782558593750000e+05
-1.166792832031250000e+05
-1.166746289062500000e+05
-1.166772148437500000e+05
-1.166664589843750000e+05
-1.166754199218750000e+05
-1.166758007812500000e+05
-1.166783730468750000e+05
-1.166781171875000000e+05
-1.166742734375000000e+05
-1.166755664062500000e+05
-1.166728222656250000e+05
-1.166755371093750000e+05
-1.166716523437500000e+05
-1.166714609375000000e+05
-1.166790195312500000e+05
-1.166648828125000000e+05
-1.166781640625000000e+05
-1.166700820312500000e+05
-1.166716835937500000e+05
-1.166777695312500000e+05
-1.166786933593750000e+05
-1.166783066406250000e+05
-1.166737675781250000e+05
-1.166780722656250000e+05
-1.166752753906250000e+05
-1.166623164062500000e+05
-1.166701816406250000e+05
-1.166788085937500000e+05
-1.166779375000000000e+05
-1.166748066406250000e+05
-1.166801777343750000e+05
-1.166761464843750000e+05
-1.166784453125000000e+05
-1.166688476562500000e+05
-1.166706660156250000e+05
-1.166757617187500000e+05
-1.166773828125000000e+05
-1.166790859375000000e+05
-1.166684511718750000e+05
-1.166779101562500000e+05
-1.166751640625000000e+05
-1.166770625000000000e+05
-1.166764902343750000e+05
-1.166744765625000000e+05
-1.166790351562500000e+05
-1.166701210937500000e+05
-1.166753925781250000e+05
-1.166761953125000000e+05
-1.166782753906250000e+05
-1.166739257812500000e+05
-1.166765136718750000e+05
-1.166750410156250000e+05
-1.166710351562500000e+05
-1.166716640625000000e+05
-1.166801953125000000e+05
-1.166720859375000000e+05
-1.166754023437500000e+05
-1.166777500000000000e+05
-1.166676289062500000e+05
-1.166728906250000000e+05
-1.166752929687500000e+05
-1.166724316406250000e+05
-1.166759218750000000e+05
-1.166730390625000000e+05
-1.166727226562500000e+05
-1.166752910156250000e+05
-1.166757265625000000e+05
-1.166768515625000000e+05
-1.166789687500000000e+05
-1.166770097656250000e+05
-1.166735898437500000e+05
-1.166756113281250000e+05
-1.166787792968750000e+05
-1.166668789062500000e+05
-1.166743691406250000e+05
-1.166769570312500000e+05
-1.166761210937500000e+05
-1.166759960937500000e+05
-1.166688828125000000e+05
-1.166798808593750000e+05
-1.166756269531250000e+05
-1.166706015625000000e+05
-1.166725957031250000e+05
-1.166737011718750000e+05
-1.166728457031250000e+05
-1.166686464843750000e+05
-1.166768437500000000e+05
-1.166702792968750000e+05
-1.166725683593750000e+05
-1.166652031250000000e+05
-1.166781074218750000e+05
-1.166726464843750000e+05
-1.166701171875000000e+05
-1.166708730468750000e+05
-1.166716933593750000e+05
-1.166769492187500000e+05
-1.166796582031250000e+05
-1.166750000000000000e+05
-1.166790039062500000e+05
-1.166695742187500000e+05
-1.166778945312500000e+05
-1.166779843750000000e+05
-1.166791601562500000e+05
-1.166774023437500000e+05
-1.166778535156250000e+05
-1.166742597656250000e+05
-1.166720312500000000e+05
-1.166760371093750000e+05
-1.166730175781250000e+05
-1.166782500000000000e+05
-1.166748417968750000e+05
-1.166768007812500000e+05
-1.166712500000000000e+05
-1.166737382812500000e+05
-1.166647714843750000e+05
-1.166757890625000000e+05
-1.166753496093750000e+05
-1.166710839843750000e+05
-1.166704335937500000e+05
-1.166705273437500000e+05
-1.166726601562500000e+05
-1.166785800781250000e+05
-1.166778437500000000e+05
-1.166796757812500000e+05
-1.166763046875000000e+05
-1.166778164062500000e+05
-1.166755488281250000e+05
-1.166712148437500000e+05
-1.166756777343750000e+05
-1.166713750000000000e+05
-1.166768398437500000e+05
-1.166759375000000000e+05
-1.166794589843750000e+05
-1.166757207031250000e+05
-1.166777636718750000e+05
-1.166757421875000000e+05
-1.166673378906250000e+05
-1.166734023437500000e+05
-1.166733828125000000e+05
-1.166738867187500000e+05
-1.166752714843750000e+05
-1.166759316406250000e+05
-1.166787988281250000e+05
-1.166746074218750000e+05
-1.166788828125000000e+05
-1.166741191406250000e+05
-1.166731992187500000e+05
-1.166759433593750000e+05
-1.166805039062500000e+05
-1.166786777343750000e+05
-1.166784589843750000e+05
-1.166759023437500000e+05
-1.166792558593750000e+05
-1.166741660156250000e+05
-1.166742675781250000e+05
-1.166766406250000000e+05
-1.166685683593750000e+05
-1.166789296875000000e+05
-1.166751386718750000e+05
-1.166782890625000000e+05
-1.166717128906250000e+05
-1.166763750000000000e+05
-1.166726484375000000e+05
-1.166744199218750000e+05
-1.166781503906250000e+05
-1.166773554687500000e+05
-1.166707812500000000e+05
-1.166736621093750000e+05
-1.166779023437500000e+05
-1.166714492187500000e+05
-1.166764687500000000e+05
-1.166756523437500000e+05
-1.166773320312500000e+05
-1.166785000000000000e+05
-1.166684941406250000e+05
-1.166687089843750000e+05
-1.166753496093750000e+05
-1.166701582031250000e+05
-1.166746738281250000e+05
-1.166786250000000000e+05
-1.166741367187500000e+05
-1.166729902343750000e+05
-1.166769765625000000e+05
-1.166775625000000000e+05
-1.166792695312500000e+05
-1.166757402343750000e+05
-1.166725156250000000e+05
-1.166763398437500000e+05
-1.166744511718750000e+05
-1.166773457031250000e+05
-1.166719335937500000e+05
-1.166708867187500000e+05
-1.166750703125000000e+05
-1.166754199218750000e+05
-1.166771152343750000e+05
-1.166769199218750000e+05
-1.166767167968750000e+05
-1.166718691406250000e+05
-1.166770976562500000e+05
-1.166750683593750000e+05
-1.166759199218750000e+05
-1.166790019531250000e+05
-1.166745136718750000e+05
-1.166766289062500000e+05
-1.166754140625000000e+05
-1.166809667968750000e+05
-1.166767871093750000e+05
-1.166769609375000000e+05
-1.166769570312500000e+05
-1.166762167968750000e+05
-1.166703281250000000e+05
-1.166776445312500000e+05
-1.166758906250000000e+05
-1.166759531250000000e+05
-1.166781992187500000e+05
-1.166734453125000000e+05
-1.166791113281250000e+05
-1.166713828125000000e+05
-1.166772480468750000e+05
-1.166719414062500000e+05
-1.166758144531250000e+05
-1.166678476562500000e+05
-1.166765195312500000e+05
-1.166738066406250000e+05
-1.166770644531250000e+05
-1.166743476562500000e+05
-1.166789101562500000e+05
-1.166783964843750000e+05
-1.166761523437500000e+05
-1.166772773437500000e+05
-1.166708847656250000e+05
-1.166766367187500000e+05
-1.166762011718750000e+05
-1.166758886718750000e+05
-1.166731289062500000e+05
-1.166765566406250000e+05
-1.166773808593750000e+05
-1.166802441406250000e+05
-1.166733964843750000e+05
-1.166705312500000000e+05
-1.166777382812500000e+05
-1.166772070312500000e+05
-1.166715683593750000e+05
-1.166753007812500000e+05
-1.166763964843750000e+05
-1.166675996093750000e+05
-1.166751757812500000e+05
-1.166674218750000000e+05
-1.166708007812500000e+05
-1.166694628906250000e+05
-1.166640800781250000e+05
-1.166737050781250000e+05
-1.166677031250000000e+05
-1.166697324218750000e+05
-1.166732656250000000e+05
-1.166751875000000000e+05
-1.166775742187500000e+05
-1.166781582031250000e+05
-1.166790937500000000e+05
-1.166724707031250000e+05
-1.166760507812500000e+05
-1.166806640625000000e+05
-1.166752304687500000e+05
-1.166744257812500000e+05
-1.166721113281250000e+05
-1.166757890625000000e+05
-1.166768242187500000e+05
-1.166738417968750000e+05
-1.166704101562500000e+05
-1.166783203125000000e+05
-1.166716074218750000e+05
-1.166738691406250000e+05
-1.166772734375000000e+05
-1.166678593750000000e+05
-1.166757695312500000e+05
-1.166713750000000000e+05
-1.166757890625000000e+05
-1.166808593750000000e+05
-1.166795800781250000e+05
-1.166753496093750000e+05
-1.166749531250000000e+05
-1.166732109375000000e+05
-1.166758437500000000e+05
-1.166783125000000000e+05
-1.166723945312500000e+05
-1.166662500000000000e+05
-1.166740410156250000e+05
-1.166782753906250000e+05
-1.166790156250000000e+05
-1.166749570312500000e+05
-1.166644140625000000e+05
-1.166732617187500000e+05
-1.166748808593750000e+05
-1.166776542968750000e+05
-1.166734667968750000e+05
-1.166768867187500000e+05
-1.166769882812500000e+05
-1.166769921875000000e+05
-1.166729394531250000e+05
-1.166768222656250000e+05
-1.166765976562500000e+05
-1.166769648437500000e+05
-1.166738144531250000e+05
-1.166751074218750000e+05
-1.166767773437500000e+05
-1.166692968750000000e+05
-1.166783203125000000e+05
-1.166766875000000000e+05
-1.166792070312500000e+05
-1.166703828125000000e+05
-1.166746210937500000e+05
-1.166767109375000000e+05
-1.166754902343750000e+05
-1.166747968750000000e+05
-1.166754648437500000e+05
-1.166713242187500000e+05
-1.166710351562500000e+05
-1.166777714843750000e+05
-1.166771425781250000e+05
-1.166699414062500000e+05
-1.166788906250000000e+05
-1.166765332031250000e+05
-1.166771972656250000e+05
-1.166763261718750000e+05
-1.166783027343750000e+05
-1.166684765625000000e+05
-1.166755664062500000e+05
-1.166750976562500000e+05
-1.166792792968750000e+05
-1.166707617187500000e+05
-1.166778574218750000e+05
-1.166770976562500000e+05
-1.166784628906250000e+05
-1.166684863281250000e+05
-1.166734921875000000e+05
-1.166760976562500000e+05
-1.166696699218750000e+05
-1.166766054687500000e+05
-1.166784960937500000e+05
-1.166771035156250000e+05
-1.166754902343750000e+05
-1.166787148437500000e+05
-1.166678203125000000e+05
-1.166723281250000000e+05
-1.166786777343750000e+05
-1.166770312500000000e+05
-1.166768378906250000e+05
-1.166734160156250000e+05
-1.166781132812500000e+05
-1.166754140625000000e+05
-1.166794472656250000e+05
-1.166733964843750000e+05
-1.166704863281250000e+05
-1.166695292968750000e+05
-1.166705937500000000e+05
-1.166733320312500000e+05
-1.166749902343750000e+05
-1.166795683593750000e+05
-1.166781386718750000e+05
-1.166749589843750000e+05
-1.166751445312500000e+05
-1.166734453125000000e+05
-1.166793750000000000e+05
-1.166750917968750000e+05
-1.166793183593750000e+05
-1.166758417968750000e+05
-1.166674863281250000e+05
-1.166771093750000000e+05
-1.166768183593750000e+05
-1.166783867187500000e+05
-1.166740351562500000e+05
-1.166701054687500000e+05
-1.166729316406250000e+05
-1.166729375000000000e+05
-1.166716386718750000e+05
-1.166777207031250000e+05
-1.166773144531250000e+05
-1.166662539062500000e+05
-1.166794257812500000e+05
-1.166685800781250000e+05
-1.166752910156250000e+05
-1.166760996093750000e+05
-1.166754433593750000e+05
-1.166728847656250000e+05
-1.166778339843750000e+05
-1.166724492187500000e+05
-1.166722421875000000e+05
-1.166754101562500000e+05
-1.166762031250000000e+05
-1.166734531250000000e+05
-1.166762753906250000e+05
-1.166638457031250000e+05
-1.166708261718750000e+05
-1.166766679687500000e+05
-1.166707109375000000e+05
-1.166737812500000000e+05
-1.166776523437500000e+05
-1.166789160156250000e+05
-1.166675195312500000e+05
-1.166770195312500000e+05
-1.166691308593750000e+05
-1.166653906250000000e+05
-1.166719863281250000e+05
-1.166753437500000000e+05
-1.166761093750000000e+05
-1.166800683593750000e+05
-1.166711425781250000e+05
-1.166793789062500000e+05
-1.166760371093750000e+05
-1.166779238281250000e+05
-1.166782500000000000e+05
-1.166780117187500000e+05
-1.166721914062500000e+05
-1.166692949218750000e+05
-1.166781445312500000e+05
-1.166779628906250000e+05
-1.166713378906250000e+05
-1.166726406250000000e+05
-1.166780039062500000e+05
-1.166702890625000000e+05
-1.166668867187500000e+05
-1.166706542968750000e+05
-1.166721445312500000e+05
-1.166787128906250000e+05
-1.166783593750000000e+05
-1.166788125000000000e+05
-1.166798007812500000e+05
-1.166766777343750000e+05
-1.166771640625000000e+05
-1.166718457031250000e+05
-1.166743613281250000e+05
-1.166707734375000000e+05
-1.166755058593750000e+05
-1.166765546875000000e+05
-1.166747968750000000e+05
-1.166728398437500000e+05
-1.166795234375000000e+05
-1.166772441406250000e+05
-1.166756464843750000e+05
-1.166743261718750000e+05
-1.166776113281250000e+05
-1.166697089843750000e+05
-1.166751250000000000e+05
-1.166689628906250000e+05
-1.166792636718750000e+05
-1.166775175781250000e+05
-1.166715644531250000e+05
-1.166752792968750000e+05
-1.166780312500000000e+05
-1.166772871093750000e+05
-1.166745078125000000e+05
-1.166769570312500000e+05
-1.166712851562500000e+05
-1.166720976562500000e+05
-1.166755039062500000e+05
-1.166720859375000000e+05
-1.166773613281250000e+05
-1.166753750000000000e+05
-1.166723242187500000e+05
-1.166787988281250000e+05
-1.166728730468750000e+05
-1.166767656250000000e+05
-1.166794082031250000e+05
-1.166775898437500000e+05
-1.166758046875000000e+05
-1.166712070312500000e+05
-1.166777070312500000e+05
-1.166720195312500000e+05
-1.166786777343750000e+05
-1.166753476562500000e+05
-1.166762695312500000e+05
-1.166744726562500000e+05
-1.166780566406250000e+05
-1.166712011718750000e+05
-1.166781425781250000e+05
-1.166753925781250000e+05
-1.166749824218750000e+05
-1.166759570312500000e+05
-1.166740605468750000e+05
-1.166771230468750000e+05
-1.166715175781250000e+05
-1.166783886718750000e+05
-1.166768144531250000e+05
-1.166761816406250000e+05
-1.166760273437500000e+05
-1.166733320312500000e+05
-1.166763828125000000e+05
-1.166747792968750000e+05
-1.166695410156250000e+05
-1.166736542968750000e+05
-1.166729238281250000e+05
-1.166766972656250000e+05
-1.166742773437500000e+05
-1.166729472656250000e+05
-1.166784277343750000e+05
-1.166735800781250000e+05
-1.166709257812500000e+05
-1.166768515625000000e+05
-1.166624238281250000e+05
-1.166762460937500000e+05
-1.166757871093750000e+05
-1.166777343750000000e+05
-1.166731933593750000e+05
-1.166713164062500000e+05
-1.166657988281250000e+05
-1.166761601562500000e+05
-1.166772148437500000e+05
-1.166791074218750000e+05
-1.166757285156250000e+05
-1.166711914062500000e+05
-1.166726093750000000e+05
-1.166791660156250000e+05
-1.166800019531250000e+05
-1.166781015625000000e+05
-1.166758691406250000e+05
-1.166740039062500000e+05
-1.166749433593750000e+05
-1.166779003906250000e+05
-1.166747304687500000e+05
-1.166734511718750000e+05
-1.166776777343750000e+05
-1.166652460937500000e+05
-1.166723203125000000e+05
-1.166768046875000000e+05
-1.166720449218750000e+05
-1.166755878906250000e+05
-1.166717089843750000e+05
-1.166690761718750000e+05
-1.166747089843750000e+05
-1.166777148437500000e+05
-1.166794843750000000e+05
-1.166730839843750000e+05
-1.166777792968750000e+05
-1.166761562500000000e+05
-1.166765781250000000e+05
-1.166728789062500000e+05
-1.166664882812500000e+05
-1.166776445312500000e+05
-1.166766210937500000e+05
-1.166710292968750000e+05
-1.166730351562500000e+05
-1.166799277343750000e+05
-1.166753632812500000e+05
-1.166802285156250000e+05
-1.166596425781250000e+05
-1.166794804687500000e+05
-1.166675468750000000e+05
-1.166730078125000000e+05
-1.166775605468750000e+05
-1.166724960937500000e+05
-1.166699589843750000e+05
-1.166691250000000000e+05
-1.166797324218750000e+05
-1.166714042968750000e+05
-1.166778828125000000e+05
-1.166733554687500000e+05
-1.166741484375000000e+05
-1.166669785156250000e+05
-1.166738925781250000e+05
-1.166809042968750000e+05
-1.166717207031250000e+05
-1.166789003906250000e+05
-1.166786484375000000e+05
-1.166728359375000000e+05
-1.166780859375000000e+05
-1.166770214843750000e+05
-1.166755781250000000e+05
-1.166781152343750000e+05
-1.166717753906250000e+05
-1.166784882812500000e+05
-1.166712968750000000e+05
-1.166675527343750000e+05
-1.166780781250000000e+05
-1.166746542968750000e+05
-1.166713554687500000e+05
-1.166779101562500000e+05
-1.166781367187500000e+05
-1.166721171875000000e+05
-1.166755703125000000e+05
-1.166731113281250000e+05
-1.166707148437500000e+05
-1.166734023437500000e+05
-1.166764453125000000e+05
-1.166733457031250000e+05
-1.166784843750000000e+05
-1.166762832031250000e+05
-1.166793671875000000e+05
-1.166775507812500000e+05
-1.166734101562500000e+05
-1.166790976562500000e+05
-1.166780781250000000e+05
-1.166734453125000000e+05
-1.166790292968750000e+05
-1.166716640625000000e+05
-1.166752734375000000e+05
-1.166783457031250000e+05
-1.166771816406250000e+05
-1.166757597656250000e+05
-1.166752812500000000e+05
-1.166779804687500000e+05
-1.166730566406250000e+05
-1.166677753906250000e+05
-1.166709003906250000e+05
-1.166738574218750000e+05
-1.166764902343750000e+05
-1.166737988281250000e+05
-1.166756230468750000e+05
-1.166764160156250000e+05
-1.166692382812500000e+05
-1.166792285156250000e+05
-1.166693007812500000e+05
-1.166719394531250000e+05
-1.166774687500000000e+05
-1.166755429687500000e+05
-1.166781054687500000e+05
-1.166744003906250000e+05
-1.166775820312500000e+05
-1.166729707031250000e+05
-1.166707890625000000e+05
-1.166765625000000000e+05
-1.166685117187500000e+05
-1.166717753906250000e+05
-1.166791835937500000e+05
-1.166783320312500000e+05
-1.166748554687500000e+05
-1.166693417968750000e+05
-1.166749218750000000e+05
-1.166781738281250000e+05
-1.166774277343750000e+05
-1.166765917968750000e+05
-1.166771757812500000e+05
-1.166749238281250000e+05
-1.166735351562500000e+05
-1.166746875000000000e+05
-1.166751699218750000e+05
-1.166773535156250000e+05
-1.166652773437500000e+05
-1.166777363281250000e+05
-1.166774414062500000e+05
-1.166786972656250000e+05
-1.166745917968750000e+05
-1.166781347656250000e+05
-1.166778964843750000e+05
-1.166711562500000000e+05
-1.166727968750000000e+05
-1.166629941406250000e+05
-1.166720449218750000e+05
-1.166791894531250000e+05
-1.166769433593750000e+05
-1.166795371093750000e+05
-1.166756093750000000e+05
-1.166747636718750000e+05
-1.166718730468750000e+05
-1.166775546875000000e+05
-1.166725820312500000e+05
-1.166780253906250000e+05
-1.166710761718750000e+05
-1.166800214843750000e+05
-1.166769550781250000e+05
-1.166742929687500000e+05
-1.166727636718750000e+05
-1.166723085937500000e+05
-1.166787949218750000e+05
-1.166726992187500000e+05
-1.166750468750000000e+05
-1.166803886718750000e+05
-1.166782441406250000e+05
-1.166788847656250000e+05
-1.166761953125000000e+05
-1.166740039062500000e+05
-1.166701796875000000e+05
-1.166786171875000000e+05
-1.166710859375000000e+05
-1.166764277343750000e+05
-1.166767968750000000e+05
-1.166666289062500000e+05
-1.166726972656250000e+05
-1.166750566406250000e+05
-1.166805253906250000e+05
-1.166746464843750000e+05
-1.166790507812500000e+05
-1.166751933593750000e+05
-1.166680585937500000e+05
-1.166794296875000000e+05
-1.166765859375000000e+05
-1.166752656250000000e+05
-1.166780703125000000e+05
-1.166685429687500000e+05
-1.166774843750000000e+05
-1.166669082031250000e+05
-1.166644453125000000e+05
-1.166766757812500000e+05
-1.166793203125000000e+05
-1.166758183593750000e+05
-1.166711816406250000e+05
-1.166641386718750000e+05
-1.166660234375000000e+05
-1.166669316406250000e+05
-1.166704453125000000e+05
-1.166738867187500000e+05
-1.166788808593750000e+05
-1.166747675781250000e+05
-1.166717988281250000e+05
-1.166765957031250000e+05
-1.166789082031250000e+05
-1.166686367187500000e+05
-1.166733457031250000e+05
-1.166781855468750000e+05
-1.166768144531250000e+05
-1.166760000000000000e+05
-1.166782148437500000e+05
-1.166741113281250000e+05
-1.166776035156250000e+05
-1.166709550781250000e+05
-1.166746093750000000e+05
-1.166765117187500000e+05
-1.166744550781250000e+05
-1.166809609375000000e+05
-1.166718574218750000e+05
-1.166738945312500000e+05
-1.166762929687500000e+05
-1.166738925781250000e+05
-1.166716250000000000e+05
-1.166717695312500000e+05
-1.166792578125000000e+05
-1.166761894531250000e+05
-1.166775644531250000e+05
-1.166735214843750000e+05
-1.166790761718750000e+05
-1.166747910156250000e+05
-1.166688144531250000e+05
-1.166721152343750000e+05
-1.166582695312500000e+05
-1.166784570312500000e+05
-1.166769492187500000e+05
-1.166790468750000000e+05
-1.166774238281250000e+05
-1.166723085937500000e+05
-1.166718398437500000e+05
-1.166731054687500000e+05
-1.166700410156250000e+05
-1.166653515625000000e+05
-1.166729023437500000e+05
-1.166729277343750000e+05
-1.166787343750000000e+05
-1.166749238281250000e+05
-1.166725371093750000e+05
-1.166783671875000000e+05
-1.166646894531250000e+05
-1.166740019531250000e+05
-1.166765742187500000e+05
-1.166762792968750000e+05
-1.166749375000000000e+05
-1.166725625000000000e+05
-1.166799472656250000e+05
-1.166755820312500000e+05
-1.166765898437500000e+05
-1.166720957031250000e+05
-1.166686484375000000e+05
-1.166803476562500000e+05
-1.166750722656250000e+05
-1.166772441406250000e+05
-1.166652480468750000e+05
-1.166704453125000000e+05
-1.166777597656250000e+05
-1.166794179687500000e+05
-1.166721054687500000e+05
-1.166725078125000000e+05
-1.166743437500000000e+05
-1.166682402343750000e+05
-1.166728574218750000e+05
-1.166760253906250000e+05
-1.166763867187500000e+05
-1.166790332031250000e+05
-1.166734765625000000e+05
-1.166777988281250000e+05
-1.166799863281250000e+05
-1.166685175781250000e+05
-1.166731621093750000e+05
-1.166775625000000000e+05
-1.166790566406250000e+05
-1.166770898437500000e+05
-1.166738671875000000e+05
-1.166758242187500000e+05
-1.166745019531250000e+05
-1.166773906250000000e+05
-1.166787050781250000e+05
-1.166801347656250000e+05
-1.166691113281250000e+05
-1.166760878906250000e+05
-1.166697851562500000e+05
-1.166781640625000000e+05
-1.166761816406250000e+05
-1.166798007812500000e+05
-1.166740878906250000e+05
-1.166769003906250000e+05
-1.166665312500000000e+05
-1.166675039062500000e+05
-1.166771796875000000e+05
-1.166743457031250000e+05
-1.166778964843750000e+05
-1.166704375000000000e+05
-1.166717246093750000e+05
-1.166771132812500000e+05
-1.166775820312500000e+05
-1.166755644531250000e+05
-1.166712695312500000e+05
-1.166729941406250000e+05
-1.166754101562500000e+05
-1.166715957031250000e+05
-1.166778613281250000e+05
-1.166752070312500000e+05
-1.166728085937500000e+05
-1.166711230468750000e+05
-1.166715449218750000e+05
-1.166755136718750000e+05
-1.166778574218750000e+05
-1.166787597656250000e+05
-1.166749804687500000e+05
-1.166796621093750000e+05
-1.166757929687500000e+05
-1.166751054687500000e+05
-1.166745917968750000e+05
-1.166559511718750000e+05
-1.166737421875000000e+05
-1.166756972656250000e+05
-1.166783144531250000e+05
-1.166768847656250000e+05
-1.166756269531250000e+05
-1.166784335937500000e+05
-1.166767167968750000e+05
-1.166749941406250000e+05
-1.166752324218750000e+05
-1.166773652343750000e+05
-1.166661015625000000e+05
-1.166787792968750000e+05
-1.166736035156250000e+05
-1.166786113281250000e+05
-1.166771191406250000e+05
-1.166758789062500000e+05
-1.166717597656250000e+05
-1.166696562500000000e+05
-1.166731835937500000e+05
-1.166778925781250000e+05
-1.166764628906250000e+05
-1.166744648437500000e+05
-1.166747968750000000e+05
-1.166768359375000000e+05
-1.166777011718750000e+05
-1.166799921875000000e+05
-1.166753242187500000e+05
-1.166655468750000000e+05
-1.166739609375000000e+05
-1.166714472656250000e+05
-1.166730273437500000e+05
-1.166770937500000000e+05
-1.166760156250000000e+05
-1.166710351562500000e+05
-1.166775410156250000e+05
-1.166755644531250000e+05
-1.166757871093750000e+05
-1.166793652343750000e+05
-1.166782187500000000e+05
-1.166803886718750000e+05
-1.166783554687500000e+05
-1.166727070312500000e+05
-1.166764375000000000e+05
-1.166778203125000000e+05
-1.166754199218750000e+05
-1.166771679687500000e+05
-1.166767539062500000e+05
-1.166772500000000000e+05
-1.166754472656250000e+05
-1.166765761718750000e+05
-1.166738613281250000e+05
-1.166675371093750000e+05
-1.166736093750000000e+05
-1.166737988281250000e+05
-1.166756308593750000e+05
-1.166759003906250000e+05
-1.166795156250000000e+05
-1.166730195312500000e+05
-1.166762695312500000e+05
-1.166792832031250000e+05
-1.166787031250000000e+05
-1.166762226562500000e+05
-1.166762734375000000e+05
-1.166780117187500000e+05
-1.166763535156250000e+05
-1.166750058593750000e+05
-1.166774453125000000e+05
-1.166775546875000000e+05
-1.166766250000000000e+05
-1.166704882812500000e+05
-1.166772890625000000e+05
-1.166779667968750000e+05
-1.166764550781250000e+05
-1.166678730468750000e+05
-1.166654394531250000e+05
-1.166693652343750000e+05
-1.166744726562500000e+05
-1.166779082031250000e+05
-1.166711738281250000e+05
-1.166747460937500000e+05
-1.166709375000000000e+05
-1.166757949218750000e+05
-1.166744531250000000e+05
-1.166756796875000000e+05
-1.166728847656250000e+05
-1.166756230468750000e+05
-1.166725644531250000e+05
-1.166717343750000000e+05
-1.166755468750000000e+05
-1.166776523437500000e+05
-1.166721875000000000e+05
-1.166776230468750000e+05
-1.166703085937500000e+05
-1.166672148437500000e+05
-1.166576269531250000e+05
-1.166754433593750000e+05
-1.166735117187500000e+05
-1.166717597656250000e+05
-1.166778085937500000e+05
-1.166736777343750000e+05
-1.166785996093750000e+05
-1.166717753906250000e+05
-1.166730605468750000e+05
-1.166802421875000000e+05
-1.166748964843750000e+05
-1.166763613281250000e+05
-1.166740078125000000e+05
-1.166782285156250000e+05
-1.166773437500000000e+05
-1.166763574218750000e+05
-1.166740859375000000e+05
-1.166748691406250000e+05
-1.166673417968750000e+05
-1.166761601562500000e+05
-1.166767753906250000e+05
-1.166696152343750000e+05
-1.166675000000000000e+05
-1.166744414062500000e+05
-1.166763046875000000e+05
-1.166704843750000000e+05
-1.166731582031250000e+05
-1.166709570312500000e+05
-1.166725136718750000e+05
-1.166709472656250000e+05
-1.166709492187500000e+05
-1.166716386718750000e+05
-1.166797011718750000e+05
-1.166776347656250000e+05
-1.166781191406250000e+05
-1.166791484375000000e+05
-1.166791757812500000e+05
-1.166722148437500000e+05
-1.166768144531250000e+05
-1.166771250000000000e+05
-1.166758300781250000e+05
-1.166761054687500000e+05
-1.166688261718750000e+05
-1.166764453125000000e+05
-1.166763027343750000e+05
-1.166758203125000000e+05
-1.166791152343750000e+05
-1.166784824218750000e+05
-1.166673730468750000e+05
-1.166766953125000000e+05
-1.166691953125000000e+05
-1.166781425781250000e+05
-1.166719394531250000e+05
-1.166742929687500000e+05
-1.166723378906250000e+05
-1.166708808593750000e+05
-1.166699531250000000e+05
-1.166772265625000000e+05
-1.166786875000000000e+05
-1.166773066406250000e+05
-1.166793964843750000e+05
-1.166770449218750000e+05
-1.166769414062500000e+05
-1.166754804687500000e+05
-1.166710156250000000e+05
-1.166775664062500000e+05
-1.166723398437500000e+05
-1.166777890625000000e+05
-1.166754355468750000e+05
-1.166705859375000000e+05
-1.166792832031250000e+05
-1.166760644531250000e+05
-1.166783710937500000e+05
-1.166766796875000000e+05
-1.166749101562500000e+05
-1.166751269531250000e+05
-1.166717441406250000e+05
-1.166715273437500000e+05
-1.166790312500000000e+05
-1.166748828125000000e+05
-1.166781738281250000e+05
-1.166737636718750000e+05
-1.166781992187500000e+05
-1.166738906250000000e+05
-1.166785039062500000e+05
-1.166801445312500000e+05
-1.166722539062500000e+05
-1.166775273437500000e+05
-1.166777265625000000e+05
-1.166776093750000000e+05
-1.166776425781250000e+05
-1.166761816406250000e+05
-1.166788183593750000e+05
-1.166791093750000000e+05
-1.166766074218750000e+05
-1.166729570312500000e+05
-1.166744589843750000e+05
-1.166699902343750000e+05
-1.166662460937500000e+05
-1.166803984375000000e+05
-1.166741191406250000e+05
-1.166727988281250000e+05
-1.166659687500000000e+05
-1.166740566406250000e+05
-1.166718359375000000e+05
-1.166794824218750000e+05
-1.166755820312500000e+05
-1.166760664062500000e+05
-1.166722246093750000e+05
-1.166797597656250000e+05
-1.166753476562500000e+05
-1.166750703125000000e+05
-1.166782343750000000e+05
-1.166725566406250000e+05
-1.166730761718750000e+05
-1.166774785156250000e+05
-1.166745976562500000e+05
-1.166726738281250000e+05
-1.166759199218750000e+05
-1.166745136718750000e+05
-1.166760957031250000e+05
-1.166799941406250000e+05
-1.166745136718750000e+05
-1.166802578125000000e+05
-1.166792636718750000e+05
-1.166739804687500000e+05
-1.166754160156250000e+05
-1.166655195312500000e+05
-1.166715058593750000e+05
-1.166753125000000000e+05
-1.166751250000000000e+05
-1.166735683593750000e+05
-1.166741074218750000e+05
-1.166767519531250000e+05
-1.166737656250000000e+05
-1.166758496093750000e+05
-1.166746308593750000e+05
-1.166688300781250000e+05
-1.166780449218750000e+05
-1.166773144531250000e+05
-1.166755664062500000e+05
-1.166724101562500000e+05
-1.166787402343750000e+05
-1.166779082031250000e+05
-1.166771406250000000e+05
-1.166769335937500000e+05
-1.166726523437500000e+05
-1.166764316406250000e+05
-1.166635234375000000e+05
-1.166684707031250000e+05
-1.166782675781250000e+05
-1.166786835937500000e+05
-1.166736914062500000e+05
-1.166711464843750000e+05
-1.166765605468750000e+05
-1.166769179687500000e+05
-1.166718203125000000e+05
-1.166804746093750000e+05
-1.166700449218750000e+05
-1.166779433593750000e+05
-1.166733476562500000e+05
-1.166741718750000000e+05
-1.166741230468750000e+05
-1.166765488281250000e+05
-1.166736210937500000e+05
-1.166725527343750000e+05
-1.166767089843750000e+05
-1.166702109375000000e+05
-1.166759394531250000e+05
-1.166748945312500000e+05
-1.166741562500000000e+05
-1.166637675781250000e+05
-1.166755859375000000e+05
-1.166727070312500000e+05
-1.166756367187500000e+05
-1.166756640625000000e+05
-1.166800117187500000e+05
-1.166731367187500000e+05
-1.166721445312500000e+05
-1.166738593750000000e+05
-1.166781523437500000e+05
-1.166719687500000000e+05
-1.166797226562500000e+05
-1.166800605468750000e+05
-1.166767929687500000e+05
-1.166715722656250000e+05
-1.166747656250000000e+05
-1.166773847656250000e+05
-1.166711835937500000e+05
-1.166743007812500000e+05
-1.166780390625000000e+05
-1.166756308593750000e+05
-1.166774511718750000e+05
-1.166773105468750000e+05
-1.166766347656250000e+05
-1.166649921875000000e+05
-1.166777421875000000e+05
-1.166756445312500000e+05
-1.166776816406250000e+05
-1.166687851562500000e+05
-1.166759179687500000e+05
-1.166724003906250000e+05
-1.166780351562500000e+05
-1.166755527343750000e+05
-1.166770097656250000e+05
-1.166762265625000000e+05
-1.166764238281250000e+05
-1.166740000000000000e+05
-1.166771191406250000e+05
-1.166732578125000000e+05
-1.166778886718750000e+05
-1.166778769531250000e+05
-1.166773476562500000e+05
-1.166807988281250000e+05
-1.166683378906250000e+05
-1.166772636718750000e+05
-1.166780351562500000e+05
-1.166798359375000000e+05
-1.166713281250000000e+05
-1.166714277343750000e+05
-1.166740410156250000e+05
-1.166725917968750000e+05
-1.166751484375000000e+05
-1.166746425781250000e+05
-1.166725996093750000e+05
-1.166747617187500000e+05
-1.166747441406250000e+05
-1.166764531250000000e+05
-1.166698105468750000e+05
-1.166769941406250000e+05
-1.166785175781250000e+05
-1.166785488281250000e+05
-1.166746582031250000e+05
-1.166761269531250000e+05
-1.166768554687500000e+05
-1.166671406250000000e+05
-1.166798496093750000e+05
-1.166782519531250000e+05
-1.166692968750000000e+05
-1.166763554687500000e+05
-1.166728339843750000e+05
-1.166725703125000000e+05
-1.166726894531250000e+05
-1.166743828125000000e+05
-1.166735371093750000e+05
-1.166752812500000000e+05
-1.166717304687500000e+05
-1.166789335937500000e+05
-1.166728085937500000e+05
-1.166717949218750000e+05
-1.166782753906250000e+05
-1.166656660156250000e+05
-1.166771992187500000e+05
-1.166748613281250000e+05
-1.166751328125000000e+05
-1.166738750000000000e+05
-1.166768535156250000e+05
-1.166751660156250000e+05
-1.166793964843750000e+05
-1.166763769531250000e+05
-1.166777109375000000e+05
-1.166717871093750000e+05
-1.166692070312500000e+05
-1.166776132812500000e+05
-1.166715820312500000e+05
-1.166775292968750000e+05
-1.166699667968750000e+05
-1.166724941406250000e+05
-1.166791015625000000e+05
-1.166745429687500000e+05
-1.166722031250000000e+05
-1.166758671875000000e+05
-1.166770175781250000e+05
-1.166742460937500000e+05
-1.166775917968750000e+05
-1.166775703125000000e+05
-1.166765703125000000e+05
-1.166775136718750000e+05
-1.166721894531250000e+05
-1.166742832031250000e+05
-1.166753730468750000e+05
-1.166728789062500000e+05
-1.166705742187500000e+05
-1.166791933593750000e+05
-1.166707265625000000e+05
-1.166809824218750000e+05
-1.166762246093750000e+05
-1.166760390625000000e+05
-1.166752558593750000e+05
-1.166784101562500000e+05
-1.166703320312500000e+05
-1.166676113281250000e+05
-1.166759511718750000e+05
-1.166756113281250000e+05
-1.166775468750000000e+05
-1.166700996093750000e+05
-1.166704218750000000e+05
-1.166704003906250000e+05
-1.166732968750000000e+05
-1.166749765625000000e+05
-1.166795781250000000e+05
-1.166730488281250000e+05
-1.166755781250000000e+05
-1.166712421875000000e+05
-1.166765585937500000e+05
-1.166748574218750000e+05
-1.166765976562500000e+05
-1.166794062500000000e+05
-1.166700703125000000e+05
-1.166725917968750000e+05
-1.166709570312500000e+05
-1.166782441406250000e+05
-1.166767265625000000e+05
-1.166731445312500000e+05
-1.166771191406250000e+05
-1.166775742187500000e+05
-1.166769277343750000e+05
-1.166619355468750000e+05
-1.166784746093750000e+05
-1.166735820312500000e+05
-1.166721132812500000e+05
-1.166754687500000000e+05
-1.166742753906250000e+05
-1.166749648437500000e+05
-1.166793164062500000e+05
-1.166760937500000000e+05
-1.166778906250000000e+05
-1.166718496093750000e+05
-1.166660410156250000e+05
-1.166714042968750000e+05
-1.166791191406250000e+05
-1.166777070312500000e+05
-1.166773300781250000e+05
-1.166715312500000000e+05
-1.166729707031250000e+05
-1.166789335937500000e+05
-1.166636445312500000e+05
-1.166648984375000000e+05
-1.166742617187500000e+05
-1.166750820312500000e+05
-1.166723164062500000e+05
-1.166794375000000000e+05
-1.166690488281250000e+05
-1.166727304687500000e+05
-1.166714355468750000e+05
-1.166789667968750000e+05
-1.166728554687500000e+05
-1.166722636718750000e+05
-1.166796406250000000e+05
-1.166763007812500000e+05
-1.166765273437500000e+05
-1.166785156250000000e+05
-1.166756523437500000e+05
-1.166728105468750000e+05
-1.166704785156250000e+05
-1.166782636718750000e+05
-1.166771757812500000e+05
-1.166748886718750000e+05
-1.166753828125000000e+05
-1.166686328125000000e+05
-1.166761230468750000e+05
-1.166751796875000000e+05
-1.166636503906250000e+05
-1.166784980468750000e+05
-1.166756269531250000e+05
-1.166781445312500000e+05
-1.166789433593750000e+05
-1.166668066406250000e+05
-1.166771328125000000e+05
-1.166770234375000000e+05
-1.166753046875000000e+05
-1.166670859375000000e+05
-1.166761171875000000e+05
-1.166730156250000000e+05
-1.166772792968750000e+05
-1.166764667968750000e+05
-1.166732421875000000e+05
-1.166755332031250000e+05
-1.166785937500000000e+05
-1.166730273437500000e+05
-1.166720273437500000e+05
-1.166745371093750000e+05
-1.166800937500000000e+05
-1.166759179687500000e+05
-1.166641542968750000e+05
-1.166718496093750000e+05
-1.166761093750000000e+05
-1.166738398437500000e+05
-1.166729863281250000e+05
-1.166780078125000000e+05
-1.166733222656250000e+05
-1.166800097656250000e+05
-1.166729277343750000e+05
-1.166770273437500000e+05
-1.166761679687500000e+05
-1.166773437500000000e+05
-1.166731132812500000e+05
-1.166792812500000000e+05
-1.166743144531250000e+05
-1.166719218750000000e+05
-1.166799042968750000e+05
-1.166688320312500000e+05
-1.166750371093750000e+05
-1.166711718750000000e+05
-1.166772167968750000e+05
-1.166723515625000000e+05
-1.166736347656250000e+05
-1.166730390625000000e+05
-1.166733339843750000e+05
-1.166768476562500000e+05
-1.166708808593750000e+05
-1.166713203125000000e+05
-1.166735917968750000e+05
-1.166757207031250000e+05
-1.166773105468750000e+05
-1.166632441406250000e+05
-1.166745839843750000e+05
-1.166713183593750000e+05
-1.166731660156250000e+05
-1.166753652343750000e+05
-1.166781210937500000e+05
-1.166756191406250000e+05
-1.166764492187500000e+05
-1.166664003906250000e+05
-1.166756503906250000e+05
-1.166737929687500000e+05
-1.166744121093750000e+05
-1.166781250000000000e+05
-1.166646113281250000e+05
-1.166701816406250000e+05
-1.166780351562500000e+05
-1.166710781250000000e+05
-1.166768203125000000e+05
-1.166751386718750000e+05
-1.166741445312500000e+05
-1.166751230468750000e+05
-1.166767226562500000e+05
-1.166751171875000000e+05
-1.166730039062500000e+05
-1.166756464843750000e+05
-1.166793730468750000e+05
-1.166779179687500000e+05
-1.166796445312500000e+05
-1.166783164062500000e+05
-1.166774101562500000e+05
-1.166753066406250000e+05
-1.166749824218750000e+05
-1.166766425781250000e+05
-1.166692753906250000e+05
-1.166704023437500000e+05
-1.166795468750000000e+05
-1.166767148437500000e+05
-1.166673320312500000e+05
-1.166771484375000000e+05
-1.166668984375000000e+05
-1.166623515625000000e+05
-1.166726640625000000e+05
-1.166768769531250000e+05
-1.166766523437500000e+05
-1.166730253906250000e+05
-1.166676503906250000e+05
-1.166745097656250000e+05
-1.166724687500000000e+05
-1.166780058593750000e+05
-1.166759453125000000e+05
-1.166744882812500000e+05
-1.166704238281250000e+05
-1.166745410156250000e+05
-1.166762890625000000e+05
-1.166747656250000000e+05
-1.166737968750000000e+05
-1.166736777343750000e+05
-1.166789101562500000e+05
-1.166700683593750000e+05
-1.166772226562500000e+05
-1.166702128906250000e+05
-1.166747656250000000e+05
-1.166754179687500000e+05
-1.166782773437500000e+05
-1.166746347656250000e+05
-1.166779980468750000e+05
-1.166770195312500000e+05
-1.166706484375000000e+05
-1.166746308593750000e+05
-1.166785800781250000e+05
-1.166791191406250000e+05
-1.166771757812500000e+05
-1.166788066406250000e+05
-1.166785371093750000e+05
-1.166756523437500000e+05
-1.166792812500000000e+05
-1.166753847656250000e+05
-1.166787343750000000e+05
-1.166739296875000000e+05
-1.166781542968750000e+05
-1.166787968750000000e+05
-1.166777519531250000e+05
-1.166685937500000000e+05
-1.166769296875000000e+05
-1.166625507812500000e+05
-1.166769511718750000e+05
-1.166729414062500000e+05
-1.166750820312500000e+05
-1.166734902343750000e+05
-1.166781347656250000e+05
-1.166727949218750000e+05
-1.166765976562500000e+05
-1.166709238281250000e+05
-1.166762460937500000e+05
-1.166711992187500000e+05
-1.166760312500000000e+05
-1.166773906250000000e+05
-1.166757265625000000e+05
-1.166739316406250000e+05
-1.166763710937500000e+05
-1.166732109375000000e+05
-1.166732617187500000e+05
-1.166747714843750000e+05
-1.166780781250000000e+05
-1.166797812500000000e+05
-1.166804179687500000e+05
-1.166761445312500000e+05
-1.166760332031250000e+05
-1.166791523437500000e+05
-1.166783378906250000e+05
-1.166742617187500000e+05
-1.166771718750000000e+05
-1.166726523437500000e+05
-1.166749726562500000e+05
-1.166704160156250000e+05
-1.166774570312500000e+05
-1.166745429687500000e+05
-1.166757539062500000e+05
-1.166779453125000000e+05
-1.166769199218750000e+05
-1.166713632812500000e+05
-1.166536230468750000e+05
-1.166792402343750000e+05
-1.166744707031250000e+05
-1.166795957031250000e+05
-1.166764863281250000e+05
-1.166790097656250000e+05
-1.166748378906250000e+05
-1.166761328125000000e+05
-1.166748203125000000e+05
-1.166656269531250000e+05
-1.166799316406250000e+05
-1.166733242187500000e+05
-1.166738496093750000e+05
-1.166743730468750000e+05
-1.166778222656250000e+05
-1.166764902343750000e+05
-1.166751816406250000e+05
-1.166769296875000000e+05
-1.166665488281250000e+05
-1.166790683593750000e+05
-1.166776210937500000e+05
-1.166657304687500000e+05
-1.166809238281250000e+05
-1.166765097656250000e+05
-1.166773964843750000e+05
-1.166742519531250000e+05
-1.166742714843750000e+05
-1.166775136718750000e+05
-1.166749003906250000e+05
-1.166756347656250000e+05
-1.166714140625000000e+05
-1.166788593750000000e+05
-1.166781191406250000e+05
-1.166752167968750000e+05
-1.166733242187500000e+05
-1.166721914062500000e+05
-1.166722324218750000e+05
-1.166741992187500000e+05
-1.166784785156250000e+05
-1.166725839843750000e+05
-1.166750996093750000e+05
-1.166750878906250000e+05
-1.166724414062500000e+05
-1.166798886718750000e+05
-1.166730605468750000e+05
-1.166752832031250000e+05
-1.166775722656250000e+05
-1.166755898437500000e+05
-1.166720527343750000e+05
-1.166744335937500000e+05
-1.166793945312500000e+05
-1.166757636718750000e+05
-1.166767089843750000e+05
-1.166730996093750000e+05
-1.166704960937500000e+05
-1.166781250000000000e+05
-1.166672011718750000e+05
-1.166722402343750000e+05
-1.166718164062500000e+05
-1.166773261718750000e+05
-1.166728378906250000e+05
-1.166649648437500000e+05
-1.166755097656250000e+05
-1.166761152343750000e+05
-1.166740312500000000e+05
-1.166740996093750000e+05
-1.166779648437500000e+05
-1.166772832031250000e+05
-1.166774648437500000e+05
-1.166766464843750000e+05
-1.166663593750000000e+05
-1.166694023437500000e+05
-1.166671796875000000e+05
-1.166718906250000000e+05
-1.166708339843750000e+05
-1.166749863281250000e+05
-1.166778398437500000e+05
-1.166780742187500000e+05
-1.166662656250000000e+05
-1.166760625000000000e+05
-1.166658476562500000e+05
-1.166675332031250000e+05
-1.166754726562500000e+05
-1.166715312500000000e+05
-1.166764218750000000e+05
-1.166731738281250000e+05
-1.166783574218750000e+05
-1.166730898437500000e+05
-1.166716992187500000e+05
-1.166745742187500000e+05
-1.166803203125000000e+05
-1.166778535156250000e+05
-1.166772753906250000e+05
-1.166651796875000000e+05
-1.166723984375000000e+05
-1.166735585937500000e+05
-1.166726562500000000e+05
-1.166696113281250000e+05
-1.166735000000000000e+05
-1.166778769531250000e+05
-1.166769316406250000e+05
-1.166762500000000000e+05
-1.166789687500000000e+05
-1.166749726562500000e+05
-1.166720234375000000e+05
-1.166706464843750000e+05
-1.166745195312500000e+05
-1.166790820312500000e+05
-1.166738847656250000e+05
-1.166768398437500000e+05
-1.166750546875000000e+05
-1.166745878906250000e+05
-1.166793437500000000e+05
-1.166782382812500000e+05
-1.166782617187500000e+05
-1.166783066406250000e+05
-1.166784414062500000e+05
-1.166706601562500000e+05
-1.166772167968750000e+05
-1.166752011718750000e+05
-1.166763789062500000e+05
-1.166771250000000000e+05
-1.166740136718750000e+05
-1.166745195312500000e+05
-1.166698281250000000e+05
-1.166737617187500000e+05
-1.166728437500000000e+05
-1.166726210937500000e+05
-1.166723046875000000e+05
-1.166764980468750000e+05
-1.166749394531250000e+05
-1.166752558593750000e+05
-1.166726015625000000e+05
-1.166741835937500000e+05
-1.166745332031250000e+05
-1.166699648437500000e+05
-1.166757968750000000e+05
-1.166688398437500000e+05
-1.166727304687500000e+05
-1.166705566406250000e+05
-1.166735722656250000e+05
-1.166769511718750000e+05
-1.166708457031250000e+05
-1.166742714843750000e+05
-1.166788300781250000e+05
-1.166702265625000000e+05
-1.166730175781250000e+05
-1.166731210937500000e+05
-1.166773574218750000e+05
-1.166762187500000000e+05
-1.166618007812500000e+05
-1.166770546875000000e+05
-1.166753554687500000e+05
-1.166738632812500000e+05
-1.166764902343750000e+05
-1.166762324218750000e+05
-1.166766386718750000e+05
-1.166750664062500000e+05
-1.166794550781250000e+05
-1.166794414062500000e+05
-1.166753652343750000e+05
-1.166728535156250000e+05
-1.166769531250000000e+05
-1.166756289062500000e+05
-1.166677988281250000e+05
-1.166777226562500000e+05
-1.166786894531250000e+05
-1.166746562500000000e+05
-1.166746054687500000e+05
-1.166742949218750000e+05
-1.166747636718750000e+05
-1.166653203125000000e+05
-1.166731152343750000e+05
-1.166744765625000000e+05
-1.166804707031250000e+05
-1.166757187500000000e+05
-1.166683125000000000e+05
-1.166811132812500000e+05
-1.166763730468750000e+05
-1.166771933593750000e+05
-1.166793496093750000e+05
-1.166680058593750000e+05
-1.166759609375000000e+05
-1.166794394531250000e+05
-1.166767207031250000e+05
-1.166753554687500000e+05
-1.166710625000000000e+05
-1.166579433593750000e+05
-1.166779570312500000e+05
-1.166715878906250000e+05
-1.166740175781250000e+05
-1.166681777343750000e+05
-1.166726542968750000e+05
-1.166750136718750000e+05
-1.166798750000000000e+05
-1.166713125000000000e+05
-1.166743691406250000e+05
-1.166748789062500000e+05
-1.166797343750000000e+05
-1.166704609375000000e+05
-1.166755878906250000e+05
-1.166703027343750000e+05
-1.166724648437500000e+05
-1.166769335937500000e+05
-1.166730136718750000e+05
-1.166720078125000000e+05
-1.166690917968750000e+05
-1.166760937500000000e+05
-1.166778164062500000e+05
-1.166744375000000000e+05
-1.166780742187500000e+05
-1.166761171875000000e+05
-1.166757636718750000e+05
-1.166747109375000000e+05
-1.166760917968750000e+05
-1.166776660156250000e+05
-1.166594433593750000e+05
-1.166724218750000000e+05
-1.166711777343750000e+05
-1.166603515625000000e+05
-1.166732089843750000e+05
-1.166743066406250000e+05
-1.166767265625000000e+05
-1.166735566406250000e+05
-1.166774355468750000e+05
-1.166686894531250000e+05
-1.166803769531250000e+05
-1.166658242187500000e+05
-1.166751757812500000e+05
-1.166753183593750000e+05
-1.166777968750000000e+05
-1.166716601562500000e+05
-1.166760488281250000e+05
-1.166746347656250000e+05
-1.166711386718750000e+05
-1.166732675781250000e+05
-1.166774218750000000e+05
-1.166736777343750000e+05
-1.166700371093750000e+05
-1.166741816406250000e+05
-1.166763515625000000e+05
-1.166791445312500000e+05
-1.166721367187500000e+05
-1.166734863281250000e+05
-1.166729277343750000e+05
-1.166738769531250000e+05
-1.166654316406250000e+05
-1.166773945312500000e+05
-1.166768300781250000e+05
-1.166693750000000000e+05
-1.166748105468750000e+05
-1.166664667968750000e+05
-1.166773789062500000e+05
-1.166776484375000000e+05
-1.166762500000000000e+05
-1.166778964843750000e+05
-1.166732441406250000e+05
-1.166767265625000000e+05
-1.166729394531250000e+05
-1.166723183593750000e+05
-1.166711445312500000e+05
-1.166726171875000000e+05
-1.166740683593750000e+05
-1.166663203125000000e+05
-1.166758398437500000e+05
-1.166780683593750000e+05
-1.166745917968750000e+05
-1.166749355468750000e+05
-1.166753769531250000e+05
-1.166713925781250000e+05
-1.166745742187500000e+05
-1.166790234375000000e+05
-1.166630449218750000e+05
-1.166719453125000000e+05
-1.166793906250000000e+05
-1.166774941406250000e+05
-1.166712402343750000e+05
-1.166729101562500000e+05
-1.166797714843750000e+05
-1.166766757812500000e+05
-1.166800468750000000e+05
-1.166730039062500000e+05
-1.166762324218750000e+05
-1.166773437500000000e+05
-1.166734921875000000e+05
-1.166750312500000000e+05
-1.166734218750000000e+05
-1.166652265625000000e+05
-1.166796152343750000e+05
-1.166701953125000000e+05
-1.166795410156250000e+05
-1.166763671875000000e+05
-1.166705859375000000e+05
-1.166769179687500000e+05
-1.166796621093750000e+05
-1.166769882812500000e+05
-1.166788085937500000e+05
-1.166697968750000000e+05
-1.166795488281250000e+05
-1.166793046875000000e+05
-1.166765937500000000e+05
-1.166770292968750000e+05
-1.166761328125000000e+05
-1.166737656250000000e+05
-1.166741972656250000e+05
-1.166785078125000000e+05
-1.166769511718750000e+05
-1.166746601562500000e+05
-1.166722695312500000e+05
-1.166787890625000000e+05
-1.166755664062500000e+05
-1.166669824218750000e+05
-1.166760429687500000e+05
-1.166697031250000000e+05
-1.166733105468750000e+05
-1.166788222656250000e+05
-1.166742226562500000e+05
-1.166740507812500000e+05
-1.166705917968750000e+05
-1.166775371093750000e+05
-1.166770761718750000e+05
-1.166773066406250000e+05
-1.166737519531250000e+05
-1.166761113281250000e+05
-1.166763886718750000e+05
-1.166755117187500000e+05
-1.166731953125000000e+05
-1.166796250000000000e+05
-1.166757597656250000e+05
-1.166730859375000000e+05
-1.166751757812500000e+05
-1.166720000000000000e+05
-1.166664296875000000e+05
-1.166781464843750000e+05
-1.166788984375000000e+05
-1.166799414062500000e+05
-1.166783359375000000e+05
-1.166650117187500000e+05
-1.166767441406250000e+05
-1.166759277343750000e+05
-1.166743398437500000e+05
-1.166773105468750000e+05
-1.166783125000000000e+05
-1.166743554687500000e+05
-1.166749843750000000e+05
-1.166783613281250000e+05
-1.166705800781250000e+05
-1.166765351562500000e+05
-1.166757031250000000e+05
-1.166790039062500000e+05
-1.166787988281250000e+05
-1.166758398437500000e+05
-1.166680820312500000e+05
-1.166772988281250000e+05
-1.166727890625000000e+05
-1.166791738281250000e+05
-1.166782402343750000e+05
-1.166789433593750000e+05
-1.166727578125000000e+05
-1.166689414062500000e+05
-1.166723593750000000e+05
-1.166672929687500000e+05
-1.166747539062500000e+05
-1.166709609375000000e+05
-1.166757968750000000e+05
-1.166717460937500000e+05
-1.166690820312500000e+05
-1.166720683593750000e+05
-1.166731816406250000e+05
-1.166783320312500000e+05
-1.166758125000000000e+05
-1.166762812500000000e+05
-1.166733125000000000e+05
-1.166763144531250000e+05
-1.166772382812500000e+05
-1.166745566406250000e+05
-1.166699316406250000e+05
-1.166730156250000000e+05
-1.166710234375000000e+05
-1.166805214843750000e+05
-1.166662304687500000e+05
-1.166762714843750000e+05
-1.166784804687500000e+05
-1.166698984375000000e+05
-1.166699960937500000e+05
-1.166749785156250000e+05
-1.166760332031250000e+05
-1.166767832031250000e+05
-1.166761347656250000e+05
-1.166724375000000000e+05
-1.166767265625000000e+05
-1.166659199218750000e+05
-1.166745644531250000e+05
-1.166755136718750000e+05
-1.166668535156250000e+05
-1.166757382812500000e+05
-1.166744941406250000e+05
-1.166772187500000000e+05
-1.166764453125000000e+05
-1.166743457031250000e+05
-1.166775800781250000e+05
-1.166767851562500000e+05
-1.166680468750000000e+05
-1.166738339843750000e+05
-1.166784921875000000e+05
-1.166683867187500000e+05
-1.166691894531250000e+05
-1.166695273437500000e+05
-1.166782832031250000e+05
-1.166714589843750000e+05
-1.166758867187500000e+05
-1.166794375000000000e+05
-1.166733886718750000e+05
-1.166761054687500000e+05
-1.166747910156250000e+05
-1.166746894531250000e+05
-1.166754316406250000e+05
-1.166735468750000000e+05
-1.166723691406250000e+05
-1.166740703125000000e+05
-1.166726523437500000e+05
-1.166715683593750000e+05
-1.166754726562500000e+05
-1.166677031250000000e+05
-1.166782636718750000e+05
-1.166780039062500000e+05
-1.166704667968750000e+05
-1.166744492187500000e+05
-1.166773808593750000e+05
-1.166709375000000000e+05
-1.166678632812500000e+05
-1.166742773437500000e+05
-1.166755878906250000e+05
-1.166720820312500000e+05
-1.166767226562500000e+05
-1.166686484375000000e+05
-1.166707187500000000e+05
-1.166754492187500000e+05
-1.166755390625000000e+05
-1.166794414062500000e+05
-1.166788085937500000e+05
-1.166757421875000000e+05
-1.166601054687500000e+05
-1.166724785156250000e+05
-1.166757421875000000e+05
-1.166679335937500000e+05
-1.166660449218750000e+05
-1.166798535156250000e+05
-1.166744921875000000e+05
-1.166762890625000000e+05
-1.166741347656250000e+05
-1.166804121093750000e+05
-1.166748417968750000e+05
-1.166802968750000000e+05
-1.166779785156250000e+05
-1.166736445312500000e+05
-1.166682695312500000e+05
-1.166773535156250000e+05
-1.166747109375000000e+05
-1.166735000000000000e+05
-1.166710390625000000e+05
-1.166667597656250000e+05
-1.166677480468750000e+05
-1.166765800781250000e+05
-1.166652753906250000e+05
-1.166749687500000000e+05
-1.166719238281250000e+05
-1.166717070312500000e+05
-1.166764003906250000e+05
-1.166807187500000000e+05
-1.166750175781250000e+05
-1.166715292968750000e+05
-1.166749941406250000e+05
-1.166724101562500000e+05
-1.166712246093750000e+05
-1.166734023437500000e+05
-1.166677753906250000e+05
-1.166624375000000000e+05
-1.166783828125000000e+05
-1.166755136718750000e+05
-1.166757226562500000e+05
-1.166725996093750000e+05
-1.166722832031250000e+05
-1.166791171875000000e+05
-1.166709785156250000e+05
-1.166755449218750000e+05
-1.166749785156250000e+05
-1.166708164062500000e+05
-1.166576132812500000e+05
-1.166742968750000000e+05
-1.166731640625000000e+05
-1.166755664062500000e+05
-1.166708535156250000e+05
-1.166777968750000000e+05
-1.166785273437500000e+05
-1.166747187500000000e+05
-1.166713320312500000e+05
-1.166713828125000000e+05
-1.166793789062500000e+05
-1.166750917968750000e+05
-1.166693808593750000e+05
-1.166762011718750000e+05
-1.166723125000000000e+05
-1.166740371093750000e+05
-1.166739062500000000e+05
-1.166798964843750000e+05
-1.166799765625000000e+05
-1.166706816406250000e+05
-1.166756796875000000e+05
-1.166756171875000000e+05
-1.166738906250000000e+05
-1.166748144531250000e+05
-1.166671601562500000e+05
-1.166763359375000000e+05
-1.166802597656250000e+05
-1.166757851562500000e+05
-1.166721464843750000e+05
-1.166791992187500000e+05
-1.166787382812500000e+05
-1.166730742187500000e+05
-1.166723417968750000e+05
-1.166651718750000000e+05
-1.166773105468750000e+05
-1.166730058593750000e+05
-1.166762968750000000e+05
-1.166661953125000000e+05
-1.166702695312500000e+05
-1.166779785156250000e+05
-1.166752265625000000e+05
-1.166785058593750000e+05
-1.166793984375000000e+05
-1.166750742187500000e+05
-1.166731308593750000e+05
-1.166773847656250000e+05
-1.166752578125000000e+05
-1.166670332031250000e+05
-1.166727265625000000e+05
-1.166737070312500000e+05
-1.166779746093750000e+05
-1.166734316406250000e+05
-1.166678320312500000e+05
-1.166709667968750000e+05
-1.166790957031250000e+05
-1.166796621093750000e+05
-1.166718867187500000e+05
-1.166741328125000000e+05
-1.166753828125000000e+05
-1.166764921875000000e+05
-1.166769843750000000e+05
-1.166790488281250000e+05
-1.166759843750000000e+05
-1.166776464843750000e+05
-1.166685703125000000e+05
-1.166766582031250000e+05
-1.166755390625000000e+05
-1.166758183593750000e+05
-1.166797324218750000e+05
-1.166727304687500000e+05
-1.166726230468750000e+05
-1.166674765625000000e+05
-1.166792031250000000e+05
-1.166782128906250000e+05
-1.166733789062500000e+05
-1.166727734375000000e+05
-1.166639296875000000e+05
-1.166765957031250000e+05
-1.166810390625000000e+05
-1.166708867187500000e+05
-1.166768320312500000e+05
-1.166768417968750000e+05
-1.166752089843750000e+05
-1.166769433593750000e+05
-1.166766406250000000e+05
-1.166682187500000000e+05
-1.166680781250000000e+05
-1.166805488281250000e+05
-1.166797343750000000e+05
-1.166742617187500000e+05
-1.166790839843750000e+05
-1.166741582031250000e+05
-1.166751757812500000e+05
-1.166786523437500000e+05
-1.166717949218750000e+05
-1.166777910156250000e+05
-1.166751484375000000e+05
-1.166774726562500000e+05
-1.166765488281250000e+05
-1.166758027343750000e+05
-1.166741367187500000e+05
-1.166784199218750000e+05
-1.166714589843750000e+05
-1.166771699218750000e+05
-1.166699746093750000e+05
-1.166730488281250000e+05
-1.166668535156250000e+05
-1.166679433593750000e+05
-1.166774296875000000e+05
-1.166660078125000000e+05
-1.166708730468750000e+05
-1.166718261718750000e+05
-1.166769863281250000e+05
-1.166797812500000000e+05
-1.166690214843750000e+05
-1.166777890625000000e+05
-1.166783457031250000e+05
-1.166763417968750000e+05
-1.166766992187500000e+05
-1.166713203125000000e+05
-1.166721464843750000e+05
-1.166751171875000000e+05
-1.166760449218750000e+05
-1.166744531250000000e+05
-1.166751269531250000e+05
-1.166781816406250000e+05
-1.166795839843750000e+05
-1.166717500000000000e+05
-1.166701035156250000e+05
-1.166766308593750000e+05
-1.166770058593750000e+05
-1.166743378906250000e+05
-1.166747714843750000e+05
-1.166744335937500000e+05
-1.166739960937500000e+05
-1.166782558593750000e+05
-1.166771484375000000e+05
-1.166731406250000000e+05
-1.166770722656250000e+05
-1.166759257812500000e+05
-1.166782421875000000e+05
-1.166763847656250000e+05
-1.166760625000000000e+05
-1.166802402343750000e+05
-1.166774804687500000e+05
-1.166730507812500000e+05
-1.166777089843750000e+05
-1.166758144531250000e+05
-1.166705878906250000e+05
-1.166757539062500000e+05
-1.166772089843750000e+05
-1.166759414062500000e+05
-1.166755566406250000e+05
-1.166699726562500000e+05
-1.166738164062500000e+05
-1.166733222656250000e+05
-1.166661542968750000e+05
-1.166759687500000000e+05
-1.166762480468750000e+05
-1.166747617187500000e+05
-1.166694531250000000e+05
-1.166781933593750000e+05
-1.166646757812500000e+05
-1.166711699218750000e+05
-1.166756289062500000e+05
-1.166774355468750000e+05
-1.166784804687500000e+05
-1.166738398437500000e+05
-1.166772382812500000e+05
-1.166777929687500000e+05
-1.166772343750000000e+05
-1.166777714843750000e+05
-1.166784433593750000e+05
-1.166789843750000000e+05
-1.166781601562500000e+05
-1.166750683593750000e+05
-1.166695605468750000e+05
-1.166671660156250000e+05
-1.166793300781250000e+05
-1.166768085937500000e+05
-1.166739082031250000e+05
-1.166761113281250000e+05
-1.166674140625000000e+05
-1.166789648437500000e+05
-1.166726523437500000e+05
-1.166773457031250000e+05
-1.166743242187500000e+05
-1.166735156250000000e+05
-1.166782324218750000e+05
-1.166748027343750000e+05
-1.166758945312500000e+05
-1.166753730468750000e+05
-1.166752343750000000e+05
-1.166782558593750000e+05
-1.166750488281250000e+05
-1.166761582031250000e+05
-1.166734433593750000e+05
-1.166754531250000000e+05
-1.166742031250000000e+05
-1.166772460937500000e+05
-1.166723886718750000e+05
-1.166721250000000000e+05
-1.166740664062500000e+05
-1.166773457031250000e+05
-1.166781445312500000e+05
-1.166698828125000000e+05
-1.166757871093750000e+05
-1.166750644531250000e+05
-1.166701601562500000e+05
-1.166764492187500000e+05
-1.166783066406250000e+05
-1.166755078125000000e+05
-1.166749492187500000e+05
-1.166696777343750000e+05
-1.166804980468750000e+05
-1.166758378906250000e+05
-1.166657675781250000e+05
-1.166722812500000000e+05
-1.166751406250000000e+05
-1.166784257812500000e+05
-1.166767910156250000e+05
-1.166773046875000000e+05
-1.166782285156250000e+05
-1.166790468750000000e+05
-1.166739023437500000e+05
-1.166701464843750000e+05
-1.166797070312500000e+05
-1.166739941406250000e+05
-1.166741757812500000e+05
-1.166743203125000000e+05
-1.166699414062500000e+05
-1.166754843750000000e+05
-1.166798105468750000e+05
-1.166771757812500000e+05
-1.166801152343750000e+05
-1.166695371093750000e+05
-1.166585449218750000e+05
-1.166787558593750000e+05
-1.166786679687500000e+05
-1.166765820312500000e+05
-1.166765605468750000e+05
-1.166768085937500000e+05
-1.166775644531250000e+05
-1.166729394531250000e+05
-1.166795175781250000e+05
-1.166737089843750000e+05
-1.166788027343750000e+05
-1.166719746093750000e+05
-1.166699589843750000e+05
-1.166746699218750000e+05
-1.166740117187500000e+05
-1.166799042968750000e+05
-1.166790156250000000e+05
-1.166777148437500000e+05
-1.166705097656250000e+05
-1.166728125000000000e+05
-1.166755410156250000e+05
-1.166765039062500000e+05
-1.166778515625000000e+05
-1.166638437500000000e+05
-1.166745664062500000e+05
-1.166728066406250000e+05
-1.166782929687500000e+05
-1.166765253906250000e+05
-1.166780761718750000e+05
-1.166772089843750000e+05
-1.166731015625000000e+05
-1.166798671875000000e+05
-1.166753105468750000e+05
-1.166665449218750000e+05
-1.166784355468750000e+05
-1.166711132812500000e+05
-1.166760605468750000e+05
-1.166630781250000000e+05
-1.166714453125000000e+05
-1.166755175781250000e+05
-1.166780800781250000e+05
-1.166762011718750000e+05
-1.166682929687500000e+05
-1.166753554687500000e+05
-1.166743554687500000e+05
-1.166718066406250000e+05
-1.166790566406250000e+05
-1.166697304687500000e+05
-1.166713476562500000e+05
-1.166639726562500000e+05
-1.166795644531250000e+05
-1.166780195312500000e+05
-1.166713671875000000e+05
-1.166779726562500000e+05
-1.166756386718750000e+05
-1.166714609375000000e+05
-1.166768632812500000e+05
-1.166738359375000000e+05
-1.166759648437500000e+05
-1.166754726562500000e+05
-1.166629804687500000e+05
-1.166787011718750000e+05
-1.166732285156250000e+05
-1.166790371093750000e+05
-1.166711601562500000e+05
-1.166745644531250000e+05
-1.166642734375000000e+05
-1.166785585937500000e+05
-1.166738300781250000e+05
-1.166737773437500000e+05
-1.166762109375000000e+05
-1.166764355468750000e+05
-1.166754335937500000e+05
-1.166743671875000000e+05
-1.166764921875000000e+05
-1.166709628906250000e+05
-1.166725937500000000e+05
-1.166749121093750000e+05
-1.166752519531250000e+05
-1.166767558593750000e+05
-1.166771894531250000e+05
-1.166754433593750000e+05
-1.166761308593750000e+05
-1.166681855468750000e+05
-1.166729765625000000e+05
-1.166791015625000000e+05
-1.166798125000000000e+05
-1.166804589843750000e+05
-1.166733632812500000e+05
-1.166745957031250000e+05
-1.166766914062500000e+05
-1.166741855468750000e+05
-1.166713652343750000e+05
-1.166733613281250000e+05
-1.166676152343750000e+05
-1.166764121093750000e+05
-1.166785546875000000e+05
-1.166697324218750000e+05
-1.166782656250000000e+05
-1.166742109375000000e+05
-1.166771523437500000e+05
-1.166776015625000000e+05
-1.166749980468750000e+05
-1.166724023437500000e+05
-1.166695722656250000e+05
-1.166750371093750000e+05
-1.166702949218750000e+05
-1.166762539062500000e+05
-1.166767031250000000e+05
-1.166689238281250000e+05
-1.166757480468750000e+05
-1.166794257812500000e+05
-1.166691035156250000e+05
-1.166779199218750000e+05
-1.166727617187500000e+05
-1.166756503906250000e+05
-1.166741523437500000e+05
-1.166761074218750000e+05
-1.166782363281250000e+05
-1.166744902343750000e+05
-1.166787343750000000e+05
-1.166780664062500000e+05
-1.166691152343750000e+05
-1.166689414062500000e+05
-1.166734003906250000e+05
-1.166769335937500000e+05
-1.166750449218750000e+05
-1.166692792968750000e+05
-1.166745234375000000e+05
-1.166770371093750000e+05
-1.166753671875000000e+05
-1.166734785156250000e+05
-1.166770566406250000e+05
-1.166706406250000000e+05
-1.166755898437500000e+05
-1.166733750000000000e+05
-1.166803710937500000e+05
-1.166765175781250000e+05
-1.166729218750000000e+05
-1.166773417968750000e+05
-1.166803906250000000e+05
-1.166746269531250000e+05
-1.166705917968750000e+05
-1.166778164062500000e+05
-1.166743398437500000e+05
-1.166714062500000000e+05
-1.166752500000000000e+05
-1.166730839843750000e+05
-1.166676992187500000e+05
-1.166742597656250000e+05
-1.166749902343750000e+05
-1.166756855468750000e+05
-1.166780859375000000e+05
-1.166747519531250000e+05
-1.166734863281250000e+05
-1.166718125000000000e+05
-1.166791660156250000e+05
-1.166766796875000000e+05
-1.166774316406250000e+05
-1.166666542968750000e+05
-1.166782910156250000e+05
-1.166641191406250000e+05
-1.166788027343750000e+05
-1.166696953125000000e+05
-1.166719863281250000e+05
-1.166795781250000000e+05
-1.166769062500000000e+05
-1.166740800781250000e+05
-1.166747792968750000e+05
-1.166773789062500000e+05
-1.166794335937500000e+05
-1.166752109375000000e+05
-1.166762207031250000e+05
-1.166741113281250000e+05
-1.166796660156250000e+05
-1.166761816406250000e+05
-1.166769960937500000e+05
-1.166799023437500000e+05
