# Variable: A
# Sample shape: (3000,)
# Date: 2018-06-06 20:38:56.711379
1.366941566973625832e+01
1.344527052133245881e+01
1.390416117667260743e+01
1.395889293158096933e+01
1.405343764108715199e+01
1.370719260387179439e+01
1.372431743663753778e+01
1.358617569870853714e+01
1.398441323231855726e+01
1.373741700105866848e+01
1.394706411841350580e+01
1.380025338089867226e+01
1.382752318775384026e+01
1.378868255873971016e+01
1.401065527172824865e+01
1.377563780207672650e+01
1.392260593366852106e+01
1.374535494270637948e+01
1.384810905681767679e+01
1.385846978685059838e+01
1.370468023098707810e+01
1.360756218056100764e+01
1.394576843819724310e+01
1.360157305076407219e+01
1.395443935142568392e+01
1.409739467972982396e+01
1.377958691825204518e+01
1.365748235453680870e+01
1.381746630138731824e+01
1.410591208516234829e+01
1.382154910959111405e+01
1.393807496082959752e+01
1.406314761365719157e+01
1.388579266853249550e+01
1.379704363558441038e+01
1.376777310610641258e+01
1.377462262126373993e+01
1.391518608496167531e+01
1.380930652591802854e+01
1.367998075602269559e+01
1.401353498531732278e+01
1.373238018682710937e+01
1.359892916643460481e+01
1.367939740912290958e+01
1.379546419435629190e+01
1.378852100150512783e+01
1.386244854557165596e+01
1.391343380444218170e+01
1.384112735798823834e+01
1.361299611493148376e+01
1.358736002968877798e+01
1.397575056442686758e+01
1.393174486436075554e+01
1.352795166392387038e+01
1.400038948792413862e+01
1.390738636577421694e+01
1.377705843440502953e+01
1.377100826536580058e+01
1.361067993352399697e+01
1.384506212868080155e+01
1.369177413578517388e+01
1.378500890962799552e+01
1.389570069664415897e+01
1.409654865342818297e+01
1.382069471348257572e+01
1.384181107983026493e+01
1.387659313528362581e+01
1.387568826994310456e+01
1.375371805940693015e+01
1.375484565728563169e+01
1.372382292861580666e+01
1.393674337019555587e+01
1.403444719328452628e+01
1.382141161004911289e+01
1.412229763406571159e+01
1.401340541714866461e+01
1.393139942201498371e+01
1.366405442721433516e+01
1.376828516088765753e+01
1.363072308154111312e+01
1.358295241457130409e+01
1.390828149095805522e+01
1.379493721517482818e+01
1.371057230286529816e+01
1.360639991835000373e+01
1.401985574648965915e+01
1.388065941811355231e+01
1.401029045479787527e+01
1.380924982819973934e+01
1.400006563523072778e+01
1.402082688971857038e+01
1.383506069896825252e+01
1.408543434340334422e+01
1.378137342366011531e+01
1.402182819394492341e+01
1.379088608412538974e+01
1.379667447842367345e+01
1.396454467182188175e+01
1.378700529954505072e+01
1.374927872233308435e+01
1.392389707835955903e+01
1.367311418004576140e+01
1.378355407703810798e+01
1.403851712569061760e+01
1.372328720915332134e+01
1.405980469830027246e+01
1.369318125748078430e+01
1.372999747264167425e+01
1.401217387798243763e+01
1.372727106619289827e+01
1.403321674663033214e+01
1.354963721613668959e+01
1.382098388127467281e+01
1.393299590714991965e+01
1.376979652397669973e+01
1.399604020618229860e+01
1.392784284844362652e+01
1.388605456812417493e+01
1.388532628916704326e+01
1.371433448814471490e+01
1.365375964235668782e+01
1.379951770382109011e+01
1.405072731716414225e+01
1.367436964118665088e+01
1.379410935780076386e+01
1.386730843002933788e+01
1.368728512943277487e+01
1.373196808670495450e+01
1.381552003050229693e+01
1.399833611234659259e+01
1.397964591025784209e+01
1.393384981782087095e+01
1.379017046848864148e+01
1.387398618156164964e+01
1.374005394350014164e+01
1.387780794843866516e+01
1.401757879516229188e+01
1.381770038316406612e+01
1.392228344325525846e+01
1.390464140180856845e+01
1.367677949625980105e+01
1.395288300183117691e+01
1.412824549503400462e+01
1.383263600958949446e+01
1.348986821219160781e+01
1.373220513770905882e+01
1.376498859384443918e+01
1.388896492707524466e+01
1.394506487536744288e+01
1.404857249614092574e+01
1.399051636395271991e+01
1.359038678261379118e+01
1.375727579282260571e+01
1.385275420636135202e+01
1.378157322831567022e+01
1.380045992660321552e+01
1.379122349796287850e+01
1.400546008395471453e+01
1.361318818185360691e+01
1.385424565060183255e+01
1.394867883355066418e+01
1.389614655590185421e+01
1.386565167763548345e+01
1.388945296570371646e+01
1.361459396096149810e+01
1.372195495610412763e+01
1.397077637408357020e+01
1.369382669520510909e+01
1.385645197289121455e+01
1.381970515775355679e+01
1.376129280683324652e+01
1.393726027271260648e+01
1.385949676210832671e+01
1.392475378637465155e+01
1.424792190262845359e+01
1.374993835050541691e+01
1.402049990893176101e+01
1.416893871631870816e+01
1.386195241067227002e+01
1.380343415759266179e+01
1.401659506044172332e+01
1.386902685467750018e+01
1.391440254702717105e+01
1.371207004766642079e+01
1.401111658222278677e+01
1.392255439187895050e+01
1.385081798529520469e+01
1.377364807246511802e+01
1.423558203082619400e+01
1.383275099584658818e+01
1.374502980715359435e+01
1.406404087003269510e+01
1.400110985257739671e+01
1.382528955225972744e+01
1.381282637389254830e+01
1.367280132880744326e+01
1.405456663000641271e+01
1.397753450329829583e+01
1.392528478760282873e+01
1.369152574982684811e+01
1.385692166219635091e+01
1.384266110913455528e+01
1.379936349766811610e+01
1.375546342053123183e+01
1.393556820861750722e+01
1.382323222857807643e+01
1.389709690791712404e+01
1.369553975594801898e+01
1.383027615332559002e+01
1.388173779062738689e+01
1.389890122544239226e+01
1.375838206397370378e+01
1.379837008244028596e+01
1.364028020225186566e+01
1.355848748810384485e+01
1.379257604519717084e+01
1.380950526465245431e+01
1.379240201977752989e+01
1.358759707163663499e+01
1.391153219821354270e+01
1.359354967652141610e+01
1.369102888512525240e+01
1.371965757139716402e+01
1.384064779939523326e+01
1.408780673887434709e+01
1.370292257373013811e+01
1.392223834709905894e+01
1.414875250837919296e+01
1.403195179741762999e+01
1.347040552518490486e+01
1.391609478425155011e+01
1.376296395693511165e+01
1.396783426418749485e+01
1.392483425906677219e+01
1.383655336504776123e+01
1.397166937366646877e+01
1.344221909734913289e+01
1.388447057442653154e+01
1.392760748600368359e+01
1.365952601796453258e+01
1.395336132119912165e+01
1.364232427092274236e+01
1.393465099471777791e+01
1.405208375933032272e+01
1.378238885169375116e+01
1.369692386761260572e+01
1.417795820025860287e+01
1.376928375570010488e+01
1.388385206357973090e+01
1.373385199369836229e+01
1.356908586249564230e+01
1.390903876864973832e+01
1.402498355934024765e+01
1.394740784422607227e+01
1.400610339062025744e+01
1.390603410081713420e+01
1.384749924334969684e+01
1.381281840528826876e+01
1.373083360863240543e+01
1.391808530341386430e+01
1.397243222656768502e+01
1.398907975907446222e+01
1.402630262858919430e+01
1.399613152063438193e+01
1.362240748035118720e+01
1.366418463625358193e+01
1.388527926382059619e+01
1.384750502330399513e+01
1.372714167732475588e+01
1.372281452189485584e+01
1.370732039794767942e+01
1.382507980668785308e+01
1.352689165773418978e+01
1.420256961422876074e+01
1.373147885243036015e+01
1.393984508041077852e+01
1.378853118715331050e+01
1.407972846674731038e+01
1.374610875269202559e+01
1.374833583600928222e+01
1.403366965684013223e+01
1.369823800703731109e+01
1.376110844921670839e+01
1.388948334327053047e+01
1.392542183226111341e+01
1.389505589405004926e+01
1.381158662296133954e+01
1.354135931530094972e+01
1.389157136088462430e+01
1.376326209878391715e+01
1.370884423597463631e+01
1.379608148596492434e+01
1.405172296583451796e+01
1.394604805094398969e+01
1.366800878947638864e+01
1.390891485137365891e+01
1.367770004485605639e+01
1.354476738185261375e+01
1.356678567378432376e+01
1.364971417685636546e+01
1.397364950981014253e+01
1.373460205969868930e+01
1.383329857244448569e+01
1.387296070983970786e+01
1.399357131588850223e+01
1.383752001458861436e+01
1.377312272017546313e+01
1.387385251128552532e+01
1.391239110905779519e+01
1.382788059844393480e+01
1.396464768046169702e+01
1.381576928177795871e+01
1.379141959062999412e+01
1.394261599754532988e+01
1.396259507261597754e+01
1.362152987097656798e+01
1.417318862110147926e+01
1.371426748543358798e+01
1.403626973175713033e+01
1.430162176584554601e+01
1.399876251801873117e+01
1.382189106697939174e+01
1.379420670612512367e+01
1.366772242209105315e+01
1.380349667246484913e+01
1.382687134698764098e+01
1.395448205787067053e+01
1.362154629892171442e+01
1.399426622618053351e+01
1.403535372325465680e+01
1.377424385770183157e+01
1.380682755691032249e+01
1.370443821881003821e+01
1.376189912885423006e+01
1.358261252291685572e+01
1.387069612424369147e+01
1.375965320305617290e+01
1.386237377175951835e+01
1.350264742121979999e+01
1.411283599074108785e+01
1.416465431582655654e+01
1.390192688233123341e+01
1.388271557611582097e+01
1.373742254960982301e+01
1.386572762212809984e+01
1.370369492720849891e+01
1.370256584322187976e+01
1.390389613679361069e+01
1.377680484719100917e+01
1.397535925859175698e+01
1.376199626983846613e+01
1.394781515528462812e+01
1.400963947049553937e+01
1.383139859641485003e+01
1.381665854838993468e+01
1.363079272253295926e+01
1.359082993076664181e+01
1.401534497749495856e+01
1.392509514614262756e+01
1.375457142628182616e+01
1.405836634795477202e+01
1.377520023946808614e+01
1.381931233933182313e+01
1.385066799604121890e+01
1.366059445086373891e+01
1.364385885478013982e+01
1.366065494064088881e+01
1.405301366064385249e+01
1.389785084329461640e+01
1.371290059698849007e+01
1.378240087362197031e+01
1.381318290336095167e+01
1.360273681086602693e+01
1.385201754656700857e+01
1.387544191254527526e+01
1.401230124203453542e+01
1.381466682447722327e+01
1.395496087895044113e+01
1.387999414237808793e+01
1.376841993795447827e+01
1.378806010166323759e+01
1.372441378864664152e+01
1.378158359343633244e+01
1.404898764689567869e+01
1.371150943743250927e+01
1.394761566658713292e+01
1.374775189359360006e+01
1.406548669946427843e+01
1.411401867000304300e+01
1.357333467629807267e+01
1.376509552218266919e+01
1.385756254094686035e+01
1.377979015237137084e+01
1.408213718201304765e+01
1.378847260889773985e+01
1.357482381945336058e+01
1.388197280373646159e+01
1.386784387216349046e+01
1.362126361839727551e+01
1.401336838469086565e+01
1.392747905404958431e+01
1.392772216413423081e+01
1.386463994026351010e+01
1.390982236824812546e+01
1.373123003699761213e+01
1.383629156534662386e+01
1.362351862340446118e+01
1.386498033638306460e+01
1.380796311874853899e+01
1.398055434167988587e+01
1.382012907724436701e+01
1.382586793849529627e+01
1.423055088505441290e+01
1.392135763344079891e+01
1.388862033478970481e+01
1.375167762617568279e+01
1.399349795796724116e+01
1.359451157712173774e+01
1.377414353290223481e+01
1.381529200260558099e+01
1.386141153445783303e+01
1.392130983211997908e+01
1.371082888332186478e+01
1.382379409054342645e+01
1.403894360121458007e+01
1.368559875283121130e+01
1.359155071962462280e+01
1.422175439397091168e+01
1.392380773427054308e+01
1.394722777153431004e+01
1.413894805530654786e+01
1.380774334266639869e+01
1.386495067127097158e+01
1.378939370474382464e+01
1.414107410533272358e+01
1.391253240308665795e+01
1.382892507543168570e+01
1.366427686069555847e+01
1.382051441630931166e+01
1.400542990195598314e+01
1.409150696643608036e+01
1.375043095268235227e+01
1.349168187098324623e+01
1.394844180118317922e+01
1.379154584879998424e+01
1.411506157158943076e+01
1.370065415531740705e+01
1.392818463391847850e+01
1.394918183706040971e+01
1.416004284393243395e+01
1.343283276515600910e+01
1.397663743104597422e+01
1.382409886784354924e+01
1.389005263979504079e+01
1.403423429539761003e+01
1.399859116242464196e+01
1.359429558792339421e+01
1.389629306333495684e+01
1.375144498674522886e+01
1.420326174223400528e+01
1.393640155927589319e+01
1.401401727838091382e+01
1.352235129425283411e+01
1.387592391361139832e+01
1.386520678362429670e+01
1.389111378034471045e+01
1.383056738607731795e+01
1.366492601558126196e+01
1.382630276718282403e+01
1.391113468796363861e+01
1.424815786844198584e+01
1.414790308528714391e+01
1.369470225723335233e+01
1.372119601024846425e+01
1.388020287591886870e+01
1.385186540685143619e+01
1.410423914491867237e+01
1.363418193423729718e+01
1.381885100608310069e+01
1.365425763531532155e+01
1.371649829339774662e+01
1.386267413837413720e+01
1.395237386348599884e+01
1.398278665437297263e+01
1.387770234946290770e+01
1.390637900649122827e+01
1.394088321943459441e+01
1.371875973650991831e+01
1.382372659615828958e+01
1.401926423335185667e+01
1.393924179180980971e+01
1.382387397493864079e+01
1.391056228827047114e+01
1.395332712676704290e+01
1.393195993340073002e+01
1.367302413435432662e+01
1.396418371044750018e+01
1.397921699713026200e+01
1.382839308027947745e+01
1.401320600891065205e+01
1.388556818853413866e+01
1.399528036639650352e+01
1.385678632408029642e+01
1.363891557229121609e+01
1.371083170983750854e+01
1.412846507971739918e+01
1.386269654876763369e+01
1.369752703391651849e+01
1.369697709204741898e+01
1.373384150912352197e+01
1.384034726699565709e+01
1.378822836417867315e+01
1.396848895285904391e+01
1.384485770132035398e+01
1.398943634699345040e+01
1.365524273156388979e+01
1.380025107572837584e+01
1.384045604404426300e+01
1.380613872893982119e+01
1.388559779668401539e+01
1.371411340047655436e+01
1.391715624224225145e+01
1.368031798029310231e+01
1.389387975499656136e+01
1.383135681350702129e+01
1.394879354771077296e+01
1.408262424565427118e+01
1.368574894254617647e+01
1.361238231889700323e+01
1.391894441984865161e+01
1.364985022079993549e+01
1.391329695845515069e+01
1.371809310654508707e+01
1.421632042147421160e+01
1.417018284465330602e+01
1.363873975956611240e+01
1.364677267854255938e+01
1.386353809255098213e+01
1.368489012286659978e+01
1.365634099509206933e+01
1.396008559833950358e+01
1.410411933747676194e+01
1.394459256025313287e+01
1.386788657636368427e+01
1.383930951188852454e+01
1.371009582694323115e+01
1.378504362761302993e+01
1.398083943317341493e+01
1.368570436170825388e+01
1.395369399585609926e+01
1.413767237575533109e+01
1.404830707263588785e+01
1.372215788909079848e+01
1.395958688740496179e+01
1.377455107901353770e+01
1.377410751476342909e+01
1.362009160727586732e+01
1.396778855396328112e+01
1.380879230466955931e+01
1.392345614930186848e+01
1.375190611499312254e+01
1.379853993428492664e+01
1.367244755576349391e+01
1.392950544738231500e+01
1.368863829697341217e+01
1.394826533676299185e+01
1.386439404086372740e+01
1.401074571322289053e+01
1.376588689056930193e+01
1.398903836046407712e+01
1.387921662400945522e+01
1.366970072400101976e+01
1.416070904377542483e+01
1.392017785634618576e+01
1.390748016968635881e+01
1.380626027838075842e+01
1.400788773964103129e+01
1.388324342550290780e+01
1.405407442643267224e+01
1.382099736388081546e+01
1.370037455689755568e+01
1.393454006156290248e+01
1.409640673842170422e+01
1.375265125032802338e+01
1.413551640711229673e+01
1.413827126479154650e+01
1.392732274754217947e+01
1.407748936177667431e+01
1.370415925060094509e+01
1.381274041801931673e+01
1.392822221885626099e+01
1.394592062285942013e+01
1.366093500391656157e+01
1.389672526768145033e+01
1.399877642608301542e+01
1.381389159810109390e+01
1.387766515480605101e+01
1.386493754264570910e+01
1.388063291796084364e+01
1.374993727966934820e+01
1.380961250986970157e+01
1.364355945294848738e+01
1.391187163816983841e+01
1.371343353010157884e+01
1.383048026100744643e+01
1.375461486601635208e+01
1.411171706972782047e+01
1.369439216111093494e+01
1.365233458730425475e+01
1.379007212924465442e+01
1.375077166095338477e+01
1.375378108025969226e+01
1.357402467647390409e+01
1.384953999234140554e+01
1.400343695535480038e+01
1.364785945979977022e+01
1.392631246620166863e+01
1.417441946472894365e+01
1.416452124034635851e+01
1.398473473829705327e+01
1.385348180888263059e+01
1.365675226833980282e+01
1.398618032757771878e+01
1.384165767617444409e+01
1.377994533277117384e+01
1.409871788114107716e+01
1.384420954602334142e+01
1.365064279332799480e+01
1.382319364895257863e+01
1.376591906701269075e+01
1.404140418797284617e+01
1.407813423212487081e+01
1.408490215134296442e+01
1.383791708488324623e+01
1.391722106410947823e+01
1.389203050693597952e+01
1.375902120713577226e+01
1.403656245564179450e+01
1.401826850973662886e+01
1.372423628002232299e+01
1.377465199677913255e+01
1.385791910070813771e+01
1.384896562324010283e+01
1.365850952913712568e+01
1.387075427560605867e+01
1.375939823017714048e+01
1.403128788673175897e+01
1.383405515614693471e+01
1.379337699046909904e+01
1.408777407234360801e+01
1.376177764289503536e+01
1.406727588451141742e+01
1.399111615478626192e+01
1.368818654812179503e+01
1.381084398720246043e+01
1.381753380728499359e+01
1.385391304852927341e+01
1.390025615558017158e+01
1.403605945663151822e+01
1.387317665096393959e+01
1.399981709763143911e+01
1.387789252877646895e+01
1.396370279711837270e+01
1.408911464409947456e+01
1.382639067119789367e+01
1.394751843949785730e+01
1.394415276650787661e+01
1.383973490639028192e+01
1.345882290887064059e+01
1.390057321837077353e+01
1.386426931645524441e+01
1.356686067143917285e+01
1.391840984186918639e+01
1.398818832538850643e+01
1.386145092110129973e+01
1.388692910158082761e+01
1.369186321243633486e+01
1.381212706537424495e+01
1.355984527066495282e+01
1.373632309245411598e+01
1.373389357443708114e+01
1.384057957346335677e+01
1.380340961239015307e+01
1.382145207983629653e+01
1.384701552537984703e+01
1.417670102166908030e+01
1.390951459547637192e+01
1.371849834344403263e+01
1.369407459821836426e+01
1.356176299679641417e+01
1.394315933809107833e+01
1.388748433794259540e+01
1.373367763464776381e+01
1.400743135220398550e+01
1.374906759690303915e+01
1.402473492062858007e+01
1.386868829811749215e+01
1.404382677549968506e+01
1.382515798741228963e+01
1.367672814758459587e+01
1.398574073858030431e+01
1.408718810041326641e+01
1.371938379782441331e+01
1.384809223628825414e+01
1.361606067620208194e+01
1.389701912484127000e+01
1.374590983370290687e+01
1.380932472422774993e+01
1.361161155833695169e+01
1.387301591851098870e+01
1.386852753828464024e+01
1.385249776165013280e+01
1.394342520549297326e+01
1.390754215969411689e+01
1.383749804275339912e+01
1.364930706631690960e+01
1.407980906889657646e+01
1.399122869144816939e+01
1.377229555944238903e+01
1.363814673815260825e+01
1.379213137507093023e+01
1.380989552102538376e+01
1.399615856543100456e+01
1.395378876991801498e+01
1.379238121369903247e+01
1.355840265275083567e+01
1.383162759124634711e+01
1.361283065856405194e+01
1.407609053366038587e+01
1.371127044064965617e+01
1.395230319056150314e+01
1.363157333963965101e+01
1.399356684224758318e+01
1.369830687274430048e+01
1.401216657143174693e+01
1.380372697430923523e+01
1.378263537335538302e+01
1.391193639333126519e+01
1.380835112502533413e+01
1.389292156047537397e+01
1.392121104336513859e+01
1.389927253445332944e+01
1.389710355001629338e+01
1.402147221128829102e+01
1.390860689465974787e+01
1.363689118700421510e+01
1.397952399469011020e+01
1.349980464189589746e+01
1.386064337592443430e+01
1.393360781750402566e+01
1.377592972435265040e+01
1.355704893522451648e+01
1.413546212697727000e+01
1.366060882166532942e+01
1.397996468409413673e+01
1.389795311973626823e+01
1.396943866195992712e+01
1.376743025753035710e+01
1.385992623282527703e+01
1.372148334825397420e+01
1.376563545712745018e+01
1.367340586211936326e+01
1.421301314747517530e+01
1.401164126126198362e+01
1.384604674147924719e+01
1.394557893778606505e+01
1.404093345739417131e+01
1.370476449005880326e+01
1.373620662293328998e+01
1.390632063533711182e+01
1.394100798293409049e+01
1.387825858002021739e+01
1.404468459203428665e+01
1.377626259138157216e+01
1.356819288114532362e+01
1.376057353708014119e+01
1.390819271218793141e+01
1.367314111532273913e+01
1.383308647039871175e+01
1.375326931697072652e+01
1.380375936720073504e+01
1.386244589069304745e+01
1.366238135386704755e+01
1.381574683271231585e+01
1.407305383228067264e+01
1.383630795399465008e+01
1.387480421131117225e+01
1.367692846506303006e+01
1.409251454804519810e+01
1.373607377500021975e+01
1.369843362570905398e+01
1.398616097802435831e+01
1.380160505609286226e+01
1.369302877872222091e+01
1.378755178128365522e+01
1.383653121231198391e+01
1.386561774985842632e+01
1.390340298775824657e+01
1.417202629266815528e+01
1.362885858722985333e+01
1.368893467975540901e+01
1.413792858228697824e+01
1.388648337674445088e+01
1.354806727531824073e+01
1.389188472255087348e+01
1.373443865621338666e+01
1.369432252867249389e+01
1.414759338496735097e+01
1.376200885302471733e+01
1.386673277278343441e+01
1.378689742620110259e+01
1.399435379424406989e+01
1.377858307140083483e+01
1.421986947735734574e+01
1.385827990233866025e+01
1.391438279105758369e+01
1.362832386669449036e+01
1.363046064778448851e+01
1.381582383484603405e+01
1.388620200406052341e+01
1.393187994883237124e+01
1.355497034611076934e+01
1.381535127592884926e+01
1.381642852608289473e+01
1.400549437304275635e+01
1.371490842002011057e+01
1.379938899625852500e+01
1.390630889498804557e+01
1.402770108691366069e+01
1.373784099033070660e+01
1.367945799713733734e+01
1.385516361895814974e+01
1.357030240967715962e+01
1.417451195852093804e+01
1.361859221856586011e+01
1.413235008746368315e+01
1.414715279520400770e+01
1.394701292497511602e+01
1.404746468964106576e+01
1.354057794772733736e+01
1.415388662923338714e+01
1.379727364174332749e+01
1.387199103915905773e+01
1.406086298559648284e+01
1.397542925624917132e+01
1.394702703346206540e+01
1.371774342111017653e+01
1.404641744741937615e+01
1.381398472996397153e+01
1.378295344501071895e+01
1.410142638376437851e+01
1.402379595773887466e+01
1.404878671238499876e+01
1.385280837834370438e+01
1.370063766214366119e+01
1.399784629512895151e+01
1.376554380367461761e+01
1.399205167188710774e+01
1.374469861260945969e+01
1.403419501017872406e+01
1.379877738203338744e+01
1.389680834002233212e+01
1.382099963543628007e+01
1.400220260357914803e+01
1.355186012546158025e+01
1.417766233161042244e+01
1.373322838934071122e+01
1.389931715298389214e+01
1.364524314734570432e+01
1.345863319216296894e+01
1.381251288810050859e+01
1.388499796291231903e+01
1.383273605583385724e+01
1.369870936264208261e+01
1.407021735334962997e+01
1.347644464283570542e+01
1.391874244938349214e+01
1.392912602990047866e+01
1.353784262704342289e+01
1.385554780599382951e+01
1.396855385543303463e+01
1.377144355469427772e+01
1.374701981289964259e+01
1.369130678044802529e+01
1.385734122782703182e+01
1.400514370279679000e+01
1.384149912175746877e+01
1.352037903611972602e+01
1.370191226059047196e+01
1.384844239863475046e+01
1.366311353104457282e+01
1.372826417972244961e+01
1.414013635187030715e+01
1.412096393967147279e+01
1.397317813761130800e+01
1.385339779613077660e+01
1.354280567796945789e+01
1.387100710581642105e+01
1.372587439266752796e+01
1.377788264212216873e+01
1.358374234278121939e+01
1.387599896642988639e+01
1.390205434179855182e+01
1.387663196347825156e+01
1.376199730134542598e+01
1.391644566967887897e+01
1.390497127347973283e+01
1.381768608822746103e+01
1.399762883955687087e+01
1.381739853133972318e+01
1.384688573156860691e+01
1.397581214038831909e+01
1.406261955331225266e+01
1.387041195749506706e+01
1.400503780256516073e+01
1.372683751733019797e+01
1.359943294325062979e+01
1.405671979311829745e+01
1.365045710444312199e+01
1.396116681334017429e+01
1.377260643159736198e+01
1.383348885422975449e+01
1.374066226501942012e+01
1.433595379643564982e+01
1.397565601816211256e+01
1.410233429717663256e+01
1.391055462487816285e+01
1.397778074229928613e+01
1.386375665564168891e+01
1.368761393202592913e+01
1.385557219628750580e+01
1.365565707528741157e+01
1.395130198859422066e+01
1.398114793913384801e+01
1.377417593744158886e+01
1.376154500418979687e+01
1.402683638086552520e+01
1.384269446083754396e+01
1.397225348892775898e+01
1.392989027237261901e+01
1.375387977423474695e+01
1.375407965033903501e+01
1.384423303526252802e+01
1.375463590622566201e+01
1.373278094397563542e+01
1.380573228684024656e+01
1.386369764098993507e+01
1.390032455998963634e+01
1.395458435952900089e+01
1.391490776512998018e+01
1.382089586674471882e+01
1.388487113976667153e+01
1.355755746254960137e+01
1.362235097869032785e+01
1.373582474705438194e+01
1.406312670159047684e+01
1.411665831627931667e+01
1.379299452261201431e+01
1.401129242273672126e+01
1.381418711771466334e+01
1.417862642410645080e+01
1.392159231084321647e+01
1.376229737305694023e+01
1.394918705413071969e+01
1.388965526545969631e+01
1.366284186414988788e+01
1.395212479237645375e+01
1.409918469860241252e+01
1.412808738874274006e+01
1.380453300022742980e+01
1.383724719972683559e+01
1.384736845873878508e+01
1.365314059156158244e+01
1.374106573632882800e+01
1.400830181874818336e+01
1.399584000684736296e+01
1.391195085469868964e+01
1.386526514127712950e+01
1.385620139441229526e+01
1.386951989428058063e+01
1.364752986128393530e+01
1.395701099658296229e+01
1.376796317203679187e+01
1.339209310222597793e+01
1.408045453039037653e+01
1.378998209848233358e+01
1.390958843109812548e+01
1.357396664732583069e+01
1.375070222181837742e+01
1.369640015979803493e+01
1.401515268905214562e+01
1.379228016549213898e+01
1.390597291648487044e+01
1.405768533291161404e+01
1.388513399980380925e+01
1.377322942251866777e+01
1.379747731629866614e+01
1.359452269186228257e+01
1.404719763111192066e+01
1.372247546126160955e+01
1.386100109056249430e+01
1.410298422823060704e+01
1.381647492975282177e+01
1.400680387398857540e+01
1.381911996157347566e+01
1.369679339102951232e+01
1.383643673016957898e+01
1.385391989663564338e+01
1.394499150851872926e+01
1.393392410378793222e+01
1.381186380872001074e+01
1.401019452113169272e+01
1.367896718762728270e+01
1.384262403350856907e+01
1.370435226618825908e+01
1.394036911071964902e+01
1.388508947668903204e+01
1.405105213753891213e+01
1.365982775833712104e+01
1.371802280417355924e+01
1.385301900529154118e+01
1.395551598954922845e+01
1.384505853948969545e+01
1.381138857832952560e+01
1.402733565206854749e+01
1.386436809218652932e+01
1.408993554475521925e+01
1.375307037408194333e+01
1.377072388218473442e+01
1.405879812853745392e+01
1.361454286387241019e+01
1.412094877140503257e+01
1.378063176109863974e+01
1.368999132705032551e+01
1.392789648074592534e+01
1.377259001381260362e+01
1.418893493266421579e+01
1.424412425506041657e+01
1.361784468977334583e+01
1.414157500815351654e+01
1.372878901108428806e+01
1.410962120641588413e+01
1.409663513460377970e+01
1.370910488412201467e+01
1.410065054741599333e+01
1.366681637405410399e+01
1.348402792308928255e+01
1.392940575299677164e+01
1.357151942245225129e+01
1.393131171317913086e+01
1.391833320155037335e+01
1.377842544525752544e+01
1.378867285147545019e+01
1.382172483424450959e+01
1.362119666101451543e+01
1.388616720435532770e+01
1.404828263366255925e+01
1.397284080082240898e+01
1.386220843965116067e+01
1.367225278754664686e+01
1.381209078139859692e+01
1.396095186747494843e+01
1.402640711028002052e+01
1.383528140909487902e+01
1.383020398656213423e+01
1.406520636608777863e+01
1.377887129132875899e+01
1.388422738922193389e+01
1.362007001972974329e+01
1.405633092244169546e+01
1.396648450437603373e+01
1.388733356795696139e+01
1.357096457967466741e+01
1.389457782886240977e+01
1.402417701200110756e+01
1.409442020712751109e+01
1.393847129423773801e+01
1.412475029478024702e+01
1.383214558081915335e+01
1.387240596924026903e+01
1.390665610987755230e+01
1.387915529085996802e+01
1.388134315427424781e+01
1.384861418067151639e+01
1.368583929589616943e+01
1.358548462438382209e+01
1.380268701129175746e+01
1.401537179275597644e+01
1.369992501223955195e+01
1.370360465906200531e+01
1.406180819200640109e+01
1.341572045138678071e+01
1.406578740196800581e+01
1.395427338353515445e+01
1.384827941359026227e+01
1.381333628496788180e+01
1.394084435605562788e+01
1.396823500274520669e+01
1.395805561960746743e+01
1.370475611255322157e+01
1.400473444603845152e+01
1.392636489588127624e+01
1.402062376981116287e+01
1.393177897074165372e+01
1.382688362317946229e+01
1.375821701663019603e+01
1.406036917709679557e+01
1.396348338789962007e+01
1.369375508741583580e+01
1.382447755740006379e+01
1.372332722779960257e+01
1.386193661624366946e+01
1.404066214389882461e+01
1.366572847178988148e+01
1.381470937507088870e+01
1.389414534078735564e+01
1.393806933085884836e+01
1.401054010632094204e+01
1.396939600311396212e+01
1.375656744296972711e+01
1.386249149751292542e+01
1.378632506751923792e+01
1.347881566190288360e+01
1.397456038906965148e+01
1.377398104365791198e+01
1.391759088561606639e+01
1.354310547436450918e+01
1.372763055548155009e+01
1.363160993549669620e+01
1.383639442959466948e+01
1.374391946367090966e+01
1.380554909883881720e+01
1.390341443480196304e+01
1.341282352037471881e+01
1.378302464539959438e+01
1.391803369357419484e+01
1.385338144447488240e+01
1.389991169989002806e+01
1.383915970436630438e+01
1.367325592567247128e+01
1.395510204577121449e+01
1.372432644344643471e+01
1.378891433249442677e+01
1.382257828166483193e+01
1.417342068120060361e+01
1.381404993763719169e+01
1.376018120437437986e+01
1.416504738020298504e+01
1.391547527908112158e+01
1.402312516108418983e+01
1.390566819850762847e+01
1.387925714416216394e+01
1.399135012483754359e+01
1.408348515773545095e+01
1.408905160406884427e+01
1.349804968087259205e+01
1.382932924827448140e+01
1.365011222537359714e+01
1.389631102860592016e+01
1.395555947469692804e+01
1.349676237052896255e+01
1.391067465865822861e+01
1.406729955027608803e+01
1.352285225534160062e+01
1.351926915127573814e+01
1.396677065007255614e+01
1.388150793128596661e+01
1.389615646982885266e+01
1.365849389619271470e+01
1.402799856676132961e+01
1.376904631384431887e+01
1.404620170833967130e+01
1.368767090681913956e+01
1.366586936608963931e+01
1.387294695746650497e+01
1.345940130613585772e+01
1.383658322013048014e+01
1.367314503505879841e+01
1.389487113033955445e+01
1.391096930568013335e+01
1.381312247371085888e+01
1.400975557875109523e+01
1.374810362530593011e+01
1.367602714586994495e+01
1.375445926019061105e+01
1.366348523188074005e+01
1.392774701406366944e+01
1.398024738424962976e+01
1.388300584278421290e+01
1.384740313896648267e+01
1.395016491263947778e+01
1.398361303650845500e+01
1.390642274171339032e+01
1.390652867003884019e+01
1.368876702756484498e+01
1.402388340865010008e+01
1.385498965890810297e+01
1.389381106220185913e+01
1.423031201184650030e+01
1.380862793657320253e+01
1.394253743633590759e+01
1.356242890662968925e+01
1.393844846894931422e+01
1.379163991715687665e+01
1.363846287095019250e+01
1.368696255017854391e+01
1.380537637807504403e+01
1.379609148048707112e+01
1.387261882045944894e+01
1.379888185407540746e+01
1.394119763095066489e+01
1.375820267624232507e+01
1.403332002872682871e+01
1.377811606028495639e+01
1.392611606693862036e+01
1.387365496719263369e+01
1.401462950810834407e+01
1.378504352933809685e+01
1.387219491123178372e+01
1.387330752605699047e+01
1.358085034359811516e+01
1.362242376025900370e+01
1.384435049935802731e+01
1.369012345440030387e+01
1.377895926685801520e+01
1.392842573960200170e+01
1.385923890949924342e+01
1.365474584284223702e+01
1.377746360207280141e+01
1.391854708273204544e+01
1.379797080632049422e+01
1.399182336642168956e+01
1.376105009971665005e+01
1.389933445801707101e+01
1.375793828673956831e+01
1.394368509439097714e+01
1.410702390630006242e+01
1.392560574854663358e+01
1.384033720495462738e+01
1.387586665627497950e+01
1.413368605910035214e+01
1.386870003261544326e+01
1.393946357616098908e+01
1.393478273807285106e+01
1.410425956635192790e+01
1.369665175099563825e+01
1.359299879455627114e+01
1.391244768880202898e+01
1.365883555427146412e+01
1.371246908084562577e+01
1.358111896765701587e+01
1.388944962377716763e+01
1.405208166849644869e+01
1.382795583892349356e+01
1.399074466408564632e+01
1.413906016872975258e+01
1.346320636341914145e+01
1.389949287065531180e+01
1.365198132117127905e+01
1.373084632895170287e+01
1.376409149976341517e+01
1.386897869121672144e+01
1.392517064614607669e+01
1.378090944225127323e+01
1.396234099885111846e+01
1.377935412326876730e+01
1.404513523220842330e+01
1.373758747026661098e+01
1.413734508639371157e+01
1.416197305543823148e+01
1.380763065451663252e+01
1.389403079204730318e+01
1.372992952021899171e+01
1.380632845213686544e+01
1.396986449606218628e+01
1.390324426653974754e+01
1.374585956981728074e+01
1.408566564535256482e+01
1.368297894460012820e+01
1.369995439002616422e+01
1.360566412868125497e+01
1.361787096579964640e+01
1.368939014925242148e+01
1.387426269468396356e+01
1.383590121534652262e+01
1.397713418999812518e+01
1.394805019557573544e+01
1.367898378717434049e+01
1.363025857447896705e+01
1.375247913634955133e+01
1.376414466734130571e+01
1.386565529004939812e+01
1.388648989825071389e+01
1.367392841525182945e+01
1.375023126669942641e+01
1.367920868972623616e+01
1.406606311012023447e+01
1.365449295894954496e+01
1.388811268479964944e+01
1.360919712927228353e+01
1.400064368674584969e+01
1.365055238836619012e+01
1.366124659852694023e+01
1.349821634776228052e+01
1.382462399085246929e+01
1.379337315310847956e+01
1.400560122340914404e+01
1.376295774706363595e+01
1.391306208509184827e+01
1.391449298308635463e+01
1.368730994424860548e+01
1.362842758784819708e+01
1.367166850937209510e+01
1.385949759268936354e+01
1.381574185987585324e+01
1.382595648836590563e+01
1.365596403008636273e+01
1.374311620606682816e+01
1.388883023821717977e+01
1.378554937308519257e+01
1.387953695247329478e+01
1.378502539105677194e+01
1.418214330271431400e+01
1.417941085057125150e+01
1.422978340636280237e+01
1.412780813133928426e+01
1.374036405559241558e+01
1.378701240306580367e+01
1.388251138393286688e+01
1.375986138312798701e+01
1.360742085454775996e+01
1.367548387582298908e+01
1.386458617706413143e+01
1.395211200923544403e+01
1.392850576282384090e+01
1.394846780945881903e+01
1.385705420607039429e+01
1.378025081380241801e+01
1.409611230925312597e+01
1.372653068367870333e+01
1.407485526780470408e+01
1.376991588669479860e+01
1.377168176797917987e+01
1.388319263162721207e+01
1.406689586106909395e+01
1.369055639244212585e+01
1.375367204647321806e+01
1.381443303716751281e+01
1.382669782246570733e+01
1.402036902436590182e+01
1.386190660152159460e+01
1.405783425744609083e+01
1.397599605446421656e+01
1.402446548756121736e+01
1.390651530565192218e+01
1.374536736599326403e+01
1.394506133546599536e+01
1.400600326865265544e+01
1.360341555541656433e+01
1.370600983597555533e+01
1.394874204059128608e+01
1.370123134741530890e+01
1.390198329505178521e+01
1.404443611956769367e+01
1.404345086561394318e+01
1.374000915871632067e+01
1.373294901556767478e+01
1.396442767585321221e+01
1.391873625532555359e+01
1.370168119710795729e+01
1.403337765812858251e+01
1.411182221826012295e+01
1.372837505717920337e+01
1.363880101393981192e+01
1.377135595147900560e+01
1.379134562748310699e+01
1.357740226054085930e+01
1.405142314611677890e+01
1.382491989844996461e+01
1.417295140814479204e+01
1.366425544827701444e+01
1.371690728668519554e+01
1.375337984441303973e+01
1.360845509579713486e+01
1.392383808832122227e+01
1.367215041205391302e+01
1.409354837901447333e+01
1.393251240559078319e+01
1.391951406373098976e+01
1.394757972733163420e+01
1.350896508586845890e+01
1.368960681226202247e+01
1.399882769942727911e+01
1.373376445686300684e+01
1.389481305564886426e+01
1.374511259609085378e+01
1.395923292396017601e+01
1.385934195863680607e+01
1.367487618103127467e+01
1.379502485768746922e+01
1.389154011239009634e+01
1.383269143346394436e+01
1.366892826058221644e+01
1.362752590657888518e+01
1.361392587579763891e+01
1.379094514257503512e+01
1.385970497593244488e+01
1.376914606689939369e+01
1.393755107074052546e+01
1.370730766737857032e+01
1.396139067590357108e+01
1.385923069927247475e+01
1.372089431510116242e+01
1.387574109604987349e+01
1.387451953847898878e+01
1.379688009876583266e+01
1.385084484214434575e+01
1.381360342411772812e+01
1.381399191548082683e+01
1.386301097214531808e+01
1.391565724308879304e+01
1.349078422411918687e+01
1.388221877983724362e+01
1.382452279252447624e+01
1.389079314968269685e+01
1.387568634555295333e+01
1.387169665551262199e+01
1.376306302658804803e+01
1.397770874403282271e+01
1.351876488005448529e+01
1.402566196289029854e+01
1.379139698981177986e+01
1.361951468756908135e+01
1.404515777587977610e+01
1.382326393552621191e+01
1.390071477828096747e+01
1.394612783734585371e+01
1.380473953302292500e+01
1.360196071883625990e+01
1.385047627153704575e+01
1.362250441071100937e+01
1.391670977946770549e+01
1.390356276143627312e+01
1.400673829942834026e+01
1.383669022484071576e+01
1.390920904835591543e+01
1.382559662293613556e+01
1.362416065019777811e+01
1.366488185765959429e+01
1.394584713815030241e+01
1.383714588352706443e+01
1.420972855297871362e+01
1.366414889196536642e+01
1.353479579486277551e+01
1.363669813631091898e+01
1.382189004906808627e+01
1.411219255060416167e+01
1.399081579207333981e+01
1.384752929787515363e+01
1.407165265541606480e+01
1.391214574331820408e+01
1.359785255811907767e+01
1.366015219110276391e+01
1.360661497245838092e+01
1.382413683179719754e+01
1.404574536595252354e+01
1.385389581013814819e+01
1.385325051168480748e+01
1.379218971787308945e+01
1.389278461887042582e+01
1.378458121404825221e+01
1.392971858710060573e+01
1.388969722160731735e+01
1.392301664734510958e+01
1.383123680363664221e+01
1.396952471538074825e+01
1.381128692902548494e+01
1.408232306134408240e+01
1.425560038226688420e+01
1.409957076680009180e+01
1.386296911749205485e+01
1.400212736990398632e+01
1.409441982718701958e+01
1.386722225081724424e+01
1.361809799214692163e+01
1.376087653129617649e+01
1.381707362394219984e+01
1.355750491016737236e+01
1.391133795832165276e+01
1.370918416048629851e+01
1.391554821721815571e+01
1.376776402678016886e+01
1.390127717692952558e+01
1.387920942083775877e+01
1.388611874846821692e+01
1.397793782923272055e+01
1.410739957010204648e+01
1.391480193976080670e+01
1.385417880614703634e+01
1.382397259329781924e+01
1.371657191362073647e+01
1.415802843192779115e+01
1.383607379513952651e+01
1.371202745060367967e+01
1.420897642204494637e+01
1.370310009739998236e+01
1.386335872558033522e+01
1.362603902315553484e+01
1.395197478140377889e+01
1.363676624803160387e+01
1.387323010627386921e+01
1.382469475230570843e+01
1.385176099029583696e+01
1.377289240664205927e+01
1.401838096707448145e+01
1.388382231000319855e+01
1.399348048638189113e+01
1.394584873964474525e+01
1.355199847165782501e+01
1.376883472984003554e+01
1.390913580401187843e+01
1.393769943817696166e+01
1.411238582728215718e+01
1.401879862208858896e+01
1.389000749948731084e+01
1.400571877958438094e+01
1.385463345139364044e+01
1.375582095594344700e+01
1.395275213103999512e+01
1.385190386065954371e+01
1.387820531607800767e+01
1.403447625305079782e+01
1.385668842652010646e+01
1.391278811589578623e+01
1.357288384658277458e+01
1.401435498706104532e+01
1.386877069567156440e+01
1.420155653635424642e+01
1.389273456762069969e+01
1.397703658797519388e+01
1.372573119615700499e+01
1.396525257606840853e+01
1.371491730986537760e+01
1.382162809326660557e+01
1.394139161011475636e+01
1.348220878000637946e+01
1.375942190957427513e+01
1.421505672880559601e+01
1.379814994475955992e+01
1.396096351508631628e+01
1.381673332819354272e+01
1.394819193268812008e+01
1.402223014294112602e+01
1.415888284955259557e+01
1.375582519261008763e+01
1.372725283090672654e+01
1.375369366382635050e+01
1.409320789062950041e+01
1.365380174165670724e+01
1.396750873747389576e+01
1.366155187464038256e+01
1.353063221191032817e+01
1.401776216040513567e+01
1.386141516275122143e+01
1.386266879215417092e+01
1.387397871812913763e+01
1.389096643457044600e+01
1.385549662449148478e+01
1.417083077692894832e+01
1.394859174684268943e+01
1.362669541665111872e+01
1.406353414455431938e+01
1.392608253526090145e+01
1.372958754478250576e+01
1.386980612270533442e+01
1.379191883318568834e+01
1.391587972887196223e+01
1.390865093506421601e+01
1.386777273648087672e+01
1.381889173445792274e+01
1.399809372711554722e+01
1.382282374166602956e+01
1.392541731238154412e+01
1.388620172374901784e+01
1.374229584878716359e+01
1.372916493514402703e+01
1.393633094001562966e+01
1.361370513073509692e+01
1.357951836526864753e+01
1.380863944897536300e+01
1.390928806690815200e+01
1.379899004130088436e+01
1.410232528995659251e+01
1.369417522120183506e+01
1.358913060311254384e+01
1.381307035629072111e+01
1.379046547758703056e+01
1.383075248723209327e+01
1.378516699363842868e+01
1.377214397247131750e+01
1.371581384809284998e+01
1.368702609469631959e+01
1.403321468578388931e+01
1.373425611498763743e+01
1.365159455761797425e+01
1.392012168553096707e+01
1.366113657230750889e+01
1.403707275563828993e+01
1.403842395623081352e+01
1.384527827455105076e+01
1.378772568290732536e+01
1.383058640475363177e+01
1.374632034418012516e+01
1.357862790952437848e+01
1.379364313181019597e+01
1.353851612892822054e+01
1.366268158647846676e+01
1.398371384211403168e+01
1.382295949823241621e+01
1.385090262423388019e+01
1.378034188083926814e+01
1.402066888925864241e+01
1.362557271529938596e+01
1.390739883673528965e+01
1.409401604667446506e+01
1.382888962919652442e+01
1.374840541385929527e+01
1.359313641944898698e+01
1.374817902673063408e+01
1.404959853749978294e+01
1.406423170596139016e+01
1.401467106507966243e+01
1.410106709026001681e+01
1.374647494947816284e+01
1.398844966174076987e+01
1.389411584245275044e+01
1.392431123926559522e+01
1.389064542660729629e+01
1.389527132888500738e+01
1.375190237266757975e+01
1.376129643103873867e+01
1.375239810530844586e+01
1.382362172236919839e+01
1.352340698861810608e+01
1.388963513274595307e+01
1.384304143160766998e+01
1.364569733825339704e+01
1.380948829250506904e+01
1.365319542706454925e+01
1.379780673186851203e+01
1.405603768229912554e+01
1.367018702531145102e+01
1.382757142703822950e+01
1.377587857317368503e+01
1.388746458392505367e+01
1.399853111170539499e+01
1.370399994938158272e+01
1.389645785704772685e+01
1.414031996994573781e+01
1.369874119094554388e+01
1.356003577399043891e+01
1.388068661969446183e+01
1.377460874803021973e+01
1.376389574584021958e+01
1.391138848550669671e+01
1.378232849453044295e+01
1.373286699811355405e+01
1.364751808730912863e+01
1.400937612598712256e+01
1.357524141623668967e+01
1.382477135914777122e+01
1.383468806982313559e+01
1.405713039760018468e+01
1.393026369454174862e+01
1.390467716576015711e+01
1.403481317582632393e+01
1.393404007475687045e+01
1.363407152398591649e+01
1.385289372165737376e+01
1.373070774673914229e+01
1.411480099636373708e+01
1.382496522219961577e+01
1.392812497474319144e+01
1.381067580222876856e+01
1.358237363181445012e+01
1.392506431330834538e+01
1.381658949565854400e+01
1.349907189891131587e+01
1.358883728056714979e+01
1.372951960305675101e+01
1.386854394898587906e+01
1.415537719764542324e+01
1.387899251592011751e+01
1.394866347378295579e+01
1.381449130270195269e+01
1.404716582797604829e+01
1.386529248610057152e+01
1.367852909450723331e+01
1.381365100239894339e+01
1.387841813072171959e+01
1.402341823656439246e+01
1.374014856075232416e+01
1.357135608436186125e+01
1.374149608925006660e+01
1.392714775677106687e+01
1.402469930868520898e+01
1.380418660385609897e+01
1.387621599307680320e+01
1.365189685862761770e+01
1.409238478682348195e+01
1.409172907560903454e+01
1.331863617171236136e+01
1.359695881009134588e+01
1.409849024127965578e+01
1.416346890635149869e+01
1.394151463404317148e+01
1.375692255932238162e+01
1.392383980813277944e+01
1.392971885064545212e+01
1.406417665670662132e+01
1.348208873491604365e+01
1.396841839777531291e+01
1.366330616470209947e+01
1.383698545284241099e+01
1.392246543242556100e+01
1.390535780727176274e+01
1.383417049564466517e+01
1.371270075673857214e+01
1.398298250687228794e+01
1.390620172764150020e+01
1.402702989905085040e+01
1.378018130057721535e+01
1.385169973882446470e+01
1.369381864198615339e+01
1.401611942869870120e+01
1.362948519808778869e+01
1.402732451266702540e+01
1.380326448298241893e+01
1.394192715515157843e+01
1.384621677588583744e+01
1.379308146263982593e+01
1.359778396475482509e+01
1.388683093328072538e+01
1.413955654390093919e+01
1.360401679765682381e+01
1.406751425639701658e+01
1.378368002923474123e+01
1.378380073027749297e+01
1.392395125893973784e+01
1.389015819621138803e+01
1.398060325287195127e+01
1.366337952026828972e+01
1.389666398406616388e+01
1.395425577637388415e+01
1.390968561106690338e+01
1.418984624381283943e+01
1.380541612653308725e+01
1.382351956563062245e+01
1.372180443910049874e+01
1.401678615144230555e+01
1.399081299392467592e+01
1.368872263393473077e+01
1.402900521907744746e+01
1.373742166785381968e+01
1.380009055038238763e+01
1.409760922878012757e+01
1.378156742722489270e+01
1.381858959769017936e+01
1.384750645987458562e+01
1.345809896313592979e+01
1.375480628856307774e+01
1.400663158822525745e+01
1.368924447511570364e+01
1.381950370987707366e+01
1.383688244483861673e+01
1.391126052077533437e+01
1.371927934027154627e+01
1.384144136562435001e+01
1.400917365173593154e+01
1.392742893412106220e+01
1.392066804294552185e+01
1.380717519667393134e+01
1.392454437184936467e+01
1.376342168088760864e+01
1.367081995178917886e+01
1.384894714842643992e+01
1.363708794580538175e+01
1.377849675871917690e+01
1.407639941245891357e+01
1.401043291261462542e+01
1.388468720786733002e+01
1.393305396942718843e+01
1.384811101970790759e+01
1.391259849011275129e+01
1.359114431343456353e+01
1.419483803922194554e+01
1.364543896478738105e+01
1.405271487132231023e+01
1.390307343638873228e+01
1.364926586333484693e+01
1.394557204216745028e+01
1.407558698854660229e+01
1.417678426256967228e+01
1.381269728978789679e+01
1.402214494047182036e+01
1.406055390969248009e+01
1.393999224716445262e+01
1.389497768273131939e+01
1.371104626275690208e+01
1.376528433354208047e+01
1.386914666297951726e+01
1.368132086399428005e+01
1.377984743830548986e+01
1.386904751435323746e+01
1.381271204807482178e+01
1.383761530963567132e+01
1.393007279367884266e+01
1.397643622415474951e+01
1.404642711296281021e+01
1.390851397096796305e+01
1.376866279712169749e+01
1.387153015712490856e+01
1.373401559208410383e+01
1.379737563843887926e+01
1.385513339092529250e+01
1.386191511948454114e+01
1.378740244912229329e+01
1.366918802321913873e+01
1.399953921673586166e+01
1.407892635458731334e+01
1.379529846902879875e+01
1.399233185292525050e+01
1.411542608917448227e+01
1.363135980009667847e+01
1.392170932792241267e+01
1.387294545486512298e+01
1.373031823650426375e+01
1.399797731977536053e+01
1.355113847263016424e+01
1.394410316668982652e+01
1.397315829680609411e+01
1.361147703473213966e+01
1.393482852741699496e+01
1.384208100460837798e+01
1.360572748213666294e+01
1.391318741690882455e+01
1.380628366117656292e+01
1.395934385133332611e+01
1.395152175909156789e+01
1.382484905656108509e+01
1.378070197266238495e+01
1.393609162049895467e+01
1.378495558387638731e+01
1.358121232810911749e+01
1.388854983786942476e+01
1.394027721807275988e+01
1.373704137113872115e+01
1.391362096708793850e+01
1.353708291634951166e+01
1.402611545550449179e+01
1.378676023011916740e+01
1.381375816764615827e+01
1.375870975509762140e+01
1.405305858948942799e+01
1.382872398408169623e+01
1.375653368924040798e+01
1.379202058660468921e+01
1.376696258799096562e+01
1.364768273149176814e+01
1.395412684641063095e+01
1.395350483882463699e+01
1.382162383618437040e+01
1.383702189293508766e+01
1.388194844304502773e+01
1.394502990134428444e+01
1.402979752302085892e+01
1.363163656745224372e+01
1.377002791382246372e+01
1.359774914639007193e+01
1.401688434245094683e+01
1.377571974136466615e+01
1.372070029490936882e+01
1.395029230998329339e+01
1.378828211636040990e+01
1.364596828230435754e+01
1.371893177576283485e+01
1.350445220176355043e+01
1.388204906183295506e+01
1.374977397711989369e+01
1.401294903407897685e+01
1.394100370102618669e+01
1.384083561708211718e+01
1.387051721774205681e+01
1.377290623915126311e+01
1.374003823743448294e+01
1.386743671850226889e+01
1.378981336081377407e+01
1.361888261213129780e+01
1.396143780831984671e+01
1.391885067954254751e+01
1.414162023660805012e+01
1.379867150308547608e+01
1.376116529319161863e+01
1.368700511370818340e+01
1.385509483955035925e+01
1.412649298199403525e+01
1.377569892105758598e+01
1.376807558848112123e+01
1.395323860653348902e+01
1.366510793620059339e+01
1.359784593792077700e+01
1.363677352066534354e+01
1.380018540981769881e+01
1.434069768839097314e+01
1.368539035067440501e+01
1.386898809379580122e+01
1.376927065049359200e+01
1.367414015169374686e+01
1.393730689619840035e+01
1.394047729639420474e+01
1.379989463358953827e+01
1.389370627543594949e+01
1.378991151509532109e+01
1.387285422216662312e+01
1.378351832751894435e+01
1.393471947884025219e+01
1.374298204166899140e+01
1.397668573659795577e+01
1.401669957112128984e+01
1.430422674279137674e+01
1.376079849077149042e+01
1.378067746108762570e+01
1.383602158828022866e+01
1.395932388557030279e+01
1.378329385277466201e+01
1.395143207033651578e+01
1.401408237680760926e+01
1.395207851555126943e+01
1.353922959001369719e+01
1.390771998738231296e+01
1.370498100937539121e+01
1.369782982405274119e+01
1.385834305259337818e+01
1.413393804080774707e+01
1.371289976306956859e+01
1.418005038712623112e+01
1.377988584218767265e+01
1.396037163866265196e+01
1.394715152521010104e+01
1.361472564513406702e+01
1.392558809995453295e+01
1.390489309391288586e+01
1.386693588386777165e+01
1.377810427220396861e+01
1.404382081236084545e+01
1.350000167938841500e+01
1.381208412432294708e+01
1.375206914498968480e+01
1.412006215971961964e+01
1.367435535213728492e+01
1.385406723918955052e+01
1.369869113269880501e+01
1.373178699160024507e+01
1.377257862799249999e+01
1.355876885649279018e+01
1.394922561404681893e+01
1.358300038841843183e+01
1.374610281597598949e+01
1.416962401861225374e+01
1.387268280154455447e+01
1.398639528860205772e+01
1.388270053419530115e+01
1.377491840239881782e+01
1.368501037691416045e+01
1.378012326734014437e+01
1.403008421299554520e+01
1.379181458616002942e+01
1.387110902742231211e+01
1.393459141253481981e+01
1.394400575393892794e+01
1.369682325521235100e+01
1.365774927057747412e+01
1.390082170022009400e+01
1.405966214205936637e+01
1.349094640265183109e+01
1.401589365040592838e+01
1.378022942880438073e+01
1.392834613659351284e+01
1.371353254474788841e+01
1.379778368306403102e+01
1.396037002875864985e+01
1.382180175085662910e+01
1.367348399985770513e+01
1.365214763861218650e+01
1.388468128076524621e+01
1.382485259709859449e+01
1.376161914711233969e+01
1.375404285469749510e+01
1.399272972200972731e+01
1.373671412177237272e+01
1.368409936276178485e+01
1.403654033601019613e+01
1.412349210656466347e+01
1.370825333727238160e+01
1.381431300086742908e+01
1.412559011637290851e+01
1.386464576658818793e+01
1.387922432496968206e+01
1.369291853214847698e+01
1.384153404777871721e+01
1.353403410717122313e+01
1.406095183664912796e+01
1.400010046334548441e+01
1.373365162523393046e+01
1.376279754174771597e+01
1.396882243150356473e+01
1.396322382103776860e+01
1.381474460508983526e+01
1.383161420366238659e+01
1.381585866956838160e+01
1.394300565455232643e+01
1.414732622581566268e+01
1.412420417999460476e+01
1.391674502851676287e+01
1.396294300458827031e+01
1.385191859263480296e+01
1.396342449656036955e+01
1.372989813926628955e+01
1.424770734587384524e+01
1.363320043039943918e+01
1.397745981609207888e+01
1.371379070548645451e+01
1.383733226662129390e+01
1.385363871855737194e+01
1.367867842867573280e+01
1.362566521130043284e+01
1.398144136437754881e+01
1.386257557249386707e+01
1.403580147490367480e+01
1.383006688081031932e+01
1.369324024066779799e+01
1.384122380798876151e+01
1.388746430628317441e+01
1.377182689169309171e+01
1.380630813448840399e+01
1.357827889238970798e+01
1.371846120211749387e+01
1.387065660333926331e+01
1.399726090912326804e+01
1.376644332539904347e+01
1.365963055072363552e+01
1.401328331102968683e+01
1.376414712963851805e+01
1.415108631781776616e+01
1.399623481422691995e+01
1.357276540755801086e+01
1.367760960117199787e+01
1.367729763774328156e+01
1.374755281112215322e+01
1.397039495295412337e+01
1.410255595704219189e+01
1.367845277007544702e+01
1.385475609873914493e+01
1.374353637835163156e+01
1.371912069383219013e+01
1.377465878995969994e+01
1.367468535354683468e+01
1.369831231483064649e+01
1.406292729818921039e+01
1.358742678499187484e+01
1.387391570928524409e+01
1.384541106186589943e+01
1.377558816328622804e+01
1.388714994800383629e+01
1.379984835312049540e+01
1.371341057366550054e+01
1.382057834018867304e+01
1.392859348499722394e+01
1.385320373957896756e+01
1.365117241997201702e+01
1.384644874711089280e+01
1.377477868036024411e+01
1.387429975672984561e+01
1.370716173230668744e+01
1.385693945432348784e+01
1.404723672397321010e+01
1.381713915542516347e+01
1.387675042867063269e+01
1.377587870039366535e+01
1.373791418402292130e+01
1.394276352798620167e+01
1.384411668050259259e+01
1.417670705212667670e+01
1.415714849300083067e+01
1.362215956817262175e+01
1.414862217745522166e+01
1.368026504252931552e+01
1.354331463601894292e+01
1.378315856654613469e+01
1.382728453146913239e+01
1.359295119594123769e+01
1.345764538335651750e+01
1.363015645684293631e+01
1.388916734958786492e+01
1.394971376094045112e+01
1.391674961423113821e+01
1.400864256980734623e+01
1.402151198306933644e+01
1.394885249611159495e+01
1.369665231229160796e+01
1.392852500355615319e+01
1.344922636802691152e+01
1.386618194232742241e+01
1.370453252126696597e+01
1.399211239100407411e+01
1.376846903682777778e+01
1.400263083285199706e+01
1.394717506636105320e+01
1.402618901781084304e+01
1.404551742351777399e+01
1.395820900526759978e+01
1.385662128434543838e+01
1.366438471364756957e+01
1.357559146810179662e+01
1.396950560781451678e+01
1.380261979543257134e+01
1.389932922289570172e+01
1.365854883120560892e+01
1.367814645432640397e+01
1.368691296226484511e+01
1.371510233927111244e+01
1.398982364409549817e+01
1.346550852071540660e+01
1.412776166521530818e+01
1.381025218205664373e+01
1.404318184294983318e+01
1.380040642279902485e+01
1.387690912652619879e+01
1.380974269704942614e+01
1.381730323580427822e+01
1.383091036554045239e+01
1.385560577312812747e+01
1.379356576508790155e+01
1.397590898801254689e+01
1.377923126003949861e+01
1.393178972565522500e+01
1.389744118353111979e+01
1.382003629521026156e+01
1.393925528500149014e+01
1.398368624850989583e+01
1.372835389163356012e+01
1.383254573770416762e+01
1.369233255427669604e+01
1.393691108494214248e+01
1.375986834374765522e+01
1.386789991479680140e+01
1.388566662259295903e+01
1.391520871915368218e+01
1.395742893511439853e+01
1.408225831081947099e+01
1.391790946389808248e+01
1.371812684681305683e+01
1.385722371894028626e+01
1.396334042439898226e+01
1.362423905227806564e+01
1.369528919850424842e+01
1.393102193682316603e+01
1.389840532805139262e+01
1.380569333877286375e+01
1.371354119122254644e+01
1.380348293616170530e+01
1.412382656975415784e+01
1.350170513810744310e+01
1.382816884718159756e+01
1.395461445628886388e+01
1.374462094518746191e+01
1.382662102888472155e+01
1.392516118017187310e+01
1.402715916256044970e+01
1.372972098375522876e+01
1.377954220568947896e+01
1.364886605152695154e+01
1.414565855014862983e+01
1.411141856275476414e+01
1.372804597756535117e+01
1.382672848724770631e+01
1.392695411308490883e+01
1.389712237138721385e+01
1.376903818890517606e+01
1.389686659693311732e+01
1.387975773486768283e+01
1.389259110948461817e+01
1.375472516468409978e+01
1.393764616694915581e+01
1.397027123637933599e+01
1.408134130170541809e+01
1.391320067794437776e+01
1.376905713936025322e+01
1.372050372739454538e+01
1.357042433243904611e+01
1.380726242249243718e+01
1.374665432897104189e+01
1.354296320329808623e+01
1.379540424263756293e+01
1.388932636636340412e+01
1.374814113079766642e+01
1.394501441122613095e+01
1.385280543949996357e+01
1.382401909236419790e+01
1.433098268279744225e+01
1.360650893991084409e+01
1.390424564092871940e+01
1.383585588032751801e+01
1.391702994045861175e+01
1.383737033066550026e+01
1.381489381358464641e+01
1.388941815783734768e+01
1.381200221369133452e+01
1.397676739362418630e+01
1.348539313608736023e+01
1.408602118012497151e+01
1.386488994996644841e+01
1.390352758728560545e+01
1.372469097706976271e+01
1.405194143920316385e+01
1.408940434500888550e+01
1.403586371896765961e+01
1.399925850909093228e+01
1.411910975174383331e+01
1.382672573087325496e+01
1.385403782730321609e+01
1.358999114496584681e+01
1.380157381645097736e+01
1.370520740397620152e+01
1.393611575681624259e+01
1.371312612469814241e+01
1.365576342953491107e+01
1.385830049710029854e+01
1.388354926622773533e+01
1.382855916099884652e+01
1.391187250733661962e+01
1.402341119017834004e+01
1.397365143724519498e+01
1.394712272097708805e+01
1.387214250738929522e+01
1.384285655976718488e+01
1.377657597479131191e+01
1.394187979943852795e+01
1.417309957775685447e+01
1.396924414388144697e+01
1.375643193726036628e+01
1.380355875226799434e+01
1.409968154941955731e+01
1.407189040949466197e+01
1.405800787822562548e+01
1.381018543822360733e+01
1.340974086113636865e+01
1.380531078297230074e+01
1.363213544512876219e+01
1.373703119732680733e+01
1.390079710867138019e+01
1.377410191678568552e+01
1.391529176804213286e+01
1.409042197736800262e+01
1.391077651446309105e+01
1.371073422408147024e+01
1.387864508067041491e+01
1.392657853657386191e+01
1.390486796873405950e+01
1.382620769800257676e+01
1.385859549162334048e+01
1.372455632627280053e+01
1.371486571270833998e+01
1.399955261503821724e+01
1.366814025587717296e+01
1.390079404982390621e+01
1.380514509068783191e+01
1.412527028296596399e+01
1.397959417141141714e+01
1.400998800141867839e+01
1.411480186361009359e+01
1.376728766199735610e+01
1.388660091708194599e+01
1.383808160043512636e+01
1.379105584869587453e+01
1.379940275244838865e+01
1.427203083156441643e+01
1.376691079726585620e+01
1.390402548328772170e+01
1.365655538179492368e+01
1.390717990019812333e+01
1.402836581766376689e+01
1.378899673970252415e+01
1.382465021697794327e+01
1.376871876270218209e+01
1.396033702076733185e+01
1.354594216240637472e+01
1.381341038743349436e+01
1.380819569423191950e+01
1.371152806712627203e+01
1.396259025346329530e+01
1.395944852235595057e+01
1.372325982561175728e+01
1.389805072450930012e+01
1.355720447036625664e+01
1.370448222399299709e+01
1.403922268106094862e+01
1.388207247695348734e+01
1.374634885521927252e+01
1.379312076106047158e+01
1.368148855630235161e+01
1.387590237720424824e+01
1.395488833393102546e+01
1.370025918763873385e+01
1.405942967729717097e+01
1.391505755309588999e+01
1.375613190774650363e+01
1.397395603816881327e+01
1.387100871233477228e+01
1.378236653796953171e+01
1.388782518776783625e+01
1.362478643220878460e+01
1.383767162392812722e+01
1.392848551649050037e+01
1.397750625605224606e+01
1.373494824899753297e+01
1.383285161544359987e+01
1.397787418946776761e+01
1.400731507818736077e+01
1.385533588102058289e+01
1.391401716069053052e+01
1.366149687284991110e+01
1.374284532136610792e+01
1.364925970898989860e+01
1.386316078166364107e+01
1.420150187687257137e+01
1.385485460347477016e+01
1.390298064629031316e+01
1.400514170092562338e+01
1.386614779280392362e+01
1.370070438769826104e+01
1.383136257176033368e+01
1.405865111812608426e+01
1.421200103929952974e+01
1.411605490070450486e+01
1.410243904089974976e+01
1.399910239404358947e+01
1.385600383470951158e+01
1.375816088600060816e+01
1.370520429589726596e+01
1.369623463981783296e+01
1.410255422956222482e+01
1.366419938732936323e+01
1.395560097249843423e+01
1.380875582670311807e+01
1.402368378206372057e+01
1.358888481635685785e+01
1.392020542864863053e+01
1.380579970792830125e+01
1.376974270627191288e+01
1.366142122188821695e+01
1.383636850675831376e+01
1.370928962800982198e+01
1.383471332045049174e+01
1.379057331265192587e+01
1.372612411917699404e+01
1.387871937009495760e+01
1.381365013013041221e+01
1.362153858138457174e+01
1.365334576536586830e+01
1.403796023530053283e+01
1.387372175600007651e+01
1.405069597580004803e+01
1.380248735739296251e+01
1.387211512187093376e+01
1.392552411357990039e+01
1.358538214069010763e+01
1.378841473129947559e+01
1.380309579316813462e+01
1.410661904368818931e+01
1.413859068634035587e+01
1.380365241538670240e+01
1.379421219920129893e+01
1.370505106769694770e+01
1.397403020603079149e+01
1.389216328147717938e+01
1.378575563026486961e+01
1.410532058377761722e+01
1.390907286031445089e+01
1.376813983916188100e+01
1.407143063326669719e+01
1.374411594783730628e+01
1.382188053420409979e+01
1.366611766808726358e+01
1.378802831106941618e+01
1.393235888571967607e+01
1.403979784220317661e+01
1.379524894971877735e+01
1.376943555662019669e+01
1.396068301070548223e+01
1.402234576726798565e+01
1.378831439644089052e+01
1.426055426161444117e+01
1.352448074300686365e+01
1.372994843718373659e+01
1.384457482838692144e+01
1.374308417229432422e+01
1.389168682487926176e+01
1.367052807650430246e+01
1.377079634167574440e+01
1.371126089181858454e+01
1.365836431398620654e+01
1.371630169770437035e+01
1.397468761365777290e+01
1.347207606205883401e+01
1.387548206135697804e+01
1.370868341722420247e+01
1.408702561494593830e+01
1.377948335834043903e+01
1.363119025394963479e+01
1.390173185398059630e+01
1.372997056642922864e+01
1.423288236042921184e+01
1.403868038137493990e+01
1.380104808953925044e+01
1.397399366966095258e+01
1.400852202941357305e+01
1.373279699790439778e+01
1.391246016271906605e+01
1.386078521293669219e+01
1.367507448028805683e+01
1.406346876532746393e+01
1.404266764691423575e+01
1.406992835727196400e+01
1.399070849096603197e+01
1.383558667406911091e+01
1.373585349450402937e+01
1.385570565484178474e+01
1.389988644708518528e+01
1.372280940854339804e+01
1.376153167861734161e+01
1.371514231909433512e+01
1.396100989530000014e+01
1.390352415990466817e+01
1.386249026476385282e+01
1.380342129701012510e+01
1.420852331258864432e+01
1.398204927666936470e+01
1.401481277937343073e+01
1.382533605769712359e+01
1.343146936714524742e+01
1.400942755190012967e+01
1.393159889491191272e+01
1.364119904413870721e+01
1.403163652534543182e+01
1.364945680369368475e+01
1.392723095852341153e+01
1.389302542015355613e+01
1.402987840402364306e+01
1.380534211577846726e+01
1.381907763223820140e+01
1.412227288533696878e+01
1.389006465058986883e+01
1.419592416499743237e+01
1.360052922985713586e+01
1.380282570798276964e+01
1.369108780591384011e+01
1.363521589455427829e+01
1.388782508280890049e+01
1.376583981027698123e+01
1.401879662269703175e+01
1.377654822227790277e+01
1.383525321260820462e+01
1.370155160092183877e+01
1.390269655382680192e+01
1.377991603174878499e+01
1.379609735941810200e+01
1.384855637212519852e+01
1.393724158837647664e+01
1.369241694402028564e+01
1.411016995197959289e+01
1.382374726295192247e+01
1.399525727658802055e+01
1.378418028498985848e+01
1.415092171006068433e+01
1.409615755978919260e+01
1.392956532037004003e+01
1.414937779920012773e+01
1.401795003027829800e+01
1.366810460108741765e+01
1.374675929659155216e+01
1.384000421713997575e+01
1.386419110543311639e+01
1.355603252940644410e+01
1.390961582267632757e+01
1.381358923793980686e+01
1.352545252107101525e+01
1.386668203658209997e+01
1.374318513889843985e+01
1.403776014425150898e+01
1.381254670682620755e+01
1.390929791467460142e+01
1.358791143112334154e+01
1.387810361012949834e+01
1.371814239832978899e+01
1.363715322558562448e+01
1.354464654034504711e+01
1.377449451710372585e+01
1.403132702220540828e+01
1.355119108037271403e+01
1.417033873655157983e+01
1.378152405635537470e+01
1.369128064901752140e+01
1.371806099173317861e+01
1.391542155702654604e+01
1.379011832909239388e+01
1.384805820842562518e+01
1.382384244493970549e+01
1.354437822164779348e+01
1.414075296840941398e+01
1.379141485049130544e+01
1.383608799206752238e+01
1.374171883429430885e+01
1.361935935168039968e+01
1.390935634311600744e+01
1.375852041192631958e+01
1.377884174716289678e+01
1.363597819520419208e+01
1.386188944596150208e+01
1.408795837715238441e+01
1.418326078259299550e+01
1.357220436972991351e+01
1.376763052517019403e+01
1.399479365858395852e+01
1.381867647830299539e+01
1.394089554553168853e+01
1.361975277042843224e+01
1.406246751219477353e+01
1.367162303984999205e+01
1.362202413137764268e+01
1.401344491144080884e+01
1.392489009639818498e+01
1.425351298676919853e+01
1.417264326483736525e+01
1.380065625883024261e+01
1.387513579869369984e+01
1.381437804584563978e+01
1.405284051544577473e+01
1.372122410525093628e+01
1.389155403881505890e+01
1.385373439422964736e+01
1.386848024937795998e+01
1.414651586822647289e+01
1.369755655363815805e+01
1.393417024748454125e+01
1.398424968570065907e+01
1.418610621771676072e+01
1.399643887709994239e+01
1.381334982637158681e+01
1.366277408778038094e+01
1.416109472275659442e+01
1.395242308558206012e+01
1.400580605508023524e+01
1.428314494800702050e+01
1.379854580889574756e+01
1.382020389671082761e+01
1.408723566467163835e+01
1.403139718951339887e+01
1.379421990056237846e+01
1.368962282121501239e+01
1.388202168254598945e+01
1.386751511232737144e+01
1.393233393067093751e+01
1.368435610229064281e+01
1.370439991783586819e+01
1.378645620575424502e+01
1.417462239922268274e+01
1.379455483782360403e+01
1.393165482049623449e+01
1.365282561904320069e+01
1.396503020681388207e+01
1.361273568312523352e+01
1.407468369085342630e+01
1.388244582126560722e+01
1.396184830696798329e+01
1.396260708415706553e+01
1.399487150904710120e+01
1.376830378484112138e+01
1.404166260297967739e+01
1.398289889890643956e+01
1.379895792161740964e+01
1.374810499182757084e+01
1.364345557187526659e+01
1.357862215637210390e+01
1.411586740946177798e+01
1.400707892857259829e+01
1.378938842468588000e+01
1.389774932244772110e+01
1.371004400194017059e+01
1.409652463185517135e+01
1.414336070867663153e+01
1.383984290184741184e+01
1.395941970488611972e+01
1.404055517969909062e+01
1.383800572855200350e+01
1.387411879434173478e+01
1.362041970237057420e+01
1.408742606377952455e+01
1.399898533821435365e+01
1.376698329470977455e+01
1.365167793785414574e+01
1.380932374857492384e+01
1.401858133661739458e+01
1.355541239597838654e+01
1.389359061225391834e+01
1.409028881497573238e+01
1.379296052065915035e+01
1.385127683580826385e+01
1.399284111553183685e+01
1.360892315141049913e+01
1.368003353169536496e+01
1.392533335883598156e+01
1.379789963025797839e+01
1.401947606083982656e+01
1.386210809634871666e+01
1.377499209673737646e+01
1.362608944446651904e+01
1.389455974764240587e+01
1.401105096086087443e+01
1.429789539698239409e+01
1.405213796327042708e+01
1.367342211777628869e+01
1.407026065170108353e+01
1.392971120746486591e+01
1.387621793047781082e+01
1.398933785473807845e+01
1.359823979344688105e+01
1.402882591211915297e+01
1.393961594128098724e+01
1.373121915631197076e+01
1.402600511334378908e+01
1.404127756462504806e+01
1.390465466585153997e+01
1.386008633462042994e+01
1.379288178491313310e+01
1.363260289517199375e+01
1.407602477765201598e+01
1.380751719967166125e+01
1.378113388158135777e+01
1.366200463312418201e+01
1.397088773720345323e+01
1.390361555796508952e+01
1.392549136215918359e+01
1.354245721031528049e+01
1.389893648819792382e+01
1.383655535087721056e+01
1.372540246110466455e+01
1.393336648793423471e+01
1.342692849793266241e+01
1.393367095272729017e+01
1.406922849050137003e+01
1.370416684150231568e+01
1.383742766545563185e+01
1.390028000352845794e+01
1.391632745102604218e+01
1.378098502010693061e+01
1.378373278359153176e+01
1.377437327327706917e+01
1.381531030226190282e+01
1.398074977625496196e+01
1.413630225925943407e+01
1.376130318820350062e+01
1.399805478877565790e+01
1.394199946227080389e+01
1.380291786765237383e+01
1.392240637508030865e+01
1.373770559639175026e+01
1.384253321224223043e+01
1.400872749728073074e+01
1.399795297501481883e+01
1.391043151094303809e+01
1.399970024074300312e+01
1.409551567678613715e+01
1.368576695571322333e+01
1.357169871470410527e+01
1.413455474530475442e+01
1.382092214150664411e+01
1.405806041236802528e+01
1.392195283806768913e+01
1.386825351286404739e+01
1.379162835445563573e+01
1.399446962887423673e+01
1.365067434894553422e+01
1.381531614983458311e+01
1.374064674501312489e+01
1.392272455923279395e+01
1.379764284689686171e+01
1.379598473733891240e+01
1.400175977501405633e+01
1.365211488864420986e+01
1.387910085303682095e+01
1.377010930020846047e+01
1.390222170771173715e+01
1.380235056197128074e+01
1.399118456488362128e+01
1.394995098218442031e+01
1.382642584978639810e+01
1.381309199556506684e+01
1.395358622124042114e+01
1.391677243353547055e+01
1.396093872622897436e+01
1.379705326491708917e+01
1.363841923034643600e+01
1.396919593782936886e+01
1.401299674397252737e+01
1.376045339307373183e+01
1.387143569630156037e+01
1.380105077479443310e+01
1.368390397807936765e+01
1.379883825888174798e+01
1.370382164149315507e+01
1.388007749129058155e+01
1.376690651831370715e+01
1.378783999112338421e+01
1.357041757137575466e+01
1.405910146787624626e+01
1.386108845022073055e+01
1.389863666567425504e+01
1.382136150973039790e+01
1.367635663249460798e+01
1.384374449389668271e+01
1.387759156446965747e+01
1.386725415789700122e+01
1.392868724065687935e+01
1.366998428860730286e+01
1.363578986031235196e+01
1.370825262962216584e+01
1.379938813098284811e+01
1.386457093114463746e+01
1.395599124245003431e+01
1.392294993520413016e+01
1.375503165732451372e+01
1.399445051695650477e+01
1.365160314634959171e+01
1.373764338683388253e+01
1.364711516761017585e+01
1.389519457507500277e+01
1.362659986059527384e+01
1.395464117092647527e+01
1.391955883181699072e+01
1.386921445358902361e+01
1.383839422530485130e+01
1.380488161125456692e+01
1.410056109762476595e+01
1.399769772388347633e+01
1.377808670585598350e+01
1.403094592742703917e+01
1.386892631872357562e+01
1.389562176434032637e+01
1.382100394367499163e+01
1.393239970843428210e+01
1.386440052052426175e+01
1.383586428231492249e+01
1.369214676956609722e+01
1.402019996393729073e+01
1.362749452908841263e+01
1.400969410797254433e+01
1.387707202361841219e+01
1.371169598798223888e+01
1.366134975148882980e+01
1.387146194473259619e+01
1.364246129191317181e+01
1.361446201634239905e+01
1.385595841861211142e+01
1.423506812759429430e+01
1.373683434878914511e+01
1.399671960703919993e+01
1.394749700082639521e+01
1.398610831119285436e+01
1.412923753734866850e+01
1.394755907036237907e+01
1.397277001887470149e+01
1.391778347337703714e+01
1.382490897348309922e+01
1.378796664466457500e+01
1.401312817415555401e+01
1.403883134089079121e+01
1.365521441266652225e+01
1.404605244789989982e+01
1.373528169261936505e+01
1.391314494188862128e+01
1.377065388610487595e+01
1.377536249951392655e+01
1.391109373102115221e+01
1.389012179140264003e+01
1.416284138849218976e+01
1.382210408594314188e+01
1.386358833753011766e+01
1.384902131255479674e+01
1.368250321592814878e+01
1.388927388918818373e+01
1.397393146045639511e+01
1.412207311702075785e+01
1.388926636757455846e+01
1.389923969749117205e+01
1.385165663897099897e+01
1.396702038452297678e+01
1.373367358032796481e+01
1.377803432639499270e+01
1.375379595927927312e+01
1.428718126708651859e+01
1.423606411092641366e+01
1.376224789313701180e+01
1.389783551062203415e+01
1.392206626964929406e+01
1.393517048788225843e+01
1.365199881525644798e+01
1.389494252271429531e+01
1.385546197685607339e+01
1.383386376973221843e+01
1.388299245443487884e+01
1.421808056557565259e+01
1.380967855790843579e+01
1.383750054022050513e+01
1.371579947936971955e+01
1.362702740130258583e+01
1.414185075374497913e+01
1.382140092777531137e+01
1.362992800126585990e+01
1.418491237757184997e+01
1.374658430298647716e+01
1.358480215432546601e+01
1.363074165515145530e+01
1.391176182261582994e+01
1.391052746635839910e+01
1.371229401926326830e+01
1.409590583551960030e+01
1.376676329776903351e+01
1.371530526831680241e+01
1.398007339466361820e+01
1.375237858515098566e+01
1.393913075233899157e+01
1.375348872642519105e+01
1.405895328443655679e+01
1.385239901670076890e+01
1.371500177801932452e+01
1.382409159056718373e+01
1.389539637926839610e+01
1.398614279926474424e+01
1.377457752496050603e+01
1.385186205784166447e+01
1.400803725314565540e+01
1.376189771537106132e+01
1.368396678636400310e+01
1.362937978276453066e+01
1.381057997198164067e+01
1.373602259707880080e+01
1.342826588314027170e+01
1.396739113700080992e+01
1.378948442995546841e+01
1.370791791662111514e+01
1.386349607685566987e+01
1.414475603121369396e+01
1.363066822363594888e+01
1.392529236316672403e+01
1.424860274536796290e+01
1.372606873741385058e+01
1.402408613061286680e+01
1.402922942664935668e+01
1.376050302193524821e+01
1.377607194341827679e+01
1.376032262770645609e+01
1.371364564456951030e+01
1.379658667247769266e+01
1.392116901251480776e+01
1.338740975679118250e+01
1.368772824416073597e+01
1.372192846694535362e+01
1.412319700821982238e+01
1.404251133929119355e+01
1.405763882894705574e+01
1.400932167429164998e+01
1.403490986604426638e+01
1.376974729715550261e+01
1.413230768946231741e+01
1.376587946232224446e+01
1.376124559791420232e+01
1.382666504736658375e+01
1.390532877753970276e+01
1.365594584882002316e+01
1.386280299655195414e+01
1.389359587955423336e+01
1.387849501585168888e+01
1.406101851425036031e+01
1.387560405244159334e+01
1.395208735515790011e+01
1.363458877651406809e+01
1.385636595034781493e+01
1.369168542231420105e+01
1.392535114152619435e+01
1.400864494487739265e+01
1.385627284450738728e+01
1.387882126619583012e+01
1.367443556229992652e+01
1.384977871525065218e+01
1.378875133255909979e+01
1.355848816343555008e+01
1.407526329612156246e+01
1.375229761066543510e+01
1.383799559128007495e+01
1.390618169772993440e+01
1.388750296041476062e+01
1.368077813943170007e+01
1.395035123240671737e+01
1.387506362915702596e+01
1.401880532597771278e+01
1.374803709197132484e+01
1.379819588701084143e+01
1.382902097359501958e+01
1.352074202046162199e+01
1.383514658708351952e+01
1.361232889811789804e+01
1.398644502917158761e+01
1.378080255580144531e+01
1.385515929997710138e+01
1.396579383222760207e+01
1.377885230646513648e+01
1.379429322883084019e+01
1.393262822162971482e+01
1.407416279548587923e+01
1.387130460526704034e+01
1.381039954847003415e+01
1.393657940762053471e+01
1.403830281201178920e+01
1.374751447030824636e+01
1.394791701634689218e+01
1.374795015717007374e+01
1.356536726404221049e+01
1.382960942939602766e+01
1.366140756160686465e+01
1.364836666141695964e+01
1.389737655945715744e+01
1.389019697104995643e+01
1.374647152137950101e+01
1.400270074669137799e+01
1.406776288612107173e+01
1.398552435826472262e+01
1.387783851371046850e+01
1.384643803342193458e+01
1.378977588438110047e+01
1.368918969389678431e+01
1.378748650121928421e+01
1.375878386654195396e+01
1.385931955087394130e+01
1.415155384520918069e+01
1.393148550986075129e+01
1.391211957091741525e+01
1.362894372887469885e+01
1.381852510972461801e+01
1.383143049813200776e+01
1.383439231252627977e+01
1.405169555409672633e+01
1.398259054376357646e+01
1.393460648001746982e+01
1.365129425859116630e+01
1.367170454918120903e+01
1.400976688123240876e+01
1.396911985073058737e+01
1.391174042265804012e+01
1.369468628945170607e+01
1.402681784124778730e+01
1.383753844903516672e+01
1.386787443267682107e+01
1.362725740872781266e+01
1.399013004506975832e+01
1.366575827668196119e+01
1.369560735885103853e+01
1.379502006259816049e+01
1.379805542814254693e+01
1.390954027116975666e+01
1.394774436115770300e+01
1.374933030551179236e+01
1.400509187805257483e+01
1.411941337064327584e+01
1.365067306698991345e+01
1.391368973063227976e+01
1.381908392717058831e+01
1.374485058636111035e+01
1.365724216039370553e+01
1.382636123967110109e+01
1.394780649584808963e+01
1.400244320587470881e+01
1.399075514257982178e+01
1.379215132796793775e+01
1.385711134931937494e+01
1.365824924476629576e+01
1.380180534027671158e+01
1.382569691736807549e+01
1.397959779328260588e+01
1.392255240848903775e+01
