# Variable: deviance
# Sample shape: (3000,)
# Date: 2018-06-06 20:38:56.731004
-1.857898046875000000e+04
-1.857365625000000000e+04
-1.858017382812500000e+04
-1.857982421875000000e+04
-1.857867187500000000e+04
-1.857947265625000000e+04
-1.857965625000000000e+04
-1.857749023437500000e+04
-1.857958007812500000e+04
-1.857978515625000000e+04
-1.857991796875000000e+04
-1.858019140625000000e+04
-1.858026953125000000e+04
-1.858013867187500000e+04
-1.857927734375000000e+04
-1.858007031250000000e+04
-1.858008593750000000e+04
-1.857984960937500000e+04
-1.858029101562500000e+04
-1.858028710937500000e+04
-1.857944140625000000e+04
-1.857792578125000000e+04
-1.857993164062500000e+04
-1.857780468750000000e+04
-1.857986328125000000e+04
-1.857789453125000000e+04
-1.858008984375000000e+04
-1.857880468750000000e+04
-1.858024609375000000e+04
-1.857772851562500000e+04
-1.858025390625000000e+04
-1.857998632812500000e+04
-1.857851171875000000e+04
-1.858024218750000000e+04
-1.858017578125000000e+04
-1.858001953125000000e+04
-1.858006445312500000e+04
-1.858012500000000000e+04
-1.858022460937500000e+04
-1.857912890625000000e+04
-1.857924218750000000e+04
-1.857973437500000000e+04
-1.857775390625000000e+04
-1.857912500000000000e+04
-1.858017187500000000e+04
-1.858014062500000000e+04
-1.858028125000000000e+04
-1.858013281250000000e+04
-1.858028515625000000e+04
-1.857803125000000000e+04
-1.857751367187500000e+04
-1.857966796875000000e+04
-1.858002734375000000e+04
-1.857610546875000000e+04
-1.857940234375000000e+04
-1.858016015625000000e+04
-1.858007421875000000e+04
-1.858003906250000000e+04
-1.857798828125000000e+04
-1.858029296875000000e+04
-1.857928710937500000e+04
-1.858012109375000000e+04
-1.858020703125000000e+04
-1.857791406250000000e+04
-1.858025585937500000e+04
-1.858029101562500000e+04
-1.858026367187500000e+04
-1.858026171875000000e+04
-1.857992187500000000e+04
-1.857992578125000000e+04
-1.857965234375000000e+04
-1.857999804687500000e+04
-1.857895703125000000e+04
-1.858025781250000000e+04
-1.857739062500000000e+04
-1.857924218750000000e+04
-1.858003125000000000e+04
-1.857890039062500000e+04
-1.858002343750000000e+04
-1.857835937500000000e+04
-1.857741796875000000e+04
-1.858015820312500000e+04
-1.858016796875000000e+04
-1.857950781250000000e+04
-1.857790234375000000e+04
-1.857915625000000000e+04
-1.858025390625000000e+04
-1.857928515625000000e+04
-1.858022265625000000e+04
-1.857940625000000000e+04
-1.857914648437500000e+04
-1.858028125000000000e+04
-1.857811914062500000e+04
-1.858009960937500000e+04
-1.857913281250000000e+04
-1.858014843750000000e+04
-1.858017578125000000e+04
-1.857977734375000000e+04
-1.858013281250000000e+04
-1.857988281250000000e+04
-1.858007812500000000e+04
-1.857903515625000000e+04
-1.858011523437500000e+04
-1.857889453125000000e+04
-1.857964648437500000e+04
-1.857856835937500000e+04
-1.857930664062500000e+04
-1.857971484375000000e+04
-1.857925781250000000e+04
-1.857968750000000000e+04
-1.857897265625000000e+04
-1.857665234375000000e+04
-1.858025585937500000e+04
-1.858002343750000000e+04
-1.858003320312500000e+04
-1.857945312500000000e+04
-1.858005273437500000e+04
-1.858023828125000000e+04
-1.858024218750000000e+04
-1.857955273437500000e+04
-1.857874609375000000e+04
-1.858018750000000000e+04
-1.857871093750000000e+04
-1.857905468750000000e+04
-1.858016406250000000e+04
-1.858028125000000000e+04
-1.857922656250000000e+04
-1.857973437500000000e+04
-1.858024023437500000e+04
-1.857942578125000000e+04
-1.857963085937500000e+04
-1.858001562500000000e+04
-1.858014453125000000e+04
-1.858026757812500000e+04
-1.857980664062500000e+04
-1.858025976562500000e+04
-1.857918945312500000e+04
-1.858024609375000000e+04
-1.858008789062500000e+04
-1.858017187500000000e+04
-1.857908593750000000e+04
-1.857987500000000000e+04
-1.857726367187500000e+04
-1.858027734375000000e+04
-1.857505078125000000e+04
-1.857973437500000000e+04
-1.858000000000000000e+04
-1.858023046875000000e+04
-1.857993554687500000e+04
-1.857874609375000000e+04
-1.857951953125000000e+04
-1.857757812500000000e+04
-1.857994335937500000e+04
-1.858028906250000000e+04
-1.858010351562500000e+04
-1.858019335937500000e+04
-1.858015234375000000e+04
-1.857934179687500000e+04
-1.857803320312500000e+04
-1.858029101562500000e+04
-1.857990820312500000e+04
-1.858020898437500000e+04
-1.858028125000000000e+04
-1.858022851562500000e+04
-1.857806445312500000e+04
-1.857963281250000000e+04
-1.857971679687500000e+04
-1.857931054687500000e+04
-1.858029101562500000e+04
-1.858025390625000000e+04
-1.857997460937500000e+04
-1.857999218750000000e+04
-1.858028515625000000e+04
-1.858007421875000000e+04
-1.857413281250000000e+04
-1.857988671875000000e+04
-1.857915039062500000e+04
-1.857632421875000000e+04
-1.858028515625000000e+04
-1.858020312500000000e+04
-1.857920312500000000e+04
-1.858027539062500000e+04
-1.858012890625000000e+04
-1.857952539062500000e+04
-1.857927343750000000e+04
-1.858008398437500000e+04
-1.858029101562500000e+04
-1.858005664062500000e+04
-1.857450585937500000e+04
-1.858027734375000000e+04
-1.857984765625000000e+04
-1.857849609375000000e+04
-1.857939453125000000e+04
-1.858026171875000000e+04
-1.858023632812500000e+04
-1.857903125000000000e+04
-1.857865234375000000e+04
-1.857965234375000000e+04
-1.858007031250000000e+04
-1.857928320312500000e+04
-1.858028906250000000e+04
-1.858028906250000000e+04
-1.858018750000000000e+04
-1.857993359375000000e+04
-1.858000390625000000e+04
-1.858025976562500000e+04
-1.858020312500000000e+04
-1.857933203125000000e+04
-1.858027734375000000e+04
-1.858025000000000000e+04
-1.858019531250000000e+04
-1.857995312500000000e+04
-1.858018359375000000e+04
-1.857852343750000000e+04
-1.857686523437500000e+04
-1.858015625000000000e+04
-1.858022460937500000e+04
-1.858015625000000000e+04
-1.857751757812500000e+04
-1.858014062500000000e+04
-1.857764062500000000e+04
-1.857927539062500000e+04
-1.857960937500000000e+04
-1.858028710937500000e+04
-1.857807812500000000e+04
-1.857942187500000000e+04
-1.858008593750000000e+04
-1.857680664062500000e+04
-1.857899218750000000e+04
-1.857446484375000000e+04
-1.858011914062500000e+04
-1.857998632812500000e+04
-1.857974609375000000e+04
-1.858007031250000000e+04
-1.858028125000000000e+04
-1.857970703125000000e+04
-1.857355468750000000e+04
-1.858024218750000000e+04
-1.858005468750000000e+04
-1.857883203125000000e+04
-1.857987109375000000e+04
-1.857855859375000000e+04
-1.858000976562500000e+04
-1.857869335937500000e+04
-1.858010742187500000e+04
-1.857935156250000000e+04
-1.857609765625000000e+04
-1.858002734375000000e+04
-1.858024414062500000e+04
-1.857975000000000000e+04
-1.857710937500000000e+04
-1.858015234375000000e+04
-1.857908984375000000e+04
-1.857991796875000000e+04
-1.857933593750000000e+04
-1.858016796875000000e+04
-1.858028906250000000e+04
-1.858023437500000000e+04
-1.857972265625000000e+04
-1.858010937500000000e+04
-1.857970117187500000e+04
-1.857953125000000000e+04
-1.857907031250000000e+04
-1.857945312500000000e+04
-1.857820898437500000e+04
-1.857890234375000000e+04
-1.858024414062500000e+04
-1.858029101562500000e+04
-1.857968554687500000e+04
-1.857964257812500000e+04
-1.857947265625000000e+04
-1.858026562500000000e+04
-1.857607812500000000e+04
-1.857544726562500000e+04
-1.857972656250000000e+04
-1.857997460937500000e+04
-1.858014062500000000e+04
-1.857822656250000000e+04
-1.857985546875000000e+04
-1.857987695312500000e+04
-1.857896875000000000e+04
-1.857936718750000000e+04
-1.857997265625000000e+04
-1.858022851562500000e+04
-1.858006835937500000e+04
-1.858021093750000000e+04
-1.858023046875000000e+04
-1.857644921875000000e+04
-1.858022656250000000e+04
-1.857998828125000000e+04
-1.857949414062500000e+04
-1.858017578125000000e+04
-1.857869726562500000e+04
-1.857992968750000000e+04
-1.857896093750000000e+04
-1.858015429687500000e+04
-1.857909960937500000e+04
-1.857653125000000000e+04
-1.857705859375000000e+04
-1.857867773437500000e+04
-1.857969140625000000e+04
-1.857975585937500000e+04
-1.858027734375000000e+04
-1.858026953125000000e+04
-1.857948242187500000e+04
-1.858028125000000000e+04
-1.858005468750000000e+04
-1.858026562500000000e+04
-1.858013867187500000e+04
-1.858026953125000000e+04
-1.857977343750000000e+04
-1.858024218750000000e+04
-1.858015234375000000e+04
-1.857995703125000000e+04
-1.857979101562500000e+04
-1.857819335937500000e+04
-1.857621875000000000e+04
-1.857955468750000000e+04
-1.857892968750000000e+04
-1.857237890625000000e+04
-1.857942187500000000e+04
-1.858025781250000000e+04
-1.858016601562500000e+04
-1.857895703125000000e+04
-1.858020312500000000e+04
-1.858026953125000000e+04
-1.857986328125000000e+04
-1.857819140625000000e+04
-1.857947460937500000e+04
-1.857894335937500000e+04
-1.858005664062500000e+04
-1.858021484375000000e+04
-1.857944140625000000e+04
-1.857998046875000000e+04
-1.857741015625000000e+04
-1.858027343750000000e+04
-1.857996093750000000e+04
-1.858028515625000000e+04
-1.857541796875000000e+04
-1.857758984375000000e+04
-1.857642773437500000e+04
-1.858018359375000000e+04
-1.858024804687500000e+04
-1.857978125000000000e+04
-1.858027929687500000e+04
-1.857943359375000000e+04
-1.857941992187500000e+04
-1.858017578125000000e+04
-1.858007421875000000e+04
-1.857967578125000000e+04
-1.857997656250000000e+04
-1.857991406250000000e+04
-1.857929296875000000e+04
-1.858027539062500000e+04
-1.858024609375000000e+04
-1.857835937500000000e+04
-1.857758789062500000e+04
-1.857921679687500000e+04
-1.858006640625000000e+04
-1.857992578125000000e+04
-1.857858984375000000e+04
-1.858006640625000000e+04
-1.858025390625000000e+04
-1.858029296875000000e+04
-1.857884960937500000e+04
-1.857858593750000000e+04
-1.857885156250000000e+04
-1.857867382812500000e+04
-1.858019921875000000e+04
-1.857953906250000000e+04
-1.858010742187500000e+04
-1.858023828125000000e+04
-1.857783203125000000e+04
-1.858028906250000000e+04
-1.858026562500000000e+04
-1.857925781250000000e+04
-1.858023828125000000e+04
-1.857985937500000000e+04
-1.858025585937500000e+04
-1.858002343750000000e+04
-1.858013281250000000e+04
-1.857966015625000000e+04
-1.858010351562500000e+04
-1.857873632812500000e+04
-1.857952148437500000e+04
-1.857991406250000000e+04
-1.857987109375000000e+04
-1.857847070312500000e+04
-1.857756640625000000e+04
-1.857720703125000000e+04
-1.858000195312500000e+04
-1.858028906250000000e+04
-1.858009375000000000e+04
-1.857818359375000000e+04
-1.858014062500000000e+04
-1.857724218750000000e+04
-1.858025195312500000e+04
-1.858028125000000000e+04
-1.857818750000000000e+04
-1.857924609375000000e+04
-1.858005468750000000e+04
-1.858005468750000000e+04
-1.858028125000000000e+04
-1.858015039062500000e+04
-1.857972656250000000e+04
-1.858028320312500000e+04
-1.857822656250000000e+04
-1.858028125000000000e+04
-1.858022070312500000e+04
-1.857962109375000000e+04
-1.858025195312500000e+04
-1.858026562500000000e+04
-1.857465625000000000e+04
-1.858009375000000000e+04
-1.858023242187500000e+04
-1.857990234375000000e+04
-1.857948242187500000e+04
-1.857766406250000000e+04
-1.858005859375000000e+04
-1.858024218750000000e+04
-1.858028906250000000e+04
-1.858008984375000000e+04
-1.857951562500000000e+04
-1.858026367187500000e+04
-1.857889257812500000e+04
-1.857920312500000000e+04
-1.857760351562500000e+04
-1.857491015625000000e+04
-1.858007812500000000e+04
-1.857992187500000000e+04
-1.857702734375000000e+04
-1.858022070312500000e+04
-1.858028125000000000e+04
-1.858014453125000000e+04
-1.857698046875000000e+04
-1.858013671875000000e+04
-1.858027148437500000e+04
-1.857890625000000000e+04
-1.858025390625000000e+04
-1.857934375000000000e+04
-1.857800781250000000e+04
-1.857989257812500000e+04
-1.857510546875000000e+04
-1.857991015625000000e+04
-1.858015625000000000e+04
-1.857754296875000000e+04
-1.857939453125000000e+04
-1.858005078125000000e+04
-1.857990625000000000e+04
-1.857653710937500000e+04
-1.857324218750000000e+04
-1.857966210937500000e+04
-1.858026367187500000e+04
-1.858022656250000000e+04
-1.857896093750000000e+04
-1.857942382812500000e+04
-1.857766015625000000e+04
-1.858020703125000000e+04
-1.857989843750000000e+04
-1.857542968750000000e+04
-1.857999804687500000e+04
-1.857923437500000000e+04
-1.857595703125000000e+04
-1.858026562500000000e+04
-1.858028125000000000e+04
-1.858022656250000000e+04
-1.858027343750000000e+04
-1.857891406250000000e+04
-1.858026953125000000e+04
-1.858014062500000000e+04
-1.857412695312500000e+04
-1.857682421875000000e+04
-1.857932421875000000e+04
-1.857962500000000000e+04
-1.858025390625000000e+04
-1.858029101562500000e+04
-1.857776171875000000e+04
-1.857841796875000000e+04
-1.858025390625000000e+04
-1.857875195312500000e+04
-1.857957617187500000e+04
-1.858028515625000000e+04
-1.857987890625000000e+04
-1.857960156250000000e+04
-1.858026171875000000e+04
-1.858016406250000000e+04
-1.857996484375000000e+04
-1.857959765625000000e+04
-1.858026171875000000e+04
-1.857916796875000000e+04
-1.857997656250000000e+04
-1.858026171875000000e+04
-1.858014843750000000e+04
-1.857987109375000000e+04
-1.858002734375000000e+04
-1.857903320312500000e+04
-1.857978125000000000e+04
-1.857963671875000000e+04
-1.858027148437500000e+04
-1.857924414062500000e+04
-1.858024218750000000e+04
-1.857946484375000000e+04
-1.858028906250000000e+04
-1.857850000000000000e+04
-1.857951562500000000e+04
-1.857726171875000000e+04
-1.858028125000000000e+04
-1.857935937500000000e+04
-1.857934765625000000e+04
-1.857975000000000000e+04
-1.858028515625000000e+04
-1.858014062500000000e+04
-1.857974023437500000e+04
-1.858028906250000000e+04
-1.857952929687500000e+04
-1.857876953125000000e+04
-1.858019140625000000e+04
-1.858028515625000000e+04
-1.858021093750000000e+04
-1.858024218750000000e+04
-1.857954882812500000e+04
-1.858011718750000000e+04
-1.857913476562500000e+04
-1.858021484375000000e+04
-1.858027734375000000e+04
-1.857990429687500000e+04
-1.857817578125000000e+04
-1.857921093750000000e+04
-1.857801953125000000e+04
-1.858010351562500000e+04
-1.857867968750000000e+04
-1.858013281250000000e+04
-1.857958984375000000e+04
-1.857506250000000000e+04
-1.857628906250000000e+04
-1.857849804687500000e+04
-1.857863085937500000e+04
-1.858028125000000000e+04
-1.857919531250000000e+04
-1.857878515625000000e+04
-1.857981640625000000e+04
-1.857776562500000000e+04
-1.857993945312500000e+04
-1.858027929687500000e+04
-1.858028710937500000e+04
-1.857950781250000000e+04
-1.858012109375000000e+04
-1.857961718750000000e+04
-1.857920703125000000e+04
-1.857986914062500000e+04
-1.857705859375000000e+04
-1.857875000000000000e+04
-1.857963476562500000e+04
-1.857982031250000000e+04
-1.858006250000000000e+04
-1.858005859375000000e+04
-1.857816601562500000e+04
-1.857974609375000000e+04
-1.858022070312500000e+04
-1.858008007812500000e+04
-1.857990625000000000e+04
-1.858018359375000000e+04
-1.857902343750000000e+04
-1.858004296875000000e+04
-1.857924609375000000e+04
-1.857991210937500000e+04
-1.858028125000000000e+04
-1.857927734375000000e+04
-1.858000585937500000e+04
-1.857953125000000000e+04
-1.858025781250000000e+04
-1.857898437500000000e+04
-1.857652343750000000e+04
-1.858009765625000000e+04
-1.858016015625000000e+04
-1.858021289062500000e+04
-1.857931250000000000e+04
-1.858025000000000000e+04
-1.857866015625000000e+04
-1.858025781250000000e+04
-1.857939062500000000e+04
-1.858000781250000000e+04
-1.857791601562500000e+04
-1.857991015625000000e+04
-1.857710546875000000e+04
-1.857704687500000000e+04
-1.858005468750000000e+04
-1.857826562500000000e+04
-1.857943750000000000e+04
-1.858023046875000000e+04
-1.858005078125000000e+04
-1.857992968750000000e+04
-1.857885546875000000e+04
-1.858020703125000000e+04
-1.857942187500000000e+04
-1.858023632812500000e+04
-1.858026171875000000e+04
-1.858028125000000000e+04
-1.858025390625000000e+04
-1.857988671875000000e+04
-1.858022656250000000e+04
-1.857858007812500000e+04
-1.858014257812500000e+04
-1.857954492187500000e+04
-1.858027539062500000e+04
-1.857992578125000000e+04
-1.857761328125000000e+04
-1.857932031250000000e+04
-1.857871875000000000e+04
-1.858014453125000000e+04
-1.857989453125000000e+04
-1.857991992187500000e+04
-1.857722265625000000e+04
-1.858029296875000000e+04
-1.857936523437500000e+04
-1.857864843750000000e+04
-1.858006250000000000e+04
-1.857618750000000000e+04
-1.857643164062500000e+04
-1.857957812500000000e+04
-1.858029296875000000e+04
-1.857878906250000000e+04
-1.857956250000000000e+04
-1.858028515625000000e+04
-1.858009375000000000e+04
-1.857787109375000000e+04
-1.858028710937500000e+04
-1.857869726562500000e+04
-1.858025781250000000e+04
-1.858000781250000000e+04
-1.857885546875000000e+04
-1.857825195312500000e+04
-1.857813085937500000e+04
-1.858028515625000000e+04
-1.858011328125000000e+04
-1.858022070312500000e+04
-1.857996093750000000e+04
-1.857892578125000000e+04
-1.857917968750000000e+04
-1.857965625000000000e+04
-1.858006250000000000e+04
-1.858028906250000000e+04
-1.858029101562500000e+04
-1.857881835937500000e+04
-1.858027539062500000e+04
-1.857996093750000000e+04
-1.857900390625000000e+04
-1.858028125000000000e+04
-1.858016406250000000e+04
-1.857807812500000000e+04
-1.857997656250000000e+04
-1.857844140625000000e+04
-1.857950781250000000e+04
-1.857924218750000000e+04
-1.858023046875000000e+04
-1.858025000000000000e+04
-1.858028906250000000e+04
-1.858019140625000000e+04
-1.857893359375000000e+04
-1.858026953125000000e+04
-1.857941015625000000e+04
-1.858026171875000000e+04
-1.857978320312500000e+04
-1.857805273437500000e+04
-1.858026562500000000e+04
-1.857991796875000000e+04
-1.857994140625000000e+04
-1.858028320312500000e+04
-1.857409960937500000e+04
-1.858019140625000000e+04
-1.858027929687500000e+04
-1.857705859375000000e+04
-1.858010742187500000e+04
-1.857954296875000000e+04
-1.858028710937500000e+04
-1.858023632812500000e+04
-1.857928906250000000e+04
-1.858023242187500000e+04
-1.857689843750000000e+04
-1.857977148437500000e+04
-1.857975195312500000e+04
-1.858028320312500000e+04
-1.858020117187500000e+04
-1.858025781250000000e+04
-1.858028906250000000e+04
-1.857612890625000000e+04
-1.858015234375000000e+04
-1.857959375000000000e+04
-1.857931250000000000e+04
-1.857694335937500000e+04
-1.857994921875000000e+04
-1.858023828125000000e+04
-1.857975000000000000e+04
-1.857932031250000000e+04
-1.857988281250000000e+04
-1.857909375000000000e+04
-1.858027734375000000e+04
-1.857881640625000000e+04
-1.858026562500000000e+04
-1.857908593750000000e+04
-1.857957031250000000e+04
-1.857808984375000000e+04
-1.857960546875000000e+04
-1.858028906250000000e+04
-1.857808984375000000e+04
-1.858020312500000000e+04
-1.857985742187500000e+04
-1.858022265625000000e+04
-1.857800585937500000e+04
-1.858027148437500000e+04
-1.858027734375000000e+04
-1.858029101562500000e+04
-1.857994921875000000e+04
-1.858016015625000000e+04
-1.858028125000000000e+04
-1.857867187500000000e+04
-1.857822265625000000e+04
-1.857950781250000000e+04
-1.858004687500000000e+04
-1.857848437500000000e+04
-1.858015625000000000e+04
-1.858022265625000000e+04
-1.857945507812500000e+04
-1.857986718750000000e+04
-1.858015625000000000e+04
-1.857686328125000000e+04
-1.858027734375000000e+04
-1.857802734375000000e+04
-1.857828906250000000e+04
-1.857951953125000000e+04
-1.857988281250000000e+04
-1.857837304687500000e+04
-1.857948242187500000e+04
-1.857936523437500000e+04
-1.857925781250000000e+04
-1.858020703125000000e+04
-1.858010742187500000e+04
-1.858014062500000000e+04
-1.858022070312500000e+04
-1.858021875000000000e+04
-1.858008984375000000e+04
-1.858019335937500000e+04
-1.858020312500000000e+04
-1.857913867187500000e+04
-1.858015625000000000e+04
-1.857846484375000000e+04
-1.857963281250000000e+04
-1.857533593750000000e+04
-1.858028515625000000e+04
-1.858001562500000000e+04
-1.858007031250000000e+04
-1.857683398437500000e+04
-1.857710742187500000e+04
-1.857885156250000000e+04
-1.857962695312500000e+04
-1.858020117187500000e+04
-1.857973242187500000e+04
-1.858001562500000000e+04
-1.858028515625000000e+04
-1.857962890625000000e+04
-1.858000390625000000e+04
-1.857903906250000000e+04
-1.857515625000000000e+04
-1.857926562500000000e+04
-1.858028906250000000e+04
-1.857993359375000000e+04
-1.857886132812500000e+04
-1.857944531250000000e+04
-1.857977343750000000e+04
-1.858016796875000000e+04
-1.857996679687500000e+04
-1.858025781250000000e+04
-1.857880859375000000e+04
-1.858007031250000000e+04
-1.857708984375000000e+04
-1.857997070312500000e+04
-1.858015625000000000e+04
-1.857903515625000000e+04
-1.858027734375000000e+04
-1.857991601562500000e+04
-1.858020312500000000e+04
-1.858028515625000000e+04
-1.857887890625000000e+04
-1.858024218750000000e+04
-1.857834375000000000e+04
-1.858028320312500000e+04
-1.858026562500000000e+04
-1.857908593750000000e+04
-1.857798828125000000e+04
-1.857976757812500000e+04
-1.857936718750000000e+04
-1.857956250000000000e+04
-1.858019531250000000e+04
-1.857930078125000000e+04
-1.858013671875000000e+04
-1.858028320312500000e+04
-1.858027929687500000e+04
-1.858017968750000000e+04
-1.857624609375000000e+04
-1.857832617187500000e+04
-1.857925195312500000e+04
-1.857705273437500000e+04
-1.858023828125000000e+04
-1.857661523437500000e+04
-1.858021875000000000e+04
-1.857975585937500000e+04
-1.857931640625000000e+04
-1.857683203125000000e+04
-1.857997851562500000e+04
-1.858028125000000000e+04
-1.858012890625000000e+04
-1.857947265625000000e+04
-1.858008789062500000e+04
-1.857496289062500000e+04
-1.858028710937500000e+04
-1.858012890625000000e+04
-1.857831445312500000e+04
-1.857835351562500000e+04
-1.858024414062500000e+04
-1.858023828125000000e+04
-1.858003125000000000e+04
-1.857678515625000000e+04
-1.858024218750000000e+04
-1.858024218750000000e+04
-1.857933984375000000e+04
-1.857956250000000000e+04
-1.858018554687500000e+04
-1.858016601562500000e+04
-1.857905468750000000e+04
-1.857978710937500000e+04
-1.857912304687500000e+04
-1.858028906250000000e+04
-1.857713867187500000e+04
-1.857618359375000000e+04
-1.857813671875000000e+04
-1.857717968750000000e+04
-1.857684375000000000e+04
-1.857992187500000000e+04
-1.857876367187500000e+04
-1.857642968750000000e+04
-1.857668750000000000e+04
-1.858017773437500000e+04
-1.858027343750000000e+04
-1.857854687500000000e+04
-1.857967382812500000e+04
-1.857991992187500000e+04
-1.857958984375000000e+04
-1.857877734375000000e+04
-1.858023828125000000e+04
-1.858010937500000000e+04
-1.857781835937500000e+04
-1.857910546875000000e+04
-1.857874023437500000e+04
-1.858029296875000000e+04
-1.857939453125000000e+04
-1.857943164062500000e+04
-1.858000390625000000e+04
-1.857949804687500000e+04
-1.857984375000000000e+04
-1.857896093750000000e+04
-1.858018359375000000e+04
-1.858020507812500000e+04
-1.858025781250000000e+04
-1.857938476562500000e+04
-1.857670703125000000e+04
-1.857610156250000000e+04
-1.857974218750000000e+04
-1.858019726562500000e+04
-1.857860546875000000e+04
-1.857409375000000000e+04
-1.858023437500000000e+04
-1.858024218750000000e+04
-1.858027929687500000e+04
-1.857937500000000000e+04
-1.857839257812500000e+04
-1.857464843750000000e+04
-1.858010937500000000e+04
-1.858004296875000000e+04
-1.857636328125000000e+04
-1.858028906250000000e+04
-1.857973828125000000e+04
-1.858004296875000000e+04
-1.857986523437500000e+04
-1.857928125000000000e+04
-1.858028906250000000e+04
-1.857934570312500000e+04
-1.858028515625000000e+04
-1.857590625000000000e+04
-1.857941015625000000e+04
-1.858029296875000000e+04
-1.857889062500000000e+04
-1.857969531250000000e+04
-1.857700390625000000e+04
-1.857741992187500000e+04
-1.857969140625000000e+04
-1.858028906250000000e+04
-1.857648437500000000e+04
-1.858027148437500000e+04
-1.857967187500000000e+04
-1.858008007812500000e+04
-1.857743750000000000e+04
-1.858026171875000000e+04
-1.858018554687500000e+04
-1.858026367187500000e+04
-1.857998046875000000e+04
-1.858011523437500000e+04
-1.858017382812500000e+04
-1.858025000000000000e+04
-1.857943554687500000e+04
-1.858024804687500000e+04
-1.858028906250000000e+04
-1.857966992187500000e+04
-1.857851757812500000e+04
-1.858027343750000000e+04
-1.857935156250000000e+04
-1.857968359375000000e+04
-1.857776171875000000e+04
-1.857861523437500000e+04
-1.857869140625000000e+04
-1.857980468750000000e+04
-1.858005078125000000e+04
-1.858027929687500000e+04
-1.857981250000000000e+04
-1.857114453125000000e+04
-1.857966992187500000e+04
-1.857780078125000000e+04
-1.858014843750000000e+04
-1.857965039062500000e+04
-1.858028125000000000e+04
-1.857923046875000000e+04
-1.858028906250000000e+04
-1.857877343750000000e+04
-1.857989062500000000e+04
-1.857961523437500000e+04
-1.858006250000000000e+04
-1.857997851562500000e+04
-1.857906640625000000e+04
-1.858028710937500000e+04
-1.857970507812500000e+04
-1.858004296875000000e+04
-1.857991796875000000e+04
-1.857992187500000000e+04
-1.858028906250000000e+04
-1.857992773437500000e+04
-1.857973828125000000e+04
-1.858021093750000000e+04
-1.858028125000000000e+04
-1.858019140625000000e+04
-1.857985937500000000e+04
-1.858012500000000000e+04
-1.858025390625000000e+04
-1.858024218750000000e+04
-1.857684375000000000e+04
-1.857821093750000000e+04
-1.857976562500000000e+04
-1.857851367187500000e+04
-1.857751171875000000e+04
-1.858015820312500000e+04
-1.857926953125000000e+04
-1.858023828125000000e+04
-1.857607812500000000e+04
-1.858008984375000000e+04
-1.857998046875000000e+04
-1.857990625000000000e+04
-1.858022851562500000e+04
-1.857888281250000000e+04
-1.857988085937500000e+04
-1.857785937500000000e+04
-1.857726562500000000e+04
-1.858020703125000000e+04
-1.858028125000000000e+04
-1.858028906250000000e+04
-1.857873437500000000e+04
-1.857981250000000000e+04
-1.857930859375000000e+04
-1.857945703125000000e+04
-1.858014062500000000e+04
-1.858028515625000000e+04
-1.858028906250000000e+04
-1.858027343750000000e+04
-1.857864453125000000e+04
-1.857984375000000000e+04
-1.858002148437500000e+04
-1.857178515625000000e+04
-1.857821093750000000e+04
-1.858014453125000000e+04
-1.858015234375000000e+04
-1.857722265625000000e+04
-1.857989453125000000e+04
-1.857934765625000000e+04
-1.857922070312500000e+04
-1.858015625000000000e+04
-1.858016796875000000e+04
-1.857859960937500000e+04
-1.858024414062500000e+04
-1.858005664062500000e+04
-1.858017968750000000e+04
-1.857766796875000000e+04
-1.857876562500000000e+04
-1.857963671875000000e+04
-1.858028515625000000e+04
-1.857778515625000000e+04
-1.858024218750000000e+04
-1.857932812500000000e+04
-1.858025000000000000e+04
-1.857934765625000000e+04
-1.858028515625000000e+04
-1.858028906250000000e+04
-1.857993554687500000e+04
-1.858001562500000000e+04
-1.858023046875000000e+04
-1.857928515625000000e+04
-1.857911914062500000e+04
-1.858028906250000000e+04
-1.857943945312500000e+04
-1.857997265625000000e+04
-1.858024218750000000e+04
-1.857870703125000000e+04
-1.857883789062500000e+04
-1.857959179687500000e+04
-1.858028906250000000e+04
-1.857985156250000000e+04
-1.858029101562500000e+04
-1.858023046875000000e+04
-1.857905664062500000e+04
-1.858028125000000000e+04
-1.857803906250000000e+04
-1.857991406250000000e+04
-1.858003710937500000e+04
-1.857858203125000000e+04
-1.857806250000000000e+04
-1.857742187500000000e+04
-1.858009570312500000e+04
-1.857926562500000000e+04
-1.858005078125000000e+04
-1.858005078125000000e+04
-1.857581250000000000e+04
-1.857424609375000000e+04
-1.857812304687500000e+04
-1.857697265625000000e+04
-1.857969921875000000e+04
-1.857765625000000000e+04
-1.857791015625000000e+04
-1.857949414062500000e+04
-1.857783203125000000e+04
-1.857894335937500000e+04
-1.857487500000000000e+04
-1.858004492187500000e+04
-1.857716406250000000e+04
-1.858003320312500000e+04
-1.858010546875000000e+04
-1.858008789062500000e+04
-1.858014062500000000e+04
-1.858025976562500000e+04
-1.857818554687500000e+04
-1.858023828125000000e+04
-1.857875000000000000e+04
-1.857969726562500000e+04
-1.858028515625000000e+04
-1.857902343750000000e+04
-1.858023046875000000e+04
-1.857980859375000000e+04
-1.857907031250000000e+04
-1.858028515625000000e+04
-1.858027539062500000e+04
-1.857847851562500000e+04
-1.858008593750000000e+04
-1.858024609375000000e+04
-1.857816210937500000e+04
-1.857862109375000000e+04
-1.857975781250000000e+04
-1.858023437500000000e+04
-1.857715625000000000e+04
-1.858021093750000000e+04
-1.857910351562500000e+04
-1.857795312500000000e+04
-1.857998437500000000e+04
-1.857734179687500000e+04
-1.858027734375000000e+04
-1.858027148437500000e+04
-1.858016601562500000e+04
-1.858025585937500000e+04
-1.858025000000000000e+04
-1.858029101562500000e+04
-1.857920898437500000e+04
-1.857747265625000000e+04
-1.858019921875000000e+04
-1.857921679687500000e+04
-1.857938671875000000e+04
-1.857942968750000000e+04
-1.857853125000000000e+04
-1.857264453125000000e+04
-1.857846484375000000e+04
-1.857986523437500000e+04
-1.858028906250000000e+04
-1.858023437500000000e+04
-1.857996679687500000e+04
-1.857974218750000000e+04
-1.857983398437500000e+04
-1.857944726562500000e+04
-1.857935351562500000e+04
-1.858006250000000000e+04
-1.857914843750000000e+04
-1.858002734375000000e+04
-1.858026953125000000e+04
-1.857995117187500000e+04
-1.857855859375000000e+04
-1.857978515625000000e+04
-1.857930859375000000e+04
-1.858026562500000000e+04
-1.857964453125000000e+04
-1.858028906250000000e+04
-1.857886718750000000e+04
-1.857892578125000000e+04
-1.858024023437500000e+04
-1.858021484375000000e+04
-1.857998828125000000e+04
-1.857927734375000000e+04
-1.857973242187500000e+04
-1.857993750000000000e+04
-1.858028320312500000e+04
-1.858012890625000000e+04
-1.857472265625000000e+04
-1.857968164062500000e+04
-1.858005468750000000e+04
-1.858011328125000000e+04
-1.857649414062500000e+04
-1.857968750000000000e+04
-1.857837695312500000e+04
-1.858028125000000000e+04
-1.857983789062500000e+04
-1.858021093750000000e+04
-1.858017773437500000e+04
-1.857254296875000000e+04
-1.858010742187500000e+04
-1.858010937500000000e+04
-1.858028906250000000e+04
-1.858019140625000000e+04
-1.858028710937500000e+04
-1.857903710937500000e+04
-1.857985546875000000e+04
-1.857965820312500000e+04
-1.858013867187500000e+04
-1.858026171875000000e+04
-1.857620898437500000e+04
-1.858023828125000000e+04
-1.857996679687500000e+04
-1.857641992187500000e+04
-1.858012304687500000e+04
-1.857911523437500000e+04
-1.858016992187500000e+04
-1.858025781250000000e+04
-1.857950390625000000e+04
-1.857815625000000000e+04
-1.857805078125000000e+04
-1.857528906250000000e+04
-1.858027539062500000e+04
-1.857868750000000000e+04
-1.858021093750000000e+04
-1.857985156250000000e+04
-1.857525000000000000e+04
-1.858014843750000000e+04
-1.857844140625000000e+04
-1.857597265625000000e+04
-1.857587500000000000e+04
-1.857975585937500000e+04
-1.858025000000000000e+04
-1.858020703125000000e+04
-1.857881640625000000e+04
-1.857905078125000000e+04
-1.858002539062500000e+04
-1.857878320312500000e+04
-1.857923632812500000e+04
-1.857893164062500000e+04
-1.858026953125000000e+04
-1.857411718750000000e+04
-1.858028320312500000e+04
-1.857903515625000000e+04
-1.858021093750000000e+04
-1.858014843750000000e+04
-1.858023437500000000e+04
-1.857928710937500000e+04
-1.857987304687500000e+04
-1.857907421875000000e+04
-1.857992578125000000e+04
-1.857889453125000000e+04
-1.858005273437500000e+04
-1.857962500000000000e+04
-1.858025000000000000e+04
-1.858029101562500000e+04
-1.857989843750000000e+04
-1.857958789062500000e+04
-1.858016406250000000e+04
-1.858016406250000000e+04
-1.857924609375000000e+04
-1.857910546875000000e+04
-1.858028906250000000e+04
-1.858021679687500000e+04
-1.857466210937500000e+04
-1.858021875000000000e+04
-1.857995507812500000e+04
-1.857696093750000000e+04
-1.857998437500000000e+04
-1.858015234375000000e+04
-1.857849609375000000e+04
-1.857922265625000000e+04
-1.858021093750000000e+04
-1.858017187500000000e+04
-1.858027148437500000e+04
-1.858018554687500000e+04
-1.857996484375000000e+04
-1.857995312500000000e+04
-1.857897265625000000e+04
-1.858008203125000000e+04
-1.858006250000000000e+04
-1.858026953125000000e+04
-1.857922460937500000e+04
-1.858012109375000000e+04
-1.858026953125000000e+04
-1.858026953125000000e+04
-1.857737500000000000e+04
-1.857820703125000000e+04
-1.858028906250000000e+04
-1.857926562500000000e+04
-1.858008789062500000e+04
-1.858005078125000000e+04
-1.858028515625000000e+04
-1.857875781250000000e+04
-1.858008007812500000e+04
-1.858010937500000000e+04
-1.858017968750000000e+04
-1.857950195312500000e+04
-1.857997265625000000e+04
-1.858019531250000000e+04
-1.857994921875000000e+04
-1.857994531250000000e+04
-1.857770703125000000e+04
-1.858006640625000000e+04
-1.858028515625000000e+04
-1.858026171875000000e+04
-1.857714453125000000e+04
-1.858027734375000000e+04
-1.857997656250000000e+04
-1.858000781250000000e+04
-1.857775976562500000e+04
-1.857934960937500000e+04
-1.857763085937500000e+04
-1.858013671875000000e+04
-1.857882226562500000e+04
-1.857953515625000000e+04
-1.857737890625000000e+04
-1.858022851562500000e+04
-1.857869140625000000e+04
-1.858026953125000000e+04
-1.857951367187500000e+04
-1.857702734375000000e+04
-1.857423828125000000e+04
-1.858019531250000000e+04
-1.857871679687500000e+04
-1.857972265625000000e+04
-1.857999609375000000e+04
-1.858027734375000000e+04
-1.858006835937500000e+04
-1.858009960937500000e+04
-1.857979296875000000e+04
-1.858008984375000000e+04
-1.857879882812500000e+04
-1.857978320312500000e+04
-1.857706640625000000e+04
-1.857649218750000000e+04
-1.858021875000000000e+04
-1.858021289062500000e+04
-1.857971289062500000e+04
-1.858021484375000000e+04
-1.857972656250000000e+04
-1.858018164062500000e+04
-1.857985546875000000e+04
-1.857811328125000000e+04
-1.857917382812500000e+04
-1.857938867187500000e+04
-1.857789062500000000e+04
-1.857812500000000000e+04
-1.857925585937500000e+04
-1.858026562500000000e+04
-1.858028125000000000e+04
-1.857966015625000000e+04
-1.857991406250000000e+04
-1.857911718750000000e+04
-1.857835156250000000e+04
-1.857991015625000000e+04
-1.857999414062500000e+04
-1.858028320312500000e+04
-1.858023828125000000e+04
-1.857904492187500000e+04
-1.857989062500000000e+04
-1.857912109375000000e+04
-1.857846093750000000e+04
-1.857875390625000000e+04
-1.858023046875000000e+04
-1.857796093750000000e+04
-1.857940234375000000e+04
-1.857869335937500000e+04
-1.857886328125000000e+04
-1.857529296875000000e+04
-1.858026171875000000e+04
-1.858016015625000000e+04
-1.857933984375000000e+04
-1.857998437500000000e+04
-1.858013671875000000e+04
-1.858012695312500000e+04
-1.857923046875000000e+04
-1.857831835937500000e+04
-1.857901562500000000e+04
-1.858028906250000000e+04
-1.858024414062500000e+04
-1.858026757812500000e+04
-1.857877734375000000e+04
-1.857983203125000000e+04
-1.858023046875000000e+04
-1.858012500000000000e+04
-1.858025976562500000e+04
-1.858012109375000000e+04
-1.857598828125000000e+04
-1.857605664062500000e+04
-1.857467578125000000e+04
-1.857727343750000000e+04
-1.857980664062500000e+04
-1.858013085937500000e+04
-1.858024804687500000e+04
-1.857996484375000000e+04
-1.857792187500000000e+04
-1.857906445312500000e+04
-1.858028125000000000e+04
-1.857988281250000000e+04
-1.858005078125000000e+04
-1.857991015625000000e+04
-1.858028906250000000e+04
-1.858009375000000000e+04
-1.857791992187500000e+04
-1.857967773437500000e+04
-1.857830859375000000e+04
-1.858003320312500000e+04
-1.858004296875000000e+04
-1.858024804687500000e+04
-1.857844921875000000e+04
-1.857927343750000000e+04
-1.857992187500000000e+04
-1.858023828125000000e+04
-1.858026953125000000e+04
-1.857915234375000000e+04
-1.858028515625000000e+04
-1.857859765625000000e+04
-1.857966796875000000e+04
-1.857909765625000000e+04
-1.858016406250000000e+04
-1.857985156250000000e+04
-1.857993554687500000e+04
-1.857933593750000000e+04
-1.857784375000000000e+04
-1.857945703125000000e+04
-1.857991015625000000e+04
-1.857940234375000000e+04
-1.858018359375000000e+04
-1.857880859375000000e+04
-1.857882421875000000e+04
-1.857980468750000000e+04
-1.857973828125000000e+04
-1.857977734375000000e+04
-1.858010546875000000e+04
-1.857940625000000000e+04
-1.857897265625000000e+04
-1.857760937500000000e+04
-1.857969726562500000e+04
-1.857850000000000000e+04
-1.858004296875000000e+04
-1.858015234375000000e+04
-1.857729687500000000e+04
-1.857870312500000000e+04
-1.858026367187500000e+04
-1.857622265625000000e+04
-1.857890625000000000e+04
-1.857958007812500000e+04
-1.857991406250000000e+04
-1.857794531250000000e+04
-1.858007617187500000e+04
-1.857902148437500000e+04
-1.857797070312500000e+04
-1.858002343750000000e+04
-1.858010156250000000e+04
-1.857991406250000000e+04
-1.857559375000000000e+04
-1.857925976562500000e+04
-1.857941992187500000e+04
-1.857974804687500000e+04
-1.858021093750000000e+04
-1.857984960937500000e+04
-1.857982031250000000e+04
-1.858028515625000000e+04
-1.857905859375000000e+04
-1.858017187500000000e+04
-1.858022265625000000e+04
-1.858027539062500000e+04
-1.857897265625000000e+04
-1.857830078125000000e+04
-1.857804882812500000e+04
-1.858015234375000000e+04
-1.858028515625000000e+04
-1.858002929687500000e+04
-1.857999218750000000e+04
-1.857947265625000000e+04
-1.857980664062500000e+04
-1.858028906250000000e+04
-1.857962304687500000e+04
-1.858026562500000000e+04
-1.858026562500000000e+04
-1.858017968750000000e+04
-1.858029101562500000e+04
-1.858023437500000000e+04
-1.858023828125000000e+04
-1.858028515625000000e+04
-1.858012304687500000e+04
-1.857508007812500000e+04
-1.858025195312500000e+04
-1.858026562500000000e+04
-1.858022656250000000e+04
-1.858026562500000000e+04
-1.858027343750000000e+04
-1.857998437500000000e+04
-1.857965039062500000e+04
-1.857586328125000000e+04
-1.857908203125000000e+04
-1.858015234375000000e+04
-1.857815625000000000e+04
-1.857879882812500000e+04
-1.858026171875000000e+04
-1.858019140625000000e+04
-1.857992773437500000e+04
-1.858020703125000000e+04
-1.857781640625000000e+04
-1.858028710937500000e+04
-1.857821093750000000e+04
-1.858011523437500000e+04
-1.858017968750000000e+04
-1.857932812500000000e+04
-1.858028515625000000e+04
-1.858015234375000000e+04
-1.858026562500000000e+04
-1.857824218750000000e+04
-1.857891210937500000e+04
-1.857992773437500000e+04
-1.858028515625000000e+04
-1.857525195312500000e+04
-1.857890234375000000e+04
-1.857628515625000000e+04
-1.857846484375000000e+04
-1.858025781250000000e+04
-1.857760156250000000e+04
-1.857951171875000000e+04
-1.858028906250000000e+04
-1.857836914062500000e+04
-1.858013671875000000e+04
-1.857773046875000000e+04
-1.857883984375000000e+04
-1.857791015625000000e+04
-1.858026562500000000e+04
-1.857878906250000000e+04
-1.858029101562500000e+04
-1.858029101562500000e+04
-1.858015429687500000e+04
-1.858021875000000000e+04
-1.858011914062500000e+04
-1.858004296875000000e+04
-1.858023046875000000e+04
-1.858008007812500000e+04
-1.858027539062500000e+04
-1.857973242187500000e+04
-1.858023046875000000e+04
-1.857817773437500000e+04
-1.857389453125000000e+04
-1.857785546875000000e+04
-1.858028515625000000e+04
-1.857938281250000000e+04
-1.857795312500000000e+04
-1.858028125000000000e+04
-1.857812890625000000e+04
-1.857996875000000000e+04
-1.858024609375000000e+04
-1.857684375000000000e+04
-1.858014453125000000e+04
-1.857949609375000000e+04
-1.858012109375000000e+04
-1.858001953125000000e+04
-1.858018554687500000e+04
-1.858025781250000000e+04
-1.858024023437500000e+04
-1.857965039062500000e+04
-1.857769921875000000e+04
-1.858012695312500000e+04
-1.858028906250000000e+04
-1.858026367187500000e+04
-1.857957421875000000e+04
-1.857658984375000000e+04
-1.858028320312500000e+04
-1.857952343750000000e+04
-1.857527343750000000e+04
-1.857942578125000000e+04
-1.858028515625000000e+04
-1.857827343750000000e+04
-1.857988281250000000e+04
-1.857846484375000000e+04
-1.858026757812500000e+04
-1.858026562500000000e+04
-1.858029296875000000e+04
-1.858005078125000000e+04
-1.857917968750000000e+04
-1.858024609375000000e+04
-1.857948046875000000e+04
-1.857992968750000000e+04
-1.857671093750000000e+04
-1.858002539062500000e+04
-1.858015625000000000e+04
-1.857998828125000000e+04
-1.857759765625000000e+04
-1.857917382812500000e+04
-1.858023046875000000e+04
-1.857933984375000000e+04
-1.858028710937500000e+04
-1.857993359375000000e+04
-1.857987695312500000e+04
-1.858028906250000000e+04
-1.858025976562500000e+04
-1.857895703125000000e+04
-1.858028906250000000e+04
-1.858013671875000000e+04
-1.857719726562500000e+04
-1.857923046875000000e+04
-1.858027734375000000e+04
-1.857547265625000000e+04
-1.858022070312500000e+04
-1.857965625000000000e+04
-1.857967187500000000e+04
-1.857976953125000000e+04
-1.857955859375000000e+04
-1.858025781250000000e+04
-1.857996093750000000e+04
-1.857482421875000000e+04
-1.857996289062500000e+04
-1.857509765625000000e+04
-1.858018359375000000e+04
-1.857980468750000000e+04
-1.858024609375000000e+04
-1.857991406250000000e+04
-1.857912500000000000e+04
-1.857656640625000000e+04
-1.857993359375000000e+04
-1.857968554687500000e+04
-1.857991796875000000e+04
-1.857797656250000000e+04
-1.857874414062500000e+04
-1.857974609375000000e+04
-1.857886328125000000e+04
-1.857617578125000000e+04
-1.857918750000000000e+04
-1.858028515625000000e+04
-1.858028320312500000e+04
-1.858026953125000000e+04
-1.858022460937500000e+04
-1.858029296875000000e+04
-1.857627734375000000e+04
-1.857991015625000000e+04
-1.857828710937500000e+04
-1.857850390625000000e+04
-1.858006640625000000e+04
-1.857970703125000000e+04
-1.858027343750000000e+04
-1.858015429687500000e+04
-1.858012109375000000e+04
-1.858015234375000000e+04
-1.858027734375000000e+04
-1.858025000000000000e+04
-1.857943359375000000e+04
-1.858025781250000000e+04
-1.858006835937500000e+04
-1.858023828125000000e+04
-1.857982617187500000e+04
-1.857970312500000000e+04
-1.857999609375000000e+04
-1.857804687500000000e+04
-1.857734570312500000e+04
-1.858022070312500000e+04
-1.858015429687500000e+04
-1.858018750000000000e+04
-1.857779882812500000e+04
-1.857931640625000000e+04
-1.857755273437500000e+04
-1.858023632812500000e+04
-1.858014843750000000e+04
-1.858027343750000000e+04
-1.858012109375000000e+04
-1.858004687500000000e+04
-1.857956640625000000e+04
-1.857922265625000000e+04
-1.857897460937500000e+04
-1.857975000000000000e+04
-1.857871093750000000e+04
-1.858009765625000000e+04
-1.857885937500000000e+04
-1.857891992187500000e+04
-1.857889843750000000e+04
-1.858028906250000000e+04
-1.858013671875000000e+04
-1.858027343750000000e+04
-1.857985937500000000e+04
-1.857732617187500000e+04
-1.858016015625000000e+04
-1.857637695312500000e+04
-1.857887890625000000e+04
-1.857958984375000000e+04
-1.858025781250000000e+04
-1.858029296875000000e+04
-1.858009570312500000e+04
-1.857914648437500000e+04
-1.857826757812500000e+04
-1.858016015625000000e+04
-1.857796093750000000e+04
-1.858026953125000000e+04
-1.857987500000000000e+04
-1.857763671875000000e+04
-1.857987500000000000e+04
-1.857873046875000000e+04
-1.857849218750000000e+04
-1.857922656250000000e+04
-1.857782617187500000e+04
-1.857985937500000000e+04
-1.857953906250000000e+04
-1.858021484375000000e+04
-1.858007421875000000e+04
-1.858022460937500000e+04
-1.858021093750000000e+04
-1.857990625000000000e+04
-1.857997460937500000e+04
-1.857990625000000000e+04
-1.858026171875000000e+04
-1.857598828125000000e+04
-1.858022851562500000e+04
-1.858028906250000000e+04
-1.857861328125000000e+04
-1.858022656250000000e+04
-1.857873437500000000e+04
-1.858017968750000000e+04
-1.857862890625000000e+04
-1.857899609375000000e+04
-1.858027148437500000e+04
-1.858007031250000000e+04
-1.858023828125000000e+04
-1.857942578125000000e+04
-1.857943359375000000e+04
-1.858020703125000000e+04
-1.857699609375000000e+04
-1.857937109375000000e+04
-1.857690234375000000e+04
-1.858025390625000000e+04
-1.858006250000000000e+04
-1.857999218750000000e+04
-1.858014453125000000e+04
-1.858010937500000000e+04
-1.857974023437500000e+04
-1.857864257812500000e+04
-1.857929492187500000e+04
-1.857725000000000000e+04
-1.858026562500000000e+04
-1.858028125000000000e+04
-1.857860937500000000e+04
-1.858003906250000000e+04
-1.858017187500000000e+04
-1.857895312500000000e+04
-1.858001367187500000e+04
-1.857841796875000000e+04
-1.858029296875000000e+04
-1.857972265625000000e+04
-1.857754687500000000e+04
-1.858026367187500000e+04
-1.858005078125000000e+04
-1.858022656250000000e+04
-1.857740820312500000e+04
-1.858007031250000000e+04
-1.858024609375000000e+04
-1.857531445312500000e+04
-1.857754296875000000e+04
-1.857971093750000000e+04
-1.858027734375000000e+04
-1.857664843750000000e+04
-1.858025781250000000e+04
-1.857990820312500000e+04
-1.858024023437500000e+04
-1.857876757812500000e+04
-1.858028320312500000e+04
-1.857910937500000000e+04
-1.858023632812500000e+04
-1.858026171875000000e+04
-1.857911328125000000e+04
-1.857980468750000000e+04
-1.857716210937500000e+04
-1.857982031250000000e+04
-1.858005859375000000e+04
-1.857909375000000000e+04
-1.858020507812500000e+04
-1.858026367187500000e+04
-1.857871484375000000e+04
-1.857799218750000000e+04
-1.857800390625000000e+04
-1.856879687500000000e+04
-1.857771289062500000e+04
-1.857787304687500000e+04
-1.857645703125000000e+04
-1.857996093750000000e+04
-1.857994335937500000e+04
-1.858007421875000000e+04
-1.858004296875000000e+04
-1.857849609375000000e+04
-1.857481640625000000e+04
-1.857973828125000000e+04
-1.857889257812500000e+04
-1.858028515625000000e+04
-1.858008398437500000e+04
-1.858016796875000000e+04
-1.858028125000000000e+04
-1.857953125000000000e+04
-1.857959570312500000e+04
-1.858016796875000000e+04
-1.857906250000000000e+04
-1.858009570312500000e+04
-1.858028906250000000e+04
-1.857931054687500000e+04
-1.857920703125000000e+04
-1.857833593750000000e+04
-1.857905664062500000e+04
-1.858020312500000000e+04
-1.857995703125000000e+04
-1.858028710937500000e+04
-1.858016406250000000e+04
-1.857773046875000000e+04
-1.858023632812500000e+04
-1.857701757812500000e+04
-1.857785742187500000e+04
-1.857843750000000000e+04
-1.858011523437500000e+04
-1.858011718750000000e+04
-1.858007421875000000e+04
-1.858022656250000000e+04
-1.857962304687500000e+04
-1.857889062500000000e+04
-1.858020507812500000e+04
-1.857986328125000000e+04
-1.858014843750000000e+04
-1.857578906250000000e+04
-1.858021093750000000e+04
-1.858025976562500000e+04
-1.857963085937500000e+04
-1.857920312500000000e+04
-1.857951171875000000e+04
-1.857925000000000000e+04
-1.857903320312500000e+04
-1.857978125000000000e+04
-1.858018750000000000e+04
-1.857789062500000000e+04
-1.858010351562500000e+04
-1.858025000000000000e+04
-1.858028906250000000e+04
-1.857407617187500000e+04
-1.857992578125000000e+04
-1.857932812500000000e+04
-1.857925585937500000e+04
-1.858025390625000000e+04
-1.858028320312500000e+04
-1.858014062500000000e+04
-1.857960546875000000e+04
-1.858028906250000000e+04
-1.857929492187500000e+04
-1.858005468750000000e+04
-1.858009375000000000e+04
-1.858021679687500000e+04
-1.858007421875000000e+04
-1.857999023437500000e+04
-1.857900390625000000e+04
-1.858028906250000000e+04
-1.857846875000000000e+04
-1.858008398437500000e+04
-1.857828320312500000e+04
-1.857928125000000000e+04
-1.858024414062500000e+04
-1.858001953125000000e+04
-1.858028906250000000e+04
-1.858013867187500000e+04
-1.857759179687500000e+04
-1.857565429687500000e+04
-1.857860742187500000e+04
-1.857867968750000000e+04
-1.858017968750000000e+04
-1.857867382812500000e+04
-1.857993359375000000e+04
-1.857829687500000000e+04
-1.857612500000000000e+04
-1.858023242187500000e+04
-1.857912890625000000e+04
-1.857855468750000000e+04
-1.857997265625000000e+04
-1.858021093750000000e+04
-1.857951562500000000e+04
-1.858000000000000000e+04
-1.858027734375000000e+04
-1.857914843750000000e+04
-1.858008984375000000e+04
-1.858027929687500000e+04
-1.858023437500000000e+04
-1.858028515625000000e+04
-1.858004101562500000e+04
-1.857966210937500000e+04
-1.857877734375000000e+04
-1.858015625000000000e+04
-1.858002734375000000e+04
-1.858026953125000000e+04
-1.857975195312500000e+04
-1.858017773437500000e+04
-1.858029296875000000e+04
-1.858028515625000000e+04
-1.858013085937500000e+04
-1.857897656250000000e+04
-1.857941406250000000e+04
-1.857823828125000000e+04
-1.858017187500000000e+04
-1.857949609375000000e+04
-1.857753710937500000e+04
-1.857837109375000000e+04
-1.858008984375000000e+04
-1.858026953125000000e+04
-1.857971679687500000e+04
-1.857943359375000000e+04
-1.857669140625000000e+04
-1.857994335937500000e+04
-1.857969531250000000e+04
-1.857800000000000000e+04
-1.858000781250000000e+04
-1.858028515625000000e+04
-1.857789062500000000e+04
-1.858013281250000000e+04
-1.858021093750000000e+04
-1.857982031250000000e+04
-1.857988671875000000e+04
-1.858026562500000000e+04
-1.858009765625000000e+04
-1.858000000000000000e+04
-1.858012109375000000e+04
-1.857738281250000000e+04
-1.858023046875000000e+04
-1.857997070312500000e+04
-1.857977734375000000e+04
-1.858013281250000000e+04
-1.857633984375000000e+04
-1.857907421875000000e+04
-1.858012890625000000e+04
-1.858023437500000000e+04
-1.857995703125000000e+04
-1.857867578125000000e+04
-1.858027148437500000e+04
-1.857993750000000000e+04
-1.858015429687500000e+04
-1.858001562500000000e+04
-1.857864648437500000e+04
-1.857986328125000000e+04
-1.857987109375000000e+04
-1.858025781250000000e+04
-1.858028125000000000e+04
-1.858025000000000000e+04
-1.857993750000000000e+04
-1.857902148437500000e+04
-1.857837500000000000e+04
-1.858003125000000000e+04
-1.857773046875000000e+04
-1.857919921875000000e+04
-1.858007031250000000e+04
-1.857961718750000000e+04
-1.857989453125000000e+04
-1.858013867187500000e+04
-1.857861718750000000e+04
-1.857960156250000000e+04
-1.857546875000000000e+04
-1.858025000000000000e+04
-1.857988867187500000e+04
-1.857924609375000000e+04
-1.857996289062500000e+04
-1.858028906250000000e+04
-1.858027343750000000e+04
-1.858005078125000000e+04
-1.857980468750000000e+04
-1.858027734375000000e+04
-1.858014648437500000e+04
-1.857814453125000000e+04
-1.857980273437500000e+04
-1.858010546875000000e+04
-1.857696875000000000e+04
-1.858018359375000000e+04
-1.857997265625000000e+04
-1.857922460937500000e+04
-1.858029101562500000e+04
-1.857730273437500000e+04
-1.858007226562500000e+04
-1.858002343750000000e+04
-1.857987109375000000e+04
-1.857891796875000000e+04
-1.857773437500000000e+04
-1.857846484375000000e+04
-1.858018750000000000e+04
-1.857096093750000000e+04
-1.857920507812500000e+04
-1.858027734375000000e+04
-1.858002929687500000e+04
-1.857904882812500000e+04
-1.857999023437500000e+04
-1.857996875000000000e+04
-1.858018945312500000e+04
-1.858021484375000000e+04
-1.858014648437500000e+04
-1.858027148437500000e+04
-1.858011328125000000e+04
-1.858000781250000000e+04
-1.857983007812500000e+04
-1.857966015625000000e+04
-1.857920117187500000e+04
-1.857228710937500000e+04
-1.857996875000000000e+04
-1.858009765625000000e+04
-1.858028320312500000e+04
-1.857982226562500000e+04
-1.858011132812500000e+04
-1.857988671875000000e+04
-1.857923632812500000e+04
-1.857987890625000000e+04
-1.857639453125000000e+04
-1.858016015625000000e+04
-1.857944531250000000e+04
-1.857936132812500000e+04
-1.858028515625000000e+04
-1.857714062500000000e+04
-1.857953515625000000e+04
-1.857604296875000000e+04
-1.858009375000000000e+04
-1.857981054687500000e+04
-1.857991992187500000e+04
-1.857806250000000000e+04
-1.858006835937500000e+04
-1.858017187500000000e+04
-1.858027734375000000e+04
-1.858008203125000000e+04
-1.857882031250000000e+04
-1.857534375000000000e+04
-1.858023437500000000e+04
-1.857990625000000000e+04
-1.857743945312500000e+04
-1.857905273437500000e+04
-1.858029101562500000e+04
-1.857937109375000000e+04
-1.857973046875000000e+04
-1.858004882812500000e+04
-1.857687500000000000e+04
-1.857990234375000000e+04
-1.857741992187500000e+04
-1.857985937500000000e+04
-1.857630468750000000e+04
-1.858027148437500000e+04
-1.857956054687500000e+04
-1.858025000000000000e+04
-1.858006445312500000e+04
-1.857919726562500000e+04
-1.858009179687500000e+04
-1.857901953125000000e+04
-1.858015234375000000e+04
-1.858027343750000000e+04
-1.858001171875000000e+04
-1.857994531250000000e+04
-1.857934765625000000e+04
-1.857880859375000000e+04
-1.858019140625000000e+04
-1.857856640625000000e+04
-1.857508203125000000e+04
-1.857921289062500000e+04
-1.858009765625000000e+04
-1.858005078125000000e+04
-1.857954296875000000e+04
-1.858017968750000000e+04
-1.857981250000000000e+04
-1.858025781250000000e+04
-1.857903906250000000e+04
-1.857871875000000000e+04
-1.858024218750000000e+04
-1.858026562500000000e+04
-1.857997460937500000e+04
-1.857992187500000000e+04
-1.857949218750000000e+04
-1.857977539062500000e+04
-1.857918554687500000e+04
-1.857892578125000000e+04
-1.857736718750000000e+04
-1.857948632812500000e+04
-1.858023828125000000e+04
-1.857732226562500000e+04
-1.858028125000000000e+04
-1.858025781250000000e+04
-1.857930078125000000e+04
-1.858028710937500000e+04
-1.857626171875000000e+04
-1.857854882812500000e+04
-1.857940625000000000e+04
-1.857975000000000000e+04
-1.857998828125000000e+04
-1.857973828125000000e+04
-1.857978710937500000e+04
-1.858024218750000000e+04
-1.858027929687500000e+04
-1.858024218750000000e+04
-1.857995312500000000e+04
-1.857683984375000000e+04
-1.857735156250000000e+04
-1.858011718750000000e+04
-1.857978906250000000e+04
-1.858028906250000000e+04
-1.857978710937500000e+04
-1.857971289062500000e+04
-1.857414062500000000e+04
-1.857840234375000000e+04
-1.857965234375000000e+04
-1.857954687500000000e+04
-1.858028320312500000e+04
-1.858029101562500000e+04
-1.857911328125000000e+04
-1.857826757812500000e+04
-1.857961328125000000e+04
-1.858028515625000000e+04
-1.857893750000000000e+04
-1.858027343750000000e+04
-1.857930468750000000e+04
-1.858028906250000000e+04
-1.858023828125000000e+04
-1.858004296875000000e+04
-1.858021289062500000e+04
-1.857731640625000000e+04
-1.857959765625000000e+04
-1.858027148437500000e+04
-1.857943945312500000e+04
-1.858001171875000000e+04
-1.857883398437500000e+04
-1.857924414062500000e+04
-1.857999609375000000e+04
-1.857675195312500000e+04
-1.857945312500000000e+04
-1.857719335937500000e+04
-1.857909765625000000e+04
-1.857909375000000000e+04
-1.857986914062500000e+04
-1.857972070312500000e+04
-1.857779687500000000e+04
-1.857910937500000000e+04
-1.858028906250000000e+04
-1.857983203125000000e+04
-1.857960546875000000e+04
-1.858006445312500000e+04
-1.857905468750000000e+04
-1.857936718750000000e+04
-1.857851367187500000e+04
-1.857751562500000000e+04
-1.858026953125000000e+04
-1.858028906250000000e+04
-1.858007031250000000e+04
-1.858023828125000000e+04
-1.858019140625000000e+04
-1.857954101562500000e+04
-1.858025781250000000e+04
-1.858004687500000000e+04
-1.858028906250000000e+04
-1.857870312500000000e+04
-1.858029101562500000e+04
-1.858006250000000000e+04
-1.858026757812500000e+04
-1.857947265625000000e+04
-1.858028515625000000e+04
-1.857876953125000000e+04
-1.858024609375000000e+04
-1.858026171875000000e+04
-1.858007031250000000e+04
-1.857978515625000000e+04
-1.857995312500000000e+04
-1.858028906250000000e+04
-1.857612890625000000e+04
-1.857660742187500000e+04
-1.857820312500000000e+04
-1.857680859375000000e+04
-1.857913671875000000e+04
-1.857650195312500000e+04
-1.858011132812500000e+04
-1.858027148437500000e+04
-1.857763281250000000e+04
-1.857406250000000000e+04
-1.857834765625000000e+04
-1.858023046875000000e+04
-1.857989843750000000e+04
-1.858011718750000000e+04
-1.857930273437500000e+04
-1.857913867187500000e+04
-1.857990625000000000e+04
-1.857934570312500000e+04
-1.858004882812500000e+04
-1.857378906250000000e+04
-1.858028125000000000e+04
-1.857944140625000000e+04
-1.857949804687500000e+04
-1.858002734375000000e+04
-1.857937500000000000e+04
-1.857991992187500000e+04
-1.857907421875000000e+04
-1.857879101562500000e+04
-1.857983203125000000e+04
-1.858028906250000000e+04
-1.857890820312500000e+04
-1.857725976562500000e+04
-1.857973046875000000e+04
-1.858019921875000000e+04
-1.858019335937500000e+04
-1.857881835937500000e+04
-1.857910546875000000e+04
-1.857922265625000000e+04
-1.857956250000000000e+04
-1.857952539062500000e+04
-1.857431054687500000e+04
-1.857727734375000000e+04
-1.858022656250000000e+04
-1.857883007812500000e+04
-1.858019140625000000e+04
-1.858026171875000000e+04
-1.858022265625000000e+04
-1.858025000000000000e+04
-1.858027539062500000e+04
-1.858029101562500000e+04
-1.858016406250000000e+04
-1.857966796875000000e+04
-1.858008984375000000e+04
-1.858002539062500000e+04
-1.858020312500000000e+04
-1.858025390625000000e+04
-1.857997656250000000e+04
-1.857958593750000000e+04
-1.857969531250000000e+04
-1.858027734375000000e+04
-1.857929492187500000e+04
-1.857999414062500000e+04
-1.857996484375000000e+04
-1.858027929687500000e+04
-1.858024218750000000e+04
-1.858012500000000000e+04
-1.857983593750000000e+04
-1.857817968750000000e+04
-1.858010937500000000e+04
-1.857959375000000000e+04
-1.858028906250000000e+04
-1.857978320312500000e+04
-1.857824218750000000e+04
-1.857932812500000000e+04
-1.858003125000000000e+04
-1.858019921875000000e+04
-1.858021093750000000e+04
-1.857954101562500000e+04
-1.858020312500000000e+04
-1.857735937500000000e+04
-1.857538867187500000e+04
-1.858027148437500000e+04
-1.857985937500000000e+04
-1.857984375000000000e+04
-1.858026562500000000e+04
-1.858006835937500000e+04
-1.857906250000000000e+04
-1.857970898437500000e+04
-1.858009375000000000e+04
-1.857866601562500000e+04
-1.857687890625000000e+04
-1.857761914062500000e+04
-1.857969140625000000e+04
-1.858026953125000000e+04
-1.858005664062500000e+04
-1.858020117187500000e+04
-1.858002734375000000e+04
-1.858020507812500000e+04
-1.858025585937500000e+04
-1.858022070312500000e+04
-1.857992773437500000e+04
-1.857998828125000000e+04
-1.857972460937500000e+04
-1.857819140625000000e+04
-1.858013085937500000e+04
-1.858002929687500000e+04
-1.857961718750000000e+04
-1.857714257812500000e+04
-1.858021679687500000e+04
-1.857986328125000000e+04
-1.857649023437500000e+04
-1.858017187500000000e+04
-1.858023046875000000e+04
-1.857987500000000000e+04
-1.857993554687500000e+04
-1.858029296875000000e+04
-1.858026367187500000e+04
-1.857132421875000000e+04
-1.857790429687500000e+04
-1.858017578125000000e+04
-1.858028320312500000e+04
-1.858011718750000000e+04
-1.858028515625000000e+04
-1.858023828125000000e+04
-1.858023046875000000e+04
-1.858023046875000000e+04
-1.857966015625000000e+04
-1.857491796875000000e+04
-1.857810937500000000e+04
-1.858028125000000000e+04
-1.858017968750000000e+04
-1.857966015625000000e+04
-1.857869140625000000e+04
-1.857804687500000000e+04
-1.857893359375000000e+04
-1.857941796875000000e+04
-1.857746093750000000e+04
-1.858026757812500000e+04
-1.858028906250000000e+04
-1.857756835937500000e+04
-1.858019531250000000e+04
-1.857945117187500000e+04
-1.858000000000000000e+04
-1.857953906250000000e+04
-1.857877734375000000e+04
-1.858028710937500000e+04
-1.858024609375000000e+04
-1.858027148437500000e+04
-1.858014062500000000e+04
-1.857911328125000000e+04
-1.857968945312500000e+04
-1.857991992187500000e+04
-1.858026953125000000e+04
-1.858028906250000000e+04
-1.858007617187500000e+04
-1.857996093750000000e+04
-1.857621875000000000e+04
-1.857973242187500000e+04
-1.857993750000000000e+04
-1.858020312500000000e+04
-1.857785351562500000e+04
-1.857835937500000000e+04
-1.857859765625000000e+04
-1.858022851562500000e+04
-1.857243164062500000e+04
-1.858021093750000000e+04
-1.857838281250000000e+04
-1.857978125000000000e+04
-1.858018750000000000e+04
-1.858005859375000000e+04
-1.858012500000000000e+04
-1.857802734375000000e+04
-1.858014453125000000e+04
-1.857951171875000000e+04
-1.858025781250000000e+04
-1.858005859375000000e+04
-1.858017187500000000e+04
-1.858026562500000000e+04
-1.858028515625000000e+04
-1.857966015625000000e+04
-1.857955859375000000e+04
-1.857941406250000000e+04
-1.857896093750000000e+04
-1.858018750000000000e+04
-1.858020703125000000e+04
-1.857732812500000000e+04
-1.857963281250000000e+04
-1.857928710937500000e+04
-1.857754687500000000e+04
-1.858001562500000000e+04
-1.858023828125000000e+04
-1.858028125000000000e+04
-1.858015234375000000e+04
-1.858018750000000000e+04
-1.857337304687500000e+04
-1.858001367187500000e+04
-1.858017578125000000e+04
-1.857878906250000000e+04
-1.858016406250000000e+04
-1.857904296875000000e+04
-1.858014062500000000e+04
-1.858026367187500000e+04
-1.858002734375000000e+04
-1.857981054687500000e+04
-1.857656054687500000e+04
-1.858023828125000000e+04
-1.858021875000000000e+04
-1.857952148437500000e+04
-1.857979296875000000e+04
-1.857981835937500000e+04
-1.857964648437500000e+04
-1.858020312500000000e+04
-1.857683593750000000e+04
-1.857944140625000000e+04
-1.857888671875000000e+04
-1.858025000000000000e+04
-1.857985937500000000e+04
-1.858016015625000000e+04
-1.857915234375000000e+04
-1.858026562500000000e+04
-1.857985937500000000e+04
-1.857939062500000000e+04
-1.857857421875000000e+04
-1.858012500000000000e+04
-1.857993750000000000e+04
-1.857968750000000000e+04
-1.858027343750000000e+04
-1.858010546875000000e+04
-1.858023828125000000e+04
-1.857825000000000000e+04
-1.858028320312500000e+04
-1.858005078125000000e+04
-1.857964843750000000e+04
-1.857976171875000000e+04
-1.858027929687500000e+04
-1.857964843750000000e+04
-1.857932226562500000e+04
-1.858028906250000000e+04
-1.858012890625000000e+04
-1.857886328125000000e+04
-1.857983203125000000e+04
-1.857867382812500000e+04
-1.858028320312500000e+04
-1.857547656250000000e+04
-1.858028906250000000e+04
-1.858017968750000000e+04
-1.857934570312500000e+04
-1.858028320312500000e+04
-1.857939453125000000e+04
-1.858027734375000000e+04
-1.857858398437500000e+04
-1.857518750000000000e+04
-1.857752539062500000e+04
-1.857779687500000000e+04
-1.857941992187500000e+04
-1.858028906250000000e+04
-1.857994921875000000e+04
-1.857945117187500000e+04
-1.857934179687500000e+04
-1.857779492187500000e+04
-1.857890625000000000e+04
-1.857985351562500000e+04
-1.858022070312500000e+04
-1.857910742187500000e+04
-1.857754687500000000e+04
-1.858009570312500000e+04
-1.858021093750000000e+04
-1.858003125000000000e+04
-1.857886132812500000e+04
-1.858028125000000000e+04
-1.857949804687500000e+04
-1.858027929687500000e+04
-1.858015039062500000e+04
-1.857967578125000000e+04
-1.858026171875000000e+04
-1.858024023437500000e+04
-1.857819335937500000e+04
-1.857873828125000000e+04
-1.857890625000000000e+04
-1.858026953125000000e+04
-1.857871093750000000e+04
-1.858019921875000000e+04
-1.858027343750000000e+04
-1.858006640625000000e+04
-1.857747265625000000e+04
-1.858013671875000000e+04
-1.858020312500000000e+04
-1.857771679687500000e+04
-1.857703515625000000e+04
-1.858020703125000000e+04
-1.858016406250000000e+04
-1.857944921875000000e+04
-1.857968554687500000e+04
-1.858022265625000000e+04
-1.858012304687500000e+04
-1.857774218750000000e+04
-1.858015429687500000e+04
-1.858001953125000000e+04
-1.857836718750000000e+04
-1.857983984375000000e+04
-1.858025781250000000e+04
-1.857893359375000000e+04
-1.858013671875000000e+04
-1.858002539062500000e+04
-1.857887890625000000e+04
-1.858017187500000000e+04
-1.858002929687500000e+04
-1.857980859375000000e+04
-1.857912695312500000e+04
-1.858013671875000000e+04
-1.857373828125000000e+04
-1.857601562500000000e+04
-1.857971484375000000e+04
-1.858029101562500000e+04
-1.857983203125000000e+04
-1.858022460937500000e+04
-1.857899804687500000e+04
-1.858003906250000000e+04
-1.857951757812500000e+04
-1.857881445312500000e+04
-1.857957421875000000e+04
-1.857967968750000000e+04
-1.857451562500000000e+04
-1.858026562500000000e+04
-1.857948828125000000e+04
-1.857809179687500000e+04
-1.858009179687500000e+04
-1.857836328125000000e+04
-1.858018359375000000e+04
-1.857971093750000000e+04
-1.857458789062500000e+04
-1.857889453125000000e+04
-1.858019531250000000e+04
-1.857968554687500000e+04
-1.857930273437500000e+04
-1.857974218750000000e+04
-1.858013671875000000e+04
-1.858028515625000000e+04
-1.857906250000000000e+04
-1.857850781250000000e+04
-1.857883593750000000e+04
-1.857839843750000000e+04
-1.857951171875000000e+04
-1.858028125000000000e+04
-1.857976757812500000e+04
-1.858029296875000000e+04
-1.858019531250000000e+04
-1.857964062500000000e+04
-1.857997656250000000e+04
-1.857955859375000000e+04
-1.857980468750000000e+04
-1.858017578125000000e+04
-1.858028320312500000e+04
-1.858020312500000000e+04
-1.857528125000000000e+04
-1.857960546875000000e+04
-1.857922460937500000e+04
-1.858026367187500000e+04
-1.857319531250000000e+04
-1.857929296875000000e+04
-1.858002929687500000e+04
-1.857853906250000000e+04
-1.857899609375000000e+04
-1.857867187500000000e+04
-1.858005859375000000e+04
-1.858021875000000000e+04
-1.857902343750000000e+04
-1.858021093750000000e+04
-1.858025000000000000e+04
-1.857739453125000000e+04
-1.858022851562500000e+04
-1.857562500000000000e+04
-1.857778515625000000e+04
-1.858020117187500000e+04
-1.857927734375000000e+04
-1.857843945312500000e+04
-1.858023828125000000e+04
-1.858000781250000000e+04
-1.857917187500000000e+04
-1.858007421875000000e+04
-1.858028125000000000e+04
-1.857940625000000000e+04
-1.858017968750000000e+04
-1.858009179687500000e+04
-1.858017578125000000e+04
-1.858028906250000000e+04
-1.857999023437500000e+04
-1.857929687500000000e+04
-1.857764453125000000e+04
-1.858026171875000000e+04
-1.857946484375000000e+04
-1.858011718750000000e+04
-1.857675585937500000e+04
-1.857791796875000000e+04
-1.858004296875000000e+04
-1.857679101562500000e+04
-1.857918554687500000e+04
-1.857896484375000000e+04
-1.857986328125000000e+04
-1.858028515625000000e+04
-1.858028515625000000e+04
-1.857680664062500000e+04
-1.858014843750000000e+04
-1.858023828125000000e+04
-1.857603906250000000e+04
-1.858027929687500000e+04
-1.857983203125000000e+04
-1.857890625000000000e+04
-1.858023437500000000e+04
-1.858015234375000000e+04
-1.857752343750000000e+04
-1.858025781250000000e+04
-1.857959179687500000e+04
-1.857847070312500000e+04
-1.857653125000000000e+04
-1.858006250000000000e+04
-1.857900390625000000e+04
-1.857669140625000000e+04
-1.857628906250000000e+04
-1.858010156250000000e+04
-1.857928125000000000e+04
-1.857959375000000000e+04
-1.858012500000000000e+04
-1.858014843750000000e+04
-1.858028906250000000e+04
-1.858026171875000000e+04
-1.857652343750000000e+04
-1.857699023437500000e+04
-1.858015234375000000e+04
-1.858028320312500000e+04
-1.857982226562500000e+04
-1.857815234375000000e+04
-1.858015234375000000e+04
-1.857995507812500000e+04
-1.858008593750000000e+04
-1.857844726562500000e+04
-1.858028320312500000e+04
-1.857807421875000000e+04
-1.857596093750000000e+04
-1.857718164062500000e+04
-1.858001953125000000e+04
-1.857946875000000000e+04
-1.858025390625000000e+04
-1.857996875000000000e+04
-1.857816015625000000e+04
-1.857852343750000000e+04
-1.857901171875000000e+04
-1.857819921875000000e+04
-1.857924414062500000e+04
-1.858007031250000000e+04
-1.857396093750000000e+04
-1.857623046875000000e+04
-1.858019140625000000e+04
-1.858026562500000000e+04
-1.858024218750000000e+04
-1.857867968750000000e+04
-1.857962695312500000e+04
-1.858022265625000000e+04
-1.858028906250000000e+04
-1.858027734375000000e+04
-1.857685937500000000e+04
-1.857935937500000000e+04
-1.858001171875000000e+04
-1.857958203125000000e+04
-1.857588867187500000e+04
-1.857944921875000000e+04
-1.858023437500000000e+04
-1.857888085937500000e+04
-1.857651367187500000e+04
-1.857987890625000000e+04
-1.857933984375000000e+04
-1.857300781250000000e+04
-1.858018359375000000e+04
-1.858025390625000000e+04
-1.857808984375000000e+04
-1.857900195312500000e+04
-1.858016601562500000e+04
-1.857925976562500000e+04
-1.858025000000000000e+04
-1.858027734375000000e+04
-1.858002343750000000e+04
-1.857919140625000000e+04
-1.857944140625000000e+04
-1.858013085937500000e+04
-1.857617968750000000e+04
-1.858016796875000000e+04
-1.858003125000000000e+04
-1.857872656250000000e+04
-1.857977148437500000e+04
-1.857802734375000000e+04
-1.857831445312500000e+04
-1.858025195312500000e+04
-1.857979882812500000e+04
-1.857979101562500000e+04
-1.857946875000000000e+04
-1.858002148437500000e+04
-1.857885156250000000e+04
-1.857959765625000000e+04
-1.858018359375000000e+04
-1.857987500000000000e+04
-1.857857812500000000e+04
-1.857732617187500000e+04
-1.857752929687500000e+04
-1.857932421875000000e+04
-1.858014453125000000e+04
-1.858020312500000000e+04
-1.857950781250000000e+04
-1.857791406250000000e+04
-1.857692968750000000e+04
-1.858028515625000000e+04
-1.857982031250000000e+04
-1.857886718750000000e+04
-1.858028125000000000e+04
-1.858026953125000000e+04
-1.857817187500000000e+04
-1.857808593750000000e+04
-1.857941992187500000e+04
-1.858001171875000000e+04
-1.857871093750000000e+04
-1.858022265625000000e+04
-1.857917578125000000e+04
-1.857679296875000000e+04
-1.858021289062500000e+04
-1.857803125000000000e+04
-1.858016015625000000e+04
-1.858029101562500000e+04
-1.857948828125000000e+04
-1.857795312500000000e+04
-1.857913281250000000e+04
-1.858006640625000000e+04
-1.858018164062500000e+04
-1.857916406250000000e+04
-1.858028320312500000e+04
-1.858006250000000000e+04
-1.857827734375000000e+04
-1.858021289062500000e+04
-1.857927148437500000e+04
-1.857250781250000000e+04
-1.857869140625000000e+04
-1.857903906250000000e+04
-1.857839453125000000e+04
-1.858004296875000000e+04
-1.858026562500000000e+04
-1.857952929687500000e+04
-1.857774023437500000e+04
-1.857903710937500000e+04
-1.857997656250000000e+04
-1.857972656250000000e+04
-1.857907226562500000e+04
-1.857885742187500000e+04
-1.858017187500000000e+04
-1.858028710937500000e+04
-1.858016015625000000e+04
-1.857839062500000000e+04
-1.857829296875000000e+04
-1.858021679687500000e+04
-1.858010156250000000e+04
-1.857886914062500000e+04
-1.857971875000000000e+04
-1.858017773437500000e+04
-1.858006640625000000e+04
-1.857647656250000000e+04
-1.858019726562500000e+04
-1.858028320312500000e+04
-1.857967187500000000e+04
-1.858001757812500000e+04
-1.857304101562500000e+04
-1.858001562500000000e+04
-1.857840625000000000e+04
-1.857943554687500000e+04
-1.858028125000000000e+04
-1.858019140625000000e+04
-1.858011914062500000e+04
-1.858009960937500000e+04
-1.858011523437500000e+04
-1.858006250000000000e+04
-1.858024414062500000e+04
-1.857962109375000000e+04
-1.857708593750000000e+04
-1.857997265625000000e+04
-1.857943164062500000e+04
-1.857995898437500000e+04
-1.858020312500000000e+04
-1.858008593750000000e+04
-1.857978515625000000e+04
-1.858028515625000000e+04
-1.857930468750000000e+04
-1.857942968750000000e+04
-1.858014648437500000e+04
-1.857941015625000000e+04
-1.857792968750000000e+04
-1.857920898437500000e+04
-1.857717187500000000e+04
-1.857712890625000000e+04
-1.858025585937500000e+04
-1.857859375000000000e+04
-1.858008789062500000e+04
-1.858027539062500000e+04
-1.858015234375000000e+04
-1.857947265625000000e+04
-1.857869335937500000e+04
-1.858024218750000000e+04
-1.857981250000000000e+04
-1.858008203125000000e+04
-1.858017773437500000e+04
-1.858017187500000000e+04
-1.857938867187500000e+04
-1.857871875000000000e+04
-1.858025781250000000e+04
-1.858003320312500000e+04
-1.858018359375000000e+04
-1.858019726562500000e+04
-1.857950976562500000e+04
-1.857990234375000000e+04
-1.858026562500000000e+04
-1.858023632812500000e+04
-1.857986718750000000e+04
-1.858011523437500000e+04
-1.857980859375000000e+04
-1.858017578125000000e+04
-1.857849023437500000e+04
-1.857973242187500000e+04
-1.857925000000000000e+04
-1.857996875000000000e+04
-1.858027343750000000e+04
-1.858019140625000000e+04
-1.857918359375000000e+04
-1.858018554687500000e+04
-1.857943359375000000e+04
-1.858025390625000000e+04
-1.858001367187500000e+04
-1.858013281250000000e+04
-1.857714062500000000e+04
-1.857857812500000000e+04
-1.858028710937500000e+04
-1.858019531250000000e+04
-1.858025781250000000e+04
-1.857908007812500000e+04
-1.858028710937500000e+04
-1.858026367187500000e+04
-1.858027734375000000e+04
-1.858004492187500000e+04
-1.857898828125000000e+04
-1.857844531250000000e+04
-1.857948632812500000e+04
-1.858018750000000000e+04
-1.858028515625000000e+04
-1.857984765625000000e+04
-1.858008007812500000e+04
-1.857992773437500000e+04
-1.857947265625000000e+04
-1.857871093750000000e+04
-1.857978515625000000e+04
-1.857863867187500000e+04
-1.858021289062500000e+04
-1.857828515625000000e+04
-1.857985937500000000e+04
-1.858010156250000000e+04
-1.858027539062500000e+04
-1.858028515625000000e+04
-1.858020703125000000e+04
-1.857783398437500000e+04
-1.857943359375000000e+04
-1.858008007812500000e+04
-1.857900781250000000e+04
-1.858027734375000000e+04
-1.858021093750000000e+04
-1.858025781250000000e+04
-1.858002343750000000e+04
-1.858028125000000000e+04
-1.858028125000000000e+04
-1.857929101562500000e+04
-1.857915429687500000e+04
-1.857830078125000000e+04
-1.857928906250000000e+04
-1.858026171875000000e+04
-1.857952343750000000e+04
-1.857885937500000000e+04
-1.858027343750000000e+04
-1.857856054687500000e+04
-1.857805859375000000e+04
-1.858028906250000000e+04
-1.857452148437500000e+04
-1.857977929687500000e+04
-1.857944726562500000e+04
-1.857991992187500000e+04
-1.857956640625000000e+04
-1.857724414062500000e+04
-1.857991601562500000e+04
-1.857969921875000000e+04
-1.858011328125000000e+04
-1.858026367187500000e+04
-1.858013671875000000e+04
-1.857924609375000000e+04
-1.857889257812500000e+04
-1.857876562500000000e+04
-1.857878320312500000e+04
-1.857976562500000000e+04
-1.858013281250000000e+04
-1.858003906250000000e+04
-1.858006640625000000e+04
-1.858014453125000000e+04
-1.858022656250000000e+04
-1.857647070312500000e+04
-1.858025976562500000e+04
-1.858028125000000000e+04
-1.858029101562500000e+04
-1.857916796875000000e+04
-1.858023046875000000e+04
-1.857968554687500000e+04
-1.857739648437500000e+04
-1.858023046875000000e+04
-1.858019531250000000e+04
-1.858029101562500000e+04
-1.857975390625000000e+04
-1.857974609375000000e+04
-1.858008398437500000e+04
-1.857991796875000000e+04
-1.857287109375000000e+04
-1.857449023437500000e+04
-1.857998046875000000e+04
-1.858020312500000000e+04
-1.858008593750000000e+04
-1.858000585937500000e+04
-1.857871484375000000e+04
-1.858021484375000000e+04
-1.858028906250000000e+04
-1.858028125000000000e+04
-1.858024804687500000e+04
-1.857501562500000000e+04
-1.858022656250000000e+04
-1.858028320312500000e+04
-1.857956640625000000e+04
-1.857829101562500000e+04
-1.857696093750000000e+04
-1.858025585937500000e+04
-1.857834375000000000e+04
-1.857591992187500000e+04
-1.857986328125000000e+04
-1.857745703125000000e+04
-1.857835742187500000e+04
-1.858014453125000000e+04
-1.858014843750000000e+04
-1.857953125000000000e+04
-1.857792382812500000e+04
-1.858001171875000000e+04
-1.857956250000000000e+04
-1.857962890625000000e+04
-1.857990820312500000e+04
-1.857997851562500000e+04
-1.857991796875000000e+04
-1.857858203125000000e+04
-1.858029296875000000e+04
-1.857955859375000000e+04
-1.858026562500000000e+04
-1.858021093750000000e+04
-1.857956250000000000e+04
-1.858006250000000000e+04
-1.858029101562500000e+04
-1.857930859375000000e+04
-1.857997656250000000e+04
-1.857918359375000000e+04
-1.857833203125000000e+04
-1.858022656250000000e+04
-1.857976953125000000e+04
-1.857308398437500000e+04
-1.857975000000000000e+04
-1.858014453125000000e+04
-1.857948046875000000e+04
-1.858027929687500000e+04
-1.857689843750000000e+04
-1.857835742187500000e+04
-1.858007031250000000e+04
-1.857411328125000000e+04
-1.857967382812500000e+04
-1.857910351562500000e+04
-1.857903320312500000e+04
-1.857996875000000000e+04
-1.858007031250000000e+04
-1.857996679687500000e+04
-1.857954296875000000e+04
-1.858017382812500000e+04
-1.858009179687500000e+04
-1.857160742187500000e+04
-1.857923437500000000e+04
-1.857963281250000000e+04
-1.857737500000000000e+04
-1.857883984375000000e+04
-1.857859765625000000e+04
-1.857929296875000000e+04
-1.857894726562500000e+04
-1.858003125000000000e+04
-1.857717578125000000e+04
-1.858000781250000000e+04
-1.857997656250000000e+04
-1.858026953125000000e+04
-1.858017187500000000e+04
-1.857877734375000000e+04
-1.858028515625000000e+04
-1.858021679687500000e+04
-1.858025781250000000e+04
-1.857854687500000000e+04
-1.858026562500000000e+04
-1.857988281250000000e+04
-1.857842578125000000e+04
-1.858028906250000000e+04
-1.857928515625000000e+04
-1.858007031250000000e+04
-1.857930468750000000e+04
-1.858028710937500000e+04
-1.858025585937500000e+04
-1.857905468750000000e+04
-1.858028906250000000e+04
-1.858014062500000000e+04
-1.857686523437500000e+04
-1.857830468750000000e+04
-1.857990429687500000e+04
-1.858028515625000000e+04
-1.858016796875000000e+04
-1.858023437500000000e+04
-1.857914062500000000e+04
-1.857989453125000000e+04
-1.858026953125000000e+04
-1.857917578125000000e+04
-1.857987500000000000e+04
-1.858018359375000000e+04
-1.858027148437500000e+04
-1.857591406250000000e+04
-1.858028320312500000e+04
-1.857801953125000000e+04
-1.857956054687500000e+04
-1.858009765625000000e+04
-1.858028906250000000e+04
-1.857976171875000000e+04
-1.858008789062500000e+04
-1.858016406250000000e+04
-1.858002343750000000e+04
-1.857832421875000000e+04
-1.858027343750000000e+04
-1.858022851562500000e+04
-1.857999609375000000e+04
-1.857890039062500000e+04
-1.857986718750000000e+04
-1.857991601562500000e+04
-1.857987109375000000e+04
-1.857702929687500000e+04
-1.858027539062500000e+04
-1.857886328125000000e+04
-1.857865820312500000e+04
-1.858020312500000000e+04
-1.858023046875000000e+04
-1.857985937500000000e+04
-1.857937695312500000e+04
-1.857843359375000000e+04
-1.857957031250000000e+04
-1.858025976562500000e+04
-1.858028906250000000e+04
-1.858014257812500000e+04
-1.857925195312500000e+04
-1.858013281250000000e+04
-1.857995703125000000e+04
-1.858028906250000000e+04
-1.857674023437500000e+04
-1.858003125000000000e+04
-1.858013867187500000e+04
-1.857832421875000000e+04
-1.858025000000000000e+04
-1.858027539062500000e+04
-1.858028125000000000e+04
-1.857869726562500000e+04
-1.857960156250000000e+04
-1.858000781250000000e+04
-1.857870507812500000e+04
-1.857901367187500000e+04
-1.857929101562500000e+04
-1.857973437500000000e+04
-1.858014062500000000e+04
-1.857932421875000000e+04
-1.857906250000000000e+04
-1.858028515625000000e+04
-1.858027929687500000e+04
-1.857829492187500000e+04
-1.857952148437500000e+04
-1.857892578125000000e+04
-1.857933593750000000e+04
-1.858016796875000000e+04
-1.858018359375000000e+04
-1.858015234375000000e+04
-1.857991601562500000e+04
-1.857988281250000000e+04
-1.857934765625000000e+04
-1.857745312500000000e+04
-1.857869335937500000e+04
-1.858013281250000000e+04
-1.858025000000000000e+04
-1.857984765625000000e+04
-1.857879687500000000e+04
-1.858026562500000000e+04
-1.857991796875000000e+04
-1.857938085937500000e+04
-1.857951367187500000e+04
-1.858015625000000000e+04
-1.858028710937500000e+04
-1.857881250000000000e+04
-1.858019726562500000e+04
-1.858026562500000000e+04
-1.857963085937500000e+04
-1.858008593750000000e+04
