# Variable: B
# Sample shape: (2700,)
# Date: 2019-04-12 17:15:40.346428
1.039044471079979104e+00
1.043373579118008321e+00
1.011404269381196652e+00
1.097359615652756748e+00
1.053625686373995229e+00
1.035859690506893083e+00
1.045903733236768662e+00
1.047185130758599758e+00
1.016142836945217898e+00
1.053069958405023598e+00
1.018278046490440847e+00
1.059309495468610196e+00
1.017129021392855881e+00
1.075500325434092019e+00
1.021045381291647347e+00
1.034054926101598326e+00
1.068719870084634760e+00
1.044898444181152408e+00
1.047856019073716727e+00
1.039112202432182164e+00
1.009929591888396150e+00
1.026463906846526442e+00
1.034837880541135124e+00
1.077659344552461373e+00
1.041899944904149944e+00
1.022500378500241558e+00
1.070617810477684895e+00
9.998984617736219604e-01
1.048969239008849641e+00
1.067478323471760193e+00
1.071026458936491510e+00
1.095741969910160041e+00
1.021742516044053195e+00
1.084773471656896415e+00
1.037146200052034839e+00
1.020616025150034245e+00
1.052774398073652806e+00
1.038109513378411730e+00
1.057472799130099617e+00
1.066956283289139717e+00
1.028870194204408950e+00
1.032931470559523168e+00
1.066617333434084935e+00
1.048062740157835515e+00
1.036712388453540523e+00
9.979019979209672320e-01
1.028232244926476691e+00
1.051624231491111505e+00
1.032461700949652172e+00
1.057384120537110617e+00
1.014503784800564690e+00
1.052776672573198402e+00
1.042841676427672448e+00
1.057768618591298226e+00
1.002660826654150128e+00
1.083425051356055491e+00
1.052441589562326474e+00
1.032964377359266495e+00
1.029399397717373432e+00
1.052827372696674146e+00
1.052220998829793253e+00
1.021377543173916713e+00
1.084875638434377843e+00
1.042065500077493434e+00
1.043330744058428960e+00
1.037943489968248256e+00
1.053054196111627761e+00
1.027579620871161170e+00
1.082513277569160159e+00
1.059220111127264774e+00
1.015963122117881978e+00
1.057831568693503144e+00
1.027061657858531207e+00
1.085317349022434819e+00
1.031102367256307550e+00
1.021611839719318571e+00
1.087256202947454620e+00
1.072534764592565137e+00
1.062836779918259422e+00
1.067937693948902922e+00
1.062494228512772976e+00
1.078380470327946039e+00
1.032003167596442061e+00
1.068613203384240817e+00
1.050192632255657843e+00
1.051257078674046497e+00
1.063494910659583681e+00
1.045831368824972962e+00
1.051788273590447353e+00
1.092478232202204191e+00
1.050270659527581030e+00
1.069118633944081465e+00
1.039596924192673910e+00
1.040004802449790766e+00
1.002701324297481156e+00
1.062331653660252062e+00
1.054741559873456191e+00
1.067004395349504087e+00
1.078970750933922584e+00
1.067921396206262363e+00
1.057411736316696382e+00
1.036367118688561906e+00
1.042044337334035342e+00
1.099998584209182839e+00
1.082922243351489566e+00
1.035135409337649026e+00
1.053200091714794118e+00
1.040151882231171054e+00
1.031015852286319312e+00
1.090716436876434603e+00
1.067201740111123121e+00
1.056420012823749977e+00
1.038430446052214018e+00
1.051268314601688125e+00
1.051737212715828207e+00
1.057935919190354346e+00
1.062682013527174174e+00
1.028538806072098799e+00
1.038357970738447156e+00
1.035249953657336075e+00
1.011547357200771824e+00
1.037897913286569329e+00
1.037643210831072471e+00
1.053782467573461279e+00
1.079542646199573186e+00
1.096008269266250279e+00
1.112219756348849842e+00
1.028643109787248822e+00
1.029233508045898748e+00
1.046842416512928420e+00
1.099559502861332083e+00
1.030075724037094353e+00
1.050639150781795594e+00
1.017712104951104424e+00
1.007644398625732185e+00
1.064532551442068042e+00
1.054681289275089640e+00
1.049075432508283168e+00
1.059488493640016848e+00
1.059091837783822765e+00
1.082660769154651703e+00
1.053505036174079645e+00
1.016063519148373562e+00
1.006364854691746302e+00
1.050958390142448184e+00
1.058256820376926033e+00
1.050523742334131816e+00
1.033010186305925338e+00
1.042893389849738783e+00
1.045523283745697141e+00
1.048874671650517287e+00
1.012190118305322351e+00
1.039335295473225118e+00
1.062609371478747011e+00
1.042569928605012519e+00
1.103095682548774992e+00
1.037140533695898981e+00
1.053844903182811654e+00
1.024196008275632064e+00
1.037798461244931802e+00
1.015865747832813470e+00
1.044356211765381515e+00
1.054238703257131649e+00
1.067271927862500913e+00
1.042253725257694219e+00
1.029192672431089584e+00
1.011396904150350551e+00
1.037696441413724635e+00
1.079000234453828755e+00
1.047293933624161344e+00
1.030504270208651318e+00
1.052347533500841870e+00
1.046375591732875421e+00
1.010393914230259593e+00
1.053856005590364076e+00
1.026721647772070867e+00
1.074388527815842931e+00
1.076880963541290370e+00
1.053734341942326624e+00
1.069961873294758226e+00
1.079635755239824801e+00
1.038280951378081074e+00
1.030911040317041172e+00
1.011609249683117939e+00
1.016266472384416586e+00
1.057667595717234788e+00
1.063032421448039111e+00
1.011946200622944492e+00
1.033441702054963551e+00
1.063703827620666731e+00
1.093184767183969841e+00
1.027048146585587407e+00
1.040421441198625452e+00
1.060063549498093671e+00
1.045399686126366356e+00
1.015772109329279749e+00
1.061855543963077464e+00
1.052873370599500369e+00
1.037933408164696036e+00
1.015246613628518979e+00
1.043154308269720776e+00
1.036544486549169752e+00
1.087313923051002051e+00
1.067035434892799506e+00
1.069410846682285143e+00
1.066497375271320491e+00
1.042204174618646118e+00
1.030071242121028741e+00
1.044657018962478645e+00
1.039114338172015817e+00
1.049867277405355237e+00
1.039900746895925820e+00
1.058981871105522998e+00
9.968838188702064951e-01
1.045372346656703755e+00
1.052641717330309534e+00
1.037661360998388238e+00
1.058621013017983614e+00
1.054500854453434444e+00
1.049708115503663164e+00
1.035055648345158064e+00
1.014017241157391558e+00
1.032493990894263414e+00
1.055301716277298407e+00
1.046645590145290461e+00
1.070340885437128131e+00
1.044417346743782726e+00
1.094122696568167630e+00
1.040912582720158408e+00
1.034470151060499887e+00
1.066496723100329502e+00
1.081189793764916640e+00
1.058394511423373929e+00
1.061788650549756907e+00
1.030984935382647016e+00
1.028270515480382397e+00
1.023123432721255721e+00
1.051259896412951589e+00
1.036558217262370407e+00
1.074306383217602967e+00
1.038938947594030715e+00
1.071440793845646722e+00
1.055506775604737379e+00
1.030322452433756419e+00
1.060536338042544102e+00
1.043988932084291665e+00
1.058590323517742293e+00
1.032088587870274798e+00
1.047409613205311674e+00
1.041284493239778008e+00
1.078427193296073838e+00
1.022584552766502286e+00
1.045145604459592814e+00
1.069281587113887211e+00
1.040413277699915096e+00
1.036229800998145212e+00
1.041764871753080524e+00
1.072015970168187726e+00
1.072085245014767096e+00
1.072093927680467296e+00
1.099518165528551972e+00
1.009919235789084269e+00
1.055709398391857068e+00
1.039753779098777864e+00
1.063149269603235636e+00
1.035838963364293930e+00
1.061940615114350450e+00
1.055302355353790800e+00
1.035598642702301619e+00
1.060596845247551157e+00
1.040923871874555040e+00
1.083630585062849150e+00
1.092139517031080365e+00
1.035872539468640330e+00
1.074764787841944402e+00
1.077936122231540450e+00
1.018040546283867531e+00
1.065469664936715688e+00
1.068545989375484284e+00
1.073652829757689720e+00
1.056400915617133895e+00
1.044670766276700302e+00
1.072691554060239971e+00
1.045797691325301537e+00
1.029294952128318341e+00
1.019588154020913739e+00
1.058171292363269123e+00
1.035663326349510305e+00
1.093874974320905080e+00
1.076944687021089031e+00
1.038165020565385843e+00
1.040985827325490387e+00
1.061503591707823713e+00
1.048751431682560797e+00
1.036810038377983911e+00
1.029752703583055373e+00
1.054662387578955363e+00
1.050262570805293949e+00
1.033152336530346327e+00
1.069238174858596624e+00
1.037666318400516596e+00
1.028417023293765942e+00
1.057453336927417054e+00
1.066730928826777225e+00
1.052810927689361575e+00
1.048722532590588008e+00
1.009126004572668212e+00
1.030151178643752496e+00
1.045869011328752096e+00
1.081688437225373001e+00
1.029678641703413611e+00
1.016566065940228691e+00
1.043162566160571014e+00
1.067066600893660677e+00
1.064748173578282220e+00
1.070396040278161820e+00
1.048261604496477650e+00
1.096737540405736455e+00
1.075303152634592641e+00
1.026041760948815051e+00
1.051647203733296676e+00
1.040846546737929090e+00
1.056555084741700234e+00
1.020798632580842691e+00
1.045918437395751077e+00
1.038052856101404187e+00
1.067519070580754237e+00
1.041593714904210932e+00
1.059056215874488949e+00
1.032234562645764075e+00
1.015363917172011465e+00
1.079444738623177580e+00
1.108178953610478468e+00
1.042779396435237205e+00
1.071259030958548353e+00
1.026582382617175604e+00
1.006943957673630319e+00
1.012729290980213248e+00
1.074292192970785376e+00
1.021995730129904523e+00
1.082950348735151724e+00
1.070281489635571237e+00
1.059817358790899000e+00
1.006451218030015360e+00
1.054461382870020669e+00
1.018140424316200221e+00
1.057243917878304629e+00
1.070282074666522920e+00
1.026546850202602501e+00
1.023610166575461999e+00
1.054691709276489142e+00
1.019275077656784489e+00
1.081831086736407155e+00
1.019615969900200314e+00
1.064062423493057130e+00
1.050133700377061219e+00
1.021544689250961202e+00
1.043366171523107289e+00
1.055073036414942322e+00
1.060124893537341961e+00
1.029826057425746733e+00
1.045087339418665495e+00
1.007430501813188828e+00
1.052458823022694556e+00
1.042696340982119940e+00
1.035075408060516677e+00
1.015392720369543200e+00
1.028800001257248908e+00
1.049531163749759521e+00
1.056320582097485028e+00
1.041744434338331082e+00
1.042044931469114921e+00
1.094765501185309908e+00
1.056412904040110678e+00
1.064454017134544239e+00
1.029881519766057130e+00
1.031392604068839924e+00
1.030759066095952914e+00
1.049791394091973862e+00
1.032302120081312502e+00
1.012043622021335354e+00
1.030777505308706044e+00
1.037574516392182788e+00
1.065647306954311313e+00
1.058339654108366057e+00
1.055119608572535617e+00
1.013144832812001850e+00
1.053524636631795408e+00
1.007055164797849622e+00
1.066640929735262810e+00
1.044608615492378378e+00
1.084797270046565565e+00
1.063828568018706733e+00
1.059496845744912763e+00
1.070399134776638173e+00
1.037798530886611781e+00
1.057243532153257615e+00
1.020517055628120451e+00
1.066451998461353856e+00
1.033462809516325853e+00
1.063853132090033293e+00
1.066325689672893207e+00
1.004127802252740231e+00
1.060076450065400300e+00
1.051867738077073788e+00
1.044807931625419961e+00
1.012040269889210142e+00
1.025524336516587809e+00
1.021922116373270795e+00
1.037246529027767705e+00
1.020047404952180825e+00
1.043581563066810824e+00
1.061987608367067182e+00
1.070930579386459192e+00
1.070164153808089269e+00
1.065801434569438433e+00
1.101729706907031314e+00
1.078751257485473181e+00
1.035279963741653875e+00
1.058966360997263934e+00
1.039137467459992914e+00
1.042533726526631899e+00
1.047224402204520066e+00
1.064593552327671055e+00
1.057183057945384030e+00
1.064314668538701047e+00
1.049635137040586752e+00
1.056252926755117061e+00
1.065391388934731065e+00
1.079876099523447097e+00
1.050031738822290839e+00
1.094744159156756158e+00
1.048760910187763962e+00
1.052098344088311821e+00
1.064784529868827434e+00
1.046156651896788636e+00
1.044163489633712416e+00
1.027327418677302262e+00
1.045917738475903969e+00
1.060577092323032433e+00
1.033811080117360559e+00
1.067745256213082694e+00
1.035843965601899619e+00
1.029929807798883656e+00
1.022712429155261171e+00
1.031334940336563699e+00
1.081078370157833701e+00
1.044981092139515733e+00
1.005981495002383097e+00
1.065854195465351539e+00
1.037698666589924379e+00
1.038954761709834029e+00
1.024515357339480959e+00
1.092403077797812871e+00
1.006008973775311288e+00
1.024305106537206411e+00
1.016619334927687968e+00
1.036569388852291329e+00
1.044392074369640655e+00
1.039568933651969784e+00
1.023972481858398842e+00
1.056051123062996755e+00
1.009545409848000785e+00
1.019034155566569622e+00
1.012737432913676017e+00
1.034378948949932875e+00
1.060930938582729244e+00
1.020679015493165087e+00
1.038884073869186242e+00
1.063731032225494921e+00
1.044683164421921662e+00
1.027625186039477168e+00
1.080116461241224624e+00
1.054413799982875322e+00
1.052160192797118698e+00
1.051629982532374941e+00
1.020713591155967270e+00
1.052603968597986217e+00
1.031924144999148085e+00
1.072562668067392089e+00
1.018822339633510321e+00
1.030370004727101829e+00
1.040143339358066132e+00
1.056521099355269611e+00
1.048862510948324056e+00
1.048217177785970122e+00
1.032530736535394400e+00
1.098431001094451576e+00
1.033359728700657065e+00
1.043648380024314370e+00
1.060309729672302081e+00
1.075418427956531531e+00
1.072173451816767153e+00
1.064118010744366405e+00
1.067283274199766208e+00
1.060415501490918011e+00
1.043906828607273019e+00
9.973019955463123809e-01
1.041032281314058006e+00
1.068065254081314031e+00
1.057170273369982816e+00
1.027729309683905967e+00
1.033907515498482477e+00
1.023427478589185480e+00
1.055530746825589450e+00
1.050473494875296732e+00
1.020565155887981135e+00
1.049577975981815792e+00
1.045927556035712414e+00
1.020798214805075821e+00
1.030631308387614409e+00
1.017060296348810899e+00
1.013931066521988500e+00
1.051722318061478978e+00
1.063443284242169273e+00
1.092216236172033783e+00
1.048868852559428966e+00
1.005563369982398481e+00
1.090791422932912313e+00
1.027663552647108514e+00
1.044842267084219234e+00
1.065802387466267431e+00
1.065814675452848137e+00
1.039858667442544737e+00
1.016983565247354671e+00
1.050116107053938874e+00
1.060377024935719614e+00
1.053531695518662215e+00
1.023748067563689856e+00
1.048911246375641815e+00
1.054176110798548560e+00
1.027501998715619980e+00
1.046803399070753038e+00
1.083454670400890718e+00
1.061713730366316000e+00
1.047821469481643675e+00
1.072153496909605153e+00
1.038795436230695701e+00
1.056619619573021973e+00
1.035256424490737182e+00
1.067677647015234044e+00
1.039687021047477344e+00
1.025299127922821851e+00
1.023122953774284527e+00
1.043262029351725406e+00
1.095463033234569616e+00
1.087928528916261239e+00
1.055559050703321011e+00
1.073201678117234881e+00
1.055492722536835792e+00
1.043636426363077740e+00
1.023563936926543017e+00
1.069942922734560709e+00
1.025266621914845411e+00
1.043354016838067055e+00
1.029806529980376917e+00
1.015819406499396838e+00
1.045063531852364225e+00
1.004819072019003334e+00
1.052298527816890594e+00
1.056844548613876000e+00
1.074293659852054272e+00
1.068799732649010625e+00
1.032409917853417403e+00
1.044563742993956046e+00
1.037421517790185099e+00
1.052173845725675960e+00
1.060847045553766188e+00
9.861650276640850921e-01
1.047424035158110556e+00
1.058609819045961409e+00
1.036351705223562236e+00
1.030877325271204903e+00
9.759548608352089927e-01
1.065543699547125245e+00
1.070757543849965909e+00
1.037643152568211047e+00
1.053005613261803974e+00
1.038215590916401476e+00
1.015251784654601419e+00
1.067108774375847613e+00
1.062560101914556077e+00
1.052912676485912469e+00
1.047443342320677484e+00
1.047829848687889420e+00
1.021865313291912658e+00
1.045034827357534057e+00
1.048682319971479426e+00
1.085303043966512337e+00
1.063288241273363965e+00
1.070400778476398473e+00
1.015198476324465915e+00
1.029788398119490189e+00
1.083885812338321486e+00
1.084130876855483594e+00
1.064546082680163375e+00
1.097273251349804468e+00
1.061581619814631505e+00
1.084733766896518903e+00
1.092030178294497222e+00
1.007052973602529988e+00
1.031630818512779824e+00
1.088251271422497002e+00
1.022760066724876626e+00
1.024198375525525506e+00
1.051616367099565741e+00
1.038942702380896366e+00
1.067154370765322824e+00
1.067431936076872256e+00
1.016337553763586365e+00
1.075751918137969332e+00
1.046513447814479525e+00
1.063603926254554466e+00
1.074996329819829732e+00
1.037625400678244603e+00
1.065382863222269272e+00
1.079690017917778189e+00
1.044655410594232503e+00
1.051364602149599037e+00
1.008918567728436466e+00
1.065147663660325872e+00
1.051608706869801901e+00
1.041765080690724599e+00
1.048478127381967218e+00
1.040357712281387847e+00
1.030495886730011801e+00
1.055715023330763724e+00
1.054079611115247728e+00
1.043784579879450725e+00
1.012376140473325137e+00
1.044531831421939394e+00
9.921866805926780053e-01
1.070105118254769172e+00
1.054776796070579836e+00
1.080041958159195126e+00
1.045224107069028685e+00
1.068583264054625115e+00
1.078828697863689179e+00
1.054684838462138785e+00
1.026121374648915285e+00
1.057151746787423630e+00
1.052881431196522444e+00
1.047681759751399211e+00
1.076372456439240510e+00
1.044357552440225989e+00
1.053302038822590880e+00
1.034628390285842858e+00
1.012142930240657712e+00
1.032063771873915847e+00
1.069916880462244757e+00
1.012568614221575514e+00
1.049571304490124257e+00
1.056798757511149489e+00
1.036008026124570991e+00
9.974616447297471877e-01
1.053322605541732848e+00
1.088575166535128647e+00
1.109057531156647292e+00
1.018107586713331347e+00
1.064421409337010349e+00
1.070632976996181540e+00
1.077333973808563217e+00
1.053876578275856790e+00
1.055507045923366194e+00
1.040748491565719691e+00
1.038543014824438782e+00
1.064353788054872796e+00
1.051134830516394336e+00
1.086559112351843437e+00
1.076738940454362581e+00
1.040893593128249250e+00
1.073441694462910379e+00
1.058864388858504313e+00
1.085319662150993514e+00
1.118776710514392869e+00
1.061690100576595075e+00
1.043341537789559181e+00
1.032541240821842621e+00
1.019976749122659232e+00
1.091389035155468257e+00
1.075126991325768167e+00
1.020820021858494187e+00
1.062744043054427268e+00
1.011841964832125074e+00
1.043168445573826153e+00
1.043864128285909576e+00
1.017126642478588971e+00
1.045151274030334143e+00
1.060599180257767227e+00
1.050354968588887106e+00
1.063519155626593715e+00
1.025926719014764732e+00
1.088565497780836777e+00
1.023629663867709372e+00
1.050095944137767745e+00
1.043779022941799361e+00
1.063404311511686018e+00
1.073994847343757719e+00
1.059336800007549373e+00
1.026245618447956920e+00
1.084774554270119040e+00
1.056634034997948390e+00
1.095282233648537051e+00
1.043651374776453311e+00
1.066952431823702252e+00
1.052092291635464694e+00
1.028758748942584678e+00
1.043145780544014745e+00
1.042568626369134499e+00
1.042939904722567590e+00
1.043160857450639911e+00
1.039823298278543140e+00
1.054718910511204255e+00
1.051020669235965155e+00
1.047244325402032050e+00
1.075126066992366569e+00
1.073692824565328996e+00
1.029033601846210955e+00
1.057695745667587950e+00
1.029171861924064846e+00
1.023002404262637333e+00
1.025398323601047323e+00
1.063426996871011720e+00
1.029098698732278105e+00
1.019796768404386489e+00
1.088654431993609117e+00
1.052057716428778766e+00
1.057302062560792955e+00
1.034227451080850679e+00
1.022330850897078758e+00
1.062460768955174162e+00
1.036710812980061069e+00
1.036584489035430323e+00
1.043463493148315768e+00
1.089095131582989540e+00
1.074021879540803637e+00
1.038095018476302700e+00
1.051658883435398817e+00
1.060487144974835649e+00
1.047990189962840324e+00
1.078363434197711745e+00
1.031053823495254429e+00
1.059176339836330305e+00
1.059984605720747375e+00
1.059628391553775861e+00
1.066099994588300737e+00
1.026916205153464601e+00
1.049720463230576328e+00
1.037084581587539578e+00
1.045690824591038792e+00
1.074767063001002443e+00
1.065095066787331790e+00
1.035347514653861767e+00
1.060129247683200937e+00
1.049915760962937483e+00
1.080337553072755474e+00
1.031492873742070771e+00
1.050189314423214837e+00
1.089791356052352667e+00
1.035845791601528454e+00
1.058937641001644447e+00
1.021634486390456509e+00
1.018458998962839201e+00
1.047525098760902829e+00
1.061211144373162218e+00
1.077789091485888973e+00
1.022196114915802534e+00
1.093226157619685335e+00
1.088988725391199619e+00
1.025728743489133121e+00
1.088681168684323408e+00
1.035096374704012945e+00
1.020016081735646285e+00
1.069550224139594441e+00
1.081825108261634805e+00
1.045683674121167250e+00
1.044336670531581523e+00
1.035777255989724033e+00
1.053452510886874194e+00
1.035256733224531267e+00
1.017259072933736741e+00
1.070694497358976038e+00
1.009593662294223204e+00
1.047493016005176081e+00
1.037411556459888029e+00
1.037132508865380220e+00
1.038124348566745514e+00
1.043083902671647412e+00
1.012474245954843255e+00
1.051137434364755485e+00
1.013300746546850650e+00
1.049335099869727284e+00
1.049017512497263604e+00
1.018984550237212572e+00
1.061595148859319160e+00
1.042238356131231614e+00
1.034171528356004677e+00
1.029768578380185318e+00
1.030418649598516367e+00
1.035053094611771751e+00
1.045382927676798523e+00
1.033414610321335525e+00
1.047799654409532488e+00
1.017908667968226766e+00
1.060677503474020567e+00
1.059311975126072669e+00
1.021414669806258946e+00
1.038046239641790658e+00
1.030039445343697180e+00
1.045770329827642842e+00
1.068405347129721461e+00
1.060364181894072333e+00
1.027850912339920431e+00
1.087844616090539285e+00
1.024563479527349941e+00
1.071195288769685616e+00
1.104817408399269230e+00
1.043035744407477150e+00
1.035729832823290009e+00
1.047989742345177611e+00
1.039826134882231967e+00
1.068678081955222625e+00
1.009806866662984026e+00
1.011401776578184419e+00
1.081535636342011442e+00
1.054875429908689100e+00
1.088864274664879561e+00
1.032349984147123756e+00
1.037222642584410437e+00
1.040543782886390822e+00
1.067546668918937458e+00
1.084715911824969625e+00
1.037321614527734193e+00
1.035681997744274607e+00
1.046918809785526205e+00
1.031499328427990525e+00
1.062386318915688577e+00
1.032648304505074277e+00
1.045458586757776143e+00
1.013392442786843928e+00
1.037748911147221120e+00
1.026006956013885363e+00
1.048968038994289920e+00
1.028670826864058085e+00
1.037187928433932260e+00
1.028511893660918997e+00
1.033036864975343416e+00
1.062582780550082262e+00
1.019036997007352729e+00
1.042844795585847306e+00
1.055366810112306153e+00
1.045034992193490053e+00
1.071761503223975120e+00
1.024668241371416988e+00
1.045959816744922222e+00
1.064153580821348033e+00
1.012346912798262721e+00
1.049748810869503224e+00
1.027674834510078128e+00
1.095838117343234330e+00
1.050005230996508665e+00
1.041992081637530543e+00
1.083043679615344645e+00
1.044585095284753518e+00
1.035153637326092335e+00
1.032638863117045114e+00
1.028030493955411906e+00
1.027597643253348014e+00
1.055039448149075243e+00
1.024915209030624608e+00
1.035839082325584082e+00
1.045095355329670461e+00
1.049863308417224417e+00
1.056856842801319640e+00
1.087158171849260002e+00
1.039845799250386671e+00
1.046817725611631555e+00
1.047569412853325277e+00
1.026751171086288661e+00
1.035897714227325794e+00
1.044959837136984371e+00
1.011456967326912482e+00
1.029030078550946747e+00
1.077514823095689911e+00
1.021679487381129681e+00
1.037619991461866897e+00
1.036320895265981479e+00
1.076835017303805486e+00
1.078870938038587246e+00
1.070390273027382877e+00
1.070303534943110257e+00
1.052550217485271222e+00
1.027730809725622585e+00
1.051265356182385924e+00
1.061913338964455278e+00
1.038413695864057074e+00
1.033550219384735902e+00
1.030875629830147133e+00
1.062901299529390275e+00
1.063032313454860933e+00
1.027442800550972812e+00
1.022395073154086287e+00
1.011849048326134870e+00
1.040138215765411100e+00
1.020448474901880065e+00
1.054314661816107668e+00
1.067395094993074167e+00
1.053150527972602557e+00
1.027844327743639985e+00
1.038329382749812346e+00
1.011223833057032451e+00
1.051246003968319354e+00
1.040801387456619986e+00
1.048244946916679021e+00
1.062447725211072003e+00
1.028598184849413233e+00
1.047893653389139423e+00
1.057103816875398339e+00
1.087488521004465358e+00
1.040135022082175009e+00
1.054568686849514991e+00
1.039462764634616621e+00
1.070072513514863655e+00
1.072894954139487877e+00
1.023994948261133242e+00
1.017347967030291178e+00
1.057013306493722160e+00
1.056832216791303125e+00
1.071544307096605531e+00
1.021900886616830206e+00
1.088029961853721694e+00
1.047391567696309700e+00
1.049570402598968055e+00
1.044180577256416331e+00
1.048596044241840497e+00
1.014722689445217929e+00
1.096245830006041810e+00
1.100904935870135271e+00
1.024391023031365755e+00
1.059426905402014896e+00
1.065923582234213018e+00
1.052982062754245662e+00
1.041596700854322988e+00
1.056745505949317376e+00
1.042521050672083449e+00
1.045666533598529568e+00
1.050324908579855832e+00
1.034726329857518667e+00
1.047183128829076049e+00
1.074460309339416497e+00
1.035452111806035136e+00
1.085293467810517498e+00
1.043543629556929808e+00
1.043694497157869661e+00
1.041705439129890998e+00
1.095271141164677609e+00
1.037459591488045119e+00
1.034076602575130233e+00
1.034268171698620620e+00
1.061494608683134055e+00
1.063700195135961701e+00
1.025990532093056240e+00
1.017784288430098494e+00
1.046614640285595810e+00
1.064409012871101901e+00
1.052149789340091290e+00
1.021721910044751436e+00
1.083491866591927977e+00
1.038570730214728677e+00
1.047239875820663357e+00
1.054114842255056805e+00
1.017308853310870731e+00
1.055111036761002152e+00
1.067006575884567487e+00
1.058434848738444733e+00
1.033112711785673099e+00
1.090891446370630069e+00
1.051489120271633881e+00
1.055154730000937624e+00
1.066280660031810212e+00
1.065376553673892390e+00
1.055259363359128510e+00
1.028408113390244072e+00
1.069158214931216433e+00
1.091680811326602996e+00
1.014627975776890789e+00
1.093046180289613645e+00
1.021597466848048974e+00
1.040351470903816633e+00
1.048194767859680354e+00
1.069802732976057325e+00
1.093610533792063411e+00
1.056721773241229290e+00
1.043498235428160559e+00
1.026722597229035916e+00
1.050927101357471027e+00
1.055099341476926522e+00
1.020164908687308358e+00
1.050991887703017769e+00
1.049204383268319551e+00
1.064653986487897885e+00
1.037118604945624245e+00
1.034076243821521190e+00
1.087131596149950585e+00
1.028662207127117423e+00
1.021027194077920752e+00
1.040191451980514437e+00
9.881447608235283120e-01
1.073262438061428403e+00
1.034729541628952809e+00
1.092593656734039520e+00
1.077370659734580238e+00
1.041136265819968987e+00
1.064998449199813457e+00
9.997689691289699532e-01
1.056608485019202792e+00
1.037085865608525781e+00
1.079179248436844318e+00
1.042191004645163677e+00
1.081952733529333521e+00
1.053670960069488238e+00
1.043124431940502195e+00
1.029430435126444943e+00
1.040542528002290412e+00
1.071742240336434060e+00
1.053698936651638274e+00
1.001423505087539079e+00
1.056647225504277143e+00
1.063786723875715934e+00
1.032376125304006464e+00
1.045820717574460268e+00
1.067732519676311442e+00
1.076229451255085179e+00
1.044429964772889186e+00
1.045483334466262404e+00
1.029334333970680415e+00
1.071762382759860577e+00
1.047785319999666731e+00
1.028212255434429290e+00
1.057382586874506369e+00
1.039627960689449848e+00
1.023374598308463224e+00
1.043882185533506757e+00
1.058391889734777047e+00
1.057517240523830004e+00
1.045212656291521158e+00
1.037186133666574639e+00
1.045370314530524203e+00
1.011556982175034758e+00
1.026716571972266179e+00
1.037867151884960704e+00
1.065944886180014484e+00
1.013560245236016399e+00
1.045737978077134311e+00
1.032021077792921293e+00
9.990351847594139967e-01
1.095601691951106016e+00
1.053770452678770120e+00
1.050639273868010370e+00
1.027797466065488052e+00
1.030764198137460896e+00
1.091069401807307049e+00
1.003824854022695057e+00
1.088145439774301781e+00
1.003600778086486178e+00
1.061429354195160490e+00
9.960936471590221553e-01
1.032857899690960535e+00
1.044431320815490283e+00
1.058720395955364380e+00
1.043973346677233405e+00
1.036483323473657459e+00
1.077554569946989727e+00
1.059989631749387540e+00
1.053653013435091435e+00
1.064769702860855816e+00
1.056929001968579529e+00
1.034562368632264917e+00
1.031512563293190521e+00
1.073380435580089998e+00
1.023293311405017780e+00
1.061971205606697666e+00
1.045832816993685910e+00
1.078450807453555038e+00
1.064334576539305743e+00
1.083405453653388140e+00
1.082773989995135633e+00
1.054449956144624556e+00
1.006043586968291992e+00
1.069204518403205961e+00
1.050912739712539512e+00
1.053756325017617401e+00
1.085600003502735555e+00
1.103273177970439223e+00
1.031710421004089495e+00
1.005666628460495815e+00
1.073423711828899840e+00
1.036213530852255760e+00
1.030890696696656228e+00
1.122477393089845510e+00
1.020288881914883428e+00
1.008307368694157047e+00
1.061331472928121133e+00
1.080992916285712591e+00
1.080880931861705863e+00
1.048451085056921528e+00
1.055242795020692625e+00
1.048961162739682873e+00
1.062367756010814679e+00
1.058554579787274852e+00
1.027274113386760224e+00
1.032462451255026448e+00
1.052928578593818498e+00
1.075594006140251579e+00
1.027630971445272490e+00
1.040639787233518243e+00
1.036602780369811683e+00
1.059701801795073450e+00
1.002900741541560281e+00
1.069402097503407312e+00
1.021610298077524570e+00
1.090871567418787436e+00
1.072181380917934801e+00
1.079530696273640622e+00
1.042651260267427604e+00
1.016349788851351077e+00
1.089810684587624312e+00
1.046234630118947573e+00
1.014453710144957777e+00
1.052907243538551363e+00
1.070038418004861658e+00
1.026991956032372366e+00
1.025439560631351554e+00
1.052837804262140686e+00
1.055606321152930072e+00
1.034906648833995524e+00
1.026619317752407667e+00
1.037542302751999657e+00
1.074661794849788965e+00
1.047863692304717320e+00
1.011520060210274297e+00
1.088099858263293251e+00
1.080911879068488179e+00
1.063037157738547123e+00
1.028675576165086314e+00
1.035241356642928157e+00
1.068172983998944892e+00
1.039338145281685666e+00
1.031162392898583580e+00
1.013529416998631083e+00
1.078902809208880376e+00
1.068822884830005204e+00
1.105273302330684215e+00
1.037167927187086613e+00
1.052974703251907007e+00
1.047907281393041901e+00
1.039608501498259230e+00
1.048175671460923608e+00
1.035715265593895040e+00
1.037582927521274456e+00
1.080132019825982725e+00
1.033221404159885726e+00
1.028465661189694735e+00
1.074944366162528642e+00
1.045167022493526110e+00
1.033704656187162785e+00
1.058010997221991989e+00
1.040787921785694570e+00
1.051451170109913402e+00
1.013467139353365631e+00
1.024893744964952447e+00
1.077494727942797992e+00
1.050806015203557875e+00
1.062887519389896340e+00
1.061521549387711927e+00
1.085686608368255035e+00
1.047574136947949208e+00
1.056495733544320137e+00
1.100112660595853553e+00
1.021963582280887017e+00
1.034961852533596849e+00
1.060920151590601046e+00
1.060467617266838802e+00
1.067769133820003047e+00
1.026489452243690037e+00
1.038510685395971578e+00
1.057288123606413333e+00
1.050031455745394915e+00
1.071344383553657575e+00
1.111251905484462066e+00
1.028342728532282591e+00
1.073671262748008282e+00
1.059239566399765575e+00
1.061788930450080271e+00
1.049846609257913954e+00
1.051002963382256405e+00
1.063833821435481664e+00
1.043560143856162581e+00
1.064300470804630638e+00
1.027333678196554523e+00
1.056774428944420086e+00
1.048379794750499139e+00
1.036132335239839941e+00
1.034594922934522154e+00
1.052530919847835422e+00
1.068463640945200854e+00
1.088470938874263050e+00
1.023540031249075222e+00
1.024702965645051256e+00
1.045541009892361428e+00
1.060226897622142062e+00
1.052559387619732778e+00
1.060124252559662139e+00
1.031185039796598035e+00
1.089073301323516318e+00
1.030944868421332039e+00
1.058160864615956376e+00
1.058453457591583824e+00
1.055349055889509780e+00
1.061726120778898608e+00
1.034564747447994426e+00
1.051678485584687017e+00
1.037658578861732517e+00
1.025663284269547004e+00
1.041797628080154192e+00
1.013624478514465910e+00
1.038256441136224728e+00
1.076757855985801537e+00
1.014303363885873388e+00
1.033868462022140333e+00
1.026885301428497987e+00
1.061133055178269835e+00
1.048114318594907335e+00
1.004424593362996054e+00
1.053936745038188239e+00
1.021494714643664592e+00
1.055300413323138065e+00
1.054368035597781583e+00
1.033455420625779109e+00
1.078541395970317174e+00
1.042416470085153479e+00
1.037484360113029247e+00
1.018424858574242142e+00
1.087678806372051499e+00
1.040706008187241238e+00
1.013680261840154806e+00
9.784775671745844505e-01
1.042233085719054042e+00
1.047897293032790778e+00
1.048686284372079447e+00
1.014390382155564208e+00
1.053007864572869323e+00
1.044719853958048894e+00
1.043229565215675780e+00
1.053754157610855335e+00
1.035294864609852539e+00
1.065898519055422655e+00
1.058966612442688859e+00
1.021598694393091256e+00
1.043269539830858239e+00
1.047942153570913915e+00
1.070989178991456070e+00
1.067102465353578777e+00
1.069500584857302039e+00
1.075510111187256701e+00
1.027365961586647947e+00
1.022908031755342062e+00
1.035969941690420448e+00
1.082419742162633813e+00
1.019156775919832558e+00
1.080475387026572642e+00
1.040692668809716004e+00
1.024605213790984459e+00
1.028513306988569020e+00
1.051479356220085037e+00
1.049554583157502607e+00
1.048406684058984739e+00
1.026944213610198942e+00
1.001782738346922219e+00
1.073883614062498992e+00
1.049789062952127372e+00
1.057790148439200495e+00
1.025435696554732434e+00
1.046413737423005808e+00
1.042865997060384409e+00
1.029030363941163095e+00
1.056181652867966170e+00
1.035624688042453556e+00
1.076030819631861535e+00
1.035628969687102607e+00
1.039265053332247835e+00
1.068429178682444691e+00
1.075100169216865131e+00
1.024249662038606790e+00
1.013360114307364501e+00
1.065759891908300450e+00
1.018075498885176122e+00
1.022218171708930257e+00
1.049441055104542109e+00
1.029877583744473579e+00
1.008523312992190890e+00
1.032019723754191931e+00
1.025426635304688805e+00
1.026592014251447749e+00
1.108388722224250778e+00
1.090516007182858793e+00
1.054774112329395663e+00
1.026556773290727698e+00
1.029405650611891598e+00
1.057954677737637628e+00
1.032252985377092536e+00
1.018758084945025510e+00
1.033184504502698609e+00
1.048123889794018160e+00
9.993259207029711044e-01
1.002633978626792821e+00
1.047539894155057327e+00
1.076657283664726794e+00
1.047831730918004300e+00
1.020721641414550351e+00
1.044681788057943317e+00
1.024575773849579541e+00
1.035549973763315812e+00
1.055151060776249761e+00
1.006373723815067400e+00
1.056220866297385097e+00
1.077746725031613506e+00
1.033426597397957503e+00
1.059860684646689366e+00
1.007008877765759314e+00
1.059241294990787230e+00
1.106684551083796597e+00
1.016434645102923584e+00
1.030936126453746660e+00
1.061925676524398732e+00
1.066538118922870648e+00
1.049563876315276145e+00
1.071450220574340362e+00
1.042956446616738031e+00
1.081155570208561789e+00
1.034875445553618656e+00
1.060261582705782413e+00
1.062292201387918578e+00
1.054009470486944933e+00
1.066581146025351368e+00
1.041328285787181285e+00
1.045241270951098977e+00
9.898462279210548109e-01
1.052947254711578351e+00
1.005879572276592748e+00
1.034620237191795189e+00
1.047836367435617255e+00
1.091042823449162924e+00
1.062839368610144941e+00
1.038077605238897139e+00
1.032091115553942950e+00
1.011301582943079813e+00
1.079431969617443254e+00
1.065834459420326841e+00
1.046431315325280220e+00
1.047612487767431544e+00
1.013379120500739639e+00
1.064542646855976216e+00
1.037317869694758921e+00
1.018666891912791694e+00
1.095943681634631739e+00
1.069822477448147291e+00
1.090074945509790449e+00
1.022891984997065462e+00
1.061882626821921027e+00
1.063295981203344898e+00
1.035820815662825467e+00
1.053610002772253695e+00
1.046403191535997257e+00
1.057540329380816102e+00
1.083967484397399872e+00
1.077889693196986132e+00
1.078435408375459481e+00
1.028659404524778775e+00
1.032318095629316979e+00
1.067687805626648334e+00
1.052073849285042995e+00
1.011317760029852630e+00
1.061341149599965838e+00
1.073937950266689478e+00
1.018407225179106979e+00
1.070845453366727540e+00
1.041820058958830009e+00
1.037693951723655417e+00
1.055375695345306175e+00
1.060328334051258814e+00
1.084572405541048612e+00
1.071252507734458792e+00
1.022212376233784248e+00
1.114686463364906732e+00
1.021652818566313847e+00
1.021162008870329929e+00
1.051917006434286206e+00
1.039480586969596665e+00
1.066027202790357009e+00
1.044083184008927745e+00
1.063291217111119957e+00
1.044383106192434241e+00
1.049172763816957454e+00
1.030236952146003526e+00
1.042448084273775999e+00
1.024309432781093543e+00
1.039087187386876110e+00
1.048200116023744188e+00
1.022719788104577310e+00
1.071644188011789289e+00
1.050387176161319491e+00
1.032054595154857646e+00
1.040770573060166626e+00
1.044912201236948279e+00
1.018300076945582333e+00
1.064477737216191322e+00
1.050776248864927043e+00
1.035219069948500881e+00
9.969889638651167063e-01
1.045277091278605575e+00
1.024220242563503414e+00
1.048826131080075941e+00
1.056980470350338708e+00
1.080566117752181921e+00
1.041357154088989878e+00
1.055404175096745556e+00
1.017584753265421860e+00
1.007835142225765201e+00
1.015673308555387289e+00
1.059747670704181743e+00
1.037689184813198384e+00
1.074866007451764194e+00
1.035367497737771592e+00
1.030871192443047146e+00
1.046439845848041061e+00
1.034819502374976441e+00
1.054430983197807592e+00
1.092814272410245202e+00
1.059798813745595369e+00
1.031557013841867265e+00
1.045032035412744920e+00
1.026926064872104361e+00
1.022714135187956508e+00
1.074258036382326420e+00
1.050554195166590210e+00
1.054982104979323765e+00
1.022625608592315327e+00
1.091793802775633093e+00
1.081777444565082513e+00
1.054788572663468704e+00
1.025109613374821871e+00
1.038388093026612502e+00
1.022308374625735317e+00
1.036739575252249690e+00
1.055241684763178034e+00
1.008850783608965518e+00
1.036450545437362480e+00
1.029798396953834239e+00
1.074971951057433817e+00
1.050606871780453755e+00
1.026658858526879659e+00
1.043003745525519665e+00
1.050151000707930216e+00
1.069384793266326739e+00
1.034130628545613551e+00
1.089430556572447362e+00
1.078698457794786236e+00
1.086410107833786221e+00
1.017663440480579107e+00
9.959835180659413201e-01
1.068802844023305942e+00
1.025236553446776888e+00
1.026733333690428740e+00
1.063914069901646275e+00
1.042919445600233308e+00
1.019841292497139618e+00
1.023101627864269947e+00
1.039267982686819636e+00
1.071694531282421536e+00
1.008516790411740249e+00
1.025820921897796278e+00
1.070909057087018557e+00
1.041004676338902923e+00
1.040785724634361475e+00
1.098527992261981057e+00
1.007670938649106285e+00
1.078051788249940746e+00
1.052142627812124420e+00
1.031343836963564575e+00
1.041014813500624303e+00
1.035020581710802023e+00
1.021207479574355981e+00
1.031700130719914954e+00
1.052109326761911934e+00
1.062019101032973145e+00
1.046218312788099514e+00
1.018913451085316169e+00
1.068704601427933776e+00
1.068459706820677368e+00
1.064028235471168093e+00
1.028243580401691615e+00
1.090498925392563656e+00
1.015001893831430468e+00
1.052197816758041915e+00
1.050096859892764023e+00
1.038177599175709398e+00
1.036966042279358735e+00
1.036975364748756734e+00
1.077175037510042843e+00
1.057680568179359071e+00
1.029107969897508523e+00
1.014506671231839796e+00
1.050577298634392198e+00
1.036824195553326389e+00
1.028973248538876284e+00
1.041457285569713953e+00
1.073787967382800579e+00
1.035329088362785033e+00
1.037219905090569272e+00
1.035411075117344648e+00
1.033958991533380001e+00
1.039651608163219887e+00
1.073268624975306951e+00
1.071513758184700071e+00
1.047743711254679910e+00
1.012940530837663999e+00
1.045193552708891582e+00
1.027294612552030362e+00
1.090852593228653467e+00
1.062748928101552970e+00
1.021075352480905973e+00
1.018679304905177441e+00
1.058796712462890754e+00
1.046794970049780726e+00
1.047661477568941901e+00
1.044372413732001181e+00
1.063525999317927129e+00
1.081781289556862813e+00
1.061949673107456471e+00
1.009309255664031735e+00
1.075011133624506288e+00
1.012121642342637129e+00
1.039109635283949507e+00
1.058415130457395215e+00
1.093180067741845729e+00
1.035076626718089754e+00
1.029272260568176334e+00
1.059614930871781269e+00
1.029253466892076974e+00
1.035262537050392506e+00
1.071594610236713541e+00
1.044709804561662958e+00
1.022380581376941544e+00
1.071748194530350418e+00
1.026326977901099280e+00
1.049166988997482841e+00
1.059776658896758983e+00
1.042555295668608384e+00
1.073399147708135937e+00
1.018644529362970452e+00
1.050979766092482892e+00
1.080403606060278410e+00
1.004106614032376221e+00
1.041480980751368746e+00
1.026239332038811458e+00
1.020519923348096158e+00
1.047205787298536306e+00
1.026344714774751976e+00
1.022476530444682119e+00
1.019139380160868802e+00
1.006566779716991711e+00
1.059565154519265029e+00
1.064700533746067990e+00
1.047731144254317126e+00
1.074959743634032128e+00
1.079805640623823892e+00
1.021139579990888224e+00
1.051555855519514360e+00
1.053513206896520282e+00
1.063589242838456128e+00
1.068215422802317516e+00
1.046981524688029630e+00
1.043645242859564615e+00
1.014075567532142008e+00
1.033286435518733448e+00
1.009889101858252314e+00
1.028577313245274905e+00
1.070090477667409612e+00
1.062783284278458140e+00
1.065001968102041063e+00
1.050708397376274528e+00
1.037843010953812373e+00
1.045998166551759034e+00
1.068710129473553927e+00
1.024486001500209742e+00
1.039825241611868734e+00
1.063240752097208475e+00
1.046696244273111587e+00
1.069187127067408483e+00
1.040683604539859974e+00
1.054729827705040535e+00
1.049762572530641203e+00
1.032572551306609299e+00
1.024760893597322031e+00
1.047459537551585163e+00
1.018282007472779638e+00
1.050390248617025124e+00
1.048796421754360608e+00
1.051329747429535999e+00
1.080404892290581786e+00
1.062776304755035373e+00
1.022459033407053131e+00
1.039531292282615649e+00
1.038296510977127829e+00
1.061633784664202329e+00
1.049180510961257085e+00
1.018691695444932543e+00
1.045870422536613109e+00
1.025211100335789105e+00
1.043861029754857173e+00
1.041593265229389331e+00
1.060378453711197988e+00
1.052111980571043715e+00
1.035900341177109274e+00
1.030570217780793163e+00
1.048065102739325294e+00
1.058213002109696710e+00
1.065842067925630410e+00
1.058495416653130849e+00
1.018870087520069800e+00
1.070827755315838070e+00
1.030171423391939900e+00
1.031266327008590444e+00
1.024743754399080498e+00
1.029454217701999408e+00
1.033590612719226920e+00
1.061861649121037088e+00
1.047603710255507137e+00
1.033805229259927572e+00
1.096871070276964621e+00
1.065994499225852099e+00
1.057187838190067009e+00
1.015485533845526422e+00
1.001366863641665272e+00
1.061945511074199544e+00
1.054337920380067350e+00
1.060013601929916227e+00
1.025444321448537366e+00
1.069366177818615427e+00
1.086275115078969566e+00
1.081322569090541919e+00
1.019557654830859361e+00
1.017375127569487780e+00
1.045977502672630344e+00
1.024576459604614964e+00
1.028301442451736714e+00
1.044531960737360210e+00
1.050198697538450965e+00
1.039473092794429121e+00
1.089751835727776896e+00
1.039970413035677499e+00
1.097394282613360916e+00
1.014458234348674548e+00
1.038864484088434237e+00
1.072575761917808679e+00
1.072959338001427732e+00
1.077243954724128372e+00
9.955162257798143566e-01
1.069734891156092882e+00
1.081119751611696822e+00
1.045088962352409112e+00
1.033314268014523751e+00
1.086218570915469694e+00
1.027978468719680460e+00
1.055704059572838194e+00
1.048767709667726145e+00
1.041461272069218014e+00
1.037067442208538415e+00
1.078718031466184613e+00
1.024224281115578172e+00
1.034554826595449173e+00
1.033171596532760139e+00
1.035028231873736049e+00
1.052241756082820778e+00
1.047994253072810578e+00
1.055933023903598666e+00
1.072037921080345013e+00
1.052450954767025326e+00
1.065493151507361347e+00
1.031986270578846732e+00
1.044842868900998978e+00
1.066569240201065361e+00
1.058497924768614817e+00
1.033763625517605478e+00
1.080071293967990842e+00
1.070674938653471520e+00
1.037775227166157554e+00
1.013424250287914274e+00
1.039657140753941889e+00
1.039486463917242753e+00
1.039402134753994567e+00
1.029736627301585328e+00
1.081322858672720821e+00
1.039140432391664426e+00
1.019470544895319186e+00
1.027857558500101742e+00
1.008639704252542124e+00
1.068203017179426784e+00
1.045124895481966965e+00
1.029115302570467350e+00
9.990672677250725942e-01
1.076685543286653335e+00
1.054090132780155287e+00
1.056317618394240654e+00
1.058319802743010740e+00
1.054706712509751121e+00
1.059483518964228654e+00
1.050566681563463778e+00
1.073269029576837008e+00
1.051527667032423174e+00
1.075949427942187953e+00
1.042846906622439063e+00
1.055778880471077263e+00
1.042455327648995178e+00
1.039552497156436717e+00
1.020885627508289151e+00
1.066535767415005553e+00
1.044746432628656185e+00
1.085444359871077458e+00
1.060819638221836669e+00
1.035793011722429879e+00
1.076014375411798563e+00
1.029692521774016267e+00
1.068872946451412842e+00
1.044591405494367020e+00
1.047663216360923633e+00
1.035255017637813024e+00
1.092637130880701690e+00
1.049566691277523667e+00
1.038604241085588020e+00
1.064562006636964542e+00
1.048857391197905109e+00
1.050565858514540318e+00
1.014974922164642468e+00
1.083699988115294888e+00
1.063920853894933183e+00
1.061836982418581377e+00
1.044975785842049198e+00
1.039894133367618156e+00
1.020652087845967504e+00
1.030800101679272274e+00
1.030626512792696792e+00
1.035267330735521130e+00
1.063427322012016729e+00
1.076520181681826838e+00
1.041249658475518647e+00
1.019573727931053941e+00
1.034337939803659179e+00
1.032721722042267309e+00
1.052613717933186699e+00
1.018170397458574294e+00
1.036182241597431553e+00
1.085953260615266203e+00
1.098520346560870387e+00
1.047081040682646291e+00
1.027786784292844757e+00
1.036433137276189909e+00
1.070001269434334157e+00
1.044746991282251791e+00
1.047837165874045073e+00
1.021440457452893247e+00
1.037928277912149033e+00
1.046199035011934786e+00
1.067597472542504144e+00
1.011200357610691380e+00
1.034864298800209692e+00
1.015965214485107015e+00
1.070069960809591825e+00
1.083210097501411839e+00
1.063034699414640238e+00
1.060997604228209434e+00
1.027808696781343789e+00
1.040972653282387528e+00
1.059715011716184652e+00
1.034774929931309373e+00
1.074459676022412546e+00
1.034008075563507711e+00
1.061559605757172786e+00
1.057925729475625909e+00
1.049846983642235498e+00
1.048803331903630953e+00
1.006683946675537067e+00
1.047877056291965037e+00
1.018466607690309056e+00
1.052494327406158892e+00
1.062703170887752568e+00
1.022875449626517330e+00
1.037703436826661552e+00
1.046870873230774990e+00
1.048952659868171988e+00
1.082509632850856329e+00
1.075055603998418041e+00
1.062704566473859913e+00
1.052078681005943483e+00
1.038344539057516780e+00
1.070336605057377488e+00
1.051411162640078389e+00
1.071098696236741921e+00
1.011164843787302869e+00
1.042954182805984953e+00
1.028949349892767762e+00
1.087269847701515024e+00
1.069525014061647239e+00
1.014738877135270778e+00
1.057213810602397164e+00
1.060406407115354277e+00
1.059060082927904656e+00
1.062869811029150346e+00
1.034911087129601448e+00
1.041048137941420260e+00
1.026783139966659819e+00
1.078480484633388636e+00
1.025459321703055204e+00
1.025222385877761599e+00
1.040934765012436314e+00
1.052367649699840202e+00
1.037405714978524740e+00
1.014889311456266707e+00
1.028987023468183937e+00
1.071563987343751911e+00
1.032499004474722870e+00
1.041076776723075969e+00
1.068793451135402250e+00
1.070384323382829184e+00
1.067375576372206369e+00
1.030098213882607583e+00
1.046587514350076464e+00
1.049728808393004753e+00
1.031247065074155866e+00
1.065201534027119923e+00
1.041218031811902645e+00
1.037323010412839253e+00
1.046525325624706459e+00
1.031813687719830064e+00
1.059193761137152245e+00
1.007334177142437115e+00
1.044696632158724769e+00
1.062412545609271675e+00
1.027297060431437314e+00
1.062879823555040959e+00
1.021311672156579364e+00
1.032174421335306347e+00
1.063909436738171843e+00
1.031718464138547731e+00
1.064670697477101413e+00
1.054774263706144799e+00
1.062540469273347554e+00
1.045197463259987636e+00
1.023454144289979162e+00
1.056720609758588392e+00
1.023773181471973270e+00
1.067431494928164915e+00
1.060330176978768968e+00
1.021493168712649613e+00
1.024253149724332346e+00
9.888388379318593380e-01
1.010841243822679036e+00
1.050223066497585345e+00
1.056989131943429028e+00
1.076816553333923565e+00
1.060303230177783718e+00
1.042050586105090604e+00
1.017851682595218632e+00
1.057817023111559784e+00
1.061580478104378278e+00
1.036862514744411046e+00
1.050914762665048796e+00
1.048477002677070224e+00
1.071432637345534289e+00
1.013806181837201503e+00
1.042548476460318785e+00
1.063477860620518856e+00
1.031852318296420101e+00
1.072554820138311715e+00
1.033203320406605341e+00
1.062122345701520310e+00
1.033169160166415024e+00
1.036570279209906742e+00
1.059096538829636502e+00
1.039444368354203396e+00
1.048278994878937276e+00
1.050201042145395558e+00
1.077802449185326195e+00
1.017214973740879991e+00
1.013565561905701795e+00
1.049222165852226274e+00
1.041429175539480445e+00
1.067756601594505250e+00
1.007788903892372634e+00
1.046607968617601525e+00
1.005928038445835115e+00
1.034578800873063864e+00
1.061402337766181425e+00
1.050292170917970891e+00
1.050566991261719485e+00
1.055371198509500452e+00
1.061574713218590871e+00
1.034110662919618839e+00
1.022002445467136589e+00
1.004178387334167200e+00
1.068157130249043352e+00
1.049460470577273208e+00
1.071992681023685057e+00
1.029326393959708597e+00
1.075954991767759994e+00
1.054364537102696842e+00
1.015136673049850113e+00
1.061571815056985946e+00
1.023599104116476033e+00
1.068740179074814112e+00
1.074352782750745083e+00
1.032192050611210554e+00
1.022793490633649771e+00
1.030896620166339650e+00
1.053884148781325303e+00
1.049523255317694304e+00
9.960287835127847877e-01
1.071532175778048046e+00
1.055010148446163365e+00
1.022543712438012342e+00
1.052131001411847899e+00
1.077961284169082878e+00
1.026931905751520491e+00
1.052534716578612972e+00
1.041565586609448202e+00
1.099845448580790030e+00
1.049456303683572678e+00
1.069690021787758516e+00
1.012012942351481426e+00
1.016252995221115674e+00
1.029721114072603694e+00
1.061779652648243477e+00
1.069116204522763125e+00
1.031460395507110217e+00
1.051261059702949252e+00
1.069640207017066080e+00
1.050125495776845774e+00
1.044057060671079951e+00
1.070448624295615270e+00
1.073405338504460182e+00
1.060836262734155877e+00
1.038583899618780393e+00
1.029842059689801914e+00
1.040900057957118374e+00
1.086719038003563176e+00
1.047278143879474488e+00
1.043474754073559607e+00
1.047500738057388414e+00
1.029668975239923068e+00
1.034899608147183958e+00
1.063772949290822556e+00
1.024883715335946688e+00
1.079570520063458883e+00
1.060828694889124790e+00
1.030010126798008629e+00
1.043327001903042506e+00
1.035399909268501339e+00
1.043460954541252983e+00
1.022496841670562429e+00
1.057141415259052808e+00
1.037624622492765436e+00
1.033763563615077263e+00
1.008836223458936310e+00
1.050906489918751019e+00
1.056246147235013311e+00
1.039684156898242451e+00
1.009943948018970916e+00
1.016707427669558683e+00
1.033104916972916731e+00
1.054000060506180114e+00
1.042120939070812380e+00
1.026295409419130777e+00
1.038623242646066647e+00
1.038508315080340250e+00
1.029997466806042095e+00
1.070971258943269611e+00
1.022178280186630817e+00
1.048964470130914872e+00
1.039674992524069808e+00
1.048248200002511732e+00
1.056949486825511375e+00
1.035438091962994855e+00
1.056453340853748868e+00
1.052159210998642624e+00
1.046380565046030275e+00
1.028496962098021106e+00
1.019984683072176601e+00
1.031056841262536272e+00
1.048427008705440810e+00
1.048415809110248675e+00
1.058877648224733958e+00
1.072143507410560526e+00
1.046435132662751233e+00
1.043324304842881523e+00
1.050503839806252726e+00
1.052273598409141142e+00
1.056099872601330425e+00
1.042847669249128195e+00
1.020365153566109573e+00
1.051171730833669216e+00
1.008705078339631855e+00
1.003732234361637721e+00
1.018361727734052424e+00
1.056267341005021843e+00
1.092272335996675281e+00
1.065752802388248321e+00
1.061267445654717756e+00
1.016289134456893839e+00
1.062059047443551618e+00
1.015486458596613462e+00
1.033761168508986028e+00
1.055165392841164396e+00
1.052540931115132361e+00
1.059894505625738281e+00
1.044029427345839034e+00
1.025336459300321357e+00
1.028960989846255059e+00
1.064019602385239516e+00
1.006479153926464809e+00
1.057516857974278857e+00
1.007090657407363032e+00
1.023838242659258713e+00
1.080948878832785232e+00
1.060312391068225724e+00
1.069074974589619975e+00
1.054672869219919207e+00
1.059134291437724862e+00
1.042166630665201321e+00
1.075849937890429819e+00
1.045965523585971946e+00
1.036609279042403298e+00
1.046784520897019011e+00
1.092163824326133570e+00
1.056009881207064183e+00
1.036657532040753837e+00
1.006835404009801316e+00
1.088839961454605820e+00
1.075134955350604660e+00
1.065660934259464510e+00
1.036755511314784606e+00
1.049590147076724378e+00
1.051670420025612840e+00
1.059654165899311495e+00
1.019612321356184292e+00
1.044201039943329912e+00
1.034814235504820212e+00
1.066287064717788446e+00
1.061967175725009316e+00
1.037591383930749345e+00
1.040635657478193643e+00
1.034130913447058653e+00
1.031890995033935887e+00
1.078777564396119715e+00
1.044722991652099253e+00
1.060681421160867721e+00
1.044045047035712770e+00
1.040017721164534059e+00
1.051586871190079320e+00
1.043511191075022770e+00
1.035530847058449222e+00
1.053073383126262419e+00
1.033519981784603248e+00
1.020803996294213922e+00
1.049628492718010175e+00
1.024470422104222678e+00
1.033991186787038830e+00
1.008816618670202336e+00
1.074673793497300300e+00
1.029746170342513256e+00
1.036008627878505450e+00
1.067552372005817318e+00
1.020595648727544935e+00
1.065931358998424061e+00
1.036455989910286313e+00
1.043491802042711081e+00
1.038358436611649394e+00
1.036413613442316972e+00
1.064658694006382911e+00
1.058545998152937484e+00
1.054718588621035735e+00
1.064258870357048803e+00
1.078887983635761216e+00
1.081907986028378899e+00
1.040375488997372644e+00
1.044457526388720137e+00
1.054644003158508259e+00
1.033724643315813152e+00
1.084581094977335125e+00
1.026923422943840425e+00
1.047476510382806314e+00
1.071635737903113839e+00
1.022765932650724130e+00
1.105145309405867193e+00
1.075766471207586950e+00
1.027404322016448601e+00
1.031075264470507680e+00
1.037977000416811624e+00
1.062964484525253939e+00
1.030430917540996028e+00
1.044678366068157338e+00
1.021862547269689836e+00
1.020080314472582295e+00
1.027215686130120931e+00
1.031262661083098608e+00
1.034762166316913756e+00
1.058678464760679727e+00
1.050440237474413951e+00
1.081410624021102773e+00
1.068365992390725827e+00
1.028072963994024702e+00
1.053593972082412344e+00
1.068428524601528595e+00
1.086166351019428156e+00
1.062336465958148013e+00
1.051990061601171922e+00
1.057858612914976737e+00
1.005475201336726299e+00
1.037287874378881591e+00
1.044801915811048865e+00
1.063791313059177845e+00
1.052762612894715843e+00
1.084744414867302886e+00
1.049582631879500516e+00
1.078152780431629321e+00
1.078593093247760759e+00
1.035163534538068530e+00
1.037994523690152215e+00
1.030862154035221634e+00
1.039760806330059850e+00
1.060595446235765182e+00
1.039562848313858145e+00
1.007621991458183874e+00
1.052061649798331944e+00
1.040842202645023695e+00
1.039037939252645204e+00
1.054746034539844723e+00
1.011356156964043462e+00
1.020943679969135820e+00
1.021180809668104317e+00
1.024875876539654840e+00
1.062308192891745051e+00
1.048537159212420855e+00
1.045132847844101764e+00
1.051340887245503453e+00
1.043002325338300951e+00
1.045414286746422228e+00
1.072715859891013812e+00
1.016059275135180906e+00
1.054847090338588478e+00
9.427605389644422296e-01
1.107372704810030584e+00
1.039890281116756521e+00
1.040810362508762577e+00
1.035373305303538771e+00
1.032124781396013713e+00
1.038896730086111386e+00
1.014446741622959225e+00
1.030493982077303361e+00
1.022314239350899490e+00
1.056930202311187728e+00
1.055285204372182095e+00
1.100206592177396692e+00
1.035885835936090071e+00
1.079791739719366150e+00
1.011296590050431377e+00
1.044079437920689024e+00
1.034480102364862653e+00
1.026263769531628567e+00
1.063877210483229030e+00
1.066490635038298773e+00
1.074854426143491803e+00
1.045485927716311547e+00
1.026477024776030422e+00
1.082300511005091392e+00
1.064251835837021876e+00
1.028758743999417913e+00
1.011864678358594949e+00
1.060571700735646550e+00
1.056822675091259933e+00
1.046116055483361507e+00
1.010306690739826152e+00
1.091314066608510158e+00
1.060716942253406847e+00
1.010915129266155565e+00
1.044032963224974964e+00
1.042706806124260366e+00
1.067049934074594031e+00
1.055648570699677435e+00
1.042331091519852038e+00
1.087868216758841822e+00
1.038342159278883070e+00
1.028474263055268123e+00
1.035709649912527563e+00
1.028971548258894808e+00
1.061861485022417728e+00
1.067351235981217394e+00
1.053579531494517996e+00
1.048252781516324283e+00
1.051458247685310710e+00
1.046189219280172944e+00
1.070168307287610476e+00
1.003363794507249773e+00
1.035100252188907222e+00
1.029729129189856485e+00
1.056073681027488220e+00
1.030318649540339804e+00
1.051177548028773279e+00
1.073480026435344570e+00
1.042527553587057287e+00
1.023940048635627820e+00
1.055074070644890005e+00
1.039318100068344020e+00
1.072802605524635355e+00
1.057536203855538037e+00
1.033759975133203612e+00
1.061943443670187115e+00
1.055548877133906105e+00
1.070179573085248359e+00
1.045113658007952306e+00
1.017841540509683451e+00
1.029746424074817535e+00
1.067297247952281980e+00
1.087647723005874756e+00
1.018446975703384050e+00
1.042613122318249541e+00
1.033548420902371756e+00
1.035125586675752940e+00
1.036213630108328898e+00
1.056863371471410407e+00
1.045951934170852304e+00
1.027043071806485131e+00
1.056191276768619014e+00
1.024158516026379750e+00
1.065733397689722084e+00
9.951448389935085848e-01
1.052519001155398426e+00
1.023254958075685339e+00
1.048660624973514199e+00
1.047095366796613414e+00
1.051365474562222735e+00
1.025918987879900435e+00
1.056479802723256478e+00
1.065287038723385260e+00
1.053805160451551481e+00
1.054867521227468075e+00
1.056741465540383729e+00
1.091852444950150769e+00
1.019315189141869471e+00
1.018537000411639859e+00
1.019161945474591491e+00
1.125138157911441672e+00
1.049909709246553469e+00
1.054774522909126766e+00
1.072815269976272301e+00
1.051170686466157855e+00
1.055895828360335464e+00
1.086363672838257521e+00
1.038889451490204063e+00
1.020076168366989666e+00
1.022014203857013026e+00
1.036331089823909979e+00
1.015116667110955939e+00
1.005676226562516762e+00
1.072780799992335554e+00
1.026324394042544164e+00
1.032849168698768416e+00
1.063891278694726772e+00
1.034586047776168805e+00
1.049092251745106452e+00
1.035327651785084679e+00
1.052172426838332120e+00
1.047789162982955657e+00
1.025736791421942407e+00
1.037338270485412162e+00
1.077497116885774098e+00
1.072895408232094949e+00
1.114029403516034744e+00
1.054748111513195141e+00
1.064242558022687302e+00
1.052366875205130503e+00
1.044407575131360622e+00
1.037755374754823157e+00
1.032835385588817934e+00
1.051262440944230159e+00
1.002598235962782303e+00
1.077098419449357802e+00
1.032934973482212415e+00
1.045304394467240217e+00
1.055356121666830793e+00
1.074424731896043816e+00
1.046310520086355167e+00
1.055922430307080662e+00
1.063056397014202403e+00
1.099113488758643342e+00
1.049183559333886739e+00
1.052489159663784424e+00
1.055447624103660331e+00
1.036364510545130235e+00
1.045309482105795995e+00
1.055836831029578926e+00
1.050751339480602731e+00
1.015875081080438003e+00
1.036938331916079870e+00
1.065796617199725072e+00
1.050007156464441316e+00
1.024660693607363449e+00
1.031778629927453839e+00
1.045727994303781827e+00
1.056973471615429094e+00
1.042289438040283622e+00
1.045605797246780488e+00
1.064826652506806859e+00
1.022177973580221222e+00
1.057970373498967609e+00
1.007555264901490055e+00
1.026667310813229816e+00
1.054249122250195514e+00
1.062646341344128720e+00
1.075494430113527411e+00
1.056749955320209766e+00
1.029056072754433337e+00
1.080370505495235500e+00
1.068745982402442118e+00
1.039238019940596169e+00
1.062515492125698069e+00
1.053676673313498124e+00
1.063304064479418498e+00
1.028967900770448418e+00
1.025935787614083994e+00
1.068126654848996937e+00
1.056359601155807626e+00
1.044092312058803484e+00
1.020795452917054202e+00
1.049621360090017941e+00
1.033929830545297746e+00
1.068355932291879640e+00
1.026482169075773943e+00
1.046913715325619831e+00
1.048218660062203433e+00
1.068353831447616864e+00
1.050965888596932185e+00
1.046067410188065372e+00
1.054818958461390066e+00
1.066489256463494462e+00
1.020346981785782869e+00
1.054750335031963804e+00
1.088074177205519577e+00
1.051882066362865409e+00
1.039795715959368705e+00
1.040672811313485768e+00
1.074267094245215937e+00
1.043096225485470985e+00
1.050193414334558373e+00
1.028370497153171526e+00
1.054328166533544664e+00
1.070550563829111512e+00
1.048900200345334932e+00
1.033668250798715604e+00
1.054438797417523999e+00
1.002696250461491356e+00
1.075759685005376110e+00
1.062398257701713922e+00
1.049375772027909548e+00
1.035824618716946643e+00
1.066222323222817625e+00
1.060013559453736764e+00
1.032722024947656525e+00
1.051100086395000854e+00
1.074234136797936223e+00
1.075010454917417091e+00
1.059646359020111506e+00
1.081365274715614611e+00
1.061203536427428373e+00
1.045596652536865401e+00
1.083832566926474561e+00
1.026899388437291449e+00
1.038913817228167780e+00
1.048329181958173262e+00
1.058178664147436665e+00
1.012731012274796782e+00
1.042637862338408716e+00
1.053521026018328310e+00
1.045203528176344099e+00
1.057785155540858391e+00
1.059199094314545286e+00
1.029028685402392229e+00
1.051846525300171420e+00
9.974222529643189672e-01
1.045685567047211828e+00
1.087466180210857836e+00
1.062251467469065958e+00
1.082327380313329535e+00
1.054667188638922726e+00
1.032837903510815725e+00
1.076854761524634663e+00
1.053930115659590383e+00
1.003090010139878974e+00
1.032961640906554512e+00
1.007229333627443824e+00
1.071484695895587480e+00
1.048094075936103264e+00
1.052718796242571253e+00
1.027038536837292959e+00
1.009343700368160457e+00
1.043773630765476579e+00
1.041928309003020470e+00
1.048117113408433498e+00
1.051537126459924920e+00
1.049995708885473444e+00
1.000432332412428682e+00
1.060956086040324653e+00
1.057518639678255212e+00
1.021890473855289638e+00
1.053184167462538623e+00
1.067383867429949174e+00
1.062339149048489917e+00
1.048078798928434585e+00
1.011774054280963453e+00
1.041638764692226937e+00
1.039203036530164548e+00
1.025123059447909712e+00
1.054163054637503150e+00
9.834981507383127042e-01
1.063539604501720470e+00
1.047855740571081995e+00
1.031662576983634061e+00
1.074572454555050793e+00
1.026285546453636233e+00
1.070375734897170750e+00
1.044319324130217108e+00
1.050008570096523819e+00
1.062349205937670460e+00
1.010897192502561381e+00
1.011620727539095599e+00
1.052485888121061697e+00
1.049696747378252359e+00
1.056507284834239835e+00
1.036023243181230624e+00
1.042410445035634847e+00
1.073595775530509888e+00
1.061103962387352384e+00
1.056417202245417686e+00
1.090818335606933420e+00
1.058689937747171017e+00
1.039750631977407913e+00
1.082090962059575112e+00
1.052745984416475933e+00
1.044871450706841065e+00
1.030682759936792925e+00
1.034149023666831368e+00
1.046441126681460387e+00
1.014457704521760206e+00
1.029234974345802467e+00
1.051285322129285049e+00
1.032337951703385714e+00
1.075031433282846116e+00
1.030462205962637823e+00
1.025126894696132496e+00
1.054457364946415510e+00
1.048319427392192971e+00
1.045190825542819724e+00
1.036285406813708176e+00
1.031878768712880090e+00
1.046833848079324447e+00
1.047036099577963508e+00
1.040101250752345496e+00
1.031478848459333131e+00
1.065121415667759086e+00
1.064401135213895122e+00
1.031933797945751463e+00
1.037558609947962118e+00
1.070331810467341382e+00
1.070153904236218478e+00
1.039989679963152058e+00
1.063908325664780552e+00
1.049322765852750416e+00
1.060209646087945323e+00
1.085977894735787874e+00
1.035897627319870340e+00
1.024399206541419804e+00
1.029698109339529211e+00
1.073438545687872336e+00
1.091114668981794544e+00
1.031867401669458228e+00
1.035619439350204063e+00
1.041208663726413963e+00
1.051380774981100386e+00
1.033634033281042086e+00
1.036266462317019688e+00
1.034974596665446001e+00
1.077189614541385954e+00
1.063511015227273981e+00
1.020546184192359096e+00
1.011878970776880049e+00
1.032598404811085890e+00
1.053128915006377619e+00
1.018912716347604830e+00
1.059092949835072961e+00
1.071926053270592982e+00
1.056269145663840225e+00
1.051674679178855376e+00
1.078681496585703226e+00
1.106461898816779144e+00
1.045344879947327055e+00
1.033035215893381986e+00
1.022049244602764029e+00
1.028481534728130864e+00
1.045671299122656661e+00
1.048453905254238094e+00
1.091125996842620127e+00
1.052982179540185026e+00
1.078082824687543795e+00
1.004870576580656039e+00
1.074997494532615727e+00
1.061123057629607347e+00
1.065599506884367553e+00
1.036011920057620550e+00
1.066578589219522311e+00
1.059190599696402835e+00
1.114444684239914274e+00
1.040633783204225171e+00
1.031883389273315466e+00
1.036211363082238490e+00
1.067635908106047360e+00
1.092337330771866899e+00
1.043206375304349232e+00
1.030047359604761681e+00
1.065043317440566906e+00
1.061029655760146628e+00
1.069644889515049657e+00
1.032722537758109738e+00
1.066582659857434168e+00
1.049122078856381313e+00
1.069904791331120375e+00
1.075291836852644067e+00
1.078186604792368719e+00
1.046602423952289307e+00
1.035133891858859290e+00
1.050900546200941754e+00
1.024233923095114740e+00
1.054184907775180147e+00
1.036380845082905067e+00
1.072047807942331010e+00
1.048502168173512272e+00
1.059243355366945805e+00
1.051466075998676253e+00
1.082075043091844879e+00
1.077242365166207971e+00
1.057001042672994329e+00
1.033479387019543783e+00
1.063543557088105551e+00
1.041456744490362629e+00
1.045931135001028522e+00
1.024649630392494570e+00
1.002074225207501001e+00
1.048391381198887418e+00
1.025347438032419012e+00
1.072325631729302842e+00
1.060899643345182053e+00
1.047180832195880651e+00
1.038384204688535206e+00
1.043887281563779190e+00
1.032131499085658488e+00
1.073834611338394085e+00
1.020861367612737380e+00
1.058135739897888783e+00
1.049320313836130891e+00
1.031816145692983966e+00
1.048342591373631061e+00
1.048142648514819752e+00
1.046560054170089238e+00
1.056025731369948817e+00
1.081209994855447221e+00
1.055545574752210669e+00
1.069443793191197534e+00
1.058635952650291756e+00
1.057040149966320008e+00
1.070372258315837266e+00
1.054531430181897989e+00
1.033794341217932455e+00
1.062600729086550011e+00
1.069095271786060675e+00
1.057717041258864343e+00
1.036291362412994133e+00
1.031361277369112983e+00
1.019147789085472100e+00
1.087302829839494889e+00
1.091818684064929545e+00
1.061061610662269450e+00
1.090840164545609614e+00
1.046338531234343172e+00
1.050986153731933159e+00
1.054920144770677748e+00
1.054708591804238038e+00
1.033541252773716224e+00
1.036114969873022762e+00
1.012528769539524198e+00
1.035765870695577906e+00
1.044341164203201666e+00
1.054911070469042089e+00
1.041567388089716051e+00
1.040992435697080554e+00
1.049158108842858317e+00
1.062494744273813074e+00
1.071271109655744569e+00
1.088738697291991908e+00
1.025722712598184039e+00
1.080799816292779436e+00
1.047529604982613938e+00
1.025860200211833773e+00
1.056435504265947456e+00
1.051498037660606233e+00
1.064820034327883524e+00
1.042912962156016476e+00
1.055953300607103129e+00
1.054035059424334619e+00
1.084089954280035295e+00
1.030878411973527253e+00
1.054832690485165703e+00
1.052481199756365449e+00
1.050029303687711524e+00
1.050930227462169908e+00
1.066909190719969924e+00
1.000543199615234080e+00
1.059092429285211967e+00
1.008298710616600813e+00
1.027928451905595342e+00
1.027657597601439043e+00
1.065152952966884614e+00
1.021087187694095899e+00
1.036131769499835320e+00
1.043825529984037770e+00
1.053206161967832122e+00
1.031442162618827263e+00
1.005119928059141188e+00
1.018834763175338498e+00
1.006372517515078391e+00
1.037256352305820473e+00
1.070316317040114873e+00
1.034660172520375232e+00
1.040821722125411020e+00
1.039941430101263276e+00
1.030847722603172700e+00
1.051629223187565909e+00
1.051814660748177976e+00
1.024916955952750230e+00
1.079352858132143433e+00
1.021874984657434871e+00
1.048453411286540238e+00
1.062331629760087992e+00
1.042671171459589985e+00
1.037810920012971039e+00
9.999324073801646451e-01
1.050058548412586168e+00
1.053667951287843296e+00
1.042225351801194133e+00
1.060248578393169439e+00
1.049569905146620297e+00
1.080193518902825778e+00
1.078477782220867986e+00
1.046342294721573474e+00
1.068967370140047279e+00
1.038395853351932407e+00
1.053393985016621848e+00
1.035637037187193910e+00
1.025734925474054426e+00
1.056669553397731276e+00
1.087954645314246793e+00
1.066304295067951768e+00
1.023414490502691176e+00
1.032798316605984645e+00
1.007756120659832888e+00
1.037395916663154782e+00
1.057490760758112325e+00
1.061608740100748793e+00
1.081706546221405718e+00
1.029084485694262252e+00
1.030987735349141010e+00
1.045614970660607268e+00
1.062578083412985652e+00
1.037558971773091310e+00
1.043386032384548745e+00
1.058435667886227449e+00
1.021832074032311688e+00
1.072201308931137298e+00
1.047792050895949734e+00
1.085142147166813675e+00
1.074913470505941326e+00
1.041237783773064862e+00
