# Variable: deviance
# Sample shape: (2700,)
# Date: 2019-04-12 17:15:40.354948
-5.463857421875000000e+03
-5.457422363281250000e+03
-5.459255859375000000e+03
-5.458367187500000000e+03
-5.464499023437500000e+03
-5.463937500000000000e+03
-5.464636230468750000e+03
-5.462010253906250000e+03
-5.462290039062500000e+03
-5.463512695312500000e+03
-5.457571289062500000e+03
-5.462462890625000000e+03
-5.462351074218750000e+03
-5.460808593750000000e+03
-5.462635742187500000e+03
-5.462237792968750000e+03
-5.460273437500000000e+03
-5.463248046875000000e+03
-5.463066406250000000e+03
-5.462895507812500000e+03
-5.461430175781250000e+03
-5.452798339843750000e+03
-5.462756835937500000e+03
-5.452561035156250000e+03
-5.464540039062500000e+03
-5.461143554687500000e+03
-5.460724609375000000e+03
-5.456745117187500000e+03
-5.464087890625000000e+03
-5.462734375000000000e+03
-5.460002929687500000e+03
-5.459199218750000000e+03
-5.462912109375000000e+03
-5.460549804687500000e+03
-5.463003906250000000e+03
-5.461293945312500000e+03
-5.461541015625000000e+03
-5.460200195312500000e+03
-5.458656250000000000e+03
-5.460719726562500000e+03
-5.463477539062500000e+03
-5.462727539062500000e+03
-5.462328125000000000e+03
-5.456714355468750000e+03
-5.462978515625000000e+03
-5.458702148437500000e+03
-5.462623046875000000e+03
-5.464586425781250000e+03
-5.458960937500000000e+03
-5.461750976562500000e+03
-5.459673828125000000e+03
-5.455067871093750000e+03
-5.459695312500000000e+03
-5.463506347656250000e+03
-5.460219726562500000e+03
-5.459264648437500000e+03
-5.463057128906250000e+03
-5.462068847656250000e+03
-5.461040527343750000e+03
-5.462724121093750000e+03
-5.460578125000000000e+03
-5.460899414062500000e+03
-5.461573242187500000e+03
-5.460593261718750000e+03
-5.462494140625000000e+03
-5.462186523437500000e+03
-5.464089355468750000e+03
-5.459863281250000000e+03
-5.461836425781250000e+03
-5.463917480468750000e+03
-5.459940429687500000e+03
-5.460471679687500000e+03
-5.461406250000000000e+03
-5.454614746093750000e+03
-5.462810546875000000e+03
-5.460678710937500000e+03
-5.453308593750000000e+03
-5.458278320312500000e+03
-5.462613769531250000e+03
-5.458523437500000000e+03
-5.452638183593750000e+03
-5.460653320312500000e+03
-5.464105468750000000e+03
-5.461623535156250000e+03
-5.463284179687500000e+03
-5.457894042968750000e+03
-5.456729003906250000e+03
-5.464300292968750000e+03
-5.464341308593750000e+03
-5.455255859375000000e+03
-5.463919921875000000e+03
-5.463043945312500000e+03
-5.463059570312500000e+03
-5.461074707031250000e+03
-5.460239257812500000e+03
-5.460655273437500000e+03
-5.462980468750000000e+03
-5.463343750000000000e+03
-5.461814941406250000e+03
-5.462520507812500000e+03
-5.460311035156250000e+03
-5.462459960937500000e+03
-5.460031250000000000e+03
-5.457240234375000000e+03
-5.462112792968750000e+03
-5.464230468750000000e+03
-5.462170898437500000e+03
-5.459559570312500000e+03
-5.463971679687500000e+03
-5.457577148437500000e+03
-5.458866210937500000e+03
-5.461795898437500000e+03
-5.463995117187500000e+03
-5.463424804687500000e+03
-5.463130371093750000e+03
-5.461753906250000000e+03
-5.462942382812500000e+03
-5.461839843750000000e+03
-5.457486816406250000e+03
-5.461312500000000000e+03
-5.456532226562500000e+03
-5.460872070312500000e+03
-5.458896484375000000e+03
-5.456508789062500000e+03
-5.460460937500000000e+03
-5.460054687500000000e+03
-5.454831054687500000e+03
-5.462674804687500000e+03
-5.462071289062500000e+03
-5.458669921875000000e+03
-5.452875976562500000e+03
-5.459634765625000000e+03
-5.463890625000000000e+03
-5.457250488281250000e+03
-5.461188476562500000e+03
-5.462890136718750000e+03
-5.461728515625000000e+03
-5.461994140625000000e+03
-5.463250976562500000e+03
-5.463301757812500000e+03
-5.461029296875000000e+03
-5.458332519531250000e+03
-5.459238281250000000e+03
-5.460849609375000000e+03
-5.462083007812500000e+03
-5.463635253906250000e+03
-5.462444824218750000e+03
-5.463920898437500000e+03
-5.464183593750000000e+03
-5.462404296875000000e+03
-5.462565429687500000e+03
-5.460423828125000000e+03
-5.464205078125000000e+03
-5.463787597656250000e+03
-5.462572265625000000e+03
-5.456477050781250000e+03
-5.461991210937500000e+03
-5.464035156250000000e+03
-5.461415039062500000e+03
-5.462318359375000000e+03
-5.462207031250000000e+03
-5.461310546875000000e+03
-5.460851562500000000e+03
-5.463289062500000000e+03
-5.464127441406250000e+03
-5.459773437500000000e+03
-5.459316406250000000e+03
-5.462386718750000000e+03
-5.462162597656250000e+03
-5.464483886718750000e+03
-5.463770507812500000e+03
-5.457697265625000000e+03
-5.460752929687500000e+03
-5.461550781250000000e+03
-5.463490722656250000e+03
-5.457891601562500000e+03
-5.455719238281250000e+03
-5.462768554687500000e+03
-5.462800292968750000e+03
-5.462366210937500000e+03
-5.462396972656250000e+03
-5.461915527343750000e+03
-5.461324218750000000e+03
-5.460199218750000000e+03
-5.456195312500000000e+03
-5.462489257812500000e+03
-5.460941894531250000e+03
-5.460976562500000000e+03
-5.458998046875000000e+03
-5.459708007812500000e+03
-5.459632324218750000e+03
-5.463293945312500000e+03
-5.462787109375000000e+03
-5.463915039062500000e+03
-5.460889648437500000e+03
-5.460554199218750000e+03
-5.464088378906250000e+03
-5.464104492187500000e+03
-5.462960937500000000e+03
-5.455674804687500000e+03
-5.461429687500000000e+03
-5.462907226562500000e+03
-5.459994628906250000e+03
-5.460179687500000000e+03
-5.460863281250000000e+03
-5.463820312500000000e+03
-5.458178222656250000e+03
-5.459332031250000000e+03
-5.464135253906250000e+03
-5.462684570312500000e+03
-5.460912109375000000e+03
-5.464316406250000000e+03
-5.460593750000000000e+03
-5.458934570312500000e+03
-5.464327148437500000e+03
-5.463567871093750000e+03
-5.464309082031250000e+03
-5.463374023437500000e+03
-5.463332031250000000e+03
-5.462604492187500000e+03
-5.463665039062500000e+03
-5.462130859375000000e+03
-5.462731445312500000e+03
-5.463150390625000000e+03
-5.460536621093750000e+03
-5.462883300781250000e+03
-5.463007812500000000e+03
-5.460324218750000000e+03
-5.461997070312500000e+03
-5.463886230468750000e+03
-5.463290527343750000e+03
-5.462018554687500000e+03
-5.463922363281250000e+03
-5.461583007812500000e+03
-5.463423828125000000e+03
-5.463547363281250000e+03
-5.462767578125000000e+03
-5.464224609375000000e+03
-5.464105468750000000e+03
-5.458865234375000000e+03
-5.458546875000000000e+03
-5.463008300781250000e+03
-5.460452636718750000e+03
-5.463440429687500000e+03
-5.464219726562500000e+03
-5.458680664062500000e+03
-5.463777832031250000e+03
-5.462707031250000000e+03
-5.464343750000000000e+03
-5.462107421875000000e+03
-5.460294433593750000e+03
-5.459600585937500000e+03
-5.459993164062500000e+03
-5.463351562500000000e+03
-5.463838867187500000e+03
-5.463669921875000000e+03
-5.462888671875000000e+03
-5.461728027343750000e+03
-5.460330078125000000e+03
-5.462355468750000000e+03
-5.457317382812500000e+03
-5.459152832031250000e+03
-5.462987304687500000e+03
-5.463804687500000000e+03
-5.462539062500000000e+03
-5.464130859375000000e+03
-5.458325195312500000e+03
-5.463254394531250000e+03
-5.462384765625000000e+03
-5.464154785156250000e+03
-5.464143554687500000e+03
-5.462107910156250000e+03
-5.459112304687500000e+03
-5.462623046875000000e+03
-5.460601562500000000e+03
-5.460515136718750000e+03
-5.460549804687500000e+03
-5.453708984375000000e+03
-5.459155273437500000e+03
-5.462153808593750000e+03
-5.462979492187500000e+03
-5.462873046875000000e+03
-5.462530273437500000e+03
-5.464273437500000000e+03
-5.463141601562500000e+03
-5.459762695312500000e+03
-5.463925292968750000e+03
-5.463605468750000000e+03
-5.457805175781250000e+03
-5.459709960937500000e+03
-5.464442382812500000e+03
-5.458930664062500000e+03
-5.463335937500000000e+03
-5.462786621093750000e+03
-5.460208007812500000e+03
-5.461753417968750000e+03
-5.463499023437500000e+03
-5.463559570312500000e+03
-5.460985351562500000e+03
-5.458894042968750000e+03
-5.459037109375000000e+03
-5.463020019531250000e+03
-5.462025878906250000e+03
-5.462553710937500000e+03
-5.463057128906250000e+03
-5.460137695312500000e+03
-5.460382812500000000e+03
-5.463617187500000000e+03
-5.460608398437500000e+03
-5.462179687500000000e+03
-5.462356445312500000e+03
-5.461688476562500000e+03
-5.462948242187500000e+03
-5.463291503906250000e+03
-5.461439453125000000e+03
-5.461586425781250000e+03
-5.461969238281250000e+03
-5.458396484375000000e+03
-5.463134765625000000e+03
-5.460770019531250000e+03
-5.463078125000000000e+03
-5.462176757812500000e+03
-5.463565429687500000e+03
-5.462157226562500000e+03
-5.461592285156250000e+03
-5.463166015625000000e+03
-5.463340820312500000e+03
-5.462802734375000000e+03
-5.462473144531250000e+03
-5.459650390625000000e+03
-5.461030273437500000e+03
-5.462375000000000000e+03
-5.455605468750000000e+03
-5.463246093750000000e+03
-5.461531250000000000e+03
-5.463545410156250000e+03
-5.458547363281250000e+03
-5.458541992187500000e+03
-5.459098144531250000e+03
-5.463083496093750000e+03
-5.461923339843750000e+03
-5.462311035156250000e+03
-5.462395019531250000e+03
-5.459964355468750000e+03
-5.464469238281250000e+03
-5.462423828125000000e+03
-5.462588867187500000e+03
-5.463138183593750000e+03
-5.462410156250000000e+03
-5.459458984375000000e+03
-5.464433593750000000e+03
-5.462148437500000000e+03
-5.462182617187500000e+03
-5.462933593750000000e+03
-5.463062500000000000e+03
-5.459485351562500000e+03
-5.457574218750000000e+03
-5.458178710937500000e+03
-5.463449218750000000e+03
-5.464008789062500000e+03
-5.463756835937500000e+03
-5.463100585937500000e+03
-5.459034179687500000e+03
-5.462395996093750000e+03
-5.462529296875000000e+03
-5.462490722656250000e+03
-5.459208007812500000e+03
-5.463172851562500000e+03
-5.463726074218750000e+03
-5.462937500000000000e+03
-5.456441406250000000e+03
-5.460921386718750000e+03
-5.459957031250000000e+03
-5.463581542968750000e+03
-5.452401367187500000e+03
-5.462625976562500000e+03
-5.460586914062500000e+03
-5.456975585937500000e+03
-5.461120117187500000e+03
-5.462634277343750000e+03
-5.459995605468750000e+03
-5.464047851562500000e+03
-5.460567871093750000e+03
-5.462766113281250000e+03
-5.463193359375000000e+03
-5.464323730468750000e+03
-5.461307617187500000e+03
-5.458929687500000000e+03
-5.459124511718750000e+03
-5.463536132812500000e+03
-5.462492675781250000e+03
-5.459239257812500000e+03
-5.463982910156250000e+03
-5.460565429687500000e+03
-5.462577636718750000e+03
-5.463229492187500000e+03
-5.460386718750000000e+03
-5.460745117187500000e+03
-5.462779296875000000e+03
-5.461791992187500000e+03
-5.460131347656250000e+03
-5.462648437500000000e+03
-5.459540039062500000e+03
-5.464239257812500000e+03
-5.464296875000000000e+03
-5.463466796875000000e+03
-5.461413085937500000e+03
-5.463084960937500000e+03
-5.460436523437500000e+03
-5.463119628906250000e+03
-5.462586914062500000e+03
-5.462660156250000000e+03
-5.462969238281250000e+03
-5.462925781250000000e+03
-5.458000976562500000e+03
-5.463283203125000000e+03
-5.458241210937500000e+03
-5.457070312500000000e+03
-5.463705566406250000e+03
-5.463168945312500000e+03
-5.461766601562500000e+03
-5.464104492187500000e+03
-5.464540039062500000e+03
-5.462450195312500000e+03
-5.462612792968750000e+03
-5.458604003906250000e+03
-5.461384765625000000e+03
-5.461107421875000000e+03
-5.464014648437500000e+03
-5.460825195312500000e+03
-5.464569335937500000e+03
-5.459497070312500000e+03
-5.456272460937500000e+03
-5.463045898437500000e+03
-5.462335937500000000e+03
-5.463972656250000000e+03
-5.461785644531250000e+03
-5.460436523437500000e+03
-5.464226562500000000e+03
-5.461375000000000000e+03
-5.461864257812500000e+03
-5.463169921875000000e+03
-5.464305664062500000e+03
-5.462638671875000000e+03
-5.462926269531250000e+03
-5.464038574218750000e+03
-5.462473632812500000e+03
-5.464381835937500000e+03
-5.458097656250000000e+03
-5.463421875000000000e+03
-5.462228515625000000e+03
-5.459085937500000000e+03
-5.462498535156250000e+03
-5.455830078125000000e+03
-5.459042480468750000e+03
-5.461643554687500000e+03
-5.462456542968750000e+03
-5.462192382812500000e+03
-5.464448242187500000e+03
-5.462193359375000000e+03
-5.463247070312500000e+03
-5.462029785156250000e+03
-5.457444335937500000e+03
-5.461479492187500000e+03
-5.459237792968750000e+03
-5.461792968750000000e+03
-5.461776367187500000e+03
-5.458238769531250000e+03
-5.463066894531250000e+03
-5.461961914062500000e+03
-5.461071289062500000e+03
-5.455961425781250000e+03
-5.461529296875000000e+03
-5.459299316406250000e+03
-5.458438476562500000e+03
-5.462011718750000000e+03
-5.462815917968750000e+03
-5.462165039062500000e+03
-5.463777343750000000e+03
-5.461212890625000000e+03
-5.461164550781250000e+03
-5.462359863281250000e+03
-5.463757812500000000e+03
-5.463622070312500000e+03
-5.459512695312500000e+03
-5.463648437500000000e+03
-5.462968750000000000e+03
-5.459059570312500000e+03
-5.462166503906250000e+03
-5.464555664062500000e+03
-5.463390136718750000e+03
-5.461336914062500000e+03
-5.460455078125000000e+03
-5.463692382812500000e+03
-5.460618164062500000e+03
-5.464221679687500000e+03
-5.463450195312500000e+03
-5.459075195312500000e+03
-5.461235839843750000e+03
-5.459462890625000000e+03
-5.463773437500000000e+03
-5.463165039062500000e+03
-5.462934570312500000e+03
-5.462295898437500000e+03
-5.461437988281250000e+03
-5.461022949218750000e+03
-5.459658203125000000e+03
-5.463801269531250000e+03
-5.460096679687500000e+03
-5.460901367187500000e+03
-5.463750000000000000e+03
-5.461193847656250000e+03
-5.450723632812500000e+03
-5.461085449218750000e+03
-5.459455078125000000e+03
-5.459918945312500000e+03
-5.463296386718750000e+03
-5.456244140625000000e+03
-5.448489257812500000e+03
-5.462465332031250000e+03
-5.463395507812500000e+03
-5.461226074218750000e+03
-5.462660156250000000e+03
-5.463075195312500000e+03
-5.462341796875000000e+03
-5.463312988281250000e+03
-5.459466308593750000e+03
-5.461612304687500000e+03
-5.463275390625000000e+03
-5.464008789062500000e+03
-5.462415527343750000e+03
-5.460751953125000000e+03
-5.462215820312500000e+03
-5.458185058593750000e+03
-5.463872558593750000e+03
-5.459133300781250000e+03
-5.461172363281250000e+03
-5.463842773437500000e+03
-5.464264648437500000e+03
-5.463457519531250000e+03
-5.457846679687500000e+03
-5.464121582031250000e+03
-5.458025390625000000e+03
-5.460691894531250000e+03
-5.463175781250000000e+03
-5.457656250000000000e+03
-5.461070312500000000e+03
-5.463556640625000000e+03
-5.461620117187500000e+03
-5.464450195312500000e+03
-5.460728515625000000e+03
-5.462531738281250000e+03
-5.462640625000000000e+03
-5.461557617187500000e+03
-5.464180664062500000e+03
-5.461594726562500000e+03
-5.460856445312500000e+03
-5.464005859375000000e+03
-5.459462890625000000e+03
-5.454647460937500000e+03
-5.463956054687500000e+03
-5.463204101562500000e+03
-5.462701660156250000e+03
-5.462619140625000000e+03
-5.463122558593750000e+03
-5.463611328125000000e+03
-5.463110351562500000e+03
-5.460727539062500000e+03
-5.454067382812500000e+03
-5.463663085937500000e+03
-5.459355957031250000e+03
-5.463041503906250000e+03
-5.461647460937500000e+03
-5.452766601562500000e+03
-5.463367187500000000e+03
-5.463511718750000000e+03
-5.460531250000000000e+03
-5.463043945312500000e+03
-5.464283203125000000e+03
-5.461697265625000000e+03
-5.462457519531250000e+03
-5.462237304687500000e+03
-5.462767578125000000e+03
-5.463844726562500000e+03
-5.461201171875000000e+03
-5.460648437500000000e+03
-5.459624023437500000e+03
-5.464344726562500000e+03
-5.460438476562500000e+03
-5.457814453125000000e+03
-5.461437500000000000e+03
-5.460764648437500000e+03
-5.462982910156250000e+03
-5.461734375000000000e+03
-5.461810546875000000e+03
-5.462580566406250000e+03
-5.454947265625000000e+03
-5.463770507812500000e+03
-5.460750976562500000e+03
-5.458044433593750000e+03
-5.459899414062500000e+03
-5.460597656250000000e+03
-5.460333007812500000e+03
-5.462998046875000000e+03
-5.462859375000000000e+03
-5.461200195312500000e+03
-5.464173828125000000e+03
-5.463931152343750000e+03
-5.458591308593750000e+03
-5.461780273437500000e+03
-5.458878906250000000e+03
-5.463463867187500000e+03
-5.457860839843750000e+03
-5.460576660156250000e+03
-5.458706542968750000e+03
-5.463110839843750000e+03
-5.458731445312500000e+03
-5.463565429687500000e+03
-5.459251464843750000e+03
-5.461066406250000000e+03
-5.456920898437500000e+03
-5.464463867187500000e+03
-5.461576171875000000e+03
-5.463803222656250000e+03
-5.464054687500000000e+03
-5.459663085937500000e+03
-5.463893554687500000e+03
-5.463209472656250000e+03
-5.464333984375000000e+03
-5.459667968750000000e+03
-5.464414062500000000e+03
-5.456425292968750000e+03
-5.463492187500000000e+03
-5.463294433593750000e+03
-5.461697265625000000e+03
-5.462845703125000000e+03
-5.463202636718750000e+03
-5.461026367187500000e+03
-5.464219726562500000e+03
-5.463420898437500000e+03
-5.462608398437500000e+03
-5.460851074218750000e+03
-5.463117675781250000e+03
-5.462587890625000000e+03
-5.462343750000000000e+03
-5.463900390625000000e+03
-5.464003417968750000e+03
-5.461047363281250000e+03
-5.462433105468750000e+03
-5.462622070312500000e+03
-5.458692382812500000e+03
-5.460216308593750000e+03
-5.463054687500000000e+03
-5.463340820312500000e+03
-5.459148437500000000e+03
-5.462975585937500000e+03
-5.460515625000000000e+03
-5.456981445312500000e+03
-5.461842285156250000e+03
-5.463007812500000000e+03
-5.459930175781250000e+03
-5.459649414062500000e+03
-5.464079101562500000e+03
-5.463308105468750000e+03
-5.463221679687500000e+03
-5.464362304687500000e+03
-5.462180664062500000e+03
-5.464583007812500000e+03
-5.458369140625000000e+03
-5.462476562500000000e+03
-5.463421386718750000e+03
-5.462197265625000000e+03
-5.464073730468750000e+03
-5.461629882812500000e+03
-5.453639648437500000e+03
-5.458684570312500000e+03
-5.460298828125000000e+03
-5.462520507812500000e+03
-5.461583984375000000e+03
-5.457883300781250000e+03
-5.462084960937500000e+03
-5.460582031250000000e+03
-5.462280273437500000e+03
-5.460979980468750000e+03
-5.464347656250000000e+03
-5.463412109375000000e+03
-5.462323730468750000e+03
-5.462392578125000000e+03
-5.458546386718750000e+03
-5.463666992187500000e+03
-5.463708496093750000e+03
-5.458198242187500000e+03
-5.460365234375000000e+03
-5.462543945312500000e+03
-5.458244140625000000e+03
-5.462309570312500000e+03
-5.464081054687500000e+03
-5.463282226562500000e+03
-5.462292480468750000e+03
-5.463044921875000000e+03
-5.461031250000000000e+03
-5.464303710937500000e+03
-5.459339843750000000e+03
-5.464154785156250000e+03
-5.458900390625000000e+03
-5.462994140625000000e+03
-5.461410644531250000e+03
-5.463743164062500000e+03
-5.464587402343750000e+03
-5.461750000000000000e+03
-5.463571289062500000e+03
-5.464321289062500000e+03
-5.463654296875000000e+03
-5.461848632812500000e+03
-5.463616699218750000e+03
-5.461937011718750000e+03
-5.461958984375000000e+03
-5.460657226562500000e+03
-5.463367187500000000e+03
-5.463658203125000000e+03
-5.461568359375000000e+03
-5.459454589843750000e+03
-5.463907714843750000e+03
-5.455436523437500000e+03
-5.462660644531250000e+03
-5.459746582031250000e+03
-5.461910156250000000e+03
-5.462182617187500000e+03
-5.457855957031250000e+03
-5.462354003906250000e+03
-5.462954101562500000e+03
-5.464228515625000000e+03
-5.456936523437500000e+03
-5.464029785156250000e+03
-5.461055175781250000e+03
-5.460793945312500000e+03
-5.464132812500000000e+03
-5.462171875000000000e+03
-5.464056640625000000e+03
-5.464114257812500000e+03
-5.460693359375000000e+03
-5.463365722656250000e+03
-5.463283203125000000e+03
-5.463676757812500000e+03
-5.463843750000000000e+03
-5.462777343750000000e+03
-5.463723632812500000e+03
-5.460051269531250000e+03
-5.460729980468750000e+03
-5.463014648437500000e+03
-5.460103515625000000e+03
-5.463465820312500000e+03
-5.463517578125000000e+03
-5.463916992187500000e+03
-5.464397460937500000e+03
-5.460671875000000000e+03
-5.463926269531250000e+03
-5.464540039062500000e+03
-5.460904296875000000e+03
-5.462152343750000000e+03
-5.460685546875000000e+03
-5.462684082031250000e+03
-5.461748046875000000e+03
-5.460483398437500000e+03
-5.461466796875000000e+03
-5.461280761718750000e+03
-5.459778320312500000e+03
-5.457515625000000000e+03
-5.457461914062500000e+03
-5.462416992187500000e+03
-5.460016601562500000e+03
-5.463223632812500000e+03
-5.462632324218750000e+03
-5.462810058593750000e+03
-5.460617675781250000e+03
-5.464562988281250000e+03
-5.462744140625000000e+03
-5.463416015625000000e+03
-5.464285156250000000e+03
-5.463396484375000000e+03
-5.460316406250000000e+03
-5.463198242187500000e+03
-5.453772949218750000e+03
-5.463423339843750000e+03
-5.460743164062500000e+03
-5.461579101562500000e+03
-5.462486328125000000e+03
-5.463136718750000000e+03
-5.461777343750000000e+03
-5.464388183593750000e+03
-5.457834472656250000e+03
-5.463491210937500000e+03
-5.464217773437500000e+03
-5.459529296875000000e+03
-5.462339355468750000e+03
-5.463757812500000000e+03
-5.463677246093750000e+03
-5.463958007812500000e+03
-5.463526367187500000e+03
-5.463490234375000000e+03
-5.463907226562500000e+03
-5.462871093750000000e+03
-5.464595214843750000e+03
-5.460580078125000000e+03
-5.464052246093750000e+03
-5.463668457031250000e+03
-5.462377929687500000e+03
-5.463464843750000000e+03
-5.463594726562500000e+03
-5.461410156250000000e+03
-5.462275390625000000e+03
-5.463049804687500000e+03
-5.463701660156250000e+03
-5.458735351562500000e+03
-5.460340820312500000e+03
-5.462213378906250000e+03
-5.457824218750000000e+03
-5.464194335937500000e+03
-5.463599609375000000e+03
-5.462742187500000000e+03
-5.462281738281250000e+03
-5.454907714843750000e+03
-5.459755371093750000e+03
-5.461625000000000000e+03
-5.462015625000000000e+03
-5.462884277343750000e+03
-5.459710449218750000e+03
-5.462985351562500000e+03
-5.463176269531250000e+03
-5.461205078125000000e+03
-5.456274414062500000e+03
-5.459236816406250000e+03
-5.464336425781250000e+03
-5.463714843750000000e+03
-5.462792968750000000e+03
-5.463244628906250000e+03
-5.462271484375000000e+03
-5.462095214843750000e+03
-5.463441406250000000e+03
-5.460895507812500000e+03
-5.462190429687500000e+03
-5.461368652343750000e+03
-5.464604492187500000e+03
-5.463215332031250000e+03
-5.460231445312500000e+03
-5.462193847656250000e+03
-5.458816894531250000e+03
-5.459030273437500000e+03
-5.461540039062500000e+03
-5.461975585937500000e+03
-5.464289062500000000e+03
-5.463815917968750000e+03
-5.463521484375000000e+03
-5.463083984375000000e+03
-5.463342773437500000e+03
-5.461432128906250000e+03
-5.459702148437500000e+03
-5.463605468750000000e+03
-5.456332031250000000e+03
-5.458391601562500000e+03
-5.463507812500000000e+03
-5.464512207031250000e+03
-5.461163085937500000e+03
-5.463146484375000000e+03
-5.462929687500000000e+03
-5.463136230468750000e+03
-5.458574218750000000e+03
-5.462251464843750000e+03
-5.463625000000000000e+03
-5.462500976562500000e+03
-5.462815429687500000e+03
-5.463632812500000000e+03
-5.463964843750000000e+03
-5.462222656250000000e+03
-5.459867187500000000e+03
-5.464419433593750000e+03
-5.463532226562500000e+03
-5.464583984375000000e+03
-5.463200195312500000e+03
-5.462525878906250000e+03
-5.462897949218750000e+03
-5.458950195312500000e+03
-5.463424316406250000e+03
-5.460564941406250000e+03
-5.462057617187500000e+03
-5.464058105468750000e+03
-5.463959960937500000e+03
-5.461335937500000000e+03
-5.459517578125000000e+03
-5.459250000000000000e+03
-5.462957031250000000e+03
-5.464224609375000000e+03
-5.462056640625000000e+03
-5.456778808593750000e+03
-5.459904785156250000e+03
-5.463336425781250000e+03
-5.460862792968750000e+03
-5.463435546875000000e+03
-5.463993164062500000e+03
-5.464015625000000000e+03
-5.463723632812500000e+03
-5.459965820312500000e+03
-5.461793945312500000e+03
-5.464337890625000000e+03
-5.462722656250000000e+03
-5.464458007812500000e+03
-5.457476562500000000e+03
-5.459117187500000000e+03
-5.463058105468750000e+03
-5.463633789062500000e+03
-5.461347167968750000e+03
-5.464404296875000000e+03
-5.463307617187500000e+03
-5.464363769531250000e+03
-5.464166503906250000e+03
-5.463764648437500000e+03
-5.461048828125000000e+03
-5.464185058593750000e+03
-5.461474609375000000e+03
-5.459873535156250000e+03
-5.460991210937500000e+03
-5.462719726562500000e+03
-5.462996093750000000e+03
-5.460689941406250000e+03
-5.462975585937500000e+03
-5.461789550781250000e+03
-5.464057128906250000e+03
-5.461155273437500000e+03
-5.463168945312500000e+03
-5.461231445312500000e+03
-5.460521972656250000e+03
-5.464647949218750000e+03
-5.463198242187500000e+03
-5.461606933593750000e+03
-5.461868164062500000e+03
-5.460441406250000000e+03
-5.459466796875000000e+03
-5.457643554687500000e+03
-5.460475585937500000e+03
-5.463830566406250000e+03
-5.447621093750000000e+03
-5.461898437500000000e+03
-5.463315917968750000e+03
-5.460911621093750000e+03
-5.463390625000000000e+03
-5.463416015625000000e+03
-5.460442382812500000e+03
-5.462843261718750000e+03
-5.463934570312500000e+03
-5.462952636718750000e+03
-5.462558593750000000e+03
-5.461424316406250000e+03
-5.462840820312500000e+03
-5.462910644531250000e+03
-5.463795898437500000e+03
-5.458569335937500000e+03
-5.463227050781250000e+03
-5.460679687500000000e+03
-5.464273437500000000e+03
-5.463474609375000000e+03
-5.461587402343750000e+03
-5.463520507812500000e+03
-5.457200195312500000e+03
-5.460064941406250000e+03
-5.463745117187500000e+03
-5.461532226562500000e+03
-5.463053222656250000e+03
-5.461149414062500000e+03
-5.464083984375000000e+03
-5.464161621093750000e+03
-5.462307617187500000e+03
-5.462176757812500000e+03
-5.460903808593750000e+03
-5.461502441406250000e+03
-5.458905273437500000e+03
-5.458511718750000000e+03
-5.460505371093750000e+03
-5.461648437500000000e+03
-5.461032714843750000e+03
-5.462713867187500000e+03
-5.452444824218750000e+03
-5.462824218750000000e+03
-5.463375488281250000e+03
-5.463187011718750000e+03
-5.459750976562500000e+03
-5.462109375000000000e+03
-5.460440429687500000e+03
-5.462752929687500000e+03
-5.461438476562500000e+03
-5.461229980468750000e+03
-5.457198242187500000e+03
-5.460546386718750000e+03
-5.460069824218750000e+03
-5.464600097656250000e+03
-5.463653320312500000e+03
-5.462260742187500000e+03
-5.459133789062500000e+03
-5.461900390625000000e+03
-5.464269531250000000e+03
-5.461956054687500000e+03
-5.463473632812500000e+03
-5.463734375000000000e+03
-5.463026367187500000e+03
-5.461189453125000000e+03
-5.463802734375000000e+03
-5.458475585937500000e+03
-5.464091796875000000e+03
-5.456530273437500000e+03
-5.461837890625000000e+03
-5.460225097656250000e+03
-5.459825683593750000e+03
-5.460236328125000000e+03
-5.463125000000000000e+03
-5.463035156250000000e+03
-5.458995117187500000e+03
-5.460623046875000000e+03
-5.464268066406250000e+03
-5.460951660156250000e+03
-5.464205078125000000e+03
-5.459399414062500000e+03
-5.463993652343750000e+03
-5.463481445312500000e+03
-5.460390136718750000e+03
-5.463739257812500000e+03
-5.460106933593750000e+03
-5.463835937500000000e+03
-5.459423828125000000e+03
-5.461617187500000000e+03
-5.459668945312500000e+03
-5.457980468750000000e+03
-5.463305664062500000e+03
-5.462492187500000000e+03
-5.454664550781250000e+03
-5.464188476562500000e+03
-5.463599609375000000e+03
-5.463349609375000000e+03
-5.462738281250000000e+03
-5.463775390625000000e+03
-5.463634765625000000e+03
-5.464393066406250000e+03
-5.457460937500000000e+03
-5.459497558593750000e+03
-5.462732421875000000e+03
-5.463984375000000000e+03
-5.459357421875000000e+03
-5.463602539062500000e+03
-5.462696289062500000e+03
-5.464537109375000000e+03
-5.461408203125000000e+03
-5.463409667968750000e+03
-5.462117187500000000e+03
-5.462961914062500000e+03
-5.460612304687500000e+03
-5.462809082031250000e+03
-5.461593750000000000e+03
-5.459191894531250000e+03
-5.455909179687500000e+03
-5.457062011718750000e+03
-5.464454589843750000e+03
-5.461688476562500000e+03
-5.462246093750000000e+03
-5.460381835937500000e+03
-5.458884277343750000e+03
-5.460842773437500000e+03
-5.460133789062500000e+03
-5.459916015625000000e+03
-5.454704101562500000e+03
-5.461703125000000000e+03
-5.462424316406250000e+03
-5.460995117187500000e+03
-5.462382324218750000e+03
-5.464255859375000000e+03
-5.461552734375000000e+03
-5.463538085937500000e+03
-5.460687500000000000e+03
-5.460475585937500000e+03
-5.461610351562500000e+03
-5.462945312500000000e+03
-5.456494140625000000e+03
-5.462094238281250000e+03
-5.461925292968750000e+03
-5.462749023437500000e+03
-5.461496093750000000e+03
-5.461375976562500000e+03
-5.460073730468750000e+03
-5.462108398437500000e+03
-5.461895507812500000e+03
-5.463723632812500000e+03
-5.460703125000000000e+03
-5.463712890625000000e+03
-5.461938964843750000e+03
-5.460853515625000000e+03
-5.459953125000000000e+03
-5.449393554687500000e+03
-5.458023437500000000e+03
-5.452946777343750000e+03
-5.462684082031250000e+03
-5.462256835937500000e+03
-5.461918945312500000e+03
-5.451320312500000000e+03
-5.462479492187500000e+03
-5.459950195312500000e+03
-5.464075195312500000e+03
-5.462214843750000000e+03
-5.461791015625000000e+03
-5.458637207031250000e+03
-5.463041015625000000e+03
-5.464297363281250000e+03
-5.462867675781250000e+03
-5.461752929687500000e+03
-5.463723144531250000e+03
-5.462998046875000000e+03
-5.464282714843750000e+03
-5.458733398437500000e+03
-5.459006835937500000e+03
-5.461649414062500000e+03
-5.463956542968750000e+03
-5.463160156250000000e+03
-5.459391601562500000e+03
-5.456205078125000000e+03
-5.462258789062500000e+03
-5.458977539062500000e+03
-5.459831054687500000e+03
-5.455654785156250000e+03
-5.462446289062500000e+03
-5.459990234375000000e+03
-5.457659667968750000e+03
-5.463299804687500000e+03
-5.460565917968750000e+03
-5.463355468750000000e+03
-5.463548339843750000e+03
-5.463168945312500000e+03
-5.461897460937500000e+03
-5.459383300781250000e+03
-5.463313476562500000e+03
-5.463520019531250000e+03
-5.458908203125000000e+03
-5.464266113281250000e+03
-5.461738769531250000e+03
-5.463125000000000000e+03
-5.460215820312500000e+03
-5.460518066406250000e+03
-5.458099609375000000e+03
-5.463849609375000000e+03
-5.462833007812500000e+03
-5.462051757812500000e+03
-5.459814453125000000e+03
-5.464397460937500000e+03
-5.452765625000000000e+03
-5.461595703125000000e+03
-5.457634765625000000e+03
-5.462987304687500000e+03
-5.453881835937500000e+03
-5.462639648437500000e+03
-5.461090820312500000e+03
-5.464501464843750000e+03
-5.462749511718750000e+03
-5.462579589843750000e+03
-5.464301757812500000e+03
-5.461373535156250000e+03
-5.461259765625000000e+03
-5.463535644531250000e+03
-5.461657226562500000e+03
-5.460985351562500000e+03
-5.461243164062500000e+03
-5.464134765625000000e+03
-5.464218261718750000e+03
-5.462759765625000000e+03
-5.460053710937500000e+03
-5.458748046875000000e+03
-5.463133789062500000e+03
-5.462355468750000000e+03
-5.459236328125000000e+03
-5.461156250000000000e+03
-5.463008789062500000e+03
-5.460995117187500000e+03
-5.462410156250000000e+03
-5.464010742187500000e+03
-5.459362304687500000e+03
-5.462932617187500000e+03
-5.463644042968750000e+03
-5.463960449218750000e+03
-5.462835449218750000e+03
-5.462290527343750000e+03
-5.461704101562500000e+03
-5.458023437500000000e+03
-5.458089843750000000e+03
-5.463052246093750000e+03
-5.458117187500000000e+03
-5.453663085937500000e+03
-5.462696289062500000e+03
-5.462897460937500000e+03
-5.462030273437500000e+03
-5.463635742187500000e+03
-5.462363281250000000e+03
-5.461325683593750000e+03
-5.461868164062500000e+03
-5.463156738281250000e+03
-5.463229003906250000e+03
-5.463041992187500000e+03
-5.461824218750000000e+03
-5.464228515625000000e+03
-5.463184570312500000e+03
-5.463009765625000000e+03
-5.463881835937500000e+03
-5.459872070312500000e+03
-5.461250000000000000e+03
-5.458903320312500000e+03
-5.460854492187500000e+03
-5.464622070312500000e+03
-5.462991210937500000e+03
-5.462486816406250000e+03
-5.460233398437500000e+03
-5.460845703125000000e+03
-5.461340820312500000e+03
-5.461023925781250000e+03
-5.464399902343750000e+03
-5.462169921875000000e+03
-5.462790039062500000e+03
-5.458859375000000000e+03
-5.463464843750000000e+03
-5.458281738281250000e+03
-5.463757812500000000e+03
-5.463109375000000000e+03
-5.463537109375000000e+03
-5.460586914062500000e+03
-5.461500976562500000e+03
-5.459818359375000000e+03
-5.461514160156250000e+03
-5.463416015625000000e+03
-5.458885742187500000e+03
-5.463748046875000000e+03
-5.463606445312500000e+03
-5.456905273437500000e+03
-5.464286621093750000e+03
-5.459836914062500000e+03
-5.463124023437500000e+03
-5.462644531250000000e+03
-5.463839355468750000e+03
-5.458788085937500000e+03
-5.463032226562500000e+03
-5.462767089843750000e+03
-5.461478515625000000e+03
-5.459689941406250000e+03
-5.463104492187500000e+03
-5.459342773437500000e+03
-5.450678222656250000e+03
-5.463770507812500000e+03
-5.458002929687500000e+03
-5.464570312500000000e+03
-5.459215820312500000e+03
-5.463447753906250000e+03
-5.462691894531250000e+03
-5.464620605468750000e+03
-5.464127929687500000e+03
-5.463667480468750000e+03
-5.463571777343750000e+03
-5.464167968750000000e+03
-5.462480468750000000e+03
-5.458608886718750000e+03
-5.458289062500000000e+03
-5.463018554687500000e+03
-5.460301757812500000e+03
-5.458765136718750000e+03
-5.459355957031250000e+03
-5.463173828125000000e+03
-5.458844726562500000e+03
-5.463756347656250000e+03
-5.459699218750000000e+03
-5.459871093750000000e+03
-5.461887695312500000e+03
-5.462879882812500000e+03
-5.455285156250000000e+03
-5.458970703125000000e+03
-5.463903808593750000e+03
-5.464402343750000000e+03
-5.463623535156250000e+03
-5.463191406250000000e+03
-5.458520507812500000e+03
-5.463001953125000000e+03
-5.463863281250000000e+03
-5.464312988281250000e+03
-5.462881835937500000e+03
-5.462080078125000000e+03
-5.463246093750000000e+03
-5.459250000000000000e+03
-5.462079589843750000e+03
-5.463429687500000000e+03
-5.463041992187500000e+03
-5.463068359375000000e+03
-5.461568359375000000e+03
-5.461364257812500000e+03
-5.460119628906250000e+03
-5.463460937500000000e+03
-5.461020507812500000e+03
-5.463286132812500000e+03
-5.462196289062500000e+03
-5.461804687500000000e+03
-5.461668945312500000e+03
-5.458102050781250000e+03
-5.461196289062500000e+03
-5.459877929687500000e+03
-5.460665039062500000e+03
-5.461482421875000000e+03
-5.457049804687500000e+03
-5.458738769531250000e+03
-5.459453125000000000e+03
-5.463202148437500000e+03
-5.463890625000000000e+03
-5.464352539062500000e+03
-5.463467285156250000e+03
-5.460554687500000000e+03
-5.457289550781250000e+03
-5.463257324218750000e+03
-5.458922363281250000e+03
-5.458112304687500000e+03
-5.463642089843750000e+03
-5.462721679687500000e+03
-5.458972656250000000e+03
-5.461561523437500000e+03
-5.458901367187500000e+03
-5.463232910156250000e+03
-5.461490722656250000e+03
-5.461931152343750000e+03
-5.459151367187500000e+03
-5.463559570312500000e+03
-5.462887695312500000e+03
-5.462352050781250000e+03
-5.462883300781250000e+03
-5.459602050781250000e+03
-5.464093750000000000e+03
-5.452887207031250000e+03
-5.460684082031250000e+03
-5.463524414062500000e+03
-5.463857421875000000e+03
-5.463504394531250000e+03
-5.462682617187500000e+03
-5.463156738281250000e+03
-5.463621582031250000e+03
-5.460406250000000000e+03
-5.460497558593750000e+03
-5.461645996093750000e+03
-5.462101562500000000e+03
-5.462833007812500000e+03
-5.462676757812500000e+03
-5.462838378906250000e+03
-5.463492187500000000e+03
-5.450920898437500000e+03
-5.463517578125000000e+03
-5.458983398437500000e+03
-5.463280761718750000e+03
-5.463103515625000000e+03
-5.448215820312500000e+03
-5.464158203125000000e+03
-5.463068359375000000e+03
-5.461286132812500000e+03
-5.454098144531250000e+03
-5.462555175781250000e+03
-5.457887207031250000e+03
-5.464492675781250000e+03
-5.461827148437500000e+03
-5.460554687500000000e+03
-5.463115722656250000e+03
-5.464346679687500000e+03
-5.461270507812500000e+03
-5.459604980468750000e+03
-5.461927246093750000e+03
-5.460975097656250000e+03
-5.463091308593750000e+03
-5.460971679687500000e+03
-5.462158203125000000e+03
-5.462288085937500000e+03
-5.462453613281250000e+03
-5.463340820312500000e+03
-5.459245117187500000e+03
-5.455368164062500000e+03
-5.461308593750000000e+03
-5.462163085937500000e+03
-5.461018554687500000e+03
-5.462987792968750000e+03
-5.463115722656250000e+03
-5.461571777343750000e+03
-5.460657226562500000e+03
-5.458694335937500000e+03
-5.461356445312500000e+03
-5.462023437500000000e+03
-5.463514160156250000e+03
-5.463752441406250000e+03
-5.462658203125000000e+03
-5.463255371093750000e+03
-5.462530761718750000e+03
-5.461709960937500000e+03
-5.463014648437500000e+03
-5.462024414062500000e+03
-5.455795898437500000e+03
-5.457999511718750000e+03
-5.460670898437500000e+03
-5.463575195312500000e+03
-5.463946289062500000e+03
-5.462472656250000000e+03
-5.459739257812500000e+03
-5.460535156250000000e+03
-5.463692382812500000e+03
-5.464576660156250000e+03
-5.463254882812500000e+03
-5.461053710937500000e+03
-5.461768554687500000e+03
-5.459870117187500000e+03
-5.462213378906250000e+03
-5.460518554687500000e+03
-5.462958007812500000e+03
-5.464580566406250000e+03
-5.463196289062500000e+03
-5.462227539062500000e+03
-5.461478515625000000e+03
-5.461894531250000000e+03
-5.461653808593750000e+03
-5.463944824218750000e+03
-5.461739746093750000e+03
-5.456340332031250000e+03
-5.463207519531250000e+03
-5.462058105468750000e+03
-5.463862304687500000e+03
-5.462809570312500000e+03
-5.458412597656250000e+03
-5.462422851562500000e+03
-5.463208984375000000e+03
-5.461030761718750000e+03
-5.457848632812500000e+03
-5.461036132812500000e+03
-5.459505371093750000e+03
-5.459654296875000000e+03
-5.461594238281250000e+03
-5.463459960937500000e+03
-5.455136718750000000e+03
-5.464059570312500000e+03
-5.458369140625000000e+03
-5.463233398437500000e+03
-5.455176757812500000e+03
-5.463640136718750000e+03
-5.463282226562500000e+03
-5.461379882812500000e+03
-5.461569335937500000e+03
-5.461970703125000000e+03
-5.461214355468750000e+03
-5.464255859375000000e+03
-5.464331054687500000e+03
-5.462075195312500000e+03
-5.460020996093750000e+03
-5.461957031250000000e+03
-5.463700683593750000e+03
-5.459318359375000000e+03
-5.462530273437500000e+03
-5.463252929687500000e+03
-5.463455078125000000e+03
-5.461902343750000000e+03
-5.461221679687500000e+03
-5.463233398437500000e+03
-5.460313476562500000e+03
-5.463193359375000000e+03
-5.458792968750000000e+03
-5.463453125000000000e+03
-5.455352050781250000e+03
-5.462274902343750000e+03
-5.463049804687500000e+03
-5.463913574218750000e+03
-5.459298828125000000e+03
-5.461951171875000000e+03
-5.459560546875000000e+03
-5.462428710937500000e+03
-5.457501464843750000e+03
-5.463302246093750000e+03
-5.460163085937500000e+03
-5.463044433593750000e+03
-5.463895996093750000e+03
-5.464070800781250000e+03
-5.456477050781250000e+03
-5.462614257812500000e+03
-5.459718750000000000e+03
-5.463436523437500000e+03
-5.459724609375000000e+03
-5.457900390625000000e+03
-5.463135253906250000e+03
-5.464484375000000000e+03
-5.456873046875000000e+03
-5.458772460937500000e+03
-5.460577148437500000e+03
-5.460479003906250000e+03
-5.463425781250000000e+03
-5.464036621093750000e+03
-5.463096191406250000e+03
-5.464094726562500000e+03
-5.459362304687500000e+03
-5.462484863281250000e+03
-5.461665039062500000e+03
-5.462649414062500000e+03
-5.464510253906250000e+03
-5.460104980468750000e+03
-5.460837890625000000e+03
-5.463249023437500000e+03
-5.459158203125000000e+03
-5.460659667968750000e+03
-5.460586425781250000e+03
-5.461741699218750000e+03
-5.461543457031250000e+03
-5.462661621093750000e+03
-5.464193359375000000e+03
-5.460789550781250000e+03
-5.464261718750000000e+03
-5.456429687500000000e+03
-5.464134765625000000e+03
-5.462928710937500000e+03
-5.462050781250000000e+03
-5.464087402343750000e+03
-5.462306640625000000e+03
-5.460150878906250000e+03
-5.463611816406250000e+03
-5.459150390625000000e+03
-5.463899902343750000e+03
-5.462754882812500000e+03
-5.461395507812500000e+03
-5.463908203125000000e+03
-5.462774902343750000e+03
-5.463187500000000000e+03
-5.463394531250000000e+03
-5.463929687500000000e+03
-5.460150390625000000e+03
-5.464435546875000000e+03
-5.462680175781250000e+03
-5.460900878906250000e+03
-5.463043457031250000e+03
-5.462720214843750000e+03
-5.461680175781250000e+03
-5.459368164062500000e+03
-5.461373535156250000e+03
-5.462412109375000000e+03
-5.458051757812500000e+03
-5.463170898437500000e+03
-5.454969238281250000e+03
-5.464235351562500000e+03
-5.461083007812500000e+03
-5.462645019531250000e+03
-5.456133300781250000e+03
-5.463958496093750000e+03
-5.460067382812500000e+03
-5.449138671875000000e+03
-5.463009765625000000e+03
-5.463636230468750000e+03
-5.458117675781250000e+03
-5.463552246093750000e+03
-5.463361816406250000e+03
-5.460246582031250000e+03
-5.455896484375000000e+03
-5.461921386718750000e+03
-5.461144042968750000e+03
-5.463588867187500000e+03
-5.462029296875000000e+03
-5.461732421875000000e+03
-5.463349609375000000e+03
-5.461962402343750000e+03
-5.461367187500000000e+03
-5.462079101562500000e+03
-5.461625000000000000e+03
-5.459901367187500000e+03
-5.464415039062500000e+03
-5.462562500000000000e+03
-5.462447265625000000e+03
-5.464177734375000000e+03
-5.463175781250000000e+03
-5.462770507812500000e+03
-5.462804199218750000e+03
-5.460346191406250000e+03
-5.460071289062500000e+03
-5.463293945312500000e+03
-5.464215820312500000e+03
-5.461636718750000000e+03
-5.455317382812500000e+03
-5.461766601562500000e+03
-5.464643554687500000e+03
-5.463023437500000000e+03
-5.463777343750000000e+03
-5.460321289062500000e+03
-5.460594726562500000e+03
-5.461650390625000000e+03
-5.462179199218750000e+03
-5.464011718750000000e+03
-5.458090332031250000e+03
-5.460684570312500000e+03
-5.461612792968750000e+03
-5.459484375000000000e+03
-5.463781738281250000e+03
-5.463550781250000000e+03
-5.463421875000000000e+03
-5.463215820312500000e+03
-5.463724609375000000e+03
-5.458787109375000000e+03
-5.458331054687500000e+03
-5.462777343750000000e+03
-5.459901367187500000e+03
-5.456297851562500000e+03
-5.464518066406250000e+03
-5.464286132812500000e+03
-5.463810546875000000e+03
-5.461824218750000000e+03
-5.461248535156250000e+03
-5.462258789062500000e+03
-5.460079101562500000e+03
-5.464372558593750000e+03
-5.464430175781250000e+03
-5.464310546875000000e+03
-5.458407714843750000e+03
-5.463857421875000000e+03
-5.463248535156250000e+03
-5.461930175781250000e+03
-5.461212890625000000e+03
-5.459762207031250000e+03
-5.464609863281250000e+03
-5.462186523437500000e+03
-5.462470703125000000e+03
-5.463459960937500000e+03
-5.464241210937500000e+03
-5.464349609375000000e+03
-5.461202148437500000e+03
-5.462918457031250000e+03
-5.457014648437500000e+03
-5.459791015625000000e+03
-5.464318359375000000e+03
-5.464049804687500000e+03
-5.461603515625000000e+03
-5.462763671875000000e+03
-5.459183105468750000e+03
-5.462873046875000000e+03
-5.463400878906250000e+03
-5.462598632812500000e+03
-5.461195800781250000e+03
-5.462228515625000000e+03
-5.463703125000000000e+03
-5.464029296875000000e+03
-5.463217773437500000e+03
-5.461687988281250000e+03
-5.459069824218750000e+03
-5.459805175781250000e+03
-5.463347656250000000e+03
-5.462316894531250000e+03
-5.459121093750000000e+03
-5.464114257812500000e+03
-5.463449707031250000e+03
-5.462494140625000000e+03
-5.461572265625000000e+03
-5.454267578125000000e+03
-5.461721191406250000e+03
-5.455421875000000000e+03
-5.462863281250000000e+03
-5.457083496093750000e+03
-5.461039062500000000e+03
-5.459248046875000000e+03
-5.462424316406250000e+03
-5.464488769531250000e+03
-5.464571289062500000e+03
-5.457672851562500000e+03
-5.461111328125000000e+03
-5.464148437500000000e+03
-5.458464355468750000e+03
-5.461653320312500000e+03
-5.463069335937500000e+03
-5.463460937500000000e+03
-5.461286132812500000e+03
-5.460981445312500000e+03
-5.456384765625000000e+03
-5.463607910156250000e+03
-5.461747558593750000e+03
-5.462833984375000000e+03
-5.461244628906250000e+03
-5.461317382812500000e+03
-5.460118652343750000e+03
-5.461926269531250000e+03
-5.463062500000000000e+03
-5.464087890625000000e+03
-5.463958007812500000e+03
-5.462339843750000000e+03
-5.463011230468750000e+03
-5.461821289062500000e+03
-5.462639648437500000e+03
-5.461070312500000000e+03
-5.463530761718750000e+03
-5.463260253906250000e+03
-5.463149414062500000e+03
-5.462462402343750000e+03
-5.461139160156250000e+03
-5.458171875000000000e+03
-5.463646484375000000e+03
-5.464411132812500000e+03
-5.462788085937500000e+03
-5.458978515625000000e+03
-5.460929687500000000e+03
-5.460025390625000000e+03
-5.462254882812500000e+03
-5.464243164062500000e+03
-5.460587890625000000e+03
-5.461635742187500000e+03
-5.462768554687500000e+03
-5.461882812500000000e+03
-5.462494140625000000e+03
-5.462415039062500000e+03
-5.462897460937500000e+03
-5.460794921875000000e+03
-5.462675781250000000e+03
-5.460830078125000000e+03
-5.462432617187500000e+03
-5.464562500000000000e+03
-5.462233398437500000e+03
-5.457250000000000000e+03
-5.461143554687500000e+03
-5.463768554687500000e+03
-5.464377929687500000e+03
-5.461562500000000000e+03
-5.463417968750000000e+03
-5.462804199218750000e+03
-5.461524902343750000e+03
-5.460120605468750000e+03
-5.463986328125000000e+03
-5.462390625000000000e+03
-5.464357421875000000e+03
-5.464252929687500000e+03
-5.461609375000000000e+03
-5.464507324218750000e+03
-5.462999023437500000e+03
-5.459872558593750000e+03
-5.463567382812500000e+03
-5.459572753906250000e+03
-5.460690429687500000e+03
-5.456763671875000000e+03
-5.462842285156250000e+03
-5.463250976562500000e+03
-5.460504882812500000e+03
-5.464541015625000000e+03
-5.460875488281250000e+03
-5.463077148437500000e+03
-5.460581542968750000e+03
-5.463413085937500000e+03
-5.463475585937500000e+03
-5.461892578125000000e+03
-5.464545410156250000e+03
-5.458627929687500000e+03
-5.461696777343750000e+03
-5.461031250000000000e+03
-5.458408203125000000e+03
-5.464218261718750000e+03
-5.464535156250000000e+03
-5.464428710937500000e+03
-5.461510742187500000e+03
-5.463598144531250000e+03
-5.463357910156250000e+03
-5.463900390625000000e+03
-5.462377441406250000e+03
-5.460459960937500000e+03
-5.463937500000000000e+03
-5.462525878906250000e+03
-5.461259765625000000e+03
-5.461378906250000000e+03
-5.464425781250000000e+03
-5.456770996093750000e+03
-5.463911132812500000e+03
-5.459450683593750000e+03
-5.456275390625000000e+03
-5.464057128906250000e+03
-5.460970703125000000e+03
-5.459818847656250000e+03
-5.462838867187500000e+03
-5.463370117187500000e+03
-5.463586914062500000e+03
-5.460802734375000000e+03
-5.463153320312500000e+03
-5.459476562500000000e+03
-5.463444335937500000e+03
-5.459320312500000000e+03
-5.462349609375000000e+03
-5.461183105468750000e+03
-5.461060546875000000e+03
-5.461188964843750000e+03
-5.460597656250000000e+03
-5.456069335937500000e+03
-5.458900390625000000e+03
-5.461359863281250000e+03
-5.459933593750000000e+03
-5.459158691406250000e+03
-5.462679687500000000e+03
-5.462877441406250000e+03
-5.464130859375000000e+03
-5.463904296875000000e+03
-5.464377929687500000e+03
-5.463830078125000000e+03
-5.460896484375000000e+03
-5.464520507812500000e+03
-5.461873046875000000e+03
-5.462462890625000000e+03
-5.455954589843750000e+03
-5.462253906250000000e+03
-5.464411621093750000e+03
-5.461888671875000000e+03
-5.461750000000000000e+03
-5.458849609375000000e+03
-5.461056640625000000e+03
-5.463177734375000000e+03
-5.463607421875000000e+03
-5.462219238281250000e+03
-5.462963867187500000e+03
-5.461631347656250000e+03
-5.459024902343750000e+03
-5.461772460937500000e+03
-5.464311523437500000e+03
-5.462182128906250000e+03
-5.453310546875000000e+03
-5.456549804687500000e+03
-5.461625976562500000e+03
-5.455337890625000000e+03
-5.462096191406250000e+03
-5.464422363281250000e+03
-5.462346191406250000e+03
-5.459045898437500000e+03
-5.463378906250000000e+03
-5.463148925781250000e+03
-5.461474121093750000e+03
-5.462815917968750000e+03
-5.460324218750000000e+03
-5.464164550781250000e+03
-5.463744140625000000e+03
-5.463783203125000000e+03
-5.459916992187500000e+03
-5.463830078125000000e+03
-5.463477539062500000e+03
-5.463856445312500000e+03
-5.463066406250000000e+03
-5.463175292968750000e+03
-5.461817382812500000e+03
-5.463507812500000000e+03
-5.463932128906250000e+03
-5.462229492187500000e+03
-5.463985351562500000e+03
-5.463742187500000000e+03
-5.451149414062500000e+03
-5.463300781250000000e+03
-5.462372558593750000e+03
-5.461282226562500000e+03
-5.456118652343750000e+03
-5.461137695312500000e+03
-5.456916992187500000e+03
-5.462956054687500000e+03
-5.462760253906250000e+03
-5.461034179687500000e+03
-5.462845703125000000e+03
-5.461888671875000000e+03
-5.462750976562500000e+03
-5.461637695312500000e+03
-5.462478515625000000e+03
-5.463337890625000000e+03
-5.462129882812500000e+03
-5.463714843750000000e+03
-5.463987304687500000e+03
-5.462471679687500000e+03
-5.464426269531250000e+03
-5.458166992187500000e+03
-5.458865722656250000e+03
-5.461328613281250000e+03
-5.462278320312500000e+03
-5.459582031250000000e+03
-5.456772460937500000e+03
-5.460251464843750000e+03
-5.464512695312500000e+03
-5.463941894531250000e+03
-5.462252441406250000e+03
-5.457154296875000000e+03
-5.464213378906250000e+03
-5.462208496093750000e+03
-5.462299316406250000e+03
-5.460139160156250000e+03
-5.458202148437500000e+03
-5.462208007812500000e+03
-5.463039062500000000e+03
-5.463243164062500000e+03
-5.461220214843750000e+03
-5.460500488281250000e+03
-5.464083984375000000e+03
-5.463681640625000000e+03
-5.462599609375000000e+03
-5.463932128906250000e+03
-5.462105468750000000e+03
-5.464188964843750000e+03
-5.462509765625000000e+03
-5.463982421875000000e+03
-5.463178710937500000e+03
-5.464574707031250000e+03
-5.463211914062500000e+03
-5.460024414062500000e+03
-5.462308593750000000e+03
-5.461008789062500000e+03
-5.464598632812500000e+03
-5.462627929687500000e+03
-5.463701660156250000e+03
-5.457485351562500000e+03
-5.458786132812500000e+03
-5.460635253906250000e+03
-5.463928710937500000e+03
-5.461288085937500000e+03
-5.462163085937500000e+03
-5.461740234375000000e+03
-5.464195312500000000e+03
-5.462816406250000000e+03
-5.463230957031250000e+03
-5.463002929687500000e+03
-5.457088867187500000e+03
-5.457379882812500000e+03
-5.462013183593750000e+03
-5.461844726562500000e+03
-5.461697265625000000e+03
-5.461778320312500000e+03
-5.460652343750000000e+03
-5.461789062500000000e+03
-5.462877929687500000e+03
-5.462275390625000000e+03
-5.462751953125000000e+03
-5.459885742187500000e+03
-5.463856933593750000e+03
-5.460798828125000000e+03
-5.459668945312500000e+03
-5.464182617187500000e+03
-5.462536132812500000e+03
-5.458760742187500000e+03
-5.455397460937500000e+03
-5.463969238281250000e+03
-5.456249023437500000e+03
-5.464000976562500000e+03
-5.461626953125000000e+03
-5.460757812500000000e+03
-5.462896972656250000e+03
-5.460299316406250000e+03
-5.458290527343750000e+03
-5.463121093750000000e+03
-5.463074218750000000e+03
-5.451791015625000000e+03
-5.461823730468750000e+03
-5.456437011718750000e+03
-5.463149902343750000e+03
-5.456507812500000000e+03
-5.460649902343750000e+03
-5.463588867187500000e+03
-5.463090820312500000e+03
-5.463832031250000000e+03
-5.462833984375000000e+03
-5.463405273437500000e+03
-5.461532226562500000e+03
-5.463305664062500000e+03
-5.462962890625000000e+03
-5.462945312500000000e+03
-5.463328125000000000e+03
-5.460788085937500000e+03
-5.464112304687500000e+03
-5.464423339843750000e+03
-5.464268554687500000e+03
-5.463719238281250000e+03
-5.462554687500000000e+03
-5.462697265625000000e+03
-5.461247558593750000e+03
-5.452491210937500000e+03
-5.461063964843750000e+03
-5.463541992187500000e+03
-5.463262695312500000e+03
-5.462170898437500000e+03
-5.458884765625000000e+03
-5.462596679687500000e+03
-5.463968750000000000e+03
-5.462555175781250000e+03
-5.463640625000000000e+03
-5.461065917968750000e+03
-5.464497070312500000e+03
-5.462903320312500000e+03
-5.461042968750000000e+03
-5.453133789062500000e+03
-5.460444335937500000e+03
-5.462843750000000000e+03
-5.464575195312500000e+03
-5.463774414062500000e+03
-5.462958984375000000e+03
-5.461554199218750000e+03
-5.463346679687500000e+03
-5.463181640625000000e+03
-5.463608398437500000e+03
-5.459323242187500000e+03
-5.464490234375000000e+03
-5.464321289062500000e+03
-5.463298828125000000e+03
-5.463872558593750000e+03
-5.461096191406250000e+03
-5.462595703125000000e+03
-5.458708984375000000e+03
-5.464034667968750000e+03
-5.463280273437500000e+03
-5.460247558593750000e+03
-5.463107910156250000e+03
-5.464539062500000000e+03
-5.462999023437500000e+03
-5.462675781250000000e+03
-5.463445800781250000e+03
-5.460739257812500000e+03
-5.463979492187500000e+03
-5.464379394531250000e+03
-5.453166015625000000e+03
-5.463756835937500000e+03
-5.463672851562500000e+03
-5.458899414062500000e+03
-5.464573730468750000e+03
-5.459060546875000000e+03
-5.459003906250000000e+03
-5.461714843750000000e+03
-5.464529296875000000e+03
-5.457540039062500000e+03
-5.464017578125000000e+03
-5.462955078125000000e+03
-5.460672363281250000e+03
-5.462095703125000000e+03
-5.459554199218750000e+03
-5.464175781250000000e+03
-5.463595214843750000e+03
-5.462730957031250000e+03
-5.464194824218750000e+03
-5.462320800781250000e+03
-5.462775390625000000e+03
-5.458903808593750000e+03
-5.461780273437500000e+03
-5.456750000000000000e+03
-5.462648925781250000e+03
-5.457801757812500000e+03
-5.458868164062500000e+03
-5.461658203125000000e+03
-5.459893554687500000e+03
-5.452847167968750000e+03
-5.455402832031250000e+03
-5.463291503906250000e+03
-5.462878417968750000e+03
-5.460755859375000000e+03
-5.463563476562500000e+03
-5.461747070312500000e+03
-5.463069824218750000e+03
-5.459226562500000000e+03
-5.461738769531250000e+03
-5.463961914062500000e+03
-5.459243164062500000e+03
-5.451414062500000000e+03
-5.461989746093750000e+03
-5.461951171875000000e+03
-5.463091308593750000e+03
-5.463185546875000000e+03
-5.463423828125000000e+03
-5.464341796875000000e+03
-5.461815917968750000e+03
-5.464337402343750000e+03
-5.463781738281250000e+03
-5.463589355468750000e+03
-5.459399902343750000e+03
-5.464267089843750000e+03
-5.463082031250000000e+03
-5.464078125000000000e+03
-5.459638671875000000e+03
-5.462085937500000000e+03
-5.463820800781250000e+03
-5.463943847656250000e+03
-5.462749511718750000e+03
-5.457035156250000000e+03
-5.462412597656250000e+03
-5.462471191406250000e+03
-5.460824218750000000e+03
-5.464580566406250000e+03
-5.463608398437500000e+03
-5.462345703125000000e+03
-5.461593261718750000e+03
-5.462681152343750000e+03
-5.463901367187500000e+03
-5.457831542968750000e+03
-5.461759277343750000e+03
-5.461491210937500000e+03
-5.461532226562500000e+03
-5.462924804687500000e+03
-5.460702148437500000e+03
-5.463955078125000000e+03
-5.460190429687500000e+03
-5.464625000000000000e+03
-5.458443359375000000e+03
-5.460465820312500000e+03
-5.461868164062500000e+03
-5.464116210937500000e+03
-5.463750000000000000e+03
-5.462329589843750000e+03
-5.456600097656250000e+03
-5.461287597656250000e+03
-5.458666992187500000e+03
-5.461129882812500000e+03
-5.463977539062500000e+03
-5.462297363281250000e+03
-5.461848144531250000e+03
-5.461806640625000000e+03
-5.464581054687500000e+03
-5.462375000000000000e+03
-5.462202636718750000e+03
-5.454251953125000000e+03
-5.460573242187500000e+03
-5.461900390625000000e+03
-5.462190429687500000e+03
-5.460756835937500000e+03
-5.459993164062500000e+03
-5.462759765625000000e+03
-5.461264648437500000e+03
-5.462297363281250000e+03
-5.462567382812500000e+03
-5.463689453125000000e+03
-5.462620605468750000e+03
-5.464017089843750000e+03
-5.463611816406250000e+03
-5.463243164062500000e+03
-5.461829101562500000e+03
-5.463274414062500000e+03
-5.463609375000000000e+03
-5.460977050781250000e+03
-5.463794433593750000e+03
-5.455764648437500000e+03
-5.462329101562500000e+03
-5.460969238281250000e+03
-5.464176757812500000e+03
-5.455563476562500000e+03
-5.463572265625000000e+03
-5.463877929687500000e+03
-5.460325683593750000e+03
-5.462167968750000000e+03
-5.461482421875000000e+03
-5.463932128906250000e+03
-5.462343261718750000e+03
-5.460237304687500000e+03
-5.463889160156250000e+03
-5.463848632812500000e+03
-5.458208496093750000e+03
-5.460598632812500000e+03
-5.459255371093750000e+03
-5.464209960937500000e+03
-5.459441894531250000e+03
-5.462773437500000000e+03
-5.463519531250000000e+03
-5.461051269531250000e+03
-5.461062500000000000e+03
-5.461277832031250000e+03
-5.462521484375000000e+03
-5.459351562500000000e+03
-5.463534179687500000e+03
-5.461958007812500000e+03
-5.457973632812500000e+03
-5.460226562500000000e+03
-5.464319335937500000e+03
-5.460690429687500000e+03
-5.463225585937500000e+03
-5.462657226562500000e+03
-5.458672851562500000e+03
-5.453268066406250000e+03
-5.438598632812500000e+03
-5.454060546875000000e+03
-5.463638183593750000e+03
-5.463089355468750000e+03
-5.460145507812500000e+03
-5.463489257812500000e+03
-5.460381835937500000e+03
-5.459142089843750000e+03
-5.463984863281250000e+03
-5.461374023437500000e+03
-5.463506835937500000e+03
-5.457921875000000000e+03
-5.455106445312500000e+03
-5.462877929687500000e+03
-5.460219238281250000e+03
-5.459446289062500000e+03
-5.462067382812500000e+03
-5.464210449218750000e+03
-5.460991699218750000e+03
-5.458095214843750000e+03
-5.460335937500000000e+03
-5.460840820312500000e+03
-5.463220703125000000e+03
-5.462284179687500000e+03
-5.458723632812500000e+03
-5.462311523437500000e+03
-5.463871093750000000e+03
-5.460078613281250000e+03
-5.464317871093750000e+03
-5.461557617187500000e+03
-5.464142578125000000e+03
-5.461381835937500000e+03
-5.460181640625000000e+03
-5.463792480468750000e+03
-5.459871093750000000e+03
-5.463064453125000000e+03
-5.464492187500000000e+03
-5.461385742187500000e+03
-5.462911132812500000e+03
-5.460863281250000000e+03
-5.453764648437500000e+03
-5.457512207031250000e+03
-5.460682128906250000e+03
-5.461270996093750000e+03
-5.463505859375000000e+03
-5.463716796875000000e+03
-5.461794433593750000e+03
-5.461028320312500000e+03
-5.464617675781250000e+03
-5.464019531250000000e+03
-5.463034667968750000e+03
-5.460995117187500000e+03
-5.459197265625000000e+03
-5.461289550781250000e+03
-5.460919921875000000e+03
-5.460156250000000000e+03
-5.457368652343750000e+03
-5.464083007812500000e+03
-5.459147460937500000e+03
-5.464041015625000000e+03
-5.462383789062500000e+03
-5.463426757812500000e+03
-5.463626953125000000e+03
-5.463250488281250000e+03
-5.462735839843750000e+03
-5.460493164062500000e+03
-5.463769042968750000e+03
-5.464513671875000000e+03
-5.462571777343750000e+03
-5.464572265625000000e+03
-5.459536132812500000e+03
-5.460152343750000000e+03
-5.462732421875000000e+03
-5.460946289062500000e+03
-5.460290039062500000e+03
-5.463763671875000000e+03
-5.464055664062500000e+03
-5.463653320312500000e+03
-5.460597656250000000e+03
-5.462255859375000000e+03
-5.464358398437500000e+03
-5.462157226562500000e+03
-5.462656250000000000e+03
-5.458474121093750000e+03
-5.463107421875000000e+03
-5.457162597656250000e+03
-5.458469238281250000e+03
-5.461961425781250000e+03
-5.460404296875000000e+03
-5.463402343750000000e+03
-5.461283203125000000e+03
-5.457933105468750000e+03
-5.464081054687500000e+03
-5.458935546875000000e+03
-5.463728027343750000e+03
-5.463832031250000000e+03
-5.461918945312500000e+03
-5.459283203125000000e+03
-5.461947753906250000e+03
-5.462070800781250000e+03
-5.461130859375000000e+03
-5.447293945312500000e+03
-5.464643066406250000e+03
-5.464436523437500000e+03
-5.462253417968750000e+03
-5.464346679687500000e+03
-5.463803710937500000e+03
-5.461345703125000000e+03
-5.463895507812500000e+03
-5.451874023437500000e+03
-5.454160644531250000e+03
-5.464027343750000000e+03
-5.461788085937500000e+03
-5.457656738281250000e+03
-5.462014160156250000e+03
-5.454020507812500000e+03
-5.462887695312500000e+03
-5.462397460937500000e+03
-5.459699218750000000e+03
-5.463639648437500000e+03
-5.457288085937500000e+03
-5.463640625000000000e+03
-5.461143554687500000e+03
-5.456652343750000000e+03
-5.462638183593750000e+03
-5.461004394531250000e+03
-5.462084960937500000e+03
-5.452616210937500000e+03
-5.464463378906250000e+03
-5.460767578125000000e+03
-5.463774414062500000e+03
-5.462501953125000000e+03
-5.463812500000000000e+03
-5.461564453125000000e+03
-5.461377929687500000e+03
-5.459065429687500000e+03
-5.462308593750000000e+03
-5.462494140625000000e+03
-5.462309082031250000e+03
-5.464342773437500000e+03
-5.462687988281250000e+03
-5.463130859375000000e+03
-5.464369628906250000e+03
-5.463174316406250000e+03
-5.458807617187500000e+03
-5.463513671875000000e+03
-5.462799804687500000e+03
-5.464471679687500000e+03
-5.463084472656250000e+03
-5.463266601562500000e+03
-5.463990234375000000e+03
-5.464467773437500000e+03
-5.461178222656250000e+03
-5.464250976562500000e+03
-5.463563476562500000e+03
-5.464041015625000000e+03
-5.462420410156250000e+03
-5.462280273437500000e+03
-5.463103515625000000e+03
-5.463404785156250000e+03
-5.463551757812500000e+03
-5.461967285156250000e+03
-5.458384765625000000e+03
-5.460737792968750000e+03
-5.462336914062500000e+03
-5.458811523437500000e+03
-5.463403320312500000e+03
-5.463835449218750000e+03
-5.464073242187500000e+03
-5.461589843750000000e+03
-5.459521484375000000e+03
-5.460622070312500000e+03
-5.455482421875000000e+03
-5.460550781250000000e+03
-5.463392578125000000e+03
-5.463876953125000000e+03
-5.463607421875000000e+03
-5.463305175781250000e+03
-5.459624511718750000e+03
-5.462421386718750000e+03
-5.462711914062500000e+03
-5.462532226562500000e+03
-5.463115234375000000e+03
-5.462412109375000000e+03
-5.462870117187500000e+03
-5.458985351562500000e+03
-5.462225585937500000e+03
-5.463309570312500000e+03
-5.463559082031250000e+03
-5.459711914062500000e+03
-5.463087890625000000e+03
-5.460382812500000000e+03
-5.462040039062500000e+03
-5.463509765625000000e+03
-5.463950683593750000e+03
-5.461683593750000000e+03
-5.462271972656250000e+03
-5.460602539062500000e+03
-5.461513183593750000e+03
-5.459750000000000000e+03
-5.462772460937500000e+03
-5.461889648437500000e+03
-5.463919921875000000e+03
-5.463584960937500000e+03
-5.461743164062500000e+03
-5.464293945312500000e+03
-5.463606445312500000e+03
-5.462319824218750000e+03
-5.456112792968750000e+03
-5.456397460937500000e+03
-5.457465820312500000e+03
-5.461437500000000000e+03
-5.463792480468750000e+03
-5.463135742187500000e+03
-5.464208007812500000e+03
-5.463094726562500000e+03
-5.457268554687500000e+03
-5.460893554687500000e+03
-5.463245117187500000e+03
-5.460031250000000000e+03
-5.459878906250000000e+03
-5.462959472656250000e+03
-5.462423339843750000e+03
-5.461962890625000000e+03
-5.464574707031250000e+03
-5.462063964843750000e+03
-5.462004882812500000e+03
-5.462671875000000000e+03
-5.461916015625000000e+03
-5.460124511718750000e+03
-5.459592773437500000e+03
-5.462758789062500000e+03
-5.463284179687500000e+03
-5.461240722656250000e+03
-5.461989257812500000e+03
-5.463357910156250000e+03
-5.463175292968750000e+03
-5.464341796875000000e+03
-5.458006835937500000e+03
-5.463602539062500000e+03
-5.457208007812500000e+03
-5.461579589843750000e+03
-5.455916992187500000e+03
-5.462671875000000000e+03
-5.462556640625000000e+03
-5.461751953125000000e+03
-5.464078125000000000e+03
-5.460212890625000000e+03
-5.458336914062500000e+03
-5.460871582031250000e+03
-5.462780273437500000e+03
-5.463707031250000000e+03
-5.462218750000000000e+03
-5.463702148437500000e+03
-5.456362304687500000e+03
-5.464361328125000000e+03
-5.463900390625000000e+03
-5.462043945312500000e+03
-5.464532226562500000e+03
-5.460421875000000000e+03
-5.449241210937500000e+03
-5.462574218750000000e+03
-5.463982910156250000e+03
-5.461980468750000000e+03
-5.461511230468750000e+03
-5.462926757812500000e+03
-5.461424804687500000e+03
-5.463644042968750000e+03
-5.459061035156250000e+03
-5.463997070312500000e+03
-5.459298828125000000e+03
-5.462710937500000000e+03
-5.462237304687500000e+03
-5.453861816406250000e+03
-5.463023437500000000e+03
-5.464059570312500000e+03
-5.462857910156250000e+03
-5.462634765625000000e+03
-5.463605957031250000e+03
-5.460701171875000000e+03
-5.463692382812500000e+03
-5.460363769531250000e+03
-5.454220703125000000e+03
-5.460736328125000000e+03
-5.456464843750000000e+03
-5.464608398437500000e+03
-5.460712402343750000e+03
-5.462382812500000000e+03
-5.463308593750000000e+03
-5.455907226562500000e+03
-5.456769042968750000e+03
-5.463735351562500000e+03
-5.460175781250000000e+03
-5.459734375000000000e+03
-5.463921875000000000e+03
-5.463041015625000000e+03
-5.461545898437500000e+03
-5.460716796875000000e+03
-5.462614257812500000e+03
-5.462622558593750000e+03
-5.462446289062500000e+03
-5.463564453125000000e+03
-5.457289062500000000e+03
-5.461100585937500000e+03
-5.461285644531250000e+03
-5.463961425781250000e+03
-5.461012207031250000e+03
-5.463245117187500000e+03
-5.463289062500000000e+03
-5.461293945312500000e+03
-5.463870117187500000e+03
-5.464117187500000000e+03
-5.464312500000000000e+03
-5.462633789062500000e+03
-5.463186523437500000e+03
-5.460561523437500000e+03
-5.462808593750000000e+03
-5.462850097656250000e+03
-5.463411132812500000e+03
-5.461844726562500000e+03
-5.463420410156250000e+03
-5.464052734375000000e+03
-5.460283203125000000e+03
-5.463250976562500000e+03
-5.463778320312500000e+03
-5.464035156250000000e+03
-5.461536132812500000e+03
-5.464082031250000000e+03
-5.461524902343750000e+03
-5.463744628906250000e+03
-5.461197753906250000e+03
-5.462993164062500000e+03
-5.460365722656250000e+03
-5.459842773437500000e+03
-5.462024414062500000e+03
-5.461367187500000000e+03
-5.464091308593750000e+03
-5.461964843750000000e+03
-5.463238769531250000e+03
-5.461065429687500000e+03
-5.464052246093750000e+03
-5.462948242187500000e+03
-5.460489746093750000e+03
-5.461322265625000000e+03
-5.459306640625000000e+03
-5.462134765625000000e+03
-5.460315429687500000e+03
-5.457759277343750000e+03
-5.464367675781250000e+03
-5.462614257812500000e+03
-5.462783203125000000e+03
-5.463302246093750000e+03
-5.460188476562500000e+03
-5.454565429687500000e+03
-5.459076171875000000e+03
-5.464190429687500000e+03
-5.459964843750000000e+03
-5.463271972656250000e+03
-5.464583007812500000e+03
-5.463992187500000000e+03
-5.460284179687500000e+03
-5.461639648437500000e+03
-5.461680664062500000e+03
-5.460041992187500000e+03
-5.461875488281250000e+03
-5.461234375000000000e+03
-5.463742187500000000e+03
-5.462245117187500000e+03
-5.458729492187500000e+03
-5.463500976562500000e+03
-5.455472656250000000e+03
-5.462625000000000000e+03
-5.462839843750000000e+03
-5.459016601562500000e+03
-5.460059570312500000e+03
-5.459438476562500000e+03
-5.464453125000000000e+03
-5.463272460937500000e+03
-5.458983886718750000e+03
-5.459414062500000000e+03
-5.463622070312500000e+03
-5.461664062500000000e+03
-5.461052246093750000e+03
-5.461170898437500000e+03
-5.463491210937500000e+03
-5.463077148437500000e+03
-5.462854980468750000e+03
-5.462936523437500000e+03
-5.459266113281250000e+03
-5.463822265625000000e+03
-5.463024414062500000e+03
-5.464529296875000000e+03
-5.463642578125000000e+03
-5.462904785156250000e+03
-5.461657226562500000e+03
-5.463562500000000000e+03
-5.464049804687500000e+03
-5.461749511718750000e+03
-5.455177734375000000e+03
-5.457891601562500000e+03
-5.463697753906250000e+03
-5.463536132812500000e+03
-5.464573242187500000e+03
-5.460159667968750000e+03
-5.462780761718750000e+03
-5.460135742187500000e+03
-5.464578613281250000e+03
-5.461184570312500000e+03
-5.461385742187500000e+03
-5.463575195312500000e+03
-5.464305664062500000e+03
-5.461866210937500000e+03
-5.463802734375000000e+03
-5.461181640625000000e+03
-5.461449218750000000e+03
-5.462658203125000000e+03
-5.462963378906250000e+03
-5.461805175781250000e+03
-5.461903320312500000e+03
-5.463428222656250000e+03
-5.462651367187500000e+03
-5.464436035156250000e+03
-5.464174804687500000e+03
-5.462452148437500000e+03
-5.463929687500000000e+03
-5.463748046875000000e+03
-5.459372558593750000e+03
-5.464458007812500000e+03
-5.461416503906250000e+03
-5.463497558593750000e+03
-5.463745605468750000e+03
-5.463712890625000000e+03
-5.462951171875000000e+03
-5.462361816406250000e+03
-5.464007812500000000e+03
-5.461043945312500000e+03
-5.462628906250000000e+03
-5.458868164062500000e+03
-5.458698242187500000e+03
-5.461023437500000000e+03
-5.458841796875000000e+03
-5.460171875000000000e+03
-5.464288574218750000e+03
-5.463401367187500000e+03
-5.463291992187500000e+03
-5.462298828125000000e+03
-5.462587890625000000e+03
-5.460878906250000000e+03
-5.464124023437500000e+03
-5.462566406250000000e+03
-5.463843750000000000e+03
-5.461410156250000000e+03
-5.463577148437500000e+03
-5.463628906250000000e+03
-5.463925292968750000e+03
-5.456626953125000000e+03
-5.461197265625000000e+03
-5.462149414062500000e+03
-5.456829589843750000e+03
-5.464399414062500000e+03
-5.462611328125000000e+03
-5.463777343750000000e+03
-5.457763671875000000e+03
-5.463535644531250000e+03
-5.462573242187500000e+03
-5.464085449218750000e+03
-5.464583984375000000e+03
-5.459750488281250000e+03
-5.463438476562500000e+03
-5.463672851562500000e+03
-5.464299804687500000e+03
-5.464251953125000000e+03
-5.460243652343750000e+03
-5.460780273437500000e+03
-5.458895507812500000e+03
-5.461738769531250000e+03
-5.458946289062500000e+03
-5.462869140625000000e+03
-5.461209472656250000e+03
-5.460551757812500000e+03
-5.462724609375000000e+03
-5.461885253906250000e+03
-5.461621582031250000e+03
-5.461823242187500000e+03
-5.459343750000000000e+03
-5.457140625000000000e+03
-5.456268066406250000e+03
-5.457061523437500000e+03
-5.455040039062500000e+03
-5.460285156250000000e+03
-5.463233398437500000e+03
-5.458715820312500000e+03
-5.463359375000000000e+03
-5.462670898437500000e+03
-5.463600097656250000e+03
-5.462539550781250000e+03
-5.461117187500000000e+03
-5.461624023437500000e+03
-5.456942382812500000e+03
-5.464029296875000000e+03
-5.463895996093750000e+03
-5.458555175781250000e+03
-5.463091308593750000e+03
-5.457136718750000000e+03
-5.464396484375000000e+03
-5.462881347656250000e+03
-5.455794433593750000e+03
-5.462920898437500000e+03
-5.463640136718750000e+03
-5.457242187500000000e+03
-5.461747558593750000e+03
-5.460250976562500000e+03
-5.463342773437500000e+03
-5.459971679687500000e+03
-5.460346191406250000e+03
-5.462183593750000000e+03
-5.462358398437500000e+03
-5.463513671875000000e+03
-5.456930175781250000e+03
-5.456915039062500000e+03
-5.462837890625000000e+03
-5.464110839843750000e+03
-5.458410156250000000e+03
-5.461284667968750000e+03
-5.464265625000000000e+03
-5.464244140625000000e+03
-5.462114257812500000e+03
-5.460291992187500000e+03
-5.460399414062500000e+03
-5.464576171875000000e+03
-5.463127929687500000e+03
-5.464033691406250000e+03
-5.463263671875000000e+03
-5.464435058593750000e+03
-5.461396484375000000e+03
-5.460861816406250000e+03
-5.458988281250000000e+03
-5.460787109375000000e+03
-5.460784667968750000e+03
-5.463385742187500000e+03
