# Variable: deviance
# Sample shape: (3000,)
# Date: 2018-05-02 16:47:14.090892
-1.162151875000000000e+05
-1.162173750000000000e+05
-1.162195156250000000e+05
-1.162187187500000000e+05
-1.162135156250000000e+05
-1.162167890625000000e+05
-1.162165312500000000e+05
-1.162172578125000000e+05
-1.162184531250000000e+05
-1.162194218750000000e+05
-1.162140468750000000e+05
-1.162184218750000000e+05
-1.162180468750000000e+05
-1.162177968750000000e+05
-1.162173593750000000e+05
-1.162168437500000000e+05
-1.162106562500000000e+05
-1.162177031250000000e+05
-1.162168828125000000e+05
-1.162194375000000000e+05
-1.162098125000000000e+05
-1.162132031250000000e+05
-1.162116796875000000e+05
-1.162173984375000000e+05
-1.162181015625000000e+05
-1.162189218750000000e+05
-1.162191640625000000e+05
-1.162179531250000000e+05
-1.162191718750000000e+05
-1.162164531250000000e+05
-1.162174843750000000e+05
-1.162172187500000000e+05
-1.162173281250000000e+05
-1.162158593750000000e+05
-1.162139609375000000e+05
-1.162175156250000000e+05
-1.162168125000000000e+05
-1.162193984375000000e+05
-1.162163125000000000e+05
-1.162178281250000000e+05
-1.162144218750000000e+05
-1.162161406250000000e+05
-1.162167734375000000e+05
-1.162172968750000000e+05
-1.162139687500000000e+05
-1.162172968750000000e+05
-1.162186406250000000e+05
-1.162171171875000000e+05
-1.162177812500000000e+05
-1.162187656250000000e+05
-1.162183593750000000e+05
-1.162157812500000000e+05
-1.162159375000000000e+05
-1.162141093750000000e+05
-1.162044921875000000e+05
-1.162153750000000000e+05
-1.162189453125000000e+05
-1.162167500000000000e+05
-1.162197343750000000e+05
-1.162196250000000000e+05
-1.162180156250000000e+05
-1.162143593750000000e+05
-1.162170234375000000e+05
-1.162184062500000000e+05
-1.162176640625000000e+05
-1.162152968750000000e+05
-1.162187968750000000e+05
-1.162143125000000000e+05
-1.162138593750000000e+05
-1.162187343750000000e+05
-1.162184921875000000e+05
-1.162138671875000000e+05
-1.162187265625000000e+05
-1.162180625000000000e+05
-1.162168984375000000e+05
-1.162174375000000000e+05
-1.162159375000000000e+05
-1.162196406250000000e+05
-1.162174687500000000e+05
-1.162115156250000000e+05
-1.162147109375000000e+05
-1.162164375000000000e+05
-1.162186562500000000e+05
-1.162192265625000000e+05
-1.162190234375000000e+05
-1.162167500000000000e+05
-1.162157109375000000e+05
-1.162141484375000000e+05
-1.162167968750000000e+05
-1.162188828125000000e+05
-1.162174140625000000e+05
-1.162197265625000000e+05
-1.162169453125000000e+05
-1.162186171875000000e+05
-1.162136250000000000e+05
-1.162146328125000000e+05
-1.162176093750000000e+05
-1.162166093750000000e+05
-1.162136406250000000e+05
-1.162195937500000000e+05
-1.162067734375000000e+05
-1.162195625000000000e+05
-1.162137656250000000e+05
-1.162192343750000000e+05
-1.162184609375000000e+05
-1.162179375000000000e+05
-1.162194062500000000e+05
-1.162179921875000000e+05
-1.162191484375000000e+05
-1.162181015625000000e+05
-1.162195937500000000e+05
-1.162147812500000000e+05
-1.162172578125000000e+05
-1.162194453125000000e+05
-1.162185468750000000e+05
-1.162170000000000000e+05
-1.162190234375000000e+05
-1.162189062500000000e+05
-1.162190937500000000e+05
-1.162143203125000000e+05
-1.162164843750000000e+05
-1.162161406250000000e+05
-1.162141562500000000e+05
-1.162187343750000000e+05
-1.162166171875000000e+05
-1.162174140625000000e+05
-1.162159218750000000e+05
-1.162168750000000000e+05
-1.162166718750000000e+05
-1.162143984375000000e+05
-1.162136328125000000e+05
-1.162176875000000000e+05
-1.162160156250000000e+05
-1.162166484375000000e+05
-1.162160156250000000e+05
-1.162195468750000000e+05
-1.162177031250000000e+05
-1.162172187500000000e+05
-1.162185156250000000e+05
-1.162191250000000000e+05
-1.162161718750000000e+05
-1.162183437500000000e+05
-1.162187500000000000e+05
-1.162164921875000000e+05
-1.162191328125000000e+05
-1.162188593750000000e+05
-1.162180703125000000e+05
-1.162181796875000000e+05
-1.162186484375000000e+05
-1.162137734375000000e+05
-1.162186562500000000e+05
-1.162098437500000000e+05
-1.162187656250000000e+05
-1.162197031250000000e+05
-1.162182187500000000e+05
-1.162139687500000000e+05
-1.162176015625000000e+05
-1.162184375000000000e+05
-1.162191875000000000e+05
-1.162175625000000000e+05
-1.162162421875000000e+05
-1.162038906250000000e+05
-1.162175625000000000e+05
-1.162057812500000000e+05
-1.162189453125000000e+05
-1.162144765625000000e+05
-1.162154531250000000e+05
-1.162142968750000000e+05
-1.162170781250000000e+05
-1.162132343750000000e+05
-1.162156875000000000e+05
-1.162142031250000000e+05
-1.162184531250000000e+05
-1.162126171875000000e+05
-1.162180312500000000e+05
-1.162195703125000000e+05
-1.162191250000000000e+05
-1.162169687500000000e+05
-1.162194218750000000e+05
-1.162093984375000000e+05
-1.162183906250000000e+05
-1.162179296875000000e+05
-1.162161640625000000e+05
-1.162180781250000000e+05
-1.162132812500000000e+05
-1.162163203125000000e+05
-1.162118906250000000e+05
-1.162119375000000000e+05
-1.162177265625000000e+05
-1.162178437500000000e+05
-1.162184375000000000e+05
-1.162177656250000000e+05
-1.162185703125000000e+05
-1.162160234375000000e+05
-1.162188906250000000e+05
-1.162179531250000000e+05
-1.162155156250000000e+05
-1.162172968750000000e+05
-1.162187578125000000e+05
-1.162183906250000000e+05
-1.162171406250000000e+05
-1.162195937500000000e+05
-1.162184218750000000e+05
-1.162154531250000000e+05
-1.162176640625000000e+05
-1.162190546875000000e+05
-1.162179375000000000e+05
-1.162097656250000000e+05
-1.162164140625000000e+05
-1.162188984375000000e+05
-1.162150468750000000e+05
-1.162170156250000000e+05
-1.162190000000000000e+05
-1.162164218750000000e+05
-1.162170625000000000e+05
-1.162170468750000000e+05
-1.162158671875000000e+05
-1.162068125000000000e+05
-1.162193203125000000e+05
-1.162173359375000000e+05
-1.162171875000000000e+05
-1.162145625000000000e+05
-1.162179531250000000e+05
-1.162190312500000000e+05
-1.162182343750000000e+05
-1.162141406250000000e+05
-1.162176562500000000e+05
-1.162168281250000000e+05
-1.162178046875000000e+05
-1.162197734375000000e+05
-1.162182968750000000e+05
-1.162174687500000000e+05
-1.162121328125000000e+05
-1.162187343750000000e+05
-1.162156953125000000e+05
-1.162187734375000000e+05
-1.162122187500000000e+05
-1.162176796875000000e+05
-1.162146093750000000e+05
-1.162171250000000000e+05
-1.162197656250000000e+05
-1.162173046875000000e+05
-1.162176953125000000e+05
-1.162180937500000000e+05
-1.162170546875000000e+05
-1.162194062500000000e+05
-1.162193906250000000e+05
-1.162189687500000000e+05
-1.162179375000000000e+05
-1.162168750000000000e+05
-1.162091406250000000e+05
-1.162033437500000000e+05
-1.162185546875000000e+05
-1.162169140625000000e+05
-1.162186093750000000e+05
-1.162144531250000000e+05
-1.162173046875000000e+05
-1.162173359375000000e+05
-1.162162890625000000e+05
-1.162182421875000000e+05
-1.162158984375000000e+05
-1.162170468750000000e+05
-1.162184296875000000e+05
-1.162167812500000000e+05
-1.162190390625000000e+05
-1.162197031250000000e+05
-1.162180468750000000e+05
-1.162167656250000000e+05
-1.162151718750000000e+05
-1.162188046875000000e+05
-1.162121171875000000e+05
-1.162185468750000000e+05
-1.162143984375000000e+05
-1.162188125000000000e+05
-1.162187500000000000e+05
-1.162173437500000000e+05
-1.162169453125000000e+05
-1.162191796875000000e+05
-1.162189843750000000e+05
-1.162170468750000000e+05
-1.162174140625000000e+05
-1.162162656250000000e+05
-1.162148281250000000e+05
-1.162171250000000000e+05
-1.162180390625000000e+05
-1.162159062500000000e+05
-1.162153203125000000e+05
-1.162139609375000000e+05
-1.162175703125000000e+05
-1.162192421875000000e+05
-1.162172812500000000e+05
-1.162185000000000000e+05
-1.162176171875000000e+05
-1.162187265625000000e+05
-1.162164140625000000e+05
-1.162177343750000000e+05
-1.162139062500000000e+05
-1.162170078125000000e+05
-1.162188671875000000e+05
-1.162133593750000000e+05
-1.162186562500000000e+05
-1.162164218750000000e+05
-1.162193593750000000e+05
-1.162178281250000000e+05
-1.162106796875000000e+05
-1.162155468750000000e+05
-1.162187500000000000e+05
-1.162189609375000000e+05
-1.162191093750000000e+05
-1.162142656250000000e+05
-1.162131093750000000e+05
-1.162154843750000000e+05
-1.162115937500000000e+05
-1.162164375000000000e+05
-1.162172578125000000e+05
-1.162165312500000000e+05
-1.162177031250000000e+05
-1.162155312500000000e+05
-1.162159921875000000e+05
-1.162160000000000000e+05
-1.162188203125000000e+05
-1.162176484375000000e+05
-1.162159609375000000e+05
-1.162163750000000000e+05
-1.162122109375000000e+05
-1.162140625000000000e+05
-1.162164687500000000e+05
-1.162151562500000000e+05
-1.162192890625000000e+05
-1.162189531250000000e+05
-1.162132656250000000e+05
-1.162196718750000000e+05
-1.162177578125000000e+05
-1.162158203125000000e+05
-1.162177031250000000e+05
-1.162108593750000000e+05
-1.162143984375000000e+05
-1.162169687500000000e+05
-1.162150937500000000e+05
-1.162168671875000000e+05
-1.162174296875000000e+05
-1.162179453125000000e+05
-1.162145390625000000e+05
-1.162164375000000000e+05
-1.162189531250000000e+05
-1.162194609375000000e+05
-1.162197187500000000e+05
-1.162091406250000000e+05
-1.162194531250000000e+05
-1.162140625000000000e+05
-1.162182968750000000e+05
-1.162183281250000000e+05
-1.162184140625000000e+05
-1.162176562500000000e+05
-1.162151093750000000e+05
-1.162179453125000000e+05
-1.162164062500000000e+05
-1.162179687500000000e+05
-1.162175625000000000e+05
-1.162158281250000000e+05
-1.162114062500000000e+05
-1.162160859375000000e+05
-1.162123750000000000e+05
-1.162193359375000000e+05
-1.162167031250000000e+05
-1.162189687500000000e+05
-1.162170078125000000e+05
-1.162177421875000000e+05
-1.162177343750000000e+05
-1.162186406250000000e+05
-1.162187656250000000e+05
-1.162162812500000000e+05
-1.162161250000000000e+05
-1.162132968750000000e+05
-1.162149218750000000e+05
-1.162178515625000000e+05
-1.162192578125000000e+05
-1.162179218750000000e+05
-1.162134140625000000e+05
-1.162192500000000000e+05
-1.162181250000000000e+05
-1.162128906250000000e+05
-1.162174062500000000e+05
-1.162160703125000000e+05
-1.162171640625000000e+05
-1.162167500000000000e+05
-1.162159921875000000e+05
-1.162192968750000000e+05
-1.162184843750000000e+05
-1.162188906250000000e+05
-1.162178203125000000e+05
-1.162149062500000000e+05
-1.162140000000000000e+05
-1.162191093750000000e+05
-1.162192265625000000e+05
-1.162148203125000000e+05
-1.162174140625000000e+05
-1.162141875000000000e+05
-1.162191640625000000e+05
-1.162183437500000000e+05
-1.162177500000000000e+05
-1.162117968750000000e+05
-1.162186171875000000e+05
-1.162187109375000000e+05
-1.162173437500000000e+05
-1.162162656250000000e+05
-1.162106718750000000e+05
-1.162127890625000000e+05
-1.162173671875000000e+05
-1.162168437500000000e+05
-1.162184843750000000e+05
-1.162142890625000000e+05
-1.162164921875000000e+05
-1.162175703125000000e+05
-1.162157578125000000e+05
-1.162154609375000000e+05
-1.162113125000000000e+05
-1.162154140625000000e+05
-1.162192109375000000e+05
-1.162142968750000000e+05
-1.162179843750000000e+05
-1.162165312500000000e+05
-1.162172968750000000e+05
-1.162093593750000000e+05
-1.162154921875000000e+05
-1.162173906250000000e+05
-1.162120468750000000e+05
-1.162189843750000000e+05
-1.162180781250000000e+05
-1.162187968750000000e+05
-1.162140859375000000e+05
-1.162130468750000000e+05
-1.162190468750000000e+05
-1.162198125000000000e+05
-1.162175625000000000e+05
-1.162179843750000000e+05
-1.162152734375000000e+05
-1.162176250000000000e+05
-1.162174687500000000e+05
-1.162124375000000000e+05
-1.162191250000000000e+05
-1.162145859375000000e+05
-1.162156562500000000e+05
-1.162173515625000000e+05
-1.162185625000000000e+05
-1.162196250000000000e+05
-1.162143750000000000e+05
-1.162159453125000000e+05
-1.162154609375000000e+05
-1.162181796875000000e+05
-1.162164687500000000e+05
-1.162185390625000000e+05
-1.162158125000000000e+05
-1.162179296875000000e+05
-1.162183671875000000e+05
-1.162143437500000000e+05
-1.162188828125000000e+05
-1.162171171875000000e+05
-1.162189609375000000e+05
-1.162194375000000000e+05
-1.162179218750000000e+05
-1.162191015625000000e+05
-1.162195234375000000e+05
-1.162167343750000000e+05
-1.162169843750000000e+05
-1.162196875000000000e+05
-1.162145312500000000e+05
-1.162094531250000000e+05
-1.162175312500000000e+05
-1.162184609375000000e+05
-1.162182500000000000e+05
-1.162180468750000000e+05
-1.162182343750000000e+05
-1.162162031250000000e+05
-1.162185390625000000e+05
-1.162012734375000000e+05
-1.162193906250000000e+05
-1.162115000000000000e+05
-1.162182656250000000e+05
-1.162158593750000000e+05
-1.162146015625000000e+05
-1.162160312500000000e+05
-1.162187812500000000e+05
-1.162171250000000000e+05
-1.162189687500000000e+05
-1.162170312500000000e+05
-1.162187812500000000e+05
-1.162169921875000000e+05
-1.162150312500000000e+05
-1.162195234375000000e+05
-1.162127187500000000e+05
-1.162101953125000000e+05
-1.162176328125000000e+05
-1.162189531250000000e+05
-1.162115546875000000e+05
-1.162160937500000000e+05
-1.162188515625000000e+05
-1.162178359375000000e+05
-1.162191875000000000e+05
-1.162195703125000000e+05
-1.162161875000000000e+05
-1.162194218750000000e+05
-1.162196718750000000e+05
-1.162188046875000000e+05
-1.162165703125000000e+05
-1.162154296875000000e+05
-1.162161250000000000e+05
-1.162155468750000000e+05
-1.162178359375000000e+05
-1.162154687500000000e+05
-1.162131406250000000e+05
-1.162178437500000000e+05
-1.162159531250000000e+05
-1.162192421875000000e+05
-1.162180000000000000e+05
-1.162143906250000000e+05
-1.162136875000000000e+05
-1.162157421875000000e+05
-1.162192578125000000e+05
-1.162190468750000000e+05
-1.162161953125000000e+05
-1.162164296875000000e+05
-1.162147500000000000e+05
-1.162172265625000000e+05
-1.162174843750000000e+05
-1.162119218750000000e+05
-1.162183984375000000e+05
-1.162190937500000000e+05
-1.162147968750000000e+05
-1.162182187500000000e+05
-1.162181875000000000e+05
-1.162149531250000000e+05
-1.162175781250000000e+05
-1.162166562500000000e+05
-1.162184062500000000e+05
-1.162159687500000000e+05
-1.162174140625000000e+05
-1.162186953125000000e+05
-1.162188281250000000e+05
-1.162158906250000000e+05
-1.162173281250000000e+05
-1.162165312500000000e+05
-1.162177265625000000e+05
-1.162139375000000000e+05
-1.162130312500000000e+05
-1.162180156250000000e+05
-1.162189531250000000e+05
-1.162175156250000000e+05
-1.162181406250000000e+05
-1.162186093750000000e+05
-1.162182343750000000e+05
-1.162140390625000000e+05
-1.162187578125000000e+05
-1.162128906250000000e+05
-1.162171328125000000e+05
-1.162173203125000000e+05
-1.162145781250000000e+05
-1.162152812500000000e+05
-1.162194218750000000e+05
-1.162187343750000000e+05
-1.162171406250000000e+05
-1.162187265625000000e+05
-1.162130156250000000e+05
-1.162184375000000000e+05
-1.162194062500000000e+05
-1.162140312500000000e+05
-1.162153750000000000e+05
-1.162151015625000000e+05
-1.162177109375000000e+05
-1.162183984375000000e+05
-1.162141250000000000e+05
-1.162148984375000000e+05
-1.162160000000000000e+05
-1.162151796875000000e+05
-1.162172265625000000e+05
-1.162165859375000000e+05
-1.162177031250000000e+05
-1.162194765625000000e+05
-1.162195000000000000e+05
-1.162161562500000000e+05
-1.162169140625000000e+05
-1.162167656250000000e+05
-1.162165078125000000e+05
-1.162151093750000000e+05
-1.162192187500000000e+05
-1.162172968750000000e+05
-1.162165781250000000e+05
-1.162148515625000000e+05
-1.162151640625000000e+05
-1.162194218750000000e+05
-1.162177265625000000e+05
-1.162171640625000000e+05
-1.162192578125000000e+05
-1.162183359375000000e+05
-1.162183750000000000e+05
-1.162182343750000000e+05
-1.162193593750000000e+05
-1.162148906250000000e+05
-1.162162265625000000e+05
-1.162159296875000000e+05
-1.162192187500000000e+05
-1.162190312500000000e+05
-1.162135000000000000e+05
-1.162190781250000000e+05
-1.162176406250000000e+05
-1.162173906250000000e+05
-1.162131796875000000e+05
-1.162170156250000000e+05
-1.162095312500000000e+05
-1.162172656250000000e+05
-1.162150468750000000e+05
-1.162152187500000000e+05
-1.162180390625000000e+05
-1.162132968750000000e+05
-1.162141718750000000e+05
-1.162182812500000000e+05
-1.162180156250000000e+05
-1.162163750000000000e+05
-1.162177187500000000e+05
-1.162131406250000000e+05
-1.162174218750000000e+05
-1.162162265625000000e+05
-1.162185312500000000e+05
-1.162119062500000000e+05
-1.162088984375000000e+05
-1.162114531250000000e+05
-1.162143046875000000e+05
-1.162183437500000000e+05
-1.162196953125000000e+05
-1.162178281250000000e+05
-1.162181328125000000e+05
-1.162161093750000000e+05
-1.162172109375000000e+05
-1.162187968750000000e+05
-1.162188671875000000e+05
-1.162162656250000000e+05
-1.162152656250000000e+05
-1.162124218750000000e+05
-1.162170625000000000e+05
-1.162196250000000000e+05
-1.162187031250000000e+05
-1.162186875000000000e+05
-1.162184453125000000e+05
-1.162087890625000000e+05
-1.162194765625000000e+05
-1.162191093750000000e+05
-1.162177968750000000e+05
-1.162152421875000000e+05
-1.162165312500000000e+05
-1.162183281250000000e+05
-1.162142656250000000e+05
-1.162182031250000000e+05
-1.162183281250000000e+05
-1.162163593750000000e+05
-1.162190000000000000e+05
-1.162192343750000000e+05
-1.162194687500000000e+05
-1.162156953125000000e+05
-1.162150468750000000e+05
-1.162178437500000000e+05
-1.162113593750000000e+05
-1.162167343750000000e+05
-1.162077421875000000e+05
-1.162186093750000000e+05
-1.162177187500000000e+05
-1.162177421875000000e+05
-1.162191953125000000e+05
-1.162180703125000000e+05
-1.162194062500000000e+05
-1.162187500000000000e+05
-1.162152031250000000e+05
-1.162193437500000000e+05
-1.162149375000000000e+05
-1.162118437500000000e+05
-1.162186171875000000e+05
-1.162158046875000000e+05
-1.162170000000000000e+05
-1.162132968750000000e+05
-1.162154765625000000e+05
-1.162161015625000000e+05
-1.162137031250000000e+05
-1.162189843750000000e+05
-1.162182109375000000e+05
-1.162166093750000000e+05
-1.162190937500000000e+05
-1.162185781250000000e+05
-1.162157656250000000e+05
-1.162188906250000000e+05
-1.162179531250000000e+05
-1.162166171875000000e+05
-1.162147578125000000e+05
-1.162191875000000000e+05
-1.162150078125000000e+05
-1.162191875000000000e+05
-1.162159843750000000e+05
-1.162186093750000000e+05
-1.162153203125000000e+05
-1.162192578125000000e+05
-1.162141406250000000e+05
-1.162161718750000000e+05
-1.162132265625000000e+05
-1.162193125000000000e+05
-1.162185312500000000e+05
-1.162182812500000000e+05
-1.162152968750000000e+05
-1.162172812500000000e+05
-1.162144765625000000e+05
-1.162172343750000000e+05
-1.162180000000000000e+05
-1.162181250000000000e+05
-1.162179531250000000e+05
-1.162126640625000000e+05
-1.162189375000000000e+05
-1.162128906250000000e+05
-1.162174062500000000e+05
-1.162183046875000000e+05
-1.162123359375000000e+05
-1.162184609375000000e+05
-1.162099218750000000e+05
-1.162193125000000000e+05
-1.162178828125000000e+05
-1.162182500000000000e+05
-1.162170781250000000e+05
-1.162187578125000000e+05
-1.162185625000000000e+05
-1.162141953125000000e+05
-1.162178906250000000e+05
-1.162129765625000000e+05
-1.162121562500000000e+05
-1.162177890625000000e+05
-1.162154375000000000e+05
-1.162197812500000000e+05
-1.162155000000000000e+05
-1.162163125000000000e+05
-1.162163281250000000e+05
-1.162172421875000000e+05
-1.162169375000000000e+05
-1.162173125000000000e+05
-1.162186718750000000e+05
-1.162167500000000000e+05
-1.162181250000000000e+05
-1.162191406250000000e+05
-1.162172265625000000e+05
-1.162107500000000000e+05
-1.162137890625000000e+05
-1.162173906250000000e+05
-1.162197500000000000e+05
-1.162186328125000000e+05
-1.162124062500000000e+05
-1.162105312500000000e+05
-1.162175156250000000e+05
-1.162181953125000000e+05
-1.162152343750000000e+05
-1.162171484375000000e+05
-1.162125078125000000e+05
-1.162172656250000000e+05
-1.162186406250000000e+05
-1.162152578125000000e+05
-1.162193203125000000e+05
-1.162179843750000000e+05
-1.162162187500000000e+05
-1.162170859375000000e+05
-1.162189609375000000e+05
-1.162168515625000000e+05
-1.162176640625000000e+05
-1.162161093750000000e+05
-1.162192109375000000e+05
-1.162143593750000000e+05
-1.162175468750000000e+05
-1.162159687500000000e+05
-1.162196718750000000e+05
-1.162137031250000000e+05
-1.162165156250000000e+05
-1.162178750000000000e+05
-1.162123828125000000e+05
-1.162186406250000000e+05
-1.162163125000000000e+05
-1.162158750000000000e+05
-1.162172656250000000e+05
-1.162195937500000000e+05
-1.162163046875000000e+05
-1.162183437500000000e+05
-1.162162500000000000e+05
-1.162088515625000000e+05
-1.162192812500000000e+05
-1.162183906250000000e+05
-1.162195937500000000e+05
-1.162182265625000000e+05
-1.162183593750000000e+05
-1.162180781250000000e+05
-1.162191953125000000e+05
-1.162195781250000000e+05
-1.162157968750000000e+05
-1.162174296875000000e+05
-1.162178906250000000e+05
-1.162178359375000000e+05
-1.162188906250000000e+05
-1.162162734375000000e+05
-1.162146015625000000e+05
-1.162150078125000000e+05
-1.162163281250000000e+05
-1.162166093750000000e+05
-1.162178593750000000e+05
-1.162181406250000000e+05
-1.162194921875000000e+05
-1.162159687500000000e+05
-1.162184062500000000e+05
-1.162194609375000000e+05
-1.162165625000000000e+05
-1.162186328125000000e+05
-1.162193515625000000e+05
-1.162180390625000000e+05
-1.162146562500000000e+05
-1.162179609375000000e+05
-1.162128281250000000e+05
-1.162182031250000000e+05
-1.162194531250000000e+05
-1.162145390625000000e+05
-1.162137421875000000e+05
-1.162197812500000000e+05
-1.162162421875000000e+05
-1.162183437500000000e+05
-1.162157421875000000e+05
-1.162173515625000000e+05
-1.162183125000000000e+05
-1.162168437500000000e+05
-1.162101875000000000e+05
-1.162107343750000000e+05
-1.162139218750000000e+05
-1.162162812500000000e+05
-1.162157578125000000e+05
-1.162185937500000000e+05
-1.162176015625000000e+05
-1.162153671875000000e+05
-1.162126640625000000e+05
-1.162169531250000000e+05
-1.162176015625000000e+05
-1.162165625000000000e+05
-1.162192656250000000e+05
-1.162138125000000000e+05
-1.162183125000000000e+05
-1.162170078125000000e+05
-1.162176562500000000e+05
-1.162197031250000000e+05
-1.162178750000000000e+05
-1.162191484375000000e+05
-1.162154843750000000e+05
-1.162192812500000000e+05
-1.162162656250000000e+05
-1.162177187500000000e+05
-1.162141250000000000e+05
-1.162173359375000000e+05
-1.162058828125000000e+05
-1.162170859375000000e+05
-1.162144609375000000e+05
-1.162156875000000000e+05
-1.162197109375000000e+05
-1.162162187500000000e+05
-1.162174375000000000e+05
-1.162184531250000000e+05
-1.162190312500000000e+05
-1.162164140625000000e+05
-1.162182656250000000e+05
-1.162138281250000000e+05
-1.162155937500000000e+05
-1.162193203125000000e+05
-1.162172968750000000e+05
-1.162180703125000000e+05
-1.162183593750000000e+05
-1.162177031250000000e+05
-1.162192968750000000e+05
-1.162111796875000000e+05
-1.162179843750000000e+05
-1.162177265625000000e+05
-1.162159140625000000e+05
-1.162159062500000000e+05
-1.162180468750000000e+05
-1.162187109375000000e+05
-1.162193203125000000e+05
-1.162178203125000000e+05
-1.162171328125000000e+05
-1.162130859375000000e+05
-1.162166171875000000e+05
-1.162172500000000000e+05
-1.162188671875000000e+05
-1.162184062500000000e+05
-1.162189609375000000e+05
-1.162168593750000000e+05
-1.162171484375000000e+05
-1.162145312500000000e+05
-1.162170625000000000e+05
-1.162175781250000000e+05
-1.162175625000000000e+05
-1.162197031250000000e+05
-1.162118828125000000e+05
-1.162152187500000000e+05
-1.162187500000000000e+05
-1.162191562500000000e+05
-1.162176093750000000e+05
-1.162192812500000000e+05
-1.162112343750000000e+05
-1.162173046875000000e+05
-1.162179453125000000e+05
-1.162181562500000000e+05
-1.162182500000000000e+05
-1.162182578125000000e+05
-1.162180390625000000e+05
-1.162154765625000000e+05
-1.162154062500000000e+05
-1.162154375000000000e+05
-1.162142343750000000e+05
-1.162132343750000000e+05
-1.162194531250000000e+05
-1.162163046875000000e+05
-1.162155156250000000e+05
-1.162168203125000000e+05
-1.162155781250000000e+05
-1.162190078125000000e+05
-1.162170625000000000e+05
-1.162184531250000000e+05
-1.162184531250000000e+05
-1.162186718750000000e+05
-1.162185546875000000e+05
-1.162188593750000000e+05
-1.162195312500000000e+05
-1.162116406250000000e+05
-1.162171562500000000e+05
-1.162180781250000000e+05
-1.162113359375000000e+05
-1.162150234375000000e+05
-1.162179140625000000e+05
-1.162182265625000000e+05
-1.162185468750000000e+05
-1.162135390625000000e+05
-1.162135156250000000e+05
-1.162193593750000000e+05
-1.162183828125000000e+05
-1.162159843750000000e+05
-1.162175703125000000e+05
-1.162088437500000000e+05
-1.162142968750000000e+05
-1.162184609375000000e+05
-1.162154921875000000e+05
-1.162145234375000000e+05
-1.162175000000000000e+05
-1.162190546875000000e+05
-1.162177343750000000e+05
-1.162132890625000000e+05
-1.162140703125000000e+05
-1.162192343750000000e+05
-1.162151953125000000e+05
-1.162182968750000000e+05
-1.162197031250000000e+05
-1.162192500000000000e+05
-1.162183281250000000e+05
-1.162090312500000000e+05
-1.162166640625000000e+05
-1.162154062500000000e+05
-1.162172968750000000e+05
-1.162185234375000000e+05
-1.162194843750000000e+05
-1.162134453125000000e+05
-1.162183593750000000e+05
-1.162149375000000000e+05
-1.162163906250000000e+05
-1.162155703125000000e+05
-1.162172968750000000e+05
-1.162188359375000000e+05
-1.162157812500000000e+05
-1.162094062500000000e+05
-1.162153984375000000e+05
-1.162166093750000000e+05
-1.162114765625000000e+05
-1.162174765625000000e+05
-1.162186484375000000e+05
-1.162156718750000000e+05
-1.162182812500000000e+05
-1.162153984375000000e+05
-1.162175546875000000e+05
-1.162182500000000000e+05
-1.162181406250000000e+05
-1.162167031250000000e+05
-1.162182187500000000e+05
-1.162192734375000000e+05
-1.162177031250000000e+05
-1.162177109375000000e+05
-1.162193359375000000e+05
-1.162164296875000000e+05
-1.162180703125000000e+05
-1.162196562500000000e+05
-1.162186406250000000e+05
-1.162114375000000000e+05
-1.162184140625000000e+05
-1.162173281250000000e+05
-1.162138046875000000e+05
-1.162189296875000000e+05
-1.162175625000000000e+05
-1.162185156250000000e+05
-1.162190625000000000e+05
-1.162168906250000000e+05
-1.162178906250000000e+05
-1.162170937500000000e+05
-1.162175468750000000e+05
-1.162197031250000000e+05
-1.162116250000000000e+05
-1.162193203125000000e+05
-1.162148281250000000e+05
-1.162133203125000000e+05
-1.162179062500000000e+05
-1.162168906250000000e+05
-1.162159921875000000e+05
-1.162195156250000000e+05
-1.162176640625000000e+05
-1.162181953125000000e+05
-1.162164453125000000e+05
-1.162180781250000000e+05
-1.162178125000000000e+05
-1.162184062500000000e+05
-1.162162343750000000e+05
-1.162190625000000000e+05
-1.162190703125000000e+05
-1.162197812500000000e+05
-1.162140625000000000e+05
-1.162135156250000000e+05
-1.162149531250000000e+05
-1.162082890625000000e+05
-1.162163281250000000e+05
-1.162195078125000000e+05
-1.162192656250000000e+05
-1.162162031250000000e+05
-1.162175000000000000e+05
-1.162158203125000000e+05
-1.162168828125000000e+05
-1.162191562500000000e+05
-1.162169062500000000e+05
-1.162182812500000000e+05
-1.162188437500000000e+05
-1.162195625000000000e+05
-1.162153203125000000e+05
-1.162041875000000000e+05
-1.162195468750000000e+05
-1.162174843750000000e+05
-1.162142968750000000e+05
-1.162160078125000000e+05
-1.162111406250000000e+05
-1.162185312500000000e+05
-1.162184843750000000e+05
-1.162151718750000000e+05
-1.162169375000000000e+05
-1.162117421875000000e+05
-1.162164765625000000e+05
-1.162186640625000000e+05
-1.162182812500000000e+05
-1.162180156250000000e+05
-1.162143437500000000e+05
-1.162186953125000000e+05
-1.162175156250000000e+05
-1.162179218750000000e+05
-1.162191640625000000e+05
-1.162162812500000000e+05
-1.162194375000000000e+05
-1.162177968750000000e+05
-1.162183125000000000e+05
-1.162181093750000000e+05
-1.162177265625000000e+05
-1.162159375000000000e+05
-1.162196484375000000e+05
-1.162196015625000000e+05
-1.162185937500000000e+05
-1.162177734375000000e+05
-1.162163203125000000e+05
-1.162128437500000000e+05
-1.162172968750000000e+05
-1.162182890625000000e+05
-1.162192031250000000e+05
-1.162148750000000000e+05
-1.162151093750000000e+05
-1.162173437500000000e+05
-1.162177890625000000e+05
-1.162168281250000000e+05
-1.162187734375000000e+05
-1.162196093750000000e+05
-1.162183906250000000e+05
-1.162133359375000000e+05
-1.162194375000000000e+05
-1.162184062500000000e+05
-1.162174296875000000e+05
-1.162194140625000000e+05
-1.162190781250000000e+05
-1.162143203125000000e+05
-1.162163281250000000e+05
-1.162161718750000000e+05
-1.162184375000000000e+05
-1.162173437500000000e+05
-1.162139843750000000e+05
-1.162182109375000000e+05
-1.162184531250000000e+05
-1.162174531250000000e+05
-1.162187656250000000e+05
-1.162157890625000000e+05
-1.162182656250000000e+05
-1.162109375000000000e+05
-1.162187500000000000e+05
-1.162177500000000000e+05
-1.162181406250000000e+05
-1.162119687500000000e+05
-1.162191171875000000e+05
-1.162168906250000000e+05
-1.162129687500000000e+05
-1.162172500000000000e+05
-1.162164218750000000e+05
-1.162182031250000000e+05
-1.162152187500000000e+05
-1.162174296875000000e+05
-1.162191718750000000e+05
-1.162186171875000000e+05
-1.162092109375000000e+05
-1.162054140625000000e+05
-1.162197343750000000e+05
-1.162168671875000000e+05
-1.162172656250000000e+05
-1.162188046875000000e+05
-1.162191406250000000e+05
-1.162191640625000000e+05
-1.162182265625000000e+05
-1.162170468750000000e+05
-1.162170000000000000e+05
-1.162179921875000000e+05
-1.162174218750000000e+05
-1.162191171875000000e+05
-1.162177578125000000e+05
-1.162181796875000000e+05
-1.162183281250000000e+05
-1.162189531250000000e+05
-1.162194687500000000e+05
-1.162155312500000000e+05
-1.162127343750000000e+05
-1.162191796875000000e+05
-1.162164062500000000e+05
-1.162193281250000000e+05
-1.162158281250000000e+05
-1.162167343750000000e+05
-1.162172265625000000e+05
-1.162156250000000000e+05
-1.162088203125000000e+05
-1.162170000000000000e+05
-1.162183125000000000e+05
-1.162189062500000000e+05
-1.162174843750000000e+05
-1.162190859375000000e+05
-1.162193125000000000e+05
-1.162175468750000000e+05
-1.162179062500000000e+05
-1.162178203125000000e+05
-1.162161796875000000e+05
-1.162197656250000000e+05
-1.162192031250000000e+05
-1.162133984375000000e+05
-1.162175390625000000e+05
-1.162159843750000000e+05
-1.162173750000000000e+05
-1.162155937500000000e+05
-1.162175546875000000e+05
-1.162178203125000000e+05
-1.162160781250000000e+05
-1.162194453125000000e+05
-1.162184765625000000e+05
-1.162142109375000000e+05
-1.162170937500000000e+05
-1.162148828125000000e+05
-1.162170625000000000e+05
-1.162175937500000000e+05
-1.162170937500000000e+05
-1.162193984375000000e+05
-1.162149531250000000e+05
-1.162128593750000000e+05
-1.162166796875000000e+05
-1.162178671875000000e+05
-1.162191796875000000e+05
-1.162184921875000000e+05
-1.162185937500000000e+05
-1.162197734375000000e+05
-1.162160078125000000e+05
-1.162135156250000000e+05
-1.162174218750000000e+05
-1.162185312500000000e+05
-1.162147187500000000e+05
-1.162143125000000000e+05
-1.162171640625000000e+05
-1.162148984375000000e+05
-1.162196250000000000e+05
-1.162188906250000000e+05
-1.162132265625000000e+05
-1.162186406250000000e+05
-1.162176171875000000e+05
-1.162120937500000000e+05
-1.162144687500000000e+05
-1.162150390625000000e+05
-1.162162968750000000e+05
-1.162186171875000000e+05
-1.162190000000000000e+05
-1.162162265625000000e+05
-1.162169843750000000e+05
-1.162158515625000000e+05
-1.162165937500000000e+05
-1.162183906250000000e+05
-1.162192578125000000e+05
-1.162173281250000000e+05
-1.162078750000000000e+05
-1.162194531250000000e+05
-1.162148906250000000e+05
-1.162190468750000000e+05
-1.162181093750000000e+05
-1.162177109375000000e+05
-1.162150468750000000e+05
-1.162162500000000000e+05
-1.162191562500000000e+05
-1.162170625000000000e+05
-1.162164062500000000e+05
-1.162151171875000000e+05
-1.162161718750000000e+05
-1.162172812500000000e+05
-1.162174453125000000e+05
-1.162188359375000000e+05
-1.162175468750000000e+05
-1.162195625000000000e+05
-1.162155156250000000e+05
-1.162174062500000000e+05
-1.162168750000000000e+05
-1.162171328125000000e+05
-1.162185234375000000e+05
-1.162143437500000000e+05
-1.162183515625000000e+05
-1.162196562500000000e+05
-1.162150625000000000e+05
-1.162174140625000000e+05
-1.162175546875000000e+05
-1.162128046875000000e+05
-1.162174687500000000e+05
-1.162169687500000000e+05
-1.162171406250000000e+05
-1.162137812500000000e+05
-1.162179375000000000e+05
-1.162196171875000000e+05
-1.162189687500000000e+05
-1.162167343750000000e+05
-1.162167421875000000e+05
-1.162181875000000000e+05
-1.162167031250000000e+05
-1.162194453125000000e+05
-1.162185000000000000e+05
-1.162158515625000000e+05
-1.162140078125000000e+05
-1.162123828125000000e+05
-1.162193125000000000e+05
-1.162193750000000000e+05
-1.162170234375000000e+05
-1.162176250000000000e+05
-1.162190546875000000e+05
-1.162195546875000000e+05
-1.162185937500000000e+05
-1.162186562500000000e+05
-1.162163046875000000e+05
-1.162154375000000000e+05
-1.162180312500000000e+05
-1.162183984375000000e+05
-1.162179609375000000e+05
-1.162185078125000000e+05
-1.162177343750000000e+05
-1.162099062500000000e+05
-1.162158281250000000e+05
-1.162182968750000000e+05
-1.162184218750000000e+05
-1.162184140625000000e+05
-1.162182343750000000e+05
-1.162161093750000000e+05
-1.162102109375000000e+05
-1.162172031250000000e+05
-1.162176875000000000e+05
-1.162151406250000000e+05
-1.162164843750000000e+05
-1.162186171875000000e+05
-1.162195156250000000e+05
-1.162156328125000000e+05
-1.162153437500000000e+05
-1.162135000000000000e+05
-1.162185625000000000e+05
-1.162163750000000000e+05
-1.162166093750000000e+05
-1.162173437500000000e+05
-1.162170546875000000e+05
-1.162177968750000000e+05
-1.162192500000000000e+05
-1.162157812500000000e+05
-1.162194843750000000e+05
-1.162194687500000000e+05
-1.162175546875000000e+05
-1.162157656250000000e+05
-1.162147187500000000e+05
-1.162187500000000000e+05
-1.162109062500000000e+05
-1.162176718750000000e+05
-1.162150000000000000e+05
-1.162156796875000000e+05
-1.162172500000000000e+05
-1.162197968750000000e+05
-1.162192734375000000e+05
-1.162174296875000000e+05
-1.162143281250000000e+05
-1.162187812500000000e+05
-1.162174531250000000e+05
-1.162155937500000000e+05
-1.162167265625000000e+05
-1.162191875000000000e+05
-1.162174453125000000e+05
-1.162129531250000000e+05
-1.162099921875000000e+05
-1.162159921875000000e+05
-1.162146171875000000e+05
-1.162188750000000000e+05
-1.162184062500000000e+05
-1.162186250000000000e+05
-1.162139843750000000e+05
-1.162186875000000000e+05
-1.162175000000000000e+05
-1.162151406250000000e+05
-1.162164531250000000e+05
-1.162178281250000000e+05
-1.162140312500000000e+05
-1.162189296875000000e+05
-1.162162109375000000e+05
-1.162146718750000000e+05
-1.162177343750000000e+05
-1.162153281250000000e+05
-1.162195312500000000e+05
-1.162163515625000000e+05
-1.162105937500000000e+05
-1.162144843750000000e+05
-1.162178906250000000e+05
-1.162179843750000000e+05
-1.162150000000000000e+05
-1.162186406250000000e+05
-1.162097656250000000e+05
-1.162150156250000000e+05
-1.162196328125000000e+05
-1.162180625000000000e+05
-1.162178593750000000e+05
-1.162197656250000000e+05
-1.162165078125000000e+05
-1.162117890625000000e+05
-1.162166796875000000e+05
-1.162189843750000000e+05
-1.162147343750000000e+05
-1.162176171875000000e+05
-1.162178750000000000e+05
-1.162146093750000000e+05
-1.162195468750000000e+05
-1.162180625000000000e+05
-1.162190937500000000e+05
-1.162176171875000000e+05
-1.162159140625000000e+05
-1.162151875000000000e+05
-1.162178750000000000e+05
-1.162127343750000000e+05
-1.162193281250000000e+05
-1.162185937500000000e+05
-1.162125156250000000e+05
-1.162185859375000000e+05
-1.162174765625000000e+05
-1.162162656250000000e+05
-1.162182656250000000e+05
-1.162179609375000000e+05
-1.162175546875000000e+05
-1.162195625000000000e+05
-1.162185468750000000e+05
-1.162194843750000000e+05
-1.162191640625000000e+05
-1.162190468750000000e+05
-1.162193750000000000e+05
-1.162169531250000000e+05
-1.162193593750000000e+05
-1.162196250000000000e+05
-1.162114296875000000e+05
-1.162174140625000000e+05
-1.162133281250000000e+05
-1.162134062500000000e+05
-1.162159218750000000e+05
-1.162166406250000000e+05
-1.162123593750000000e+05
-1.162184531250000000e+05
-1.162180781250000000e+05
-1.162174375000000000e+05
-1.162147265625000000e+05
-1.162197734375000000e+05
-1.162168750000000000e+05
-1.162156406250000000e+05
-1.162128515625000000e+05
-1.162178203125000000e+05
-1.162175937500000000e+05
-1.162138906250000000e+05
-1.162138125000000000e+05
-1.162192421875000000e+05
-1.162172734375000000e+05
-1.162186484375000000e+05
-1.162134765625000000e+05
-1.162168515625000000e+05
-1.162188593750000000e+05
-1.162163750000000000e+05
-1.162100000000000000e+05
-1.162186250000000000e+05
-1.162125000000000000e+05
-1.162172109375000000e+05
-1.162169218750000000e+05
-1.162196171875000000e+05
-1.162164218750000000e+05
-1.162170234375000000e+05
-1.162166015625000000e+05
-1.162153671875000000e+05
-1.162154140625000000e+05
-1.162022500000000000e+05
-1.162117968750000000e+05
-1.162186484375000000e+05
-1.162165000000000000e+05
-1.162133750000000000e+05
-1.162190703125000000e+05
-1.162166406250000000e+05
-1.162166875000000000e+05
-1.162185000000000000e+05
-1.162144140625000000e+05
-1.162139765625000000e+05
-1.162182421875000000e+05
-1.162146406250000000e+05
-1.162164218750000000e+05
-1.162194609375000000e+05
-1.162186718750000000e+05
-1.162179687500000000e+05
-1.162191640625000000e+05
-1.162183750000000000e+05
-1.162180937500000000e+05
-1.162182500000000000e+05
-1.162194062500000000e+05
-1.162165000000000000e+05
-1.162182343750000000e+05
-1.162178437500000000e+05
-1.162166093750000000e+05
-1.162138203125000000e+05
-1.162194140625000000e+05
-1.162141640625000000e+05
-1.162172421875000000e+05
-1.162136250000000000e+05
-1.162187500000000000e+05
-1.162186875000000000e+05
-1.162123281250000000e+05
-1.162184843750000000e+05
-1.162142265625000000e+05
-1.162180156250000000e+05
-1.162183906250000000e+05
-1.162131953125000000e+05
-1.162129531250000000e+05
-1.162172265625000000e+05
-1.162110937500000000e+05
-1.162164218750000000e+05
-1.162147812500000000e+05
-1.162166953125000000e+05
-1.162125390625000000e+05
-1.162161562500000000e+05
-1.162127187500000000e+05
-1.162188281250000000e+05
-1.162187109375000000e+05
-1.162078125000000000e+05
-1.162136093750000000e+05
-1.162190156250000000e+05
-1.162130390625000000e+05
-1.162167890625000000e+05
-1.162179296875000000e+05
-1.162127265625000000e+05
-1.162197421875000000e+05
-1.162160937500000000e+05
-1.162144375000000000e+05
-1.162174375000000000e+05
-1.162149687500000000e+05
-1.162153359375000000e+05
-1.162150937500000000e+05
-1.162183906250000000e+05
-1.162186953125000000e+05
-1.162186953125000000e+05
-1.162184375000000000e+05
-1.162176640625000000e+05
-1.162177187500000000e+05
-1.162179218750000000e+05
-1.162187109375000000e+05
-1.162100312500000000e+05
-1.162140312500000000e+05
-1.162186250000000000e+05
-1.162162812500000000e+05
-1.162154687500000000e+05
-1.162161171875000000e+05
-1.162190312500000000e+05
-1.162171171875000000e+05
-1.162169140625000000e+05
-1.162139062500000000e+05
-1.162157421875000000e+05
-1.162157578125000000e+05
-1.162194062500000000e+05
-1.162184609375000000e+05
-1.162172421875000000e+05
-1.162183750000000000e+05
-1.162188593750000000e+05
-1.162157031250000000e+05
-1.162166562500000000e+05
-1.162173046875000000e+05
-1.162183906250000000e+05
-1.162189453125000000e+05
-1.162087656250000000e+05
-1.162159375000000000e+05
-1.162159140625000000e+05
-1.162181875000000000e+05
-1.162123203125000000e+05
-1.162172265625000000e+05
-1.162192031250000000e+05
-1.162089687500000000e+05
-1.162192031250000000e+05
-1.162175937500000000e+05
-1.162188671875000000e+05
-1.162185390625000000e+05
-1.162084375000000000e+05
-1.162182734375000000e+05
-1.162115078125000000e+05
-1.162121562500000000e+05
-1.162135781250000000e+05
-1.162162109375000000e+05
-1.162187343750000000e+05
-1.162186796875000000e+05
-1.162182187500000000e+05
-1.162171250000000000e+05
-1.162146562500000000e+05
-1.162185703125000000e+05
-1.162162734375000000e+05
-1.162177109375000000e+05
-1.162193593750000000e+05
-1.162185859375000000e+05
-1.162173828125000000e+05
-1.162196640625000000e+05
-1.162166796875000000e+05
-1.162172187500000000e+05
-1.162163593750000000e+05
-1.162160625000000000e+05
-1.162125859375000000e+05
-1.162137343750000000e+05
-1.162184765625000000e+05
-1.162138984375000000e+05
-1.162198125000000000e+05
-1.162189062500000000e+05
-1.162157812500000000e+05
-1.162187031250000000e+05
-1.162174843750000000e+05
-1.162191093750000000e+05
-1.162165937500000000e+05
-1.162178593750000000e+05
-1.162189375000000000e+05
-1.162082343750000000e+05
-1.162167187500000000e+05
-1.162173281250000000e+05
-1.162197734375000000e+05
-1.162177500000000000e+05
-1.162152109375000000e+05
-1.162128515625000000e+05
-1.162177812500000000e+05
-1.162146484375000000e+05
-1.162195625000000000e+05
-1.162177500000000000e+05
-1.162133593750000000e+05
-1.162193828125000000e+05
-1.162185937500000000e+05
-1.162190234375000000e+05
-1.162184375000000000e+05
-1.162181875000000000e+05
-1.162167187500000000e+05
-1.162171796875000000e+05
-1.162168359375000000e+05
-1.162132187500000000e+05
-1.162163437500000000e+05
-1.162194531250000000e+05
-1.162178750000000000e+05
-1.162167343750000000e+05
-1.162185312500000000e+05
-1.162172812500000000e+05
-1.162171562500000000e+05
-1.162154687500000000e+05
-1.162151171875000000e+05
-1.162196718750000000e+05
-1.162188671875000000e+05
-1.162129140625000000e+05
-1.162164687500000000e+05
-1.162177890625000000e+05
-1.162184218750000000e+05
-1.162148046875000000e+05
-1.162127109375000000e+05
-1.162171250000000000e+05
-1.162178437500000000e+05
-1.162165937500000000e+05
-1.162137656250000000e+05
-1.162178437500000000e+05
-1.162190703125000000e+05
-1.162181640625000000e+05
-1.162175546875000000e+05
-1.162116250000000000e+05
-1.162162500000000000e+05
-1.162165625000000000e+05
-1.162163125000000000e+05
-1.162185156250000000e+05
-1.162185781250000000e+05
-1.162174062500000000e+05
-1.162127890625000000e+05
-1.162195859375000000e+05
-1.162129453125000000e+05
-1.162164531250000000e+05
-1.162149375000000000e+05
-1.162191406250000000e+05
-1.162172812500000000e+05
-1.162156250000000000e+05
-1.162171328125000000e+05
-1.162188437500000000e+05
-1.162165000000000000e+05
-1.162154609375000000e+05
-1.162166171875000000e+05
-1.162180390625000000e+05
-1.162187656250000000e+05
-1.162178750000000000e+05
-1.162064687500000000e+05
-1.162192187500000000e+05
-1.162180156250000000e+05
-1.162164375000000000e+05
-1.162151406250000000e+05
-1.162121328125000000e+05
-1.162196250000000000e+05
-1.162196875000000000e+05
-1.162194531250000000e+05
-1.162193125000000000e+05
-1.162195781250000000e+05
-1.162192578125000000e+05
-1.162186171875000000e+05
-1.162168359375000000e+05
-1.162149375000000000e+05
-1.162173046875000000e+05
-1.162176718750000000e+05
-1.162173828125000000e+05
-1.162132343750000000e+05
-1.162174921875000000e+05
-1.162187812500000000e+05
-1.162148515625000000e+05
-1.162150859375000000e+05
-1.162177578125000000e+05
-1.162182109375000000e+05
-1.162130937500000000e+05
-1.162170156250000000e+05
-1.162175546875000000e+05
-1.162158906250000000e+05
-1.162179843750000000e+05
-1.162175468750000000e+05
-1.162163593750000000e+05
-1.162165000000000000e+05
-1.162197031250000000e+05
-1.162183437500000000e+05
-1.162136328125000000e+05
-1.162179218750000000e+05
-1.162178750000000000e+05
-1.162168515625000000e+05
-1.162146093750000000e+05
-1.162190390625000000e+05
-1.162125000000000000e+05
-1.162179453125000000e+05
-1.162165468750000000e+05
-1.162188437500000000e+05
-1.162181093750000000e+05
-1.162143906250000000e+05
-1.162178125000000000e+05
-1.162094531250000000e+05
-1.162197656250000000e+05
-1.162058593750000000e+05
-1.162167812500000000e+05
-1.162172187500000000e+05
-1.162139062500000000e+05
-1.162197265625000000e+05
-1.162131796875000000e+05
-1.162125546875000000e+05
-1.162106406250000000e+05
-1.162179062500000000e+05
-1.162150000000000000e+05
-1.162190703125000000e+05
-1.162183437500000000e+05
-1.162169531250000000e+05
-1.162172109375000000e+05
-1.162127500000000000e+05
-1.162175859375000000e+05
-1.162171250000000000e+05
-1.162128125000000000e+05
-1.162160078125000000e+05
-1.162191640625000000e+05
-1.162153828125000000e+05
-1.162168281250000000e+05
-1.162104531250000000e+05
-1.162173046875000000e+05
-1.162192812500000000e+05
-1.162178125000000000e+05
-1.162175625000000000e+05
-1.162174296875000000e+05
-1.162161562500000000e+05
-1.162190234375000000e+05
-1.162173593750000000e+05
-1.162182656250000000e+05
-1.162157265625000000e+05
-1.162132421875000000e+05
-1.162134843750000000e+05
-1.162171093750000000e+05
-1.162167656250000000e+05
-1.162182500000000000e+05
-1.162115546875000000e+05
-1.162136875000000000e+05
-1.162170546875000000e+05
-1.162180546875000000e+05
-1.162186328125000000e+05
-1.162186250000000000e+05
-1.162152968750000000e+05
-1.162194921875000000e+05
-1.162170234375000000e+05
-1.162179140625000000e+05
-1.162151328125000000e+05
-1.162179531250000000e+05
-1.162165468750000000e+05
-1.162169531250000000e+05
-1.162174687500000000e+05
-1.162168437500000000e+05
-1.162065468750000000e+05
-1.162160859375000000e+05
-1.162191484375000000e+05
-1.162135156250000000e+05
-1.162149375000000000e+05
-1.162175156250000000e+05
-1.162191796875000000e+05
-1.162183515625000000e+05
-1.162112343750000000e+05
-1.162163750000000000e+05
-1.162195937500000000e+05
-1.162153046875000000e+05
-1.162188984375000000e+05
-1.162167343750000000e+05
-1.162182890625000000e+05
-1.162177187500000000e+05
-1.162165859375000000e+05
-1.162172343750000000e+05
-1.162132187500000000e+05
-1.162190078125000000e+05
-1.162172187500000000e+05
-1.162167343750000000e+05
-1.162176875000000000e+05
-1.162183281250000000e+05
-1.162116171875000000e+05
-1.162176718750000000e+05
-1.162183671875000000e+05
-1.162180937500000000e+05
-1.162161640625000000e+05
-1.162158750000000000e+05
-1.162189218750000000e+05
-1.162194375000000000e+05
-1.162181640625000000e+05
-1.162164062500000000e+05
-1.162172187500000000e+05
-1.162195625000000000e+05
-1.162160781250000000e+05
-1.162180468750000000e+05
-1.162150390625000000e+05
-1.162182656250000000e+05
-1.162134765625000000e+05
-1.162152656250000000e+05
-1.162161093750000000e+05
-1.162191484375000000e+05
-1.162152187500000000e+05
-1.162161875000000000e+05
-1.162145312500000000e+05
-1.162186953125000000e+05
-1.162194609375000000e+05
-1.162177265625000000e+05
-1.162180156250000000e+05
-1.162192031250000000e+05
-1.162161250000000000e+05
-1.162172031250000000e+05
-1.162189218750000000e+05
-1.162166093750000000e+05
-1.162146250000000000e+05
-1.162165859375000000e+05
-1.162163750000000000e+05
-1.162193906250000000e+05
-1.162148046875000000e+05
-1.162178359375000000e+05
-1.162153515625000000e+05
-1.162175937500000000e+05
-1.162166718750000000e+05
-1.162179062500000000e+05
-1.162177187500000000e+05
-1.162178750000000000e+05
-1.162139062500000000e+05
-1.162185937500000000e+05
-1.162191093750000000e+05
-1.162187343750000000e+05
-1.162182031250000000e+05
-1.162170390625000000e+05
-1.162180468750000000e+05
-1.162134218750000000e+05
-1.162171406250000000e+05
-1.162197187500000000e+05
-1.162187421875000000e+05
-1.162176250000000000e+05
-1.162198125000000000e+05
-1.162116875000000000e+05
-1.162178125000000000e+05
-1.162174062500000000e+05
-1.162132343750000000e+05
-1.162180468750000000e+05
-1.162193359375000000e+05
-1.162192343750000000e+05
-1.162190546875000000e+05
-1.162170468750000000e+05
-1.162174140625000000e+05
-1.162170000000000000e+05
-1.162186562500000000e+05
-1.162172265625000000e+05
-1.162193046875000000e+05
-1.162191953125000000e+05
-1.162189843750000000e+05
-1.162133515625000000e+05
-1.162180468750000000e+05
-1.162166562500000000e+05
-1.162173906250000000e+05
-1.162185859375000000e+05
-1.162181406250000000e+05
-1.162099531250000000e+05
-1.162188281250000000e+05
-1.162196718750000000e+05
-1.162172578125000000e+05
-1.162195781250000000e+05
-1.162189296875000000e+05
-1.162152968750000000e+05
-1.162195937500000000e+05
-1.162187890625000000e+05
-1.162194453125000000e+05
-1.162192812500000000e+05
-1.162118359375000000e+05
-1.162169218750000000e+05
-1.162174687500000000e+05
-1.162151718750000000e+05
-1.162171640625000000e+05
-1.162181093750000000e+05
-1.162104609375000000e+05
-1.162163671875000000e+05
-1.162184296875000000e+05
-1.162194843750000000e+05
-1.162190937500000000e+05
-1.162182109375000000e+05
-1.162150937500000000e+05
-1.162166875000000000e+05
-1.162182734375000000e+05
-1.162114218750000000e+05
-1.162190703125000000e+05
-1.162190312500000000e+05
-1.162155937500000000e+05
-1.162167187500000000e+05
-1.162187890625000000e+05
-1.162172187500000000e+05
-1.162099609375000000e+05
-1.162193125000000000e+05
-1.162189062500000000e+05
-1.162178593750000000e+05
-1.162184218750000000e+05
-1.162193046875000000e+05
-1.162171796875000000e+05
-1.162197031250000000e+05
-1.162165546875000000e+05
-1.162130000000000000e+05
-1.162190937500000000e+05
-1.162188906250000000e+05
-1.162163203125000000e+05
-1.162197421875000000e+05
-1.162098906250000000e+05
-1.162193125000000000e+05
-1.162140703125000000e+05
-1.162136093750000000e+05
-1.162160000000000000e+05
-1.162195937500000000e+05
-1.162147968750000000e+05
-1.162190000000000000e+05
-1.162131796875000000e+05
-1.162168671875000000e+05
-1.162177343750000000e+05
-1.162188359375000000e+05
-1.162187500000000000e+05
-1.162169765625000000e+05
-1.162182812500000000e+05
-1.162160312500000000e+05
-1.162187968750000000e+05
-1.162129531250000000e+05
-1.162094531250000000e+05
-1.162195078125000000e+05
-1.162190156250000000e+05
-1.162184140625000000e+05
-1.162165234375000000e+05
-1.162174218750000000e+05
-1.162153046875000000e+05
-1.162195000000000000e+05
-1.162186640625000000e+05
-1.162167968750000000e+05
-1.162118593750000000e+05
-1.162098906250000000e+05
-1.162187109375000000e+05
-1.162067968750000000e+05
-1.162139375000000000e+05
-1.162135312500000000e+05
-1.162194062500000000e+05
-1.162184921875000000e+05
-1.162175781250000000e+05
-1.162120000000000000e+05
-1.162134296875000000e+05
-1.162190546875000000e+05
-1.162179218750000000e+05
-1.162149062500000000e+05
-1.162169609375000000e+05
-1.162141093750000000e+05
-1.162182500000000000e+05
-1.162191640625000000e+05
-1.162184609375000000e+05
-1.162191406250000000e+05
-1.162178359375000000e+05
-1.162161406250000000e+05
-1.162139062500000000e+05
-1.162177812500000000e+05
-1.162172656250000000e+05
-1.162191093750000000e+05
-1.162173593750000000e+05
-1.162179218750000000e+05
-1.162166562500000000e+05
-1.162158125000000000e+05
-1.162189765625000000e+05
-1.162177187500000000e+05
-1.162160156250000000e+05
-1.162165703125000000e+05
-1.162169765625000000e+05
-1.162189375000000000e+05
-1.162109218750000000e+05
-1.162138906250000000e+05
-1.162177656250000000e+05
-1.162193437500000000e+05
-1.162146640625000000e+05
-1.162176953125000000e+05
-1.162138906250000000e+05
-1.162173593750000000e+05
-1.162197109375000000e+05
-1.162174296875000000e+05
-1.162192656250000000e+05
-1.162126640625000000e+05
-1.162179140625000000e+05
-1.162180156250000000e+05
-1.162192031250000000e+05
-1.162196796875000000e+05
-1.162191796875000000e+05
-1.162137500000000000e+05
-1.162169921875000000e+05
-1.162172187500000000e+05
-1.162188437500000000e+05
-1.162189375000000000e+05
-1.162166562500000000e+05
-1.162165000000000000e+05
-1.162186093750000000e+05
-1.162123750000000000e+05
-1.162163437500000000e+05
-1.162188828125000000e+05
-1.162150312500000000e+05
-1.162190937500000000e+05
-1.162163750000000000e+05
-1.162189687500000000e+05
-1.162111718750000000e+05
-1.162190312500000000e+05
-1.162150468750000000e+05
-1.162161171875000000e+05
-1.162140781250000000e+05
-1.162159609375000000e+05
-1.162181093750000000e+05
-1.162162656250000000e+05
-1.162157890625000000e+05
-1.162154609375000000e+05
-1.162189531250000000e+05
-1.162188359375000000e+05
-1.162155625000000000e+05
-1.162137109375000000e+05
-1.162186406250000000e+05
-1.162155703125000000e+05
-1.162110312500000000e+05
-1.162196484375000000e+05
-1.162141718750000000e+05
-1.162193593750000000e+05
-1.162159140625000000e+05
-1.162192421875000000e+05
-1.162174375000000000e+05
-1.162168281250000000e+05
-1.162133203125000000e+05
-1.162146875000000000e+05
-1.162155937500000000e+05
-1.162193046875000000e+05
-1.162170390625000000e+05
-1.162182343750000000e+05
-1.162189218750000000e+05
-1.162146562500000000e+05
-1.162151875000000000e+05
-1.162146093750000000e+05
-1.162174843750000000e+05
-1.162186015625000000e+05
-1.162142812500000000e+05
-1.162146484375000000e+05
-1.162166562500000000e+05
-1.162191406250000000e+05
-1.162131953125000000e+05
-1.162170781250000000e+05
-1.162186562500000000e+05
-1.162167812500000000e+05
-1.162193046875000000e+05
-1.162132656250000000e+05
-1.162188906250000000e+05
-1.162145625000000000e+05
-1.162175078125000000e+05
-1.162118828125000000e+05
-1.162141562500000000e+05
-1.162158750000000000e+05
-1.162190000000000000e+05
-1.162139609375000000e+05
-1.162172109375000000e+05
-1.162191250000000000e+05
-1.162183750000000000e+05
-1.162188046875000000e+05
-1.162186093750000000e+05
-1.162192031250000000e+05
-1.162171406250000000e+05
-1.162193593750000000e+05
-1.162174375000000000e+05
-1.162185156250000000e+05
-1.162131171875000000e+05
-1.162193437500000000e+05
-1.162195937500000000e+05
-1.162134375000000000e+05
-1.162152343750000000e+05
-1.162193046875000000e+05
-1.162182734375000000e+05
-1.162193750000000000e+05
-1.162162187500000000e+05
-1.162183750000000000e+05
-1.162188750000000000e+05
-1.162136562500000000e+05
-1.162184843750000000e+05
-1.162194531250000000e+05
-1.162160156250000000e+05
-1.162187500000000000e+05
-1.162155703125000000e+05
-1.162168984375000000e+05
-1.162151250000000000e+05
-1.162169765625000000e+05
-1.162180390625000000e+05
-1.162143750000000000e+05
-1.162184218750000000e+05
-1.162178281250000000e+05
-1.162164609375000000e+05
-1.162158828125000000e+05
-1.162176250000000000e+05
-1.162179687500000000e+05
-1.162183046875000000e+05
-1.162157031250000000e+05
-1.162088203125000000e+05
-1.162178593750000000e+05
-1.162162812500000000e+05
-1.162143906250000000e+05
-1.162135781250000000e+05
-1.162193906250000000e+05
-1.162171328125000000e+05
-1.162138359375000000e+05
-1.162170000000000000e+05
-1.162132187500000000e+05
-1.162175156250000000e+05
-1.162187734375000000e+05
-1.162170937500000000e+05
-1.162175312500000000e+05
-1.162161718750000000e+05
-1.162174843750000000e+05
-1.162193593750000000e+05
-1.162188984375000000e+05
-1.162141562500000000e+05
-1.162175312500000000e+05
-1.162142031250000000e+05
-1.162184062500000000e+05
-1.162157890625000000e+05
-1.162162890625000000e+05
-1.162171875000000000e+05
-1.162095546875000000e+05
-1.162190625000000000e+05
-1.162129218750000000e+05
-1.162196953125000000e+05
-1.162134531250000000e+05
-1.162145234375000000e+05
-1.162152421875000000e+05
-1.162148750000000000e+05
-1.162162031250000000e+05
-1.162159921875000000e+05
-1.162168359375000000e+05
-1.162176093750000000e+05
-1.162142734375000000e+05
-1.162179609375000000e+05
-1.162151406250000000e+05
-1.162161562500000000e+05
-1.162194843750000000e+05
-1.162119062500000000e+05
-1.162180000000000000e+05
-1.162180312500000000e+05
-1.162167968750000000e+05
-1.162170000000000000e+05
-1.162172031250000000e+05
-1.162173984375000000e+05
-1.162198281250000000e+05
-1.162187109375000000e+05
-1.162173359375000000e+05
-1.162173593750000000e+05
-1.162155703125000000e+05
-1.162112031250000000e+05
-1.162186328125000000e+05
-1.162149062500000000e+05
-1.162181640625000000e+05
-1.162194140625000000e+05
-1.162188984375000000e+05
-1.162091562500000000e+05
-1.162161718750000000e+05
-1.162164453125000000e+05
-1.162168671875000000e+05
-1.162174375000000000e+05
-1.162182656250000000e+05
-1.162175078125000000e+05
-1.162077890625000000e+05
-1.162172812500000000e+05
-1.162196875000000000e+05
-1.162122812500000000e+05
-1.162156718750000000e+05
-1.162170390625000000e+05
-1.162179531250000000e+05
-1.162186171875000000e+05
-1.162186875000000000e+05
-1.162157578125000000e+05
-1.162196406250000000e+05
-1.162189531250000000e+05
-1.162179218750000000e+05
-1.162185312500000000e+05
-1.162195468750000000e+05
-1.162145156250000000e+05
-1.162169843750000000e+05
-1.162176093750000000e+05
-1.162165625000000000e+05
-1.162173593750000000e+05
-1.162142812500000000e+05
-1.162163984375000000e+05
-1.162171093750000000e+05
-1.162142812500000000e+05
-1.162083593750000000e+05
-1.162162656250000000e+05
-1.162164531250000000e+05
-1.162148984375000000e+05
-1.162157578125000000e+05
-1.162146718750000000e+05
-1.162197343750000000e+05
-1.162152812500000000e+05
-1.162168984375000000e+05
-1.162195703125000000e+05
-1.162132343750000000e+05
-1.162182343750000000e+05
-1.162173203125000000e+05
-1.162189921875000000e+05
-1.162187421875000000e+05
-1.162172890625000000e+05
-1.162186015625000000e+05
-1.162153203125000000e+05
-1.162160546875000000e+05
-1.162193671875000000e+05
-1.162172656250000000e+05
-1.162195468750000000e+05
-1.162158906250000000e+05
-1.162121640625000000e+05
-1.162156796875000000e+05
-1.162136796875000000e+05
-1.162195781250000000e+05
-1.162188906250000000e+05
-1.162177890625000000e+05
-1.162169531250000000e+05
-1.162083359375000000e+05
-1.162194453125000000e+05
-1.162180937500000000e+05
-1.162186328125000000e+05
-1.162170546875000000e+05
-1.162160468750000000e+05
-1.162171875000000000e+05
-1.162174609375000000e+05
-1.162193593750000000e+05
-1.162178984375000000e+05
-1.162190390625000000e+05
-1.162144140625000000e+05
-1.162144687500000000e+05
-1.162174218750000000e+05
-1.162170000000000000e+05
-1.162156171875000000e+05
-1.162174218750000000e+05
-1.162163984375000000e+05
-1.162130000000000000e+05
-1.162143125000000000e+05
-1.162192187500000000e+05
-1.162192656250000000e+05
-1.162161171875000000e+05
-1.162196093750000000e+05
-1.162158281250000000e+05
-1.162190156250000000e+05
-1.162161171875000000e+05
-1.162172734375000000e+05
-1.162185546875000000e+05
-1.162189687500000000e+05
-1.162187265625000000e+05
-1.162152109375000000e+05
-1.162150625000000000e+05
-1.162175156250000000e+05
-1.162114687500000000e+05
-1.162179609375000000e+05
-1.162158750000000000e+05
-1.162175390625000000e+05
-1.162143359375000000e+05
-1.162133671875000000e+05
-1.162177656250000000e+05
-1.162172656250000000e+05
-1.162181093750000000e+05
-1.162146562500000000e+05
-1.162151250000000000e+05
-1.162181015625000000e+05
-1.162193984375000000e+05
-1.162133984375000000e+05
-1.162172968750000000e+05
-1.162177656250000000e+05
-1.162183359375000000e+05
-1.162135312500000000e+05
-1.162186406250000000e+05
-1.162167031250000000e+05
-1.162185781250000000e+05
-1.162157500000000000e+05
-1.162188515625000000e+05
-1.162187187500000000e+05
-1.162195468750000000e+05
-1.162168984375000000e+05
-1.162170625000000000e+05
-1.162176796875000000e+05
-1.162169921875000000e+05
-1.162149453125000000e+05
-1.162143750000000000e+05
-1.162149765625000000e+05
-1.162192187500000000e+05
-1.162197421875000000e+05
-1.162173281250000000e+05
-1.162133281250000000e+05
-1.162162812500000000e+05
-1.162173671875000000e+05
-1.162189140625000000e+05
-1.162177187500000000e+05
-1.162184531250000000e+05
-1.162185781250000000e+05
-1.162174453125000000e+05
-1.162192656250000000e+05
-1.162169609375000000e+05
-1.162173046875000000e+05
-1.162112812500000000e+05
-1.162147421875000000e+05
-1.162190000000000000e+05
-1.162166171875000000e+05
-1.162187890625000000e+05
-1.162191093750000000e+05
-1.162177812500000000e+05
-1.162184375000000000e+05
-1.162154453125000000e+05
-1.162194375000000000e+05
-1.162182031250000000e+05
-1.162171484375000000e+05
-1.162196640625000000e+05
-1.162186171875000000e+05
-1.162196562500000000e+05
-1.162181093750000000e+05
-1.162167656250000000e+05
-1.162166406250000000e+05
-1.162159609375000000e+05
-1.162180625000000000e+05
-1.162159531250000000e+05
-1.162082812500000000e+05
-1.162196875000000000e+05
-1.162190781250000000e+05
-1.162150937500000000e+05
-1.162173437500000000e+05
-1.162127500000000000e+05
-1.162183359375000000e+05
-1.162185000000000000e+05
-1.162164843750000000e+05
-1.162191796875000000e+05
-1.162157500000000000e+05
-1.162170234375000000e+05
-1.162187656250000000e+05
-1.162162265625000000e+05
-1.162159062500000000e+05
-1.162193125000000000e+05
-1.162185000000000000e+05
-1.162182500000000000e+05
-1.162162968750000000e+05
-1.162130390625000000e+05
-1.162163671875000000e+05
-1.162187890625000000e+05
-1.162193046875000000e+05
-1.162128750000000000e+05
-1.162191796875000000e+05
-1.162191406250000000e+05
-1.162192265625000000e+05
-1.162189062500000000e+05
-1.162187578125000000e+05
-1.162097031250000000e+05
-1.162171250000000000e+05
-1.162181406250000000e+05
-1.162172968750000000e+05
-1.162172109375000000e+05
-1.162179375000000000e+05
-1.162188671875000000e+05
-1.162163203125000000e+05
-1.162176718750000000e+05
-1.162125468750000000e+05
-1.162170703125000000e+05
-1.162169453125000000e+05
-1.162151171875000000e+05
-1.162105390625000000e+05
-1.162180390625000000e+05
-1.162171171875000000e+05
-1.162182500000000000e+05
-1.162170000000000000e+05
-1.162123437500000000e+05
-1.162187109375000000e+05
-1.162132968750000000e+05
-1.162178125000000000e+05
-1.162180546875000000e+05
-1.162186953125000000e+05
-1.162187656250000000e+05
-1.162135468750000000e+05
-1.162191250000000000e+05
-1.162192343750000000e+05
-1.162186875000000000e+05
-1.162173984375000000e+05
-1.162163671875000000e+05
-1.162151484375000000e+05
-1.162159687500000000e+05
-1.162190859375000000e+05
-1.162177109375000000e+05
-1.162168593750000000e+05
-1.162191796875000000e+05
-1.162153046875000000e+05
-1.162194531250000000e+05
-1.162157187500000000e+05
-1.162122968750000000e+05
-1.162165625000000000e+05
-1.162185859375000000e+05
-1.162141328125000000e+05
-1.162171718750000000e+05
-1.162176875000000000e+05
-1.162181406250000000e+05
-1.162177734375000000e+05
-1.162188906250000000e+05
-1.162175312500000000e+05
-1.162111484375000000e+05
-1.162188593750000000e+05
-1.162192734375000000e+05
-1.162146093750000000e+05
-1.162142109375000000e+05
-1.162148437500000000e+05
-1.162178906250000000e+05
-1.162180234375000000e+05
-1.162159531250000000e+05
-1.162172031250000000e+05
-1.162176484375000000e+05
-1.162183125000000000e+05
-1.162178671875000000e+05
-1.162178281250000000e+05
-1.162185000000000000e+05
-1.162161406250000000e+05
-1.162138515625000000e+05
-1.162193515625000000e+05
-1.162144531250000000e+05
-1.162180156250000000e+05
-1.162146640625000000e+05
-1.162179140625000000e+05
-1.162158906250000000e+05
-1.162176015625000000e+05
-1.162187500000000000e+05
-1.162176875000000000e+05
-1.162160781250000000e+05
-1.162172968750000000e+05
-1.162177187500000000e+05
-1.162130468750000000e+05
-1.162167968750000000e+05
-1.162174765625000000e+05
-1.162180937500000000e+05
-1.162172890625000000e+05
-1.162174453125000000e+05
-1.162167968750000000e+05
-1.162104687500000000e+05
-1.162183906250000000e+05
-1.162174843750000000e+05
-1.162188281250000000e+05
-1.162110078125000000e+05
-1.162165859375000000e+05
-1.162161328125000000e+05
-1.162187343750000000e+05
-1.162189140625000000e+05
-1.162191406250000000e+05
-1.162190937500000000e+05
-1.162162500000000000e+05
-1.162179062500000000e+05
-1.162127500000000000e+05
-1.162150546875000000e+05
-1.162115546875000000e+05
-1.162171093750000000e+05
-1.162171406250000000e+05
-1.162172187500000000e+05
-1.162192968750000000e+05
-1.162191718750000000e+05
-1.162194765625000000e+05
-1.162186562500000000e+05
-1.162191171875000000e+05
-1.162160468750000000e+05
-1.162179531250000000e+05
-1.162170234375000000e+05
-1.162139609375000000e+05
-1.162196484375000000e+05
-1.162168515625000000e+05
-1.162120781250000000e+05
-1.162159140625000000e+05
-1.162140937500000000e+05
-1.162178281250000000e+05
-1.162194453125000000e+05
-1.162155312500000000e+05
-1.162153750000000000e+05
-1.162130703125000000e+05
-1.162167812500000000e+05
-1.162145781250000000e+05
-1.162165859375000000e+05
-1.162194531250000000e+05
-1.162191093750000000e+05
-1.162159531250000000e+05
-1.162158281250000000e+05
-1.162181875000000000e+05
-1.162189453125000000e+05
-1.162196171875000000e+05
-1.162179296875000000e+05
-1.162178984375000000e+05
-1.162178359375000000e+05
-1.162156718750000000e+05
-1.162174687500000000e+05
-1.162138359375000000e+05
-1.162193125000000000e+05
-1.162132734375000000e+05
-1.162179218750000000e+05
-1.162178046875000000e+05
-1.162160937500000000e+05
-1.162179140625000000e+05
-1.162191796875000000e+05
-1.162186718750000000e+05
-1.162192656250000000e+05
-1.162172500000000000e+05
-1.162169921875000000e+05
-1.162172343750000000e+05
-1.162194531250000000e+05
-1.162154843750000000e+05
-1.162189453125000000e+05
-1.162151171875000000e+05
-1.162193437500000000e+05
-1.162161406250000000e+05
-1.162141015625000000e+05
-1.162197578125000000e+05
-1.162154531250000000e+05
-1.162166718750000000e+05
-1.162187421875000000e+05
-1.162168906250000000e+05
-1.162164843750000000e+05
-1.162195781250000000e+05
-1.162192656250000000e+05
-1.162176484375000000e+05
-1.162184921875000000e+05
-1.162141406250000000e+05
-1.162188750000000000e+05
-1.162157734375000000e+05
-1.162068984375000000e+05
-1.162172734375000000e+05
-1.162134062500000000e+05
-1.162167812500000000e+05
-1.162166484375000000e+05
-1.162194140625000000e+05
-1.162166796875000000e+05
-1.162162031250000000e+05
-1.162180468750000000e+05
-1.162191562500000000e+05
-1.162187890625000000e+05
-1.162192343750000000e+05
-1.162138437500000000e+05
-1.162177656250000000e+05
-1.162052265625000000e+05
-1.162152500000000000e+05
-1.162194687500000000e+05
-1.162185937500000000e+05
-1.162128515625000000e+05
-1.162168671875000000e+05
-1.162195781250000000e+05
-1.162105312500000000e+05
-1.162165703125000000e+05
-1.162181718750000000e+05
-1.162060000000000000e+05
-1.162139531250000000e+05
-1.162175390625000000e+05
-1.162166875000000000e+05
-1.162194687500000000e+05
-1.162159062500000000e+05
-1.162196093750000000e+05
-1.162194062500000000e+05
-1.162154218750000000e+05
-1.162132187500000000e+05
-1.162154921875000000e+05
-1.162149531250000000e+05
-1.162172265625000000e+05
-1.162155859375000000e+05
-1.162181093750000000e+05
-1.162181875000000000e+05
-1.162191406250000000e+05
-1.162181250000000000e+05
-1.162177265625000000e+05
-1.162183828125000000e+05
-1.162179375000000000e+05
-1.162190937500000000e+05
-1.162196562500000000e+05
-1.162176640625000000e+05
-1.162180156250000000e+05
-1.162187500000000000e+05
-1.162195234375000000e+05
-1.162124843750000000e+05
-1.162165000000000000e+05
-1.162179531250000000e+05
-1.162183046875000000e+05
-1.162192109375000000e+05
-1.162161250000000000e+05
-1.162111250000000000e+05
-1.162187656250000000e+05
-1.162166484375000000e+05
-1.162172031250000000e+05
-1.162161250000000000e+05
-1.162185234375000000e+05
-1.162186953125000000e+05
-1.162175781250000000e+05
-1.162174843750000000e+05
-1.162156250000000000e+05
-1.162112656250000000e+05
-1.162153984375000000e+05
-1.162183203125000000e+05
-1.162196171875000000e+05
-1.162180781250000000e+05
-1.162174843750000000e+05
-1.162124687500000000e+05
-1.162194140625000000e+05
-1.162190625000000000e+05
-1.162185546875000000e+05
-1.162195625000000000e+05
-1.162157187500000000e+05
-1.162191171875000000e+05
-1.162151640625000000e+05
-1.162184218750000000e+05
-1.162156796875000000e+05
-1.162132265625000000e+05
-1.162125468750000000e+05
-1.162121484375000000e+05
-1.162181250000000000e+05
-1.162128906250000000e+05
-1.162183593750000000e+05
-1.162190078125000000e+05
-1.162101875000000000e+05
-1.162160937500000000e+05
-1.162171406250000000e+05
-1.162182343750000000e+05
-1.162181250000000000e+05
-1.162183281250000000e+05
-1.162193359375000000e+05
-1.162193359375000000e+05
-1.162193281250000000e+05
-1.162191484375000000e+05
-1.162126015625000000e+05
-1.162168046875000000e+05
-1.162185781250000000e+05
-1.162171796875000000e+05
-1.162185781250000000e+05
-1.162131796875000000e+05
-1.162175937500000000e+05
-1.162182187500000000e+05
-1.162183437500000000e+05
-1.162186406250000000e+05
-1.162183125000000000e+05
-1.162161171875000000e+05
-1.162172031250000000e+05
-1.162195078125000000e+05
-1.162176796875000000e+05
-1.162137656250000000e+05
-1.162184375000000000e+05
-1.162174375000000000e+05
-1.162180468750000000e+05
-1.162155000000000000e+05
-1.162182031250000000e+05
-1.162151953125000000e+05
-1.162176250000000000e+05
-1.162178515625000000e+05
-1.162092187500000000e+05
-1.162184140625000000e+05
-1.162176875000000000e+05
-1.162164765625000000e+05
-1.162145703125000000e+05
-1.162159375000000000e+05
-1.162145781250000000e+05
-1.162151796875000000e+05
-1.162178359375000000e+05
-1.162187812500000000e+05
-1.162194531250000000e+05
-1.162061953125000000e+05
-1.162177031250000000e+05
-1.162179609375000000e+05
-1.162150546875000000e+05
-1.162130468750000000e+05
-1.162181640625000000e+05
-1.162173750000000000e+05
-1.162093906250000000e+05
-1.162189531250000000e+05
-1.162183671875000000e+05
-1.162092031250000000e+05
-1.162151484375000000e+05
-1.162181718750000000e+05
-1.162190468750000000e+05
-1.162180937500000000e+05
-1.162188906250000000e+05
-1.162173125000000000e+05
-1.162186406250000000e+05
-1.162193750000000000e+05
-1.162172343750000000e+05
-1.162185625000000000e+05
-1.162188281250000000e+05
-1.162145937500000000e+05
-1.162189687500000000e+05
-1.162195937500000000e+05
-1.162185468750000000e+05
-1.162174687500000000e+05
-1.162168750000000000e+05
-1.162165781250000000e+05
-1.162190078125000000e+05
-1.162169687500000000e+05
-1.162191093750000000e+05
-1.162187109375000000e+05
-1.162177578125000000e+05
-1.162159218750000000e+05
-1.162175000000000000e+05
-1.162161796875000000e+05
-1.162183984375000000e+05
-1.162180390625000000e+05
-1.162151640625000000e+05
-1.162167890625000000e+05
-1.162187343750000000e+05
-1.162151328125000000e+05
-1.162167031250000000e+05
-1.162173750000000000e+05
-1.162107968750000000e+05
-1.162181406250000000e+05
-1.162136406250000000e+05
-1.162195156250000000e+05
-1.162100781250000000e+05
-1.162172031250000000e+05
-1.162156875000000000e+05
-1.162102890625000000e+05
-1.162160937500000000e+05
-1.162169843750000000e+05
-1.162174531250000000e+05
-1.162131562500000000e+05
-1.162121718750000000e+05
-1.162178750000000000e+05
-1.162194140625000000e+05
-1.162191796875000000e+05
-1.162183906250000000e+05
-1.162182968750000000e+05
-1.162175937500000000e+05
-1.162134375000000000e+05
-1.162153046875000000e+05
-1.162191328125000000e+05
-1.162177187500000000e+05
-1.162188046875000000e+05
-1.162194687500000000e+05
-1.162125156250000000e+05
-1.162197343750000000e+05
-1.162134062500000000e+05
-1.162191718750000000e+05
-1.162179765625000000e+05
-1.162162343750000000e+05
-1.162187109375000000e+05
-1.162189062500000000e+05
-1.162167421875000000e+05
-1.162185000000000000e+05
-1.162187109375000000e+05
-1.162139609375000000e+05
-1.162185468750000000e+05
-1.162113437500000000e+05
-1.162157265625000000e+05
-1.162130625000000000e+05
-1.162189687500000000e+05
-1.162179531250000000e+05
-1.162182265625000000e+05
-1.162186875000000000e+05
-1.162110937500000000e+05
-1.162098281250000000e+05
-1.162164531250000000e+05
-1.162155312500000000e+05
-1.162136562500000000e+05
-1.162156250000000000e+05
-1.162152421875000000e+05
-1.162140312500000000e+05
-1.162133046875000000e+05
-1.162187500000000000e+05
-1.162190390625000000e+05
-1.162171484375000000e+05
-1.162194843750000000e+05
-1.162155546875000000e+05
-1.162140703125000000e+05
-1.162186328125000000e+05
-1.162191562500000000e+05
-1.162180000000000000e+05
-1.162144062500000000e+05
-1.162172031250000000e+05
-1.162113359375000000e+05
-1.162148125000000000e+05
-1.162181250000000000e+05
-1.162147187500000000e+05
-1.162178671875000000e+05
-1.162188281250000000e+05
-1.162192109375000000e+05
-1.162171093750000000e+05
-1.162150859375000000e+05
-1.162189843750000000e+05
-1.162155390625000000e+05
-1.162165312500000000e+05
-1.162174687500000000e+05
-1.162167265625000000e+05
-1.162167031250000000e+05
-1.162184843750000000e+05
-1.162182812500000000e+05
-1.162164062500000000e+05
-1.162141796875000000e+05
-1.162182734375000000e+05
-1.162160312500000000e+05
-1.162159218750000000e+05
-1.162178046875000000e+05
-1.162189218750000000e+05
-1.162180859375000000e+05
-1.162162187500000000e+05
-1.162195078125000000e+05
-1.162188750000000000e+05
-1.162085000000000000e+05
-1.162183437500000000e+05
-1.162185937500000000e+05
-1.162154453125000000e+05
-1.162196718750000000e+05
-1.162188593750000000e+05
-1.162182578125000000e+05
-1.162137968750000000e+05
-1.162171250000000000e+05
-1.162178281250000000e+05
-1.162179375000000000e+05
-1.162162109375000000e+05
-1.162134140625000000e+05
-1.162192265625000000e+05
-1.162172734375000000e+05
-1.162196406250000000e+05
-1.162196250000000000e+05
-1.162123437500000000e+05
-1.162175625000000000e+05
-1.162143281250000000e+05
-1.162165234375000000e+05
-1.162180937500000000e+05
-1.162151406250000000e+05
-1.162143437500000000e+05
-1.162182421875000000e+05
-1.162140859375000000e+05
-1.162196171875000000e+05
-1.162148906250000000e+05
-1.162174609375000000e+05
-1.162160625000000000e+05
-1.162166640625000000e+05
-1.162181015625000000e+05
-1.162154218750000000e+05
-1.162184218750000000e+05
-1.162094687500000000e+05
-1.162188125000000000e+05
-1.162158125000000000e+05
-1.162181796875000000e+05
-1.162189921875000000e+05
-1.162184062500000000e+05
-1.162185156250000000e+05
-1.162193828125000000e+05
-1.162154296875000000e+05
-1.162176718750000000e+05
-1.162170000000000000e+05
-1.162182343750000000e+05
-1.162192656250000000e+05
-1.162125546875000000e+05
-1.162133125000000000e+05
-1.162174843750000000e+05
-1.162194687500000000e+05
-1.162135781250000000e+05
-1.162165468750000000e+05
-1.162185703125000000e+05
-1.162144062500000000e+05
-1.162179140625000000e+05
-1.162184765625000000e+05
-1.162183828125000000e+05
-1.162181562500000000e+05
-1.162177265625000000e+05
-1.162175000000000000e+05
-1.162164687500000000e+05
-1.162173828125000000e+05
-1.162154375000000000e+05
-1.162167109375000000e+05
-1.162175000000000000e+05
-1.162186250000000000e+05
-1.162186484375000000e+05
-1.162155468750000000e+05
-1.162163125000000000e+05
-1.162168593750000000e+05
-1.162147656250000000e+05
-1.162193125000000000e+05
-1.162173125000000000e+05
-1.162167187500000000e+05
-1.162182812500000000e+05
-1.162179531250000000e+05
-1.162176562500000000e+05
-1.162167500000000000e+05
-1.162192500000000000e+05
-1.162166953125000000e+05
-1.162158906250000000e+05
-1.162155937500000000e+05
-1.162167265625000000e+05
-1.162112734375000000e+05
-1.162167890625000000e+05
-1.162142421875000000e+05
-1.162130625000000000e+05
-1.162150078125000000e+05
-1.162168750000000000e+05
-1.162137734375000000e+05
-1.162173281250000000e+05
-1.162192812500000000e+05
-1.162148750000000000e+05
-1.162121953125000000e+05
-1.162184062500000000e+05
-1.162176875000000000e+05
-1.162136718750000000e+05
-1.162179140625000000e+05
-1.162154687500000000e+05
-1.162185937500000000e+05
-1.162185390625000000e+05
-1.162153281250000000e+05
-1.162170781250000000e+05
-1.162142812500000000e+05
-1.162186953125000000e+05
-1.162139375000000000e+05
-1.162152500000000000e+05
-1.162131250000000000e+05
-1.162195703125000000e+05
-1.162158593750000000e+05
-1.162116406250000000e+05
-1.162175781250000000e+05
-1.162173593750000000e+05
-1.162191015625000000e+05
-1.162160078125000000e+05
-1.162186484375000000e+05
-1.162179375000000000e+05
-1.162142578125000000e+05
-1.162170546875000000e+05
-1.162183906250000000e+05
-1.162193593750000000e+05
-1.162194609375000000e+05
-1.162158906250000000e+05
-1.162168359375000000e+05
-1.162170234375000000e+05
-1.162195937500000000e+05
-1.162164765625000000e+05
-1.162168906250000000e+05
-1.162174140625000000e+05
-1.162162812500000000e+05
-1.162183046875000000e+05
-1.162151406250000000e+05
-1.162186171875000000e+05
-1.162140078125000000e+05
-1.162191484375000000e+05
-1.162176171875000000e+05
-1.162141953125000000e+05
-1.162182656250000000e+05
-1.162134843750000000e+05
-1.162182031250000000e+05
-1.162166562500000000e+05
-1.162143593750000000e+05
-1.162174375000000000e+05
-1.162145234375000000e+05
-1.162178515625000000e+05
-1.162184375000000000e+05
-1.162194843750000000e+05
-1.162181953125000000e+05
-1.162090390625000000e+05
-1.162164062500000000e+05
-1.162160390625000000e+05
-1.162157343750000000e+05
-1.162190468750000000e+05
-1.162193750000000000e+05
-1.162174296875000000e+05
-1.162181718750000000e+05
-1.162162578125000000e+05
-1.162162500000000000e+05
-1.162193125000000000e+05
-1.162190781250000000e+05
-1.162179375000000000e+05
-1.162136250000000000e+05
-1.162183984375000000e+05
-1.162169531250000000e+05
-1.162097031250000000e+05
-1.162191796875000000e+05
-1.162172500000000000e+05
-1.162176093750000000e+05
-1.162151250000000000e+05
-1.162194453125000000e+05
-1.162176093750000000e+05
-1.162180781250000000e+05
-1.162156718750000000e+05
-1.162080390625000000e+05
-1.162157656250000000e+05
-1.162196484375000000e+05
-1.162172031250000000e+05
-1.162169531250000000e+05
-1.162180781250000000e+05
-1.162185312500000000e+05
-1.162157265625000000e+05
-1.162196093750000000e+05
-1.162184687500000000e+05
-1.162194062500000000e+05
-1.162183515625000000e+05
-1.162184843750000000e+05
-1.162178906250000000e+05
-1.162171406250000000e+05
-1.162163281250000000e+05
-1.162196640625000000e+05
-1.162108750000000000e+05
-1.162171718750000000e+05
-1.162180703125000000e+05
-1.162192812500000000e+05
-1.162165625000000000e+05
-1.162163828125000000e+05
-1.162148437500000000e+05
-1.162196250000000000e+05
-1.162186250000000000e+05
-1.162169218750000000e+05
-1.162114687500000000e+05
-1.162143203125000000e+05
-1.162166718750000000e+05
-1.162141171875000000e+05
-1.162153437500000000e+05
-1.162178750000000000e+05
-1.162167343750000000e+05
-1.162187421875000000e+05
-1.162171250000000000e+05
-1.162179843750000000e+05
-1.162174296875000000e+05
-1.162152031250000000e+05
-1.162176875000000000e+05
-1.162184062500000000e+05
-1.162156953125000000e+05
-1.162181093750000000e+05
-1.162132812500000000e+05
-1.162157500000000000e+05
-1.162188828125000000e+05
-1.162156171875000000e+05
-1.162164921875000000e+05
-1.162132031250000000e+05
-1.162114062500000000e+05
-1.162172031250000000e+05
-1.162177265625000000e+05
-1.162173593750000000e+05
-1.162182421875000000e+05
-1.162160937500000000e+05
-1.162164375000000000e+05
-1.162184921875000000e+05
