# Variable: A
# Sample shape: (3000,)
# Date: 2018-06-06 20:43:32.650337
1.434989036417400854e+01
1.436109255594951328e+01
1.407315507235031937e+01
1.468466478164937961e+01
1.440061194491771523e+01
1.417019753222674616e+01
1.452154597650726231e+01
1.413795464855743766e+01
1.437291596267094107e+01
1.423027399816628069e+01
1.435110112815439365e+01
1.430273841821815139e+01
1.430605261822217678e+01
1.438206702821758931e+01
1.440100538961746857e+01
1.446428454767479010e+01
1.439391731966224164e+01
1.429756208032057252e+01
1.436998029231263274e+01
1.407139941317194598e+01
1.449181145154726558e+01
1.415810809605735443e+01
1.429307860747719516e+01
1.445736378128797917e+01
1.400590274527938206e+01
1.450760530078406596e+01
1.453923427321090500e+01
1.434067933201398937e+01
1.440356935747860945e+01
1.423866366980127474e+01
1.443969528774312394e+01
1.425193399390844995e+01
1.436817675463277943e+01
1.417844737922060006e+01
1.439649595269984239e+01
1.418257225821324496e+01
1.426243048293391880e+01
1.436922582924838743e+01
1.435665342145139789e+01
1.452320935032259008e+01
1.410235437662568536e+01
1.425216827794523944e+01
1.426463108745712915e+01
1.428614185387615620e+01
1.430060206789779365e+01
1.428200171442806976e+01
1.454700740720467600e+01
1.460936399423508192e+01
1.426812458883479806e+01
1.415963878934871900e+01
1.453595790966182832e+01
1.425167036773801676e+01
1.452895044672244396e+01
1.414770130946907756e+01
1.438252746039631269e+01
1.448999592390601165e+01
1.395331128014746014e+01
1.431897481214428325e+01
1.456405139926144088e+01
1.417729696471357137e+01
1.423950159965910345e+01
1.444222923624464094e+01
1.425354502300670845e+01
1.442298610788981605e+01
1.452697478126550301e+01
1.455172772894592548e+01
1.406650672048256823e+01
1.436653238866988502e+01
1.429003364535201115e+01
1.448654924699014579e+01
1.459709586832227934e+01
1.421166477879506829e+01
1.413434447089111679e+01
1.439645791722357160e+01
1.458443930885995066e+01
1.414982774588268732e+01
1.403609528623505653e+01
1.422110551992951955e+01
1.460382337839435074e+01
1.413746385162093411e+01
1.440981703239809519e+01
1.439730500406767533e+01
1.425754018871572448e+01
1.437296081262324421e+01
1.423129082651909805e+01
1.405696558946662655e+01
1.463049449579432881e+01
1.434502556566768483e+01
1.447421489199556177e+01
1.441569998542675002e+01
1.447533196640008413e+01
1.435975378747786735e+01
1.436678673235450177e+01
1.412150632227428559e+01
1.438464344189901389e+01
1.419553247076001412e+01
1.446121419087915427e+01
1.467618133391522584e+01
1.465960989774572631e+01
1.447802682847265210e+01
1.451899692217782523e+01
1.421141606057888573e+01
1.403964884048092543e+01
1.432265390970317220e+01
1.437233828142534975e+01
1.432514527786635306e+01
1.440879653330651244e+01
1.417729784144783345e+01
1.411823605750505095e+01
1.455319307946350982e+01
1.442640021605950373e+01
1.419282467396824821e+01
1.429148246781912768e+01
1.421458775668427421e+01
1.425910180892225831e+01
1.424592119005385094e+01
1.442600779544055278e+01
1.431915949181210301e+01
1.430937843492489669e+01
1.438850858335916882e+01
1.435051798854668093e+01
1.452652071424657798e+01
1.443151251631177168e+01
1.414441629170568326e+01
1.413853914707336834e+01
1.411677175546979690e+01
1.434532285902516513e+01
1.431503335128272525e+01
1.419616565828168753e+01
1.431611907845186238e+01
1.431225312793531756e+01
1.460371184218094776e+01
1.457324699230104414e+01
1.429714491915591523e+01
1.448278021759781709e+01
1.440006579478409066e+01
1.446006450753035644e+01
1.414470005035825828e+01
1.427515612901399500e+01
1.430833672110519750e+01
1.448921767107277248e+01
1.423412015126748820e+01
1.445175939083374317e+01
1.407329737142367776e+01
1.404540401478824840e+01
1.408878979363745998e+01
1.417448639076142136e+01
1.445429812616411880e+01
1.456428349122778343e+01
1.451785786476420448e+01
1.427536020895729152e+01
1.442312799569587156e+01
1.413495111272242077e+01
1.420475729469766968e+01
1.434015330209620664e+01
1.434228220277307919e+01
1.442144148735370379e+01
1.438743074277744505e+01
1.426434498093889403e+01
1.434649681007754474e+01
1.458077512061376524e+01
1.427804429279628806e+01
1.462527041197486177e+01
1.452124416402389251e+01
1.430084915568373738e+01
1.424970630148564865e+01
1.454877082477865358e+01
1.443392912990073462e+01
1.451814911402208175e+01
1.460176473091173222e+01
1.438838024704051932e+01
1.437926493996662813e+01
1.422400661227480256e+01
1.430292143692006768e+01
1.427248969462730521e+01
1.401757825431677063e+01
1.442635592221658847e+01
1.426693510441346646e+01
1.447937073896073912e+01
1.404019111686110577e+01
1.462571310155752435e+01
1.431681314837156194e+01
1.417385072211567909e+01
1.433548479215054350e+01
1.415155665841399468e+01
1.454051938692748713e+01
1.421998957923999463e+01
1.453343580639794119e+01
1.446871542377052222e+01
1.380766632044374376e+01
1.452859609729751078e+01
1.426345568582910950e+01
1.410591349978067832e+01
1.430354748631938655e+01
1.432659516690820212e+01
1.436963175157014660e+01
1.430275112100467538e+01
1.427903959319383453e+01
1.420073308276608337e+01
1.420066596395970571e+01
1.445014339474461451e+01
1.422347917385509497e+01
1.445868604126350654e+01
1.433484018390435644e+01
1.417380638990385400e+01
1.432682975946647019e+01
1.417252509497636659e+01
1.431312269165975870e+01
1.444585208913007435e+01
1.431549309806053571e+01
1.455913883932591268e+01
1.441814897117888883e+01
1.425895808022740852e+01
1.445348143687144926e+01
1.450041349733295881e+01
1.435564282313848317e+01
1.457908344327465144e+01
1.444622720109401115e+01
1.423104252452734464e+01
1.425940437482549505e+01
1.436216880518995076e+01
1.479018071475217333e+01
1.425551713992426706e+01
1.430821252549465861e+01
1.420662346589034364e+01
1.397427628118376397e+01
1.395756958971047546e+01
1.426275093999902310e+01
1.413137980349599054e+01
1.419497632266312515e+01
1.440047473598258776e+01
1.433378578110920287e+01
1.413615435936164744e+01
1.463030860016746715e+01
1.428317816481953351e+01
1.444343163490993831e+01
1.420095705800316921e+01
1.425841697000821817e+01
1.434788883531901327e+01
1.442005748160878120e+01
1.422807866717841030e+01
1.434494698981461980e+01
1.439640954126876338e+01
1.419969606917074323e+01
1.438668522418669937e+01
1.441250459685310936e+01
1.435884701555230691e+01
1.455338017937225814e+01
1.410059229865088604e+01
1.431321455992741321e+01
1.424454538229602996e+01
1.440114491172150935e+01
1.437892081940271183e+01
1.449450749693253648e+01
1.439953614655714631e+01
1.437115012201059727e+01
1.452138779202521768e+01
1.427337770493432778e+01
1.427279397458788779e+01
1.398473137891788376e+01
1.437853390107172480e+01
1.420858783424319505e+01
1.449535776942758503e+01
1.482948895699185066e+01
1.427442789441566440e+01
1.424464117527851670e+01
1.425959008461020083e+01
1.433846009224272855e+01
1.428947445360351409e+01
1.459059487629512653e+01
1.459813655575369395e+01
1.431167321376434387e+01
1.420720854914801912e+01
1.432467164984824493e+01
1.447197368627177383e+01
1.438645776197345150e+01
1.448839779894116653e+01
1.439943350408895206e+01
1.451548030832607594e+01
1.436334419901628223e+01
1.427333975716523540e+01
1.409414315146771735e+01
1.447446838456180629e+01
1.433552810811192124e+01
1.415797966720625567e+01
1.440015904554693904e+01
1.413130735249223946e+01
1.428574584582487539e+01
1.443588806724519458e+01
1.443685031048400269e+01
1.407701701230796765e+01
1.383698615897160877e+01
1.432101236823571000e+01
1.453406403719821327e+01
1.412364518654801593e+01
1.469197818520561860e+01
1.423116194406427049e+01
1.432792535176100479e+01
1.414011221923179562e+01
1.431437158541581312e+01
1.449739638793955976e+01
1.463654901762968841e+01
1.444571928278564421e+01
1.427196527420153060e+01
1.448411118942465059e+01
1.427433596069757371e+01
1.417338419685389539e+01
1.435212310564920024e+01
1.425696946143004773e+01
1.415009962987149628e+01
1.441499222184449103e+01
1.458664073548761664e+01
1.412498798219925966e+01
1.430992115294096401e+01
1.457273327472189450e+01
1.427127830614875315e+01
1.419341311384906668e+01
1.440788262895966554e+01
1.419357810048179580e+01
1.420962291109002607e+01
1.450077962055579306e+01
1.408680665855750824e+01
1.423364974271409622e+01
1.432304516091453550e+01
1.442348832198303121e+01
1.428864988751258203e+01
1.402806108616610636e+01
1.427084138663016333e+01
1.421814104290779746e+01
1.447150502522447724e+01
1.430255718486329464e+01
1.466343653660979562e+01
1.420703259317752476e+01
1.429755933130142687e+01
1.445789942043201748e+01
1.405420132198043248e+01
1.422066695246318169e+01
1.431057919588513272e+01
1.427258035859630425e+01
1.432716851903514055e+01
1.425934865238100180e+01
1.433081780775519931e+01
1.461856750315893905e+01
1.430779008624497628e+01
1.425868331300002545e+01
1.392378697315596092e+01
1.428349502266964777e+01
1.419588530269142801e+01
1.451828992793454276e+01
1.445000884919154949e+01
1.406967296092972042e+01
1.423045685030990271e+01
1.432670663396779531e+01
1.428175547670121581e+01
1.450574734292453627e+01
1.444255000656224830e+01
1.442910105621721328e+01
1.423226672425000494e+01
1.464226575608639003e+01
1.442175939911603244e+01
1.465679028568882636e+01
1.423840514675087476e+01
1.422498586470924842e+01
1.409951088091695581e+01
1.453972829080656481e+01
1.429141005555715971e+01
1.429668321596816938e+01
1.433713118693197863e+01
1.419699248105071909e+01
1.400987697127985321e+01
1.420340412383374229e+01
1.437359236869566459e+01
1.432561055314918086e+01
1.448199135348160027e+01
1.460671423093045185e+01
1.440974525573180109e+01
1.419762172072779904e+01
1.418712621287978415e+01
1.432377462447245264e+01
1.440324594432211747e+01
1.455899647283004583e+01
1.426344934240268714e+01
1.421499361609045842e+01
1.441293682647193286e+01
1.436759157675470355e+01
1.408498569191457861e+01
1.441083762686639425e+01
1.417034722202066099e+01
1.411426734143590522e+01
1.433128147171400357e+01
1.427572562884849638e+01
1.419062542250929404e+01
1.451554912431406130e+01
1.430027842969764151e+01
1.459953788603190183e+01
1.412842807965803971e+01
1.455270721353875807e+01
1.447830934547007153e+01
1.430681145476817662e+01
1.429355742969343801e+01
1.438799953757857431e+01
1.431282035824355603e+01
1.428392156605019458e+01
1.397775211980081700e+01
1.422449874913276169e+01
1.434283511718592763e+01
1.438302590213750953e+01
1.429452826749212413e+01
1.424260797077634066e+01
1.451304739426706547e+01
1.411701808759012700e+01
1.417435049858690199e+01
1.452779219946174827e+01
1.451689219999297009e+01
1.441530578471583723e+01
1.443486505267561704e+01
1.431349155775729187e+01
1.461085345970887595e+01
1.427589690066565176e+01
1.419946571526158152e+01
1.427561612681600423e+01
1.413134984045236386e+01
1.446598149778471942e+01
1.454512202318381497e+01
1.441967737204169353e+01
1.408474033486301202e+01
1.419285971034102722e+01
1.448785537695898107e+01
1.446876524510412487e+01
1.453840557925850341e+01
1.421656677894926446e+01
1.417540973135488080e+01
1.468812482775917339e+01
1.425422668711947161e+01
1.431579709864831251e+01
1.407596962651144246e+01
1.419242416232486903e+01
1.417697003423817215e+01
1.447400929659530355e+01
1.411926695924710096e+01
1.404874684963224851e+01
1.416007789090226332e+01
1.424318336132344065e+01
1.435291893034549560e+01
1.435203424761628632e+01
1.448427709244944417e+01
1.428691472992749034e+01
1.459956224446855444e+01
1.433772427950949080e+01
1.417392914161961492e+01
1.414186056903042221e+01
1.393841959859867785e+01
1.461082271291078172e+01
1.444633229745440062e+01
1.415770486873619483e+01
1.404202443936610933e+01
1.440998699038772202e+01
1.465268157977969921e+01
1.418623987645164775e+01
1.401255587541711378e+01
1.435908774092678897e+01
1.432576345233486315e+01
1.437926594701184868e+01
1.447678354409825729e+01
1.426784764318431087e+01
1.445984889465047374e+01
1.475421705887696611e+01
1.428754586222089706e+01
1.437625149721230677e+01
1.429739018723227595e+01
1.437212800366227583e+01
1.425687200764498996e+01
1.426067263416030073e+01
1.423430674275012287e+01
1.441850277475534270e+01
1.437445623285906926e+01
1.440378050128900433e+01
1.439399056219286344e+01
1.429715563865202910e+01
1.423354876460435747e+01
1.444213011031795979e+01
1.423746809967086335e+01
1.419361180986214599e+01
1.439432997761339550e+01
1.436991799795812952e+01
1.433737851992673562e+01
1.427117596992387405e+01
1.431796213560103048e+01
1.430657010391895412e+01
1.441364546727675311e+01
1.441424618803108082e+01
1.433783349134075102e+01
1.409328366124193721e+01
1.448144800501766838e+01
1.446468886756314198e+01
1.457082988830662629e+01
1.458813023554061417e+01
1.390121198547578985e+01
1.451758540195887193e+01
1.455218066667162802e+01
1.422972205729954887e+01
1.420121034543476668e+01
1.435776384012736706e+01
1.404068539415380101e+01
1.427364601457799331e+01
1.415064202907716862e+01
1.429672517414177513e+01
1.396241240110782300e+01
1.425799683698033249e+01
1.415439141514115917e+01
1.431248188226686757e+01
1.430007254224961066e+01
1.436825932399010064e+01
1.449476741985399109e+01
1.448616093396874760e+01
1.420700270368520357e+01
1.417173476834403800e+01
1.437822676929634547e+01
1.455341632616897485e+01
1.435784618724232331e+01
1.433192454649711145e+01
1.438374071991628789e+01
1.431264171300997390e+01
1.386801709011881734e+01
1.436501299626861083e+01
1.397214458281268890e+01
1.435083234395030338e+01
1.415530019354353186e+01
1.425583149919746440e+01
1.424700794615860033e+01
1.425539596148375843e+01
1.425441244720512479e+01
1.427124479057383155e+01
1.472019131128533154e+01
1.428418225951634390e+01
1.441251090377839716e+01
1.415318246446746109e+01
1.430695628762143379e+01
1.430271964645458027e+01
1.418947773027631420e+01
1.431834263266827101e+01
1.425450064160397723e+01
1.425638762028098760e+01
1.438036221468929199e+01
1.426491230744525573e+01
1.406006807176950524e+01
1.463510810131692175e+01
1.439181385311316497e+01
1.432229261509409213e+01
1.444697642569940754e+01
1.455966604903095529e+01
1.423726560185686907e+01
1.470595393088770031e+01
1.449244062465026950e+01
1.444261333448057094e+01
1.413444895322744799e+01
1.445052423454269608e+01
1.438232933370331068e+01
1.447975380727774919e+01
1.423575895758526677e+01
1.433630232983296615e+01
1.408390465973379158e+01
1.444082829882374952e+01
1.402253636592071118e+01
1.440572291392632565e+01
1.446921809782843482e+01
1.461519491038789198e+01
1.467884280182195766e+01
1.420943164686926963e+01
1.428282598764238998e+01
1.466021399965131522e+01
1.414348450643045574e+01
1.429412400219405299e+01
1.437805371230867202e+01
1.442573941390898540e+01
1.454028290958762959e+01
1.428012990799538606e+01
1.473213588453154799e+01
1.429755436752898312e+01
1.390322993009966090e+01
1.436117664581131770e+01
1.460511237016512887e+01
1.436195346178098475e+01
1.432892418425898384e+01
1.464042008926551830e+01
1.454687029400515996e+01
1.442843877755599280e+01
1.448356160029189788e+01
1.431295383879755612e+01
1.459981840529125385e+01
1.409010163476216526e+01
1.432480281560088997e+01
1.438154885646165404e+01
1.383290013075210823e+01
1.435564219135616248e+01
1.433077368279907127e+01
1.436453792941290963e+01
1.432927022703851172e+01
1.434773867101436906e+01
1.407538536957739517e+01
1.444870872569931208e+01
1.449547114743754861e+01
1.433542539759616830e+01
1.453312019583210990e+01
1.416814333656308555e+01
1.422698020238804339e+01
1.438408783689333426e+01
1.445577412728210653e+01
1.421190444476534864e+01
1.442745765131597047e+01
1.452566847700312280e+01
1.452066242906184179e+01
1.432088600390878241e+01
1.421915569673444146e+01
1.417825177084219135e+01
1.433785296517422125e+01
1.422550498833941468e+01
1.418502537620413761e+01
1.431055810168724030e+01
1.402591644282564864e+01
1.420680114010061601e+01
1.447114741223767709e+01
1.459149690171902236e+01
1.423975201852533701e+01
1.419983104508535732e+01
1.430589826923052499e+01
1.423741825817057816e+01
1.428373721521793627e+01
1.443117398575217081e+01
1.469644145994235807e+01
1.441491604035394580e+01
1.417396719449060072e+01
1.423075216390566666e+01
1.439559130487629801e+01
1.440149521452474168e+01
1.455792425883688068e+01
1.432046304530784298e+01
1.436514732770253389e+01
1.430506068092548766e+01
1.424432508878316739e+01
1.443862500378569536e+01
1.447186936500623489e+01
1.416939256003651693e+01
1.423345904355611680e+01
1.439876986326927089e+01
1.424322353623865567e+01
1.445978310180485238e+01
1.453728062023700396e+01
1.427288698350840690e+01
1.440954673904290040e+01
1.438432493576494764e+01
1.465406656850950995e+01
1.452590961798918379e+01
1.453133017386973691e+01
1.433678833430740873e+01
1.419202478258935862e+01
1.411712557047889938e+01
1.431119317896216714e+01
1.425084921442445385e+01
1.444538240425487707e+01
1.407185032045984663e+01
1.416876480429515439e+01
1.443997222850194717e+01
1.455624619589127100e+01
1.436115468250245364e+01
1.436416091565242326e+01
1.429255916846932806e+01
1.415482676201464685e+01
1.414782958360354925e+01
1.425911463247803290e+01
1.445713344464756567e+01
1.429555061541571881e+01
1.445407812587466623e+01
1.424549939084772454e+01
1.427192220097742847e+01
1.443171932332731089e+01
1.453678007455905608e+01
1.433392113793588329e+01
1.432754470075517972e+01
1.434106285102813061e+01
1.392180506700989540e+01
1.430452676004845358e+01
1.420045876011395158e+01
1.429487061844379348e+01
1.421631451085407427e+01
1.414534215414137464e+01
1.420490844316484313e+01
1.408855611024467080e+01
1.412960234852957875e+01
1.459943445121586159e+01
1.439978418594954768e+01
1.406785510763615932e+01
1.461707904803818359e+01
1.427222241183326013e+01
1.450756862722944085e+01
1.452573713412958512e+01
1.435999663076830579e+01
1.426781325091507391e+01
1.466296905022097441e+01
1.460036384991991909e+01
1.426654404876890325e+01
1.435453702026663869e+01
1.443728919990276616e+01
1.443823313825024002e+01
1.422111402310042649e+01
1.431984507887087865e+01
1.428371116995086965e+01
1.432941880243400412e+01
1.436304759767809180e+01
1.382014265717683621e+01
1.422294341760184899e+01
1.429338063009192972e+01
1.445065237057941232e+01
1.423719555023977001e+01
1.431629582186334737e+01
1.420285466986143419e+01
1.422337414266403677e+01
1.440411065342942187e+01
1.417376910692145842e+01
1.440633048267462080e+01
1.416398100509428737e+01
1.430054070843072012e+01
1.447297587715759448e+01
1.443287086308214207e+01
1.397580645995383009e+01
1.429856223725061604e+01
1.399380246825818119e+01
1.421832008825944271e+01
1.455420295978962741e+01
1.442715331833485592e+01
1.444970822989561654e+01
1.438822963642233788e+01
1.410423151503990979e+01
1.459051736923330900e+01
1.441445872839403108e+01
1.438884259493674023e+01
1.422949010765709588e+01
1.436395698494903961e+01
1.473574443537954082e+01
1.415629589673438282e+01
1.440285632821310280e+01
1.427338278405862582e+01
1.425945844054817790e+01
1.446524057230204363e+01
1.444604362605201686e+01
1.435493143589686760e+01
1.424070670169449926e+01
1.441160787745298677e+01
1.429756057410507530e+01
1.443061746394794120e+01
1.427477488793077676e+01
1.452195542136152184e+01
1.409882973078579482e+01
1.431534413126606609e+01
1.433041492273043538e+01
1.420333063221978342e+01
1.461867799219997011e+01
1.427174477318630608e+01
1.445791376462763012e+01
1.436845659801387853e+01
1.416065019317052531e+01
1.442382333339629064e+01
1.428117275000719744e+01
1.456897922427062042e+01
1.442579553640117140e+01
1.454634622296416602e+01
1.431897017637535541e+01
1.434586524037620947e+01
1.430791090878258309e+01
1.453882556085332389e+01
1.429104358937970787e+01
1.424830547791786550e+01
1.455343622187947794e+01
1.444023159823355407e+01
1.440941026331097063e+01
1.453045422843277379e+01
1.440750049469594884e+01
1.420449370455254012e+01
1.430295413037478802e+01
1.426642730893607869e+01
1.411271421702740092e+01
1.417455196731632228e+01
1.438361516948831742e+01
1.424965706321089876e+01
1.435991103049321538e+01
1.420290715815462512e+01
1.431154860937638240e+01
1.446091604015790466e+01
1.436653799614300198e+01
1.443467198537862473e+01
1.440678290336620826e+01
1.431911913478052867e+01
1.449687819549561318e+01
1.460466758519525321e+01
1.467601823609998490e+01
1.452194147630729049e+01
1.426069485671743386e+01
1.430688379759512685e+01
1.430900779408566592e+01
1.441211227353909941e+01
1.416520068236680352e+01
1.464314971435088175e+01
1.448604091173600139e+01
1.458183666333247430e+01
1.440003042769069808e+01
1.404070058601788773e+01
1.432110829345735148e+01
1.406024665813631636e+01
1.441179621615207651e+01
1.448963077078049899e+01
1.440746713659501133e+01
1.407529186594927140e+01
1.426027949687954788e+01
1.438349762634675066e+01
1.427336716035823017e+01
1.446803562118578945e+01
1.427800795432855452e+01
1.443000077571691264e+01
1.435004058641807667e+01
1.435149866232607252e+01
1.419992378759815388e+01
1.439429994052921025e+01
1.427753404865977771e+01
1.433800742277791507e+01
1.421745444736881225e+01
1.429378186952538599e+01
1.424337144919195808e+01
1.431572730758218270e+01
1.432660208766914955e+01
1.445155501546258492e+01
1.440408344898628457e+01
1.420925486033965690e+01
1.449546187044942336e+01
1.454655708729060315e+01
1.413672100357675632e+01
1.440300797040633896e+01
1.448626050819233235e+01
1.417854029468132993e+01
1.463554864124357024e+01
1.430303395269602618e+01
1.480078749919779568e+01
1.416986498233301006e+01
1.425765814411726673e+01
1.417357520010581595e+01
1.424213101492987121e+01
1.432423557424152527e+01
1.435362307420968797e+01
1.417800750687726996e+01
1.421973343152202496e+01
1.457015790912178943e+01
1.436849421140210303e+01
1.463310317647383130e+01
1.434145784825302528e+01
1.444093164551143893e+01
1.418472774309209328e+01
1.408028392225740610e+01
1.439813947985554954e+01
1.444570460010241675e+01
1.475249270905518628e+01
1.406165182818091353e+01
1.440212172676908153e+01
1.423571160982739059e+01
1.418430940798278783e+01
1.429277456450941308e+01
1.471859824873252087e+01
1.461534583251962083e+01
1.392232677709791666e+01
1.432943727537489487e+01
1.436139106115888353e+01
1.419908059918594923e+01
1.416383444866524499e+01
1.447033682290550693e+01
1.410938121752513297e+01
1.420959714516730266e+01
1.426002728090070271e+01
1.427340606079774865e+01
1.424934739667924610e+01
1.452424204848234446e+01
1.398017038659320832e+01
1.424808684716522400e+01
1.441570727227175297e+01
1.418147531380436632e+01
1.460784041218721541e+01
1.437939251395825480e+01
1.448794592929106351e+01
1.416244242642554063e+01
1.409704182469868705e+01
1.441606145122154636e+01
1.461813524520038499e+01
1.409199872549367960e+01
1.449881502749460260e+01
1.454396113653612765e+01
1.443326090009626839e+01
1.429301311971520505e+01
1.439685335558224821e+01
1.425405579953608814e+01
1.436771313037076325e+01
1.445974172294506843e+01
1.445853859644819828e+01
1.417203206326546017e+01
1.434198391767057856e+01
1.430351120487786076e+01
1.453169747911381293e+01
1.442511562050414398e+01
1.442333574840740695e+01
1.441644225423208425e+01
1.411611865686241174e+01
1.436729452585153233e+01
1.430620201772064704e+01
1.401071749215424944e+01
1.451343446233927992e+01
1.416898689163366143e+01
1.462378143533742048e+01
1.437795564584824781e+01
1.448960501624073771e+01
1.448368909996883680e+01
1.402821435482490742e+01
1.432786577733333111e+01
1.449802574844119185e+01
1.436707347339722673e+01
1.397665815662253763e+01
1.437647437307713183e+01
1.406598693205848782e+01
1.430447808691221212e+01
1.399066528403103860e+01
1.431400722071619036e+01
1.409091057381755796e+01
1.447308766689551796e+01
1.424111407748625346e+01
1.451311701927392761e+01
1.435000158582008822e+01
1.436372694954831708e+01
1.466740270636296017e+01
1.429251050098858933e+01
1.421448512038380407e+01
1.452593547275465191e+01
1.452109528083544454e+01
1.483944965752386480e+01
1.422695709930812136e+01
1.397740993512471341e+01
1.456961583404256899e+01
1.444848421884385026e+01
1.410728912084008435e+01
1.442172068176686039e+01
1.408641525525292693e+01
1.446233854753224257e+01
1.427508186901422249e+01
1.451106329630703051e+01
1.450046754646156444e+01
1.437334505481933711e+01
1.443869593896545389e+01
1.439017205781026298e+01
1.414138849266054798e+01
1.433678834170964933e+01
1.423400167443608488e+01
1.422431404664996890e+01
1.432480499220116776e+01
1.465959087194887189e+01
1.417236526191940627e+01
1.428695223578166029e+01
1.417264367088032984e+01
1.454011736110526520e+01
1.429114613385522148e+01
1.441466751534479940e+01
1.447267778398266280e+01
1.411375686168280374e+01
1.449177957372337744e+01
1.445663299344444219e+01
1.472905990764386530e+01
1.442883210306777109e+01
1.421562058621986857e+01
1.469289478390824399e+01
1.421320963017710426e+01
1.454980687765655389e+01
1.455388253913479524e+01
1.476887998727540108e+01
1.443059531691078767e+01
1.425389616106498636e+01
1.437063634451517657e+01
1.400498755473920909e+01
1.422120576704701200e+01
1.440232195039509477e+01
1.417153023084940067e+01
1.395706568787451651e+01
1.435236561543361766e+01
1.459265872463044289e+01
1.409312990665156384e+01
1.424651124641318667e+01
1.411748647583241123e+01
1.434945628362835635e+01
1.402914146281780816e+01
1.446740560469639014e+01
1.457922238771528889e+01
1.413961586948155791e+01
1.418582916901537594e+01
1.410452617721297841e+01
1.444059797577169846e+01
1.426283833550709623e+01
1.460941457601488302e+01
1.416581858068004784e+01
1.429524816848033808e+01
1.441081560932751593e+01
1.419670846231903916e+01
1.452777754611637917e+01
1.441368791630153190e+01
1.455063963591942233e+01
1.444369215533998840e+01
1.445296691754665019e+01
1.426680268482862068e+01
1.418806842373329502e+01
1.435886535722662316e+01
1.433918017036710957e+01
1.411241083589836087e+01
1.398270107785571170e+01
1.424856022589357352e+01
1.450861466333949323e+01
1.443002869346197770e+01
1.410613302933453994e+01
1.447138759060845103e+01
1.413678238377000618e+01
1.459173053681926469e+01
1.437234660942546327e+01
1.422799006514503439e+01
1.417395986024808252e+01
1.458108163610480723e+01
1.428776142547423333e+01
1.450790698719333349e+01
1.429601988903407417e+01
1.421241951159771588e+01
1.438752879102897531e+01
1.412008277883158769e+01
1.424466526227663898e+01
1.415825931559782802e+01
1.446841367602093342e+01
1.459969580040492865e+01
1.414203479225604454e+01
1.428605089541884610e+01
1.443953975211174345e+01
1.410765387509407986e+01
1.414597781822505773e+01
1.437235554789688230e+01
1.424972564083920012e+01
1.440523547625697987e+01
1.474538942198971725e+01
1.418441968425366362e+01
1.424550708065591209e+01
1.442525611700831689e+01
1.427001718517428941e+01
1.435605931989495687e+01
1.440252737418391327e+01
1.416691906985366423e+01
1.445456061738449804e+01
1.442144140402706221e+01
1.436905986484592646e+01
1.452415896742850165e+01
1.430976260467793182e+01
1.459249709353101565e+01
1.424355633395413712e+01
1.430663610471302327e+01
1.432024870537959416e+01
1.457794810880149328e+01
1.434655213854104439e+01
1.457869627985965799e+01
1.444908806187654982e+01
1.435198582525499233e+01
1.450983187887288572e+01
1.444946994042822652e+01
1.436876663015399558e+01
1.428106443346999654e+01
1.422507201761351148e+01
1.420604104359548359e+01
1.408876733222006195e+01
1.461431597664531168e+01
1.458151501140070039e+01
1.458326338649123421e+01
1.445804381460187926e+01
1.448690246430765427e+01
1.426019981459358910e+01
1.405794320629931349e+01
1.444742139068915598e+01
1.432322272726524126e+01
1.409292825401447935e+01
1.453266532688084567e+01
1.406453376395876020e+01
1.410697476474280876e+01
1.460353055602521266e+01
1.448686501055637699e+01
1.405913172690105561e+01
1.434991697386690745e+01
1.398198738225846505e+01
1.445129698366402238e+01
1.435868802008683076e+01
1.447164510963560247e+01
1.440539238087605511e+01
1.408975745458396389e+01
1.429454065248690853e+01
1.462064864333398084e+01
1.410923086536407922e+01
1.427824212659862368e+01
1.397906796411417396e+01
1.416850155782311305e+01
1.457108181966970406e+01
1.448817956087981784e+01
1.432308279523308059e+01
1.407171685637966085e+01
1.418133798483755648e+01
1.413621003853873681e+01
1.464047948512201458e+01
1.416071704909151663e+01
1.411674084793710193e+01
1.430211013527075181e+01
1.442320765684017836e+01
1.446236851759484843e+01
1.395524284992602482e+01
1.428025742851684932e+01
1.411167025491544713e+01
1.404861200302364921e+01
1.455891865105983030e+01
1.445669290622095637e+01
1.441458743903177186e+01
1.446258977791888611e+01
1.450676029319669524e+01
1.442731567653942371e+01
1.422401417289202818e+01
1.439061857453816984e+01
1.430852733739877181e+01
1.427654837289173706e+01
1.435637860483610595e+01
1.443293349071851495e+01
1.420713489766915849e+01
1.432457511171156206e+01
1.441114273769565379e+01
1.454367970326469717e+01
1.441262532760771897e+01
1.441937382468901596e+01
1.421628905363916040e+01
1.454719455393576943e+01
1.424109629395555210e+01
1.441598748656659446e+01
1.439058444530992276e+01
1.451796198751570088e+01
1.440216693263731784e+01
1.427134495131355330e+01
1.431107225675888728e+01
1.444566802668462557e+01
1.424895110492211714e+01
1.423598106913162731e+01
1.412609351541077274e+01
1.455522716027338959e+01
1.449362649292226557e+01
1.385738808448638792e+01
1.446085436795868162e+01
1.442895169946991807e+01
1.446848015240712293e+01
1.459944143057863464e+01
1.444169244011547448e+01
1.448632793522178730e+01
1.444339053390749683e+01
1.453606621599818460e+01
1.428394346093685385e+01
1.422971042187098689e+01
1.451086327383064756e+01
1.438613688701006588e+01
1.428326891605714088e+01
1.436099516360658335e+01
1.439200496864389578e+01
1.435772152084753550e+01
1.462739975830050732e+01
1.431286596780985576e+01
1.473575340548603840e+01
1.435182043438883071e+01
1.415342203039432967e+01
1.437623457227212320e+01
1.447491522687933774e+01
1.480962324104661931e+01
1.455420710002797158e+01
1.446354926487829573e+01
1.428716931615574026e+01
1.420319759701545337e+01
1.424888503957576091e+01
1.446502733718066303e+01
1.434840097443318463e+01
1.412446719766104941e+01
1.417363099981039021e+01
1.430127414289596466e+01
1.452491706853723308e+01
1.431054382142605519e+01
1.405528123029941234e+01
1.396922328002827562e+01
1.441470997085635730e+01
1.423811568149175244e+01
1.439439449221200817e+01
1.444575148414982380e+01
1.432915123301539317e+01
1.439584899213641300e+01
1.424324547259805840e+01
1.437443779649299458e+01
1.424561407199245622e+01
1.436247065480580254e+01
1.404037804140790513e+01
1.444111318037247393e+01
1.429323825221838540e+01
1.446096256950769288e+01
1.442975705633915240e+01
1.447239823787222868e+01
1.431786822829515593e+01
1.421853410538308538e+01
1.426841275072491477e+01
1.429624345063181678e+01
1.429037709608237172e+01
1.445383582670426215e+01
1.443036109586918592e+01
1.447950057919653410e+01
1.444928488332255156e+01
1.462533452610255758e+01
1.430147655563763820e+01
1.442267642639415470e+01
1.435617029593618987e+01
1.441481013357528340e+01
1.472618676998392750e+01
1.419525209755554584e+01
1.427126480355857119e+01
1.429002932980661100e+01
1.454758803776020848e+01
1.444490164391400810e+01
1.446760867251605376e+01
1.443168624227210195e+01
1.453233098288376723e+01
1.409681675747631857e+01
1.421034236619223101e+01
1.438181784536386587e+01
1.442050278567525723e+01
1.469551210371981398e+01
1.422072851780422731e+01
1.406167784699773371e+01
1.430083008422486479e+01
1.448370797703558743e+01
1.434025091163914212e+01
1.461990845143757767e+01
1.417329303805915686e+01
1.430064596577965652e+01
1.452397319088955285e+01
1.406604432871749744e+01
1.420351531449191995e+01
1.471381629316893758e+01
1.441252353037149092e+01
1.414245722120550575e+01
1.418848700255876416e+01
1.410184706376129071e+01
1.463939843678020836e+01
1.432109207705185305e+01
1.421356869511347121e+01
1.431875254830936406e+01
1.427591005502171839e+01
1.419294853291858161e+01
1.429357496214699452e+01
1.411883714440209303e+01
1.421827527509152844e+01
1.450827043039909903e+01
1.433394621956755266e+01
1.427790338869548492e+01
1.452515954678964505e+01
1.445674889919571804e+01
1.445131812554754625e+01
1.466364927151835573e+01
1.414497852366940123e+01
1.419775706629745571e+01
1.445577048561982281e+01
1.414273693281714017e+01
1.461109823190358092e+01
1.445832954801579540e+01
1.433227492197461928e+01
1.435571709024814524e+01
1.437955070439003435e+01
1.425482557715021770e+01
1.425099902183797518e+01
1.422206920781067829e+01
1.451053921203128638e+01
1.427746138333976234e+01
1.426574046602679324e+01
1.424869897771178451e+01
1.458569779953501211e+01
1.424735252421213616e+01
1.425332976135060647e+01
1.456103093669651294e+01
1.443099816943030334e+01
1.443265433464051561e+01
1.418375912107353543e+01
1.414230842529615551e+01
1.432971982098672648e+01
1.450528172994249054e+01
1.458486181014857230e+01
1.436728929236584840e+01
1.429099847824220149e+01
1.449539509820800909e+01
1.436690217325869412e+01
1.431807240547417237e+01
1.441352989845315768e+01
1.404813441147785547e+01
1.443170949258009728e+01
1.418567716530202638e+01
1.442137842723958840e+01
1.453303052250702798e+01
1.403352631872122025e+01
1.437145825049132597e+01
1.442150015119070261e+01
1.452748096699938252e+01
1.436222022453513425e+01
1.412450530515189939e+01
1.426835692823508772e+01
1.437935472553770211e+01
1.459547717383964027e+01
1.445750594501056518e+01
1.424177072412177836e+01
1.447321348322512335e+01
1.435586743935225229e+01
1.422638365651070558e+01
1.440728230086596007e+01
1.419626056292691629e+01
1.431208343276241202e+01
1.451365903629043430e+01
1.433049181299968922e+01
1.427458657181333201e+01
1.425106435815054340e+01
1.437153063538420028e+01
1.419623701389446246e+01
1.424679560415039425e+01
1.439623487699571669e+01
1.418123282541411889e+01
1.429725373385528542e+01
1.446369037175771766e+01
1.424733595244156703e+01
1.459563485947013106e+01
1.436764333006303396e+01
1.425903435711554579e+01
1.430178430734986961e+01
1.412328886661384608e+01
1.445466667787854398e+01
1.421712239659889576e+01
1.441520502965386896e+01
1.421470368698311226e+01
1.418180914308824114e+01
1.433671429047507928e+01
1.430029727230602887e+01
1.423264066951310625e+01
1.422876690876131889e+01
1.431585980829778570e+01
1.445517575098294927e+01
1.454260967388365700e+01
1.476268771561844062e+01
1.440066671456758129e+01
1.422162061772096209e+01
1.429230023181076881e+01
1.428650017378988935e+01
1.410764347575860356e+01
1.435862139077309152e+01
1.441018441541434392e+01
1.447656796419372682e+01
1.458178115474377989e+01
1.426094603332465560e+01
1.465298423838082620e+01
1.425709759849211444e+01
1.435343832792654872e+01
1.442086606371378821e+01
1.434523800122732062e+01
1.446591674882893486e+01
1.432489213358011781e+01
1.441127709637377485e+01
1.452036689698051397e+01
1.462450137547449813e+01
1.437437749191587422e+01
1.417463930651329029e+01
1.419895877099588155e+01
1.465577118644297627e+01
1.418532554226759679e+01
1.421075207056140322e+01
1.424042396510424524e+01
1.436244637431374471e+01
1.443127812678464217e+01
1.458426099581592084e+01
1.448045303725738719e+01
1.432559536216793816e+01
1.417568050041028549e+01
1.438074215708201287e+01
1.420772297168325338e+01
1.449343878613315439e+01
1.422900009897688101e+01
1.440379859345822133e+01
1.436194963248800427e+01
1.437715972138195575e+01
1.436663466875609352e+01
1.439121960943862355e+01
1.468665123352047885e+01
1.432534321458663840e+01
1.454883973286088228e+01
1.433091558266957577e+01
1.411306130300487460e+01
1.456065871955808433e+01
1.454905819845759218e+01
1.445970516596297983e+01
1.425506018463072699e+01
1.448195615088753918e+01
1.431289935841680538e+01
1.442992967473923471e+01
1.414471736585344352e+01
1.434858506606619599e+01
1.468626325103960717e+01
1.456171401448295377e+01
1.442397353323117670e+01
1.426002008522920050e+01
1.440335007360672392e+01
1.439214436300803790e+01
1.459549193628022756e+01
1.469344411139290507e+01
1.420388418402984065e+01
1.457430383282387609e+01
1.432390091935168286e+01
1.455035483031760180e+01
1.424942000211254900e+01
1.427409942311544455e+01
1.427708505297207076e+01
1.434537172216252543e+01
1.445022690435590285e+01
1.423912381754603196e+01
1.450684329282844409e+01
1.433061482063271441e+01
1.436907416892308298e+01
1.435004997925819303e+01
1.440420057635737017e+01
1.426691917900333628e+01
1.466715530133011214e+01
1.436657650942718156e+01
1.428205383676583295e+01
1.431514972648044726e+01
1.451085698923184353e+01
1.413391255936688218e+01
1.433304205825383804e+01
1.411225292847205814e+01
1.395792616483437243e+01
1.432137325411336626e+01
1.442851700492889044e+01
1.448946026891263905e+01
1.430081989519481489e+01
1.465123446132668228e+01
1.452720567475749647e+01
1.439617746567593137e+01
1.413226806195262597e+01
1.440639478135977214e+01
1.419765898757277789e+01
1.449515225123038142e+01
1.453206376222248863e+01
1.406757343943666427e+01
1.435942648007108424e+01
1.417546253548225543e+01
1.446747549031435476e+01
1.430490399157610959e+01
1.421800103439361074e+01
1.420699860268590342e+01
1.429828193324030039e+01
1.410096277400517906e+01
1.424992967511661668e+01
1.413053473373170021e+01
1.446390725908931074e+01
1.413010979250779364e+01
1.440917156208597660e+01
1.423986973173315462e+01
1.431363033684563746e+01
1.424256141030825162e+01
1.447293762428143182e+01
1.421645510222483999e+01
1.448434199196626970e+01
1.409797467902036772e+01
1.428715110576141711e+01
1.414075258914557587e+01
1.408998373634080181e+01
1.414494139258476402e+01
1.420318365356326318e+01
1.424711852028623227e+01
1.438203565788777993e+01
1.445817427238828756e+01
1.416243796155831980e+01
1.418176373111229083e+01
1.418044451243943982e+01
1.459785469423365889e+01
1.432011304301478205e+01
1.424684915028860921e+01
1.405687815711358013e+01
1.434831414093503632e+01
1.446712563184854261e+01
1.419809706219943557e+01
1.430888839293060499e+01
1.413999639251636964e+01
1.422817183304196753e+01
1.440388477728913230e+01
1.432933606805089433e+01
1.436182819767520691e+01
1.403503352180680608e+01
1.409966617743387118e+01
1.414421625128825077e+01
1.430407016509863283e+01
1.456339861846483252e+01
1.423611275964158729e+01
1.443407079636928536e+01
1.439766502203687359e+01
1.442068436483320504e+01
1.476164932327689350e+01
1.433554203084467105e+01
1.440121916450507911e+01
1.448858511185964559e+01
1.416261119405261049e+01
1.439665068161475503e+01
1.426397683778730396e+01
1.449372931472117898e+01
1.460452642019233771e+01
1.432071141667348080e+01
1.443797984356973174e+01
1.440603121857632907e+01
1.452772272623400696e+01
1.463643863808346524e+01
1.416274614277516797e+01
1.424651991849339083e+01
1.415518048872667478e+01
1.449479175403169506e+01
1.434185684442675424e+01
1.459640198248823495e+01
1.428767854376478930e+01
1.431762938210027691e+01
1.405360335792738802e+01
1.419195272296477484e+01
1.422930358852787514e+01
1.418015896848146973e+01
1.449783273798301053e+01
1.445528850563219514e+01
1.423112005974138405e+01
1.432155813624112461e+01
1.425072015160957584e+01
1.463890881995664905e+01
1.433912594895069503e+01
1.408775385814017689e+01
1.423786038757060268e+01
1.425676942628012789e+01
1.426146630269673743e+01
1.424664062331500958e+01
1.426935001991805230e+01
1.436622926386599275e+01
1.458730908764461809e+01
1.456008006732428761e+01
1.455345755413132558e+01
1.436227735852488507e+01
1.432070820096000929e+01
1.437835280384916281e+01
1.414392977471558943e+01
1.399349823013739069e+01
1.444684608044127749e+01
1.410554172255138816e+01
1.414790894961101664e+01
1.427474747445911518e+01
1.419655276261831567e+01
1.403204078010704947e+01
1.450102771752857755e+01
1.457764109629559357e+01
1.417711069105711097e+01
1.427865942975729574e+01
1.444450743868024389e+01
1.413970296802751569e+01
1.403764330079335210e+01
1.447150621028246142e+01
1.444502137066025860e+01
1.422952747122802464e+01
1.447261112257447557e+01
1.437438698997661390e+01
1.429864612848151317e+01
1.436291134711391138e+01
1.475861332603927067e+01
1.446792028300358091e+01
1.430555423608426224e+01
1.454204578826105632e+01
1.450536282084584272e+01
1.432935634696694649e+01
1.431706519376666087e+01
1.432077563885039950e+01
1.448826746215712191e+01
1.429823381185670605e+01
1.457643601547507117e+01
1.424240858270064258e+01
1.407171748475845341e+01
1.440330487771691637e+01
1.431718033688846248e+01
1.446620480535286291e+01
1.422704229601124659e+01
1.424690808565745570e+01
1.415902893369093007e+01
1.395913817352634645e+01
1.424030098944520617e+01
1.446153246602432496e+01
1.425721879212196086e+01
1.411122262313576492e+01
1.414734280462834448e+01
1.418086942011870377e+01
1.427187234654176073e+01
1.426883819376052109e+01
1.431429503988511520e+01
1.419929273903594691e+01
1.434037786424276462e+01
1.431476591699178691e+01
1.416219187882401975e+01
1.440514745408952457e+01
1.443113711337722371e+01
1.400570185020720082e+01
1.428496556106780346e+01
1.445208564465062295e+01
1.436865608739379851e+01
1.434213008921873822e+01
1.434088040163676148e+01
1.433148535649994315e+01
1.430717832389199629e+01
1.425363988493943879e+01
1.435974793625183032e+01
1.410521119804100465e+01
1.412920013759337401e+01
1.423245223606505938e+01
1.445049731177269514e+01
1.460690962696341799e+01
1.437638006608514729e+01
1.438496744768263724e+01
1.421288033386341532e+01
1.450686030079609523e+01
1.435940113882713831e+01
1.410975346665727770e+01
1.428344190808770797e+01
1.421101252425573236e+01
1.434553638597224179e+01
1.426331677072376003e+01
1.431659376108940585e+01
1.413032920381067115e+01
1.433897479013163867e+01
1.431008165520707820e+01
1.447252770665808619e+01
1.418585414412883772e+01
1.412908874514200086e+01
1.447961498908687972e+01
1.424813304700913719e+01
1.412746939611574071e+01
1.413361700673935495e+01
1.445125692420754859e+01
1.436877272934808047e+01
1.426218281236398511e+01
1.400456267311062852e+01
1.442951345851322387e+01
1.476222372982961950e+01
1.452822232261235591e+01
1.421516799389269892e+01
1.427117252001864323e+01
1.433916403379318005e+01
1.399702506616249842e+01
1.420035132903254116e+01
1.442493639992016341e+01
1.419370498785186996e+01
1.424321292004158046e+01
1.438787600391757593e+01
1.428614417141694659e+01
1.437041997898852763e+01
1.430175581067652502e+01
1.433724012098025113e+01
1.447342451526236040e+01
1.409048588161104298e+01
1.430675647680268092e+01
1.440989063530901682e+01
1.438600560934471062e+01
1.420872754106371971e+01
1.429784878543591553e+01
1.411105246608688901e+01
1.418970855881162940e+01
1.425262552419886575e+01
1.449657082532923269e+01
1.416734531360551586e+01
1.446084359534284403e+01
1.474311019488735042e+01
1.400864055742603220e+01
1.456868682554481431e+01
1.467863688039048142e+01
1.443819716050478341e+01
1.461386560715606109e+01
1.422792990921989187e+01
1.422051308385078094e+01
1.407126326705669861e+01
1.453163331442530115e+01
1.453242107734925881e+01
1.441557698062195492e+01
1.436967139503978963e+01
1.438173523509965612e+01
1.422941830461275892e+01
1.443961578608693230e+01
1.420172351717810244e+01
1.414423861610116973e+01
1.415497943426785454e+01
1.454399884807887489e+01
1.425591216845648113e+01
1.431474974215900708e+01
1.424926370958184663e+01
1.428757477444562873e+01
1.435085194954312549e+01
1.439985168831795015e+01
1.422521164711657526e+01
1.434812460734397810e+01
1.426565840572193089e+01
1.445929174937378292e+01
1.433114776927827805e+01
1.420214621199694705e+01
1.421601457902198717e+01
1.441747466112078868e+01
1.439124356438986752e+01
1.435855895296844409e+01
1.420710601039960252e+01
1.424105871608459850e+01
1.432411977920663304e+01
1.418512387090033222e+01
1.421454131322080094e+01
1.441051121026102066e+01
1.444014798166921487e+01
1.459365856167158704e+01
1.450640146984093448e+01
1.437179711333615550e+01
1.429387298911755089e+01
1.424103118518314481e+01
1.417652325966860793e+01
1.452231036677534703e+01
1.422536005737515019e+01
1.444610764598176189e+01
1.468757171535628991e+01
1.451487545688030778e+01
1.439013445132764879e+01
1.447401501587201444e+01
1.430904168406886257e+01
1.436586441779551393e+01
1.461439147862004440e+01
1.452198292640016497e+01
1.435288768015171712e+01
1.425808518042275175e+01
1.402780186342454272e+01
1.430689698041673452e+01
1.401371099080274618e+01
1.429924744233909095e+01
1.448576357927260005e+01
1.430047538778527105e+01
1.432380030047412234e+01
1.441002948806439043e+01
1.408908050015586255e+01
1.399677261778174753e+01
1.406979705990752372e+01
1.417205258927536526e+01
1.453363891006488018e+01
1.430737639808463157e+01
1.432417566515958463e+01
1.428992806905502633e+01
1.442067183411948506e+01
1.430713100980955232e+01
1.452447369999136839e+01
1.434547983400366000e+01
1.431114715736156384e+01
1.432098848844498029e+01
1.434110940895420683e+01
1.439354291975253908e+01
1.439307494519296426e+01
1.436935932118586123e+01
1.441942224712138909e+01
1.424520574325979538e+01
1.420652979835308294e+01
1.447261205011117724e+01
1.461590726811133933e+01
1.430227870438524818e+01
1.444559134728949346e+01
1.430327669351994402e+01
1.424062450552733416e+01
1.432814702423339348e+01
1.450278049032203320e+01
1.449739873662067957e+01
1.440548461506630673e+01
1.438336328314524515e+01
1.456782156207401258e+01
1.438676477407017096e+01
1.436398183783789761e+01
1.458635015092738740e+01
1.439113273134825199e+01
1.459354173616994466e+01
1.460455208953434614e+01
1.403583345355997736e+01
1.466446018565644493e+01
1.440254388907743710e+01
1.427653306437647629e+01
1.442847175425477957e+01
1.422361956976660835e+01
1.423508455045103993e+01
1.445844640529289471e+01
1.440927262592876268e+01
1.452017340518275290e+01
1.438982398991492673e+01
1.425425116966290595e+01
1.425419002799050183e+01
1.420376696568377461e+01
1.442345673964373454e+01
1.420973614090909898e+01
1.426812559633267519e+01
1.437511162912187856e+01
1.459502122414248149e+01
1.441518444913477381e+01
1.454552632041636251e+01
1.413921938429181679e+01
1.418963627538339267e+01
1.420813422924701008e+01
1.420455690794139159e+01
1.435722495821276290e+01
1.420135145661741483e+01
1.428979515949602686e+01
1.431965679267283775e+01
1.433271301803969244e+01
1.442930755561536138e+01
1.452724153007937780e+01
1.442400064343936528e+01
1.429514558698639348e+01
1.451070189741023420e+01
1.460415896899425370e+01
1.464751797756401608e+01
1.400790133528671433e+01
1.460884040947570384e+01
1.412731789837672736e+01
1.417785214154234019e+01
1.443231028881526612e+01
1.454946153021424138e+01
1.448837819021489537e+01
1.412008378367435135e+01
1.408858732460309504e+01
1.392175631342280617e+01
1.423873881793951313e+01
1.434673149283183058e+01
1.446266540396274713e+01
1.411217923735828172e+01
1.413322530010216305e+01
1.427968460526291850e+01
1.429014020200380841e+01
1.430688184531567941e+01
1.407782067464601461e+01
1.413099472645118126e+01
1.436212675561396068e+01
1.438587215629398486e+01
1.453634349885725641e+01
1.441855212408545484e+01
1.420891585174701710e+01
1.423861321426470461e+01
1.417282151699017767e+01
1.421330672782368687e+01
1.408609465271886485e+01
1.402971205552008094e+01
1.455104647502961868e+01
1.433229869118021327e+01
1.436931501929757005e+01
1.442514223956993646e+01
1.423057306970581770e+01
1.444490800391003837e+01
1.433141580311280805e+01
1.440745787925296106e+01
1.434466009975811218e+01
1.395774662397011312e+01
1.422187892280622279e+01
1.430624272339390046e+01
1.439024151327339496e+01
1.435089745141892870e+01
1.457903497484119804e+01
1.421646521498034055e+01
1.459834520346859854e+01
1.402437786619112892e+01
1.439054340298751100e+01
1.416965365011024325e+01
1.439024035529161338e+01
1.446851908756014282e+01
1.429973429614296521e+01
1.414432868627925544e+01
1.414938134171669937e+01
1.421392778808406199e+01
1.437451948157606019e+01
1.467665643697946187e+01
1.440734110376281230e+01
1.465780808525200207e+01
1.414505692888396382e+01
1.402956350384576112e+01
1.397367100934090089e+01
1.411034074939181515e+01
1.448846683204021524e+01
1.433738172820328316e+01
1.419986094429404133e+01
1.436448884757046152e+01
1.435954167812711013e+01
1.460442681289056033e+01
1.424016569805579202e+01
1.441377396319042070e+01
1.424715421099744361e+01
1.424227926846324088e+01
1.382404569789548709e+01
1.417822620363776487e+01
1.413023964395782528e+01
1.435892336945109804e+01
1.415274484027712631e+01
1.450138295049249493e+01
1.422337727949788011e+01
1.434640319659963481e+01
1.410015468787979742e+01
1.442014174501655255e+01
1.435299560844407907e+01
1.445088808410781134e+01
1.461487604040740429e+01
1.447373939837011392e+01
1.439459860907720490e+01
1.454071849856673104e+01
1.439934444969628125e+01
1.425405682093559712e+01
1.447396791876508004e+01
1.435300049135008038e+01
1.428155212176956113e+01
1.440632720758340390e+01
1.462066230603539552e+01
1.444012136530987078e+01
1.473347588916765005e+01
1.423325684091767762e+01
1.428049228788115776e+01
1.406210659855518941e+01
1.423822159815857447e+01
1.453177612424166831e+01
1.447763437096362793e+01
1.407487186482062747e+01
1.435122550997535917e+01
1.434147612254401771e+01
1.446414853523739907e+01
1.418021156140940597e+01
1.448192377101870321e+01
1.448859873743475823e+01
1.419947594950627057e+01
1.427829409470620980e+01
1.423120290375208796e+01
1.442348957000384146e+01
1.414510572177609404e+01
1.427795776439210762e+01
1.450599217503920890e+01
1.433858236172836875e+01
1.421469500011158793e+01
1.414378279307755371e+01
1.428336572142630345e+01
1.427312799130742427e+01
1.426886539515012409e+01
1.419873337540342817e+01
1.424571505938559568e+01
1.419576560518999209e+01
1.449848568647099967e+01
1.415119097367075973e+01
1.440610500377896841e+01
1.406647945315705783e+01
1.440952190606940064e+01
1.413390552426979951e+01
1.416411393973790922e+01
1.430522788356453567e+01
1.452950155824675349e+01
1.433205006228469713e+01
1.409847410322063332e+01
1.452277491501974716e+01
1.408364959533079031e+01
1.414276506220424423e+01
1.436911770214692474e+01
1.410792140038425302e+01
1.433296657627733417e+01
1.429652296092943864e+01
1.437533447356015692e+01
1.434315706328792039e+01
1.417600028046916982e+01
1.441270139183993670e+01
1.418580747162860156e+01
1.425944839282360554e+01
1.452104533422246924e+01
1.447132934838138851e+01
1.419434819323940467e+01
1.434040698879561226e+01
1.436399406799595013e+01
1.433204484916536714e+01
1.446339526415548526e+01
1.407220144087581737e+01
1.422228340330534913e+01
1.448224255752352185e+01
1.449569082818179488e+01
1.438698874768887492e+01
1.431965767179168303e+01
1.470862727308456464e+01
1.420478208927765529e+01
1.426757226183967298e+01
1.408282869450972541e+01
1.394407792192409623e+01
1.444583022618158985e+01
1.423436577589291652e+01
1.421163376095457309e+01
1.443410773401908465e+01
1.443656368567113901e+01
1.408627266209364137e+01
1.452940643291277567e+01
1.422755812797526254e+01
1.457110193727510072e+01
1.441948415781624249e+01
1.417879910118949738e+01
1.425517522849202479e+01
1.442852736068550534e+01
1.453386796700565142e+01
1.402984302988127396e+01
1.443443356361855656e+01
1.463780025361920778e+01
1.415945072730207066e+01
1.427929694027025853e+01
1.428727626651206428e+01
1.438549942796013958e+01
1.442797977726846526e+01
1.445530746449095361e+01
1.439075874415817502e+01
1.458106067033720343e+01
1.425198880313697458e+01
1.431715847107465933e+01
1.435530754837825818e+01
1.415258165279411706e+01
1.460271869986034332e+01
1.457262013480157314e+01
1.463810128981974934e+01
1.415193674299125171e+01
1.442035973599764453e+01
1.438911815445503350e+01
1.434997224377989866e+01
1.406153359357935884e+01
1.449284909251126230e+01
1.440304167687029668e+01
1.430701280481682502e+01
1.423664285629615911e+01
1.434009767557225956e+01
1.425933042729239375e+01
1.452757540908515921e+01
1.440736331514703039e+01
1.451705584128260540e+01
1.434133875451085061e+01
1.416824363313554436e+01
1.432279014549782659e+01
1.432276017261808754e+01
1.431765646830368333e+01
1.395214145690689556e+01
1.401367224664001832e+01
1.438781496638547530e+01
1.427728366771860458e+01
1.422046423117245517e+01
1.433129590410213261e+01
1.446037440285180331e+01
1.462650495819374719e+01
1.440174080594831985e+01
1.417739932782238377e+01
1.416166018873649257e+01
1.420339709021156160e+01
1.457349481859247931e+01
1.410481356075856318e+01
1.440988409734702635e+01
1.427686420062167727e+01
1.416497881925008606e+01
1.432355499947818345e+01
1.427597036206574721e+01
1.427930639130258150e+01
1.439444957018733895e+01
1.436396314039789424e+01
1.414083097479706197e+01
1.416879936871208479e+01
1.416916826920235373e+01
1.439098618944411179e+01
1.426250273806150126e+01
1.410075156706895072e+01
1.420418869593689060e+01
1.439057994641875560e+01
1.426791918875743193e+01
1.423015657060276062e+01
1.409236504178148763e+01
1.441555424767586402e+01
1.481244091632815696e+01
1.442206665761193207e+01
1.434847564151741039e+01
1.419951110147636797e+01
1.437996079963207841e+01
1.406708548763814015e+01
1.438628946909627793e+01
1.434540696387696634e+01
1.439299715974709670e+01
1.418309887837471095e+01
1.419009498636259359e+01
1.414463683718593856e+01
1.440699736302175538e+01
1.429683177047658305e+01
1.456889635522012583e+01
1.441034027993765854e+01
1.443866374682365894e+01
1.431568629674436188e+01
1.407644471537044595e+01
1.413997357576562131e+01
1.449794521376874457e+01
1.415033806207049949e+01
1.432970468643762452e+01
1.425927649720303947e+01
1.453638901793597604e+01
1.427621889963627488e+01
1.432944099402814331e+01
1.422342205222303591e+01
1.420017678630489044e+01
1.426736311472472174e+01
1.403902508808252314e+01
1.415799395217342749e+01
1.401824740844919859e+01
1.426852445004653269e+01
1.407544586367495398e+01
1.416068359225734064e+01
1.419116925457048239e+01
1.450910160021658157e+01
1.449748963643289557e+01
1.413077376729162182e+01
1.433666050692601068e+01
1.403372677388551004e+01
1.416498078224794099e+01
1.453386593622660605e+01
1.445331250839560511e+01
1.440456574518775668e+01
1.446531951854876219e+01
1.464695064654048018e+01
1.441469434569306785e+01
1.424991068349591217e+01
1.433289801048509915e+01
1.423089871514693172e+01
1.436381312596594739e+01
1.406131538962539373e+01
1.453614569409688073e+01
1.443094628971673821e+01
1.445224553260509737e+01
1.430080184198819815e+01
1.419073991762618192e+01
1.443130602047361677e+01
1.430208910647109199e+01
1.421230485952348133e+01
1.441620017443907287e+01
1.405677367112516762e+01
1.441393468176999448e+01
1.438710542221070554e+01
1.436223383826656885e+01
1.436441063969826359e+01
1.461542296974828936e+01
1.424954241628988250e+01
1.433842215561306510e+01
1.410815299970703940e+01
1.446646674148621869e+01
1.405392809760781425e+01
1.416103129686875128e+01
1.443729792082902108e+01
1.430301893274095981e+01
1.438856171785634430e+01
1.435287397241748586e+01
1.433203156201074968e+01
1.434971721825159641e+01
1.441531769510624450e+01
1.418745068056831826e+01
1.438539595603703170e+01
1.433256527264788716e+01
1.452923255113620549e+01
1.394963609457041898e+01
1.428570634378292326e+01
1.442581646650847382e+01
1.426291302427012830e+01
1.433395834647888378e+01
1.414574897119352670e+01
1.431173428162068362e+01
1.438770847621094440e+01
1.439258025679570885e+01
1.405496523055506586e+01
1.422150267700026482e+01
1.437024539166887216e+01
1.430500718434268670e+01
1.470848224031870188e+01
1.456276940067533587e+01
1.428532706632471694e+01
1.430288938364285123e+01
1.426272574956946748e+01
1.419412614141271867e+01
1.417468770597264793e+01
1.458000367313616863e+01
1.435692411396196100e+01
1.471961836553532699e+01
1.414082853231598946e+01
1.416142504695964810e+01
1.450499872375773336e+01
1.452110304956607933e+01
1.427557699287109116e+01
1.410675774829308970e+01
1.439953917882138867e+01
1.445714864167440439e+01
1.435346997429462057e+01
1.411086973541801370e+01
1.412014811967369710e+01
1.442134683294565889e+01
1.427748160293912960e+01
1.427231610843354304e+01
1.452210340676503186e+01
1.455394759560817519e+01
1.419798486596303455e+01
1.431459173677028218e+01
1.429024536814804058e+01
1.405409452658554770e+01
1.429827457428582349e+01
1.443076438698373209e+01
1.423732746170580832e+01
1.421383040324840330e+01
1.447442521011395300e+01
1.447570237703227392e+01
1.413072799138182312e+01
1.430920591614607851e+01
1.457775433665142728e+01
1.445907180234360823e+01
1.434151864993962278e+01
1.413948487961068778e+01
1.417123635795935854e+01
1.413692701887844549e+01
1.420519114574023867e+01
1.444554519282954885e+01
1.432017570255128014e+01
1.433216425615523271e+01
1.423906672505944648e+01
1.430576068723663852e+01
1.438658114019663437e+01
1.435686644100710829e+01
1.438472801540442703e+01
1.441604048346988165e+01
1.431228045688292561e+01
1.425588305036155923e+01
1.437241554586272407e+01
1.428425314546421987e+01
1.457626048317108491e+01
1.426963415304379623e+01
1.417250505888107526e+01
1.457046432477476650e+01
1.411166270220731889e+01
1.444374742341735818e+01
1.451520431977862025e+01
1.427267635635648979e+01
1.454932654058265307e+01
1.438685420034964757e+01
1.454073625732413966e+01
1.427989208718210001e+01
1.439646526616732558e+01
1.429105121309446780e+01
1.415562165953679319e+01
1.438251489587196730e+01
1.407368304704253958e+01
1.425770803586582147e+01
1.452331953461058589e+01
1.452055454662720102e+01
1.475038452008256940e+01
1.436472721495664651e+01
1.405475176863237685e+01
1.461728318827466566e+01
1.432678545252198710e+01
1.429211338144836141e+01
1.418652684764296801e+01
1.432873923689730411e+01
1.454238782017470832e+01
1.403285132898219345e+01
1.407935924478465850e+01
1.432446485829285976e+01
1.458122762896231173e+01
1.399084311073190356e+01
1.428094087985588700e+01
1.428927905668489018e+01
1.433291220386061759e+01
1.435599407220191281e+01
1.466293599650477297e+01
1.432764738715346553e+01
1.465167748381419166e+01
1.468844987908970268e+01
1.431065446181024114e+01
1.447220776887659888e+01
1.453810867047481459e+01
1.457970919890508554e+01
1.459623933674063245e+01
1.439934685264039338e+01
1.406945862581273055e+01
1.425486271087589252e+01
1.442733868148400767e+01
1.439340043273031711e+01
1.404647864532948809e+01
1.442320945023753964e+01
1.442171671291587387e+01
1.448581097917096372e+01
1.464696315418043859e+01
1.422494860725208099e+01
1.440155178181221984e+01
1.401164057337393309e+01
1.418426932388861772e+01
1.432146993961124437e+01
1.435408611022130287e+01
1.419722906890279823e+01
1.416106125935091420e+01
1.441754073999214647e+01
1.411099880173282273e+01
1.438566231936558282e+01
1.441671526985044238e+01
1.420663315711569119e+01
1.432504789543605916e+01
1.411320678616885615e+01
1.432729829041918634e+01
1.432971104903820070e+01
1.434605076311104455e+01
1.445555076385465831e+01
1.422312438694309122e+01
1.411209227882204509e+01
1.419477561109443542e+01
1.448088702497456026e+01
1.412211881387736945e+01
1.450921888988538555e+01
1.419090868198600930e+01
1.442550132461880708e+01
1.448770292128930137e+01
1.448618828000654268e+01
1.447955093117846026e+01
1.452062536826464978e+01
1.437449791510535491e+01
1.415505637936856154e+01
1.436393671255162729e+01
1.429203818042964080e+01
1.417932639801056460e+01
1.408614612714956138e+01
1.420995503368102675e+01
1.432179266546813956e+01
1.431137567338253014e+01
1.408215772366902208e+01
1.439503143488031789e+01
1.437084903277424530e+01
1.465110225920389198e+01
1.430217766846899963e+01
1.424360619081806867e+01
1.423411761104296147e+01
1.405405378484391221e+01
1.445683712654395769e+01
1.435806323229853732e+01
1.414735450770744407e+01
1.429109185821865680e+01
1.410515440872083204e+01
1.449934866941255329e+01
1.442424081628534260e+01
1.470408214794351487e+01
1.428680503694599224e+01
1.402661601841483474e+01
1.425824791071500819e+01
1.411576520355018616e+01
1.443386352024264063e+01
1.411457089967093381e+01
1.435393242589421803e+01
1.422421653610271974e+01
1.443147391217156006e+01
1.442016083537204629e+01
1.440239663248189039e+01
1.426136904075651479e+01
1.448430515595989121e+01
1.440854004615630934e+01
1.450463564370965841e+01
1.448267076994530989e+01
1.423390790328570255e+01
1.425038383971441824e+01
1.421635926167128794e+01
1.452270647139870086e+01
1.420980625133048392e+01
1.426981746063968615e+01
1.416404721920714316e+01
1.447610168024753463e+01
1.412368825317304299e+01
1.451194069713142021e+01
1.444325927048928548e+01
1.416592072055845186e+01
1.414066107823811436e+01
1.423694127163661172e+01
1.429240290303631689e+01
1.413400231333671364e+01
1.426860260107518563e+01
1.430122538966068824e+01
1.448444201195757230e+01
1.392209553153853463e+01
1.426116933116087537e+01
1.440727867343235502e+01
1.420067538169288746e+01
1.447043159902945675e+01
1.429018884244927712e+01
1.444916828850639057e+01
1.418820788041842640e+01
1.406341960427617543e+01
1.438901334981958158e+01
1.406470255257040058e+01
1.442710931402303132e+01
1.418518179641827537e+01
1.438852404273204755e+01
1.427613335507306580e+01
1.451180095827244543e+01
1.430778100270758202e+01
1.454800871051228128e+01
1.432989805505344982e+01
1.435885379220182934e+01
1.404873671044075678e+01
1.429394900181562456e+01
1.438867563052370713e+01
1.446762245822974258e+01
1.411629805310051644e+01
1.425464399188592424e+01
1.445571148149188367e+01
1.431211020611435991e+01
1.427277012416219826e+01
1.440825219658279721e+01
1.436667724045981309e+01
1.447834635743011411e+01
1.435597696123251232e+01
1.440558390578207870e+01
1.420605733907290968e+01
1.454893383364577808e+01
1.437306347350392244e+01
1.453243308374580067e+01
1.443462872350452031e+01
1.439208886374281704e+01
1.425648238785766075e+01
1.430640208433488958e+01
1.405571637940872876e+01
1.475910129687820316e+01
1.424042817938092398e+01
1.416137073468335217e+01
1.436056580398372517e+01
1.429896199434914372e+01
1.446761803151685655e+01
1.422470557872227026e+01
1.445872549117930639e+01
1.432666014523373299e+01
1.460054834474768448e+01
1.452256088999440742e+01
1.452953548041064558e+01
1.422678707123803399e+01
1.445422197167904876e+01
1.458273338983894085e+01
1.405545127600961663e+01
1.434881134043390638e+01
1.430806413827969870e+01
1.426477441850478556e+01
1.439181249399880613e+01
1.425525502771725073e+01
1.447168852564711194e+01
1.441393024963208092e+01
1.435384027501221205e+01
1.431261244228477203e+01
1.455150428383486272e+01
1.408594343762317358e+01
1.445513275588689162e+01
1.442300376742161738e+01
1.443217523506706534e+01
1.439137362523196373e+01
1.397761341679983893e+01
1.441859656508782628e+01
1.409575213184051989e+01
1.428470835904877667e+01
1.444067979967859294e+01
1.420867055044978322e+01
1.435023982738141513e+01
1.453472806765600644e+01
1.445762006081539930e+01
1.421700448403541728e+01
1.434460357325236046e+01
1.438053617387536320e+01
1.416023114745075695e+01
1.441126794408577005e+01
1.458735373404681468e+01
1.400988954923483831e+01
1.461275868007653855e+01
1.446128250495385004e+01
1.437140509428910384e+01
1.426266124209404573e+01
1.434697719625027901e+01
1.438464576115106119e+01
1.449601980551752511e+01
1.438108347124373765e+01
1.402582166387518470e+01
1.432416154881360981e+01
1.429941270727229785e+01
1.431192433666610242e+01
1.422773266336380793e+01
1.436424049796648106e+01
1.407557416939457973e+01
1.419954283823916796e+01
1.431477893863665862e+01
1.430002666669596856e+01
1.436639352180148776e+01
1.404541577719698608e+01
1.457621780649900955e+01
1.464790347132050741e+01
1.444715613468802928e+01
1.439158643707194862e+01
1.435893391534429675e+01
1.424551637265992099e+01
1.417396642342906965e+01
1.451219614106127054e+01
1.445798144099416760e+01
1.405131601685179632e+01
1.437587936188314686e+01
1.419958307554575860e+01
1.438183387732341600e+01
1.435413008260212386e+01
1.457232960921514930e+01
1.418583944533058450e+01
1.425906789802223962e+01
1.411093937538105436e+01
1.465817097276243430e+01
1.436206531886152327e+01
1.439763280830438141e+01
1.426996627275758200e+01
1.444199858418806670e+01
1.418819343613661488e+01
1.419970587342943524e+01
1.448412684737567702e+01
1.424900764215466076e+01
1.442911085951465822e+01
1.411840344924777213e+01
1.434727281476878247e+01
1.418012723253639251e+01
1.432271049858389667e+01
1.402808969752325474e+01
1.434953146685744585e+01
1.441941994667546112e+01
1.409593536022662619e+01
1.435470971512930660e+01
1.426379929075077335e+01
1.442497945551261473e+01
1.462104276264169656e+01
1.472015918651066357e+01
1.446767252929425851e+01
1.443755008725081446e+01
1.430790420658859396e+01
1.441052597484050146e+01
1.385358196351807081e+01
1.436881090564908092e+01
1.444986848671367952e+01
1.441914180624344688e+01
1.431429411091432691e+01
1.408740696620544064e+01
1.458185647025266363e+01
1.434868713695306752e+01
1.421454156500537103e+01
1.427332242657643846e+01
1.419174415227261754e+01
1.437517556373569327e+01
1.406225929490956084e+01
1.433874066610247056e+01
1.436619196263592002e+01
1.427781847297502971e+01
1.427119241852207843e+01
1.431931697955878491e+01
1.435913742872830134e+01
1.416442217514512159e+01
1.434175844720789783e+01
1.435067164647082372e+01
1.424493951069789155e+01
1.463836521022148496e+01
1.426578519940879985e+01
1.426575840937162987e+01
1.403648927597273577e+01
1.438324958492501615e+01
1.434918795691901927e+01
1.436789032214147532e+01
1.442868782130652505e+01
1.432631104851200732e+01
1.431310698782315072e+01
1.432515728747208250e+01
1.442017894714312831e+01
1.414872585632848612e+01
1.437129970928942946e+01
1.442758521761486890e+01
1.436966873297997083e+01
1.403833729527135077e+01
1.422947975849296576e+01
1.406531185601662592e+01
1.435292468536731825e+01
1.451852930094046279e+01
1.443906507074743573e+01
1.421041644391798542e+01
1.425959100763472875e+01
1.438361032483548385e+01
1.457779157232969247e+01
1.422712040410727674e+01
1.409642611107102539e+01
1.461576842514948638e+01
1.429442111606888766e+01
1.429154087325852629e+01
1.429792898119317712e+01
1.415915615081906687e+01
1.430590055277913919e+01
1.413716189699579218e+01
1.439822814306303300e+01
1.443851429872232295e+01
1.451071165699506160e+01
1.432530480162596120e+01
1.428290130053157014e+01
1.450539155219983023e+01
1.424398793347307546e+01
1.415957580808989391e+01
1.429216825676830283e+01
1.432338293310073141e+01
1.407161936742136632e+01
1.448502711246987396e+01
1.454534648450803935e+01
1.420580768267785388e+01
1.416495178355977203e+01
1.429301642047884258e+01
1.424550387104448035e+01
1.418876808440135306e+01
1.419159424532813674e+01
1.424617240986402678e+01
1.438335988947516064e+01
1.430100341812599751e+01
1.435595814671669324e+01
1.411835407146104160e+01
1.422042960407616086e+01
1.410926785138259731e+01
1.435758181886082596e+01
1.408695454002647196e+01
1.435936200742699675e+01
1.457487272357287722e+01
1.434476003437579728e+01
1.438679958098643041e+01
1.474395324552061481e+01
1.428441435181210295e+01
1.430774346194735003e+01
1.436274234897789981e+01
1.428892229775794753e+01
1.441473125885909212e+01
1.425249276060530157e+01
1.446386727916147130e+01
1.409305834537587288e+01
1.429048209258659874e+01
1.443171318209565790e+01
1.437985700059991068e+01
1.445675985483607384e+01
1.406603345467599020e+01
1.435400376377820564e+01
1.423287327948135150e+01
1.452042590637966235e+01
1.428468816719681200e+01
1.438622966980086915e+01
1.419184565195070036e+01
1.444228508617863049e+01
1.432735834981279055e+01
1.420577334691132343e+01
1.443703984161658838e+01
1.446577389582040318e+01
1.420286829309926269e+01
1.444980885151831629e+01
1.439638851854572188e+01
1.462255134890854968e+01
1.422456535323992100e+01
1.427580732492253013e+01
1.435144709903948090e+01
1.422658047873861875e+01
1.471673948797360687e+01
1.420599352859700559e+01
1.409581084383900063e+01
1.444210322606969754e+01
1.436581901338785094e+01
1.430411248235928845e+01
1.455137146781396318e+01
1.439947454502180513e+01
1.436882011930654635e+01
1.448235244311011805e+01
1.425049632323239379e+01
1.407409603275349141e+01
1.429439647919709877e+01
1.437183624831634532e+01
1.423405465354894517e+01
1.441257102042510851e+01
1.441526482977310231e+01
1.432562216961646939e+01
1.433926311949021049e+01
1.430748477843208732e+01
1.434062761297402311e+01
1.436196269974081297e+01
1.452919546322938515e+01
1.418557644675063756e+01
1.467699148922312702e+01
1.451334421585612411e+01
1.445997960280259420e+01
1.427943443038733484e+01
1.412361928396528299e+01
1.454070591181135086e+01
1.455758126266881014e+01
1.424224426960328138e+01
1.421003908267456239e+01
1.442580437282205885e+01
1.415548696065419776e+01
1.439533135570413158e+01
1.419780443258750324e+01
1.466116873328575032e+01
1.420636475630351470e+01
1.437941304883492677e+01
1.430636573347517171e+01
1.432193828446258443e+01
1.410334101551497810e+01
1.438359739017856320e+01
1.427401735700141394e+01
1.432876159901319113e+01
1.402003765247352796e+01
1.419962842384014046e+01
1.419206778751167874e+01
1.437208400409593700e+01
1.444764864903146240e+01
1.436168025422855976e+01
1.430895436446615854e+01
1.434996456451394131e+01
1.439079125822125782e+01
1.414723254534460040e+01
1.436204498426172904e+01
1.428870046214303713e+01
1.436271799037123742e+01
1.440101925145775397e+01
1.433848682933063579e+01
1.424957496889901698e+01
1.431615013560109517e+01
1.412590624700573549e+01
1.427448395685354576e+01
1.402509702881362408e+01
1.418958858254870670e+01
1.434211587078646843e+01
1.419925887302889222e+01
1.436036599064542507e+01
1.416490437792825396e+01
1.432327398306466648e+01
1.425535099669659544e+01
1.449827537284370571e+01
1.452602425908105843e+01
1.432169353633859288e+01
1.437986890659412254e+01
1.432963385153693991e+01
1.455180779301124616e+01
1.408593565620959431e+01
1.433829706076406652e+01
1.438130302034186059e+01
1.452996308341002951e+01
1.458629693155086038e+01
1.427275643440049357e+01
1.428811429562542124e+01
1.408268446490731129e+01
1.427453876222601714e+01
1.403066251085295768e+01
1.423321603188155748e+01
1.414087955765079840e+01
1.439743360471065969e+01
1.423209176734941650e+01
1.459902031374535269e+01
1.444724224707793070e+01
1.438835758065949300e+01
1.415257834904620893e+01
1.426024191509979566e+01
1.441571338293804239e+01
1.442823893229804000e+01
1.417586025822905071e+01
1.410598434939708667e+01
1.423060525182651226e+01
1.433105671084689803e+01
1.405130667671691924e+01
1.428856909668141562e+01
1.436958873405849424e+01
1.449859221397409925e+01
1.437524184414326278e+01
1.449556271211844383e+01
1.454137770034322408e+01
1.440167428296066454e+01
1.447271908625078574e+01
1.425906579165913612e+01
1.412346355555555988e+01
1.431858662898512691e+01
1.416257543764784721e+01
1.412550193165834678e+01
1.414874147765336865e+01
1.443083041922153420e+01
1.445070532739462088e+01
1.417788035614568720e+01
1.439223676942812347e+01
1.442073623575766383e+01
1.415764382130884691e+01
1.432375625490341164e+01
1.435353575987387487e+01
1.426780494712493663e+01
1.425744190219717211e+01
1.425963508734739982e+01
1.398474892805400494e+01
1.456889067523196424e+01
1.425957259744284045e+01
1.444859996892225240e+01
1.429581088079681450e+01
1.471968288378765699e+01
1.395490864301146239e+01
1.435668460486217413e+01
1.450130661594721992e+01
1.408861070980445085e+01
1.465304289421482586e+01
1.453202111290515752e+01
1.413706781417408287e+01
1.427578916128500985e+01
1.433628557598740016e+01
1.415235646041159079e+01
1.432093246047244861e+01
1.446027348215005048e+01
1.429758990737369118e+01
1.423055732214973013e+01
1.412977367579009247e+01
1.444422405741924642e+01
1.439222901078816363e+01
1.443026744034399300e+01
1.412547940612971686e+01
1.453504709821374519e+01
1.413556666090962821e+01
1.426268022598310203e+01
1.425832512714359623e+01
1.440898266834684627e+01
1.413028953653830655e+01
1.448027334594553750e+01
1.429623919991252912e+01
1.455134543469098141e+01
1.412847493227510398e+01
1.424303161817483243e+01
1.441887693942087623e+01
1.448932107260279700e+01
1.431906397282606314e+01
1.444838380475822426e+01
1.451793003248396552e+01
1.467150352411332825e+01
1.434043009858692663e+01
1.422238355356591022e+01
1.417376575635645608e+01
1.407063125185559116e+01
1.433831280271301445e+01
1.456350470201537739e+01
1.441739490856714667e+01
1.452526860317753510e+01
1.439023355645547042e+01
1.438043347776613956e+01
1.434356694326139348e+01
1.433283529861106231e+01
1.427438495951092001e+01
1.442511390328294496e+01
1.425355058265638952e+01
1.459808479515851509e+01
1.442709564319141435e+01
1.434992981714274052e+01
1.428501550570702072e+01
1.413272339224059948e+01
1.430239767214629687e+01
1.446428531953796970e+01
1.448300926378630926e+01
1.459599604345423884e+01
1.449701162929680542e+01
1.435200777427156993e+01
1.414104490700578509e+01
1.434431725098589361e+01
1.432595348856018447e+01
1.413793302725668077e+01
1.420410866930603966e+01
1.439633340772463477e+01
1.452223110529028283e+01
1.449623488832065021e+01
1.441130728507008385e+01
1.426648719257496900e+01
1.400228159877297962e+01
1.447218693185558180e+01
1.444236526767927487e+01
1.454819277739705718e+01
1.462628988904783434e+01
1.431117543973954120e+01
1.409878831127466725e+01
1.413163803825191422e+01
1.400159543361036008e+01
1.449521383600271562e+01
1.463427963630338446e+01
1.422280868977282253e+01
1.400115680017240294e+01
1.451144906663637357e+01
1.406393441895010632e+01
1.438823527029780891e+01
1.430035712250957758e+01
1.439082095660796767e+01
1.430236185185085240e+01
1.431669377190037906e+01
1.441209221516585437e+01
1.422395743439400029e+01
1.458804336978223049e+01
1.462393157923910358e+01
1.432060290564342786e+01
1.452598049914787381e+01
1.452264378715392112e+01
1.444054578357441088e+01
1.447908063806612233e+01
1.432413996362383379e+01
1.473605487096929068e+01
1.428030709693933353e+01
1.449750714296291143e+01
1.450404040071910750e+01
1.449261887839696072e+01
1.406431611783818170e+01
1.411736995365912861e+01
1.435667421607509553e+01
1.406672910167896440e+01
1.422527733419555496e+01
1.453715795439275738e+01
1.429330695903837167e+01
1.424302611115665584e+01
1.425746072356450966e+01
1.412582572311124984e+01
1.443331680753816926e+01
1.433901567334117289e+01
1.421233110986350923e+01
1.451652807774823906e+01
1.434408174549369974e+01
1.431768567853139018e+01
1.424538292891715230e+01
1.429718812742684619e+01
1.458218042960179162e+01
1.443109422264300790e+01
1.430806150451693526e+01
1.414063800112367808e+01
1.465919128015797668e+01
1.430792007974276814e+01
1.400873355981338086e+01
1.430299378904463126e+01
1.456869819078987582e+01
1.429339401986812064e+01
1.439920821071491552e+01
1.441767273328537868e+01
1.453307700867656749e+01
1.421384183455504058e+01
1.454711369403206511e+01
1.433272105372117622e+01
1.444053453933284104e+01
1.428547834972091657e+01
1.439950503905615165e+01
1.431512934331500198e+01
1.423578698035639967e+01
1.439179360741839808e+01
1.421955477387356837e+01
1.423248619866265763e+01
1.434823804362534538e+01
1.448762016453308377e+01
1.401293949830515118e+01
1.418900367322460987e+01
1.453122616281047108e+01
1.456398962853878132e+01
1.425646983973607362e+01
1.434264168466024891e+01
1.447326339350048485e+01
1.425675438101968417e+01
1.446146870754425962e+01
1.428471558701165556e+01
1.459261036545618317e+01
1.442597959492183968e+01
1.417060110417441265e+01
1.438204716203636835e+01
1.411385016645072454e+01
1.423653899345238472e+01
1.456295880026809542e+01
1.454717168765189150e+01
1.411333046375844802e+01
1.458098795833396011e+01
1.455684612286499835e+01
1.408550002612870777e+01
1.432756913269418675e+01
1.436853320162056313e+01
1.411769853219609239e+01
1.419235648265332728e+01
1.463323170921156446e+01
1.419188869641631712e+01
1.425826287959639060e+01
1.410301279955625731e+01
1.419752207159883994e+01
1.408556309126116268e+01
1.459711410117986752e+01
1.441685366517937794e+01
1.456849393314757179e+01
1.440698261867848018e+01
1.442058067212748185e+01
1.424700600892000679e+01
1.441954050045537272e+01
1.409320736161942555e+01
1.406784043584601918e+01
1.439700437317943305e+01
1.431050651798077489e+01
1.436291322123060432e+01
1.438318050339936249e+01
1.434456975640582854e+01
1.464290714830181805e+01
1.436315429072581829e+01
1.428183338533056101e+01
1.436483055888165516e+01
1.395759249808677893e+01
1.434169009151390384e+01
