# Variable: deviance
# Sample shape: (3000,)
# Date: 2018-06-06 20:43:32.684920
-1.940596093750000000e+04
-1.940594140625000000e+04
-1.940328710937500000e+04
-1.940103125000000000e+04
-1.940578125000000000e+04
-1.940493750000000000e+04
-1.940452734375000000e+04
-1.940447656250000000e+04
-1.940590625000000000e+04
-1.940557226562500000e+04
-1.940596093750000000e+04
-1.940594335937500000e+04
-1.940595312500000000e+04
-1.940587109375000000e+04
-1.940577929687500000e+04
-1.940526171875000000e+04
-1.940581640625000000e+04
-1.940593359375000000e+04
-1.940591796875000000e+04
-1.940325000000000000e+04
-1.940494335937500000e+04
-1.940477343750000000e+04
-1.940592382812500000e+04
-1.940533593750000000e+04
-1.940168750000000000e+04
-1.940473046875000000e+04
-1.940424609375000000e+04
-1.940597265625000000e+04
-1.940576171875000000e+04
-1.940563671875000000e+04
-1.940550195312500000e+04
-1.940572656250000000e+04
-1.940591796875000000e+04
-1.940504101562500000e+04
-1.940580273437500000e+04
-1.940509375000000000e+04
-1.940578906250000000e+04
-1.940591992187500000e+04
-1.940594921875000000e+04
-1.940450390625000000e+04
-1.940386718750000000e+04
-1.940572851562500000e+04
-1.940580078125000000e+04
-1.940589843750000000e+04
-1.940594140625000000e+04
-1.940588281250000000e+04
-1.940411718750000000e+04
-1.940290234375000000e+04
-1.940582031250000000e+04
-1.940479687500000000e+04
-1.940430078125000000e+04
-1.940572656250000000e+04
-1.940441210937500000e+04
-1.940462304687500000e+04
-1.940587109375000000e+04
-1.940496679687500000e+04
-1.940016992187500000e+04
-1.940597265625000000e+04
-1.940381250000000000e+04
-1.940502734375000000e+04
-1.940564257812500000e+04
-1.940548046875000000e+04
-1.940573828125000000e+04
-1.940563671875000000e+04
-1.940444335937500000e+04
-1.940403515625000000e+04
-1.940314453125000000e+04
-1.940592578125000000e+04
-1.940591406250000000e+04
-1.940500781250000000e+04
-1.940316406250000000e+04
-1.940540625000000000e+04
-1.940442187500000000e+04
-1.940580273437500000e+04
-1.940342578125000000e+04
-1.940466015625000000e+04
-1.940245312500000000e+04
-1.940549609375000000e+04
-1.940302343750000000e+04
-1.940446875000000000e+04
-1.940572656250000000e+04
-1.940579882812500000e+04
-1.940576171875000000e+04
-1.940590625000000000e+04
-1.940558007812500000e+04
-1.940293945312500000e+04
-1.940242187500000000e+04
-1.940596875000000000e+04
-1.940515625000000000e+04
-1.940568750000000000e+04
-1.940514453125000000e+04
-1.940594335937500000e+04
-1.940592578125000000e+04
-1.940420507812500000e+04
-1.940586132812500000e+04
-1.940524218750000000e+04
-1.940529687500000000e+04
-1.940126367187500000e+04
-1.940169921875000000e+04
-1.940511328125000000e+04
-1.940456640625000000e+04
-1.940540625000000000e+04
-1.940253515625000000e+04
-1.940597656250000000e+04
-1.940590625000000000e+04
-1.940597656250000000e+04
-1.940573046875000000e+04
-1.940502734375000000e+04
-1.940415234375000000e+04
-1.940400781250000000e+04
-1.940561328125000000e+04
-1.940521093750000000e+04
-1.940591601562500000e+04
-1.940543359375000000e+04
-1.940576953125000000e+04
-1.940568750000000000e+04
-1.940561328125000000e+04
-1.940597070312500000e+04
-1.940596093750000000e+04
-1.940583984375000000e+04
-1.940595703125000000e+04
-1.940445312500000000e+04
-1.940557226562500000e+04
-1.940457421875000000e+04
-1.940448437500000000e+04
-1.940412890625000000e+04
-1.940597070312500000e+04
-1.940596679687500000e+04
-1.940525000000000000e+04
-1.940596875000000000e+04
-1.940596484375000000e+04
-1.940302539062500000e+04
-1.940364453125000000e+04
-1.940593359375000000e+04
-1.940505273437500000e+04
-1.940578125000000000e+04
-1.940530859375000000e+04
-1.940457617187500000e+04
-1.940585156250000000e+04
-1.940596093750000000e+04
-1.940497265625000000e+04
-1.940560156250000000e+04
-1.940539453125000000e+04
-1.940329296875000000e+04
-1.940267187500000000e+04
-1.940360937500000000e+04
-1.940499414062500000e+04
-1.940536914062500000e+04
-1.940380859375000000e+04
-1.940458398437500000e+04
-1.940585546875000000e+04
-1.940563671875000000e+04
-1.940442968750000000e+04
-1.940533593750000000e+04
-1.940597265625000000e+04
-1.940597460937500000e+04
-1.940565039062500000e+04
-1.940584765625000000e+04
-1.940580078125000000e+04
-1.940596679687500000e+04
-1.940349609375000000e+04
-1.940586523437500000e+04
-1.940254296875000000e+04
-1.940453125000000000e+04
-1.940594140625000000e+04
-1.940571484375000000e+04
-1.940408593750000000e+04
-1.940555078125000000e+04
-1.940457812500000000e+04
-1.940306445312500000e+04
-1.940584375000000000e+04
-1.940588281250000000e+04
-1.940551953125000000e+04
-1.940594531250000000e+04
-1.940583984375000000e+04
-1.940199218750000000e+04
-1.940561328125000000e+04
-1.940581445312500000e+04
-1.940509570312500000e+04
-1.940254687500000000e+04
-1.940253125000000000e+04
-1.940597070312500000e+04
-1.940498242187500000e+04
-1.940597460937500000e+04
-1.940467968750000000e+04
-1.940422656250000000e+04
-1.940548437500000000e+04
-1.940434179687500000e+04
-1.940521679687500000e+04
-1.939474609375000000e+04
-1.940441992187500000e+04
-1.940579687500000000e+04
-1.940393164062500000e+04
-1.940594921875000000e+04
-1.940598046875000000e+04
-1.940591601562500000e+04
-1.940594531250000000e+04
-1.940587109375000000e+04
-1.940529687500000000e+04
-1.940529687500000000e+04
-1.940540820312500000e+04
-1.940551562500000000e+04
-1.940532421875000000e+04
-1.940597656250000000e+04
-1.940498437500000000e+04
-1.940597656250000000e+04
-1.940496875000000000e+04
-1.940596484375000000e+04
-1.940544921875000000e+04
-1.940596875000000000e+04
-1.940390234375000000e+04
-1.940567187500000000e+04
-1.940576953125000000e+04
-1.940537695312500000e+04
-1.940483007812500000e+04
-1.940595312500000000e+04
-1.940352734375000000e+04
-1.940544335937500000e+04
-1.940558007812500000e+04
-1.940577343750000000e+04
-1.940593750000000000e+04
-1.939767968750000000e+04
-1.940575390625000000e+04
-1.940595703125000000e+04
-1.940535546875000000e+04
-1.940080273437500000e+04
-1.940030468750000000e+04
-1.940579296875000000e+04
-1.940437304687500000e+04
-1.940523242187500000e+04
-1.940578125000000000e+04
-1.940597656250000000e+04
-1.940444921875000000e+04
-1.940242187500000000e+04
-1.940588671875000000e+04
-1.940546875000000000e+04
-1.940529882812500000e+04
-1.940576953125000000e+04
-1.940596484375000000e+04
-1.940565625000000000e+04
-1.940555468750000000e+04
-1.940597070312500000e+04
-1.940580273437500000e+04
-1.940528906250000000e+04
-1.940585156250000000e+04
-1.940571093750000000e+04
-1.940594335937500000e+04
-1.940400781250000000e+04
-1.940383593750000000e+04
-1.940596484375000000e+04
-1.940567773437500000e+04
-1.940577734375000000e+04
-1.940588476562500000e+04
-1.940490625000000000e+04
-1.940578906250000000e+04
-1.940591015625000000e+04
-1.940453125000000000e+04
-1.940584375000000000e+04
-1.940584375000000000e+04
-1.940110351562500000e+04
-1.940588476562500000e+04
-1.940537500000000000e+04
-1.940489453125000000e+04
-1.939621484375000000e+04
-1.940585156250000000e+04
-1.940568359375000000e+04
-1.940577539062500000e+04
-1.940597656250000000e+04
-1.940591015625000000e+04
-1.940330078125000000e+04
-1.940314062500000000e+04
-1.940596289062500000e+04
-1.940536328125000000e+04
-1.940597265625000000e+04
-1.940518164062500000e+04
-1.940585156250000000e+04
-1.940498437500000000e+04
-1.940578906250000000e+04
-1.940461718750000000e+04
-1.940593554687500000e+04
-1.940584570312500000e+04
-1.940371093750000000e+04
-1.940515429687500000e+04
-1.940597656250000000e+04
-1.940477343750000000e+04
-1.940578125000000000e+04
-1.940436718750000000e+04
-1.940589648437500000e+04
-1.940553515625000000e+04
-1.940552734375000000e+04
-1.940336718750000000e+04
-1.939598046875000000e+04
-1.940597460937500000e+04
-1.940433203125000000e+04
-1.940424218750000000e+04
-1.940082421875000000e+04
-1.940558203125000000e+04
-1.940597656250000000e+04
-1.940451171875000000e+04
-1.940596484375000000e+04
-1.940486718750000000e+04
-1.940227539062500000e+04
-1.940545117187500000e+04
-1.940583593750000000e+04
-1.940503906250000000e+04
-1.940585156250000000e+04
-1.940497656250000000e+04
-1.940595898437500000e+04
-1.940575781250000000e+04
-1.940466015625000000e+04
-1.940569140625000000e+04
-1.940337890625000000e+04
-1.940426562500000000e+04
-1.940596093750000000e+04
-1.940365234375000000e+04
-1.940583593750000000e+04
-1.940521484375000000e+04
-1.940573828125000000e+04
-1.940521875000000000e+04
-1.940538671875000000e+04
-1.940482421875000000e+04
-1.940356640625000000e+04
-1.940559765625000000e+04
-1.940597460937500000e+04
-1.940563476562500000e+04
-1.940590625000000000e+04
-1.940225390625000000e+04
-1.940583398437500000e+04
-1.940546679687500000e+04
-1.940518750000000000e+04
-1.940594531250000000e+04
-1.940160156250000000e+04
-1.940535937500000000e+04
-1.940593164062500000e+04
-1.940533203125000000e+04
-1.940287500000000000e+04
-1.940548828125000000e+04
-1.940596289062500000e+04
-1.940584179687500000e+04
-1.940597460937500000e+04
-1.940577343750000000e+04
-1.940598046875000000e+04
-1.940269531250000000e+04
-1.940595312500000000e+04
-1.940576953125000000e+04
-1.939921484375000000e+04
-1.940588671875000000e+04
-1.940524609375000000e+04
-1.940457617187500000e+04
-1.940541015625000000e+04
-1.940321289062500000e+04
-1.940557421875000000e+04
-1.940597656250000000e+04
-1.940588281250000000e+04
-1.940475781250000000e+04
-1.940547656250000000e+04
-1.940558984375000000e+04
-1.940558789062500000e+04
-1.940213671875000000e+04
-1.940564453125000000e+04
-1.940176953125000000e+04
-1.940563671875000000e+04
-1.940552734375000000e+04
-1.940381445312500000e+04
-1.940424218750000000e+04
-1.940591601562500000e+04
-1.940592968750000000e+04
-1.940597656250000000e+04
-1.940525585937500000e+04
-1.940179296875000000e+04
-1.940532617187500000e+04
-1.940590234375000000e+04
-1.940597656250000000e+04
-1.940506445312500000e+04
-1.940295898437500000e+04
-1.940572656250000000e+04
-1.940526562500000000e+04
-1.940514648437500000e+04
-1.940597656250000000e+04
-1.940576562500000000e+04
-1.940390625000000000e+04
-1.940579687500000000e+04
-1.940543750000000000e+04
-1.940570507812500000e+04
-1.940592382812500000e+04
-1.940353125000000000e+04
-1.940571875000000000e+04
-1.940494140625000000e+04
-1.940408007812500000e+04
-1.940597656250000000e+04
-1.940585546875000000e+04
-1.940518554687500000e+04
-1.940461718750000000e+04
-1.940594140625000000e+04
-1.940311328125000000e+04
-1.940432031250000000e+04
-1.940401953125000000e+04
-1.940510546875000000e+04
-1.940595703125000000e+04
-1.940592187500000000e+04
-1.940584570312500000e+04
-1.940596484375000000e+04
-1.940589062500000000e+04
-1.940090234375000000e+04
-1.940552148437500000e+04
-1.940597070312500000e+04
-1.940586718750000000e+04
-1.940592578125000000e+04
-1.940566406250000000e+04
-1.940465234375000000e+04
-1.940413085937500000e+04
-1.940498828125000000e+04
-1.940443359375000000e+04
-1.940459765625000000e+04
-1.940569140625000000e+04
-1.940554296875000000e+04
-1.940596679687500000e+04
-1.940286718750000000e+04
-1.940585937500000000e+04
-1.940528515625000000e+04
-1.940585546875000000e+04
-1.940437109375000000e+04
-1.940525000000000000e+04
-1.940414843750000000e+04
-1.940565820312500000e+04
-1.940352734375000000e+04
-1.940521289062500000e+04
-1.940499218750000000e+04
-1.940521875000000000e+04
-1.940426171875000000e+04
-1.940545507812500000e+04
-1.940500781250000000e+04
-1.940093554687500000e+04
-1.940574218750000000e+04
-1.940596679687500000e+04
-1.940334570312500000e+04
-1.940520703125000000e+04
-1.940502148437500000e+04
-1.940515625000000000e+04
-1.940416796875000000e+04
-1.940275390625000000e+04
-1.940480273437500000e+04
-1.940566796875000000e+04
-1.940595703125000000e+04
-1.940596093750000000e+04
-1.940503710937500000e+04
-1.940589843750000000e+04
-1.940311328125000000e+04
-1.940597265625000000e+04
-1.940498828125000000e+04
-1.940453515625000000e+04
-1.939969921875000000e+04
-1.940286718750000000e+04
-1.940544531250000000e+04
-1.940476953125000000e+04
-1.940259375000000000e+04
-1.940572656250000000e+04
-1.940187890625000000e+04
-1.940513476562500000e+04
-1.940186132812500000e+04
-1.940594140625000000e+04
-1.940597460937500000e+04
-1.940588281250000000e+04
-1.940512500000000000e+04
-1.940581835937500000e+04
-1.940531054687500000e+04
-1.939891796875000000e+04
-1.940590234375000000e+04
-1.940589453125000000e+04
-1.940593359375000000e+04
-1.940590820312500000e+04
-1.940575781250000000e+04
-1.940577929687500000e+04
-1.940560156250000000e+04
-1.940566796875000000e+04
-1.940589843750000000e+04
-1.940576367187500000e+04
-1.940581640625000000e+04
-1.940593359375000000e+04
-1.940559765625000000e+04
-1.940547851562500000e+04
-1.940562890625000000e+04
-1.940521875000000000e+04
-1.940581250000000000e+04
-1.940591601562500000e+04
-1.940597265625000000e+04
-1.940583593750000000e+04
-1.940596875000000000e+04
-1.940595507812500000e+04
-1.940570312500000000e+04
-1.940569726562500000e+04
-1.940597460937500000e+04
-1.940369335937500000e+04
-1.940507226562500000e+04
-1.940526171875000000e+04
-1.940368750000000000e+04
-1.940334765625000000e+04
-1.939844140625000000e+04
-1.940458593750000000e+04
-1.940402734375000000e+04
-1.940556640625000000e+04
-1.940530078125000000e+04
-1.940594726562500000e+04
-1.940256445312500000e+04
-1.940584765625000000e+04
-1.940466796875000000e+04
-1.940593359375000000e+04
-1.940045117187500000e+04
-1.940576562500000000e+04
-1.940472265625000000e+04
-1.940596484375000000e+04
-1.940593945312500000e+04
-1.940592187500000000e+04
-1.940490625000000000e+04
-1.940501171875000000e+04
-1.940535937500000000e+04
-1.940495898437500000e+04
-1.940588671875000000e+04
-1.940400585937500000e+04
-1.940594726562500000e+04
-1.940597851562500000e+04
-1.940586328125000000e+04
-1.940596093750000000e+04
-1.939721289062500000e+04
-1.940592968750000000e+04
-1.940073828125000000e+04
-1.940596093750000000e+04
-1.940473437500000000e+04
-1.940575195312500000e+04
-1.940569335937500000e+04
-1.940575000000000000e+04
-1.940574414062500000e+04
-1.940583789062500000e+04
-1.939999804687500000e+04
-1.940589062500000000e+04
-1.940570703125000000e+04
-1.940470507812500000e+04
-1.940595507812500000e+04
-1.940594726562500000e+04
-1.940517187500000000e+04
-1.940597265625000000e+04
-1.940574609375000000e+04
-1.940575781250000000e+04
-1.940587890625000000e+04
-1.940580273437500000e+04
-1.940300585937500000e+04
-1.940230859375000000e+04
-1.940582812500000000e+04
-1.940597460937500000e+04
-1.940543750000000000e+04
-1.940389453125000000e+04
-1.940562500000000000e+04
-1.940042187500000000e+04
-1.940493359375000000e+04
-1.940547851562500000e+04
-1.940442382812500000e+04
-1.940540234375000000e+04
-1.940587109375000000e+04
-1.940509179687500000e+04
-1.940561328125000000e+04
-1.940597265625000000e+04
-1.940350976562500000e+04
-1.940549218750000000e+04
-1.940211914062500000e+04
-1.940575390625000000e+04
-1.940521093750000000e+04
-1.940276953125000000e+04
-1.940118750000000000e+04
-1.940538476562500000e+04
-1.940588476562500000e+04
-1.940168359375000000e+04
-1.940456250000000000e+04
-1.940592382812500000e+04
-1.940588867187500000e+04
-1.940561328125000000e+04
-1.940423242187500000e+04
-1.940587500000000000e+04
-1.939962695312500000e+04
-1.940593359375000000e+04
-1.939850781250000000e+04
-1.940594140625000000e+04
-1.940299218750000000e+04
-1.940593750000000000e+04
-1.940597656250000000e+04
-1.940217968750000000e+04
-1.940411718750000000e+04
-1.940559375000000000e+04
-1.940504687500000000e+04
-1.940596484375000000e+04
-1.940310546875000000e+04
-1.940363281250000000e+04
-1.940597656250000000e+04
-1.940587304687500000e+04
-1.939581640625000000e+04
-1.940595312500000000e+04
-1.940597656250000000e+04
-1.940592968750000000e+04
-1.940598046875000000e+04
-1.940596484375000000e+04
-1.940333398437500000e+04
-1.940541992187500000e+04
-1.940489453125000000e+04
-1.940597656250000000e+04
-1.940434765625000000e+04
-1.940491015625000000e+04
-1.940554492187500000e+04
-1.940586328125000000e+04
-1.940535351562500000e+04
-1.940540820312500000e+04
-1.940560351562500000e+04
-1.940446484375000000e+04
-1.940453906250000000e+04
-1.940597460937500000e+04
-1.940547851562500000e+04
-1.940504101562500000e+04
-1.940597265625000000e+04
-1.940553320312500000e+04
-1.940512109375000000e+04
-1.940596093750000000e+04
-1.940220312500000000e+04
-1.940535937500000000e+04
-1.940519140625000000e+04
-1.940328125000000000e+04
-1.940564648437500000e+04
-1.940528515625000000e+04
-1.940595312500000000e+04
-1.940562695312500000e+04
-1.940588671875000000e+04
-1.940557226562500000e+04
-1.940069921875000000e+04
-1.940569140625000000e+04
-1.940498437500000000e+04
-1.940557812500000000e+04
-1.940580859375000000e+04
-1.940577343750000000e+04
-1.940392578125000000e+04
-1.940597265625000000e+04
-1.940592773437500000e+04
-1.940594921875000000e+04
-1.940567578125000000e+04
-1.940551171875000000e+04
-1.940518164062500000e+04
-1.940492578125000000e+04
-1.940559960937500000e+04
-1.940579296875000000e+04
-1.940566796875000000e+04
-1.940531250000000000e+04
-1.940427734375000000e+04
-1.940584375000000000e+04
-1.940572851562500000e+04
-1.940586328125000000e+04
-1.940184375000000000e+04
-1.940445898437500000e+04
-1.940437500000000000e+04
-1.940597656250000000e+04
-1.940520312500000000e+04
-1.940413281250000000e+04
-1.940596093750000000e+04
-1.940572070312500000e+04
-1.940545312500000000e+04
-1.940326171875000000e+04
-1.940491796875000000e+04
-1.940550000000000000e+04
-1.940395703125000000e+04
-1.940594140625000000e+04
-1.940592968750000000e+04
-1.940591796875000000e+04
-1.940472656250000000e+04
-1.940462695312500000e+04
-1.940577148437500000e+04
-1.940533984375000000e+04
-1.940592968750000000e+04
-1.940536718750000000e+04
-1.940568359375000000e+04
-1.940583984375000000e+04
-1.940557031250000000e+04
-1.940428906250000000e+04
-1.940597851562500000e+04
-1.940597851562500000e+04
-1.940597265625000000e+04
-1.939914843750000000e+04
-1.940594921875000000e+04
-1.940529492187500000e+04
-1.940592578125000000e+04
-1.940544921875000000e+04
-1.940458984375000000e+04
-1.940533984375000000e+04
-1.940360156250000000e+04
-1.940434375000000000e+04
-1.940311328125000000e+04
-1.940578515625000000e+04
-1.940317773437500000e+04
-1.940272656250000000e+04
-1.940583984375000000e+04
-1.940473046875000000e+04
-1.940446679687500000e+04
-1.940594531250000000e+04
-1.940582031250000000e+04
-1.940161132812500000e+04
-1.940309375000000000e+04
-1.940581250000000000e+04
-1.940595507812500000e+04
-1.940552343750000000e+04
-1.940551367187500000e+04
-1.940549414062500000e+04
-1.940597265625000000e+04
-1.940588867187500000e+04
-1.940597656250000000e+04
-1.940593554687500000e+04
-1.939528320312500000e+04
-1.940551171875000000e+04
-1.940592187500000000e+04
-1.940540429687500000e+04
-1.940562890625000000e+04
-1.940596875000000000e+04
-1.940531640625000000e+04
-1.940551562500000000e+04
-1.940576171875000000e+04
-1.940498242187500000e+04
-1.940574609375000000e+04
-1.940485546875000000e+04
-1.940594140625000000e+04
-1.940516992187500000e+04
-1.940555859375000000e+04
-1.940084765625000000e+04
-1.940593359375000000e+04
-1.940135937500000000e+04
-1.940546875000000000e+04
-1.940399218750000000e+04
-1.940560351562500000e+04
-1.940541210937500000e+04
-1.940584375000000000e+04
-1.940390234375000000e+04
-1.940329687500000000e+04
-1.940569531250000000e+04
-1.940584179687500000e+04
-1.940556640625000000e+04
-1.940593164062500000e+04
-1.939951367187500000e+04
-1.940474609375000000e+04
-1.940576953125000000e+04
-1.940584570312500000e+04
-1.940577343750000000e+04
-1.940525390625000000e+04
-1.940544726562500000e+04
-1.940595312500000000e+04
-1.940565234375000000e+04
-1.940571679687500000e+04
-1.940593359375000000e+04
-1.940557617187500000e+04
-1.940585156250000000e+04
-1.940451953125000000e+04
-1.940380078125000000e+04
-1.940596679687500000e+04
-1.940597851562500000e+04
-1.940532421875000000e+04
-1.940269140625000000e+04
-1.940583984375000000e+04
-1.940533203125000000e+04
-1.940591992187500000e+04
-1.940480859375000000e+04
-1.940562890625000000e+04
-1.940587695312500000e+04
-1.940372265625000000e+04
-1.940561718750000000e+04
-1.940412695312500000e+04
-1.940597265625000000e+04
-1.940596484375000000e+04
-1.940595703125000000e+04
-1.940425390625000000e+04
-1.940591406250000000e+04
-1.940570312500000000e+04
-1.940400585937500000e+04
-1.940549804687500000e+04
-1.940573046875000000e+04
-1.940438867187500000e+04
-1.940574218750000000e+04
-1.940533398437500000e+04
-1.940594531250000000e+04
-1.940581445312500000e+04
-1.940405468750000000e+04
-1.940499609375000000e+04
-1.940586523437500000e+04
-1.940571289062500000e+04
-1.940594140625000000e+04
-1.940532031250000000e+04
-1.940596093750000000e+04
-1.940530078125000000e+04
-1.940592578125000000e+04
-1.940554492187500000e+04
-1.940574414062500000e+04
-1.940597070312500000e+04
-1.940487500000000000e+04
-1.940300195312500000e+04
-1.940126562500000000e+04
-1.940451953125000000e+04
-1.940578125000000000e+04
-1.940595703125000000e+04
-1.940595507812500000e+04
-1.940570898437500000e+04
-1.940487304687500000e+04
-1.940211328125000000e+04
-1.940501562500000000e+04
-1.940347656250000000e+04
-1.940578515625000000e+04
-1.940256445312500000e+04
-1.940597265625000000e+04
-1.940300781250000000e+04
-1.940571289062500000e+04
-1.940496875000000000e+04
-1.940574023437500000e+04
-1.940333203125000000e+04
-1.940578125000000000e+04
-1.940586718750000000e+04
-1.940584375000000000e+04
-1.940522460937500000e+04
-1.940586718750000000e+04
-1.940558203125000000e+04
-1.940596093750000000e+04
-1.940595898437500000e+04
-1.940528906250000000e+04
-1.940581445312500000e+04
-1.940586523437500000e+04
-1.940597265625000000e+04
-1.940546289062500000e+04
-1.940592382812500000e+04
-1.940567187500000000e+04
-1.940596875000000000e+04
-1.940598046875000000e+04
-1.940539453125000000e+04
-1.940576171875000000e+04
-1.940538281250000000e+04
-1.940489257812500000e+04
-1.940412500000000000e+04
-1.940445703125000000e+04
-1.940576953125000000e+04
-1.940500976562500000e+04
-1.940504296875000000e+04
-1.940229687500000000e+04
-1.940594726562500000e+04
-1.939729687500000000e+04
-1.940493359375000000e+04
-1.940576562500000000e+04
-1.940498046875000000e+04
-1.940566015625000000e+04
-1.940597656250000000e+04
-1.940595703125000000e+04
-1.940503515625000000e+04
-1.940548242187500000e+04
-1.940369921875000000e+04
-1.940591992187500000e+04
-1.940235546875000000e+04
-1.940597265625000000e+04
-1.940549218750000000e+04
-1.940511914062500000e+04
-1.940343750000000000e+04
-1.940579492187500000e+04
-1.940544726562500000e+04
-1.939897265625000000e+04
-1.940304296875000000e+04
-1.940577539062500000e+04
-1.940561328125000000e+04
-1.940511132812500000e+04
-1.940591796875000000e+04
-1.940004687500000000e+04
-1.940276953125000000e+04
-1.939916796875000000e+04
-1.940598046875000000e+04
-1.940593750000000000e+04
-1.940528125000000000e+04
-1.940485156250000000e+04
-1.940519921875000000e+04
-1.940399414062500000e+04
-1.940538671875000000e+04
-1.940577343750000000e+04
-1.940584765625000000e+04
-1.940571093750000000e+04
-1.940448828125000000e+04
-1.940097460937500000e+04
-1.940570312500000000e+04
-1.940569140625000000e+04
-1.940508007812500000e+04
-1.940293164062500000e+04
-1.940587890625000000e+04
-1.940499023437500000e+04
-1.940483593750000000e+04
-1.940376562500000000e+04
-1.940568750000000000e+04
-1.940270507812500000e+04
-1.940367187500000000e+04
-1.940485351562500000e+04
-1.940416601562500000e+04
-1.940555859375000000e+04
-1.940591992187500000e+04
-1.940579882812500000e+04
-1.940574414062500000e+04
-1.940592187500000000e+04
-1.940531250000000000e+04
-1.940532421875000000e+04
-1.940496093750000000e+04
-1.940596875000000000e+04
-1.940594921875000000e+04
-1.940437109375000000e+04
-1.940562109375000000e+04
-1.940563281250000000e+04
-1.940568164062500000e+04
-1.940411718750000000e+04
-1.940592578125000000e+04
-1.940595312500000000e+04
-1.940181250000000000e+04
-1.940465039062500000e+04
-1.940492187500000000e+04
-1.940257812500000000e+04
-1.940588671875000000e+04
-1.940496875000000000e+04
-1.940504687500000000e+04
-1.940225976562500000e+04
-1.940597851562500000e+04
-1.940485937500000000e+04
-1.940592187500000000e+04
-1.940087304687500000e+04
-1.940589257812500000e+04
-1.940313867187500000e+04
-1.940594921875000000e+04
-1.940127148437500000e+04
-1.940596679687500000e+04
-1.940364843750000000e+04
-1.940516796875000000e+04
-1.940565625000000000e+04
-1.940465234375000000e+04
-1.940596484375000000e+04
-1.940593359375000000e+04
-1.940149609375000000e+04
-1.940591796875000000e+04
-1.940543359375000000e+04
-1.940446093750000000e+04
-1.940453515625000000e+04
-1.939582812500000000e+04
-1.940554296875000000e+04
-1.940089453125000000e+04
-1.940371093750000000e+04
-1.940542187500000000e+04
-1.940395703125000000e+04
-1.940564648437500000e+04
-1.940356054687500000e+04
-1.940528515625000000e+04
-1.940585351562500000e+04
-1.940467968750000000e+04
-1.940483007812500000e+04
-1.940590625000000000e+04
-1.940551171875000000e+04
-1.940583398437500000e+04
-1.940452734375000000e+04
-1.940597656250000000e+04
-1.940560156250000000e+04
-1.940552343750000000e+04
-1.940597460937500000e+04
-1.940170312500000000e+04
-1.940496875000000000e+04
-1.940589843750000000e+04
-1.940496875000000000e+04
-1.940423437500000000e+04
-1.940591601562500000e+04
-1.940569531250000000e+04
-1.940517187500000000e+04
-1.940407421875000000e+04
-1.940494335937500000e+04
-1.940534375000000000e+04
-1.939972265625000000e+04
-1.940558984375000000e+04
-1.940544531250000000e+04
-1.940080078125000000e+04
-1.940541992187500000e+04
-1.940406835937500000e+04
-1.940400000000000000e+04
-1.939842578125000000e+04
-1.940557812500000000e+04
-1.940574218750000000e+04
-1.940591015625000000e+04
-1.940166210937500000e+04
-1.940549218750000000e+04
-1.940576953125000000e+04
-1.940495703125000000e+04
-1.940028515625000000e+04
-1.940595703125000000e+04
-1.940325781250000000e+04
-1.940368945312500000e+04
-1.940569140625000000e+04
-1.940413867187500000e+04
-1.940596289062500000e+04
-1.940228320312500000e+04
-1.940522851562500000e+04
-1.940352734375000000e+04
-1.940450195312500000e+04
-1.940513281250000000e+04
-1.940390820312500000e+04
-1.940549414062500000e+04
-1.940578906250000000e+04
-1.940289843750000000e+04
-1.940488281250000000e+04
-1.940592578125000000e+04
-1.940572070312500000e+04
-1.940525390625000000e+04
-1.940443359375000000e+04
-1.940570312500000000e+04
-1.940405468750000000e+04
-1.940546679687500000e+04
-1.940537890625000000e+04
-1.940581445312500000e+04
-1.940516015625000000e+04
-1.940594335937500000e+04
-1.940597070312500000e+04
-1.940405078125000000e+04
-1.940104687500000000e+04
-1.940570507812500000e+04
-1.940471875000000000e+04
-1.940558203125000000e+04
-1.940393945312500000e+04
-1.940518750000000000e+04
-1.940445703125000000e+04
-1.940327343750000000e+04
-1.940591015625000000e+04
-1.940555468750000000e+04
-1.940498828125000000e+04
-1.940349023437500000e+04
-1.940590234375000000e+04
-1.940472656250000000e+04
-1.940593164062500000e+04
-1.940541406250000000e+04
-1.940584765625000000e+04
-1.940418359375000000e+04
-1.940567968750000000e+04
-1.940477734375000000e+04
-1.940522265625000000e+04
-1.940310937500000000e+04
-1.940453906250000000e+04
-1.940589843750000000e+04
-1.940550390625000000e+04
-1.940396484375000000e+04
-1.940459765625000000e+04
-1.940590625000000000e+04
-1.940571289062500000e+04
-1.940575781250000000e+04
-1.939920507812500000e+04
-1.940511523437500000e+04
-1.940568554687500000e+04
-1.940561914062500000e+04
-1.940583007812500000e+04
-1.940595312500000000e+04
-1.940576953125000000e+04
-1.940489453125000000e+04
-1.940536718750000000e+04
-1.940565039062500000e+04
-1.940591601562500000e+04
-1.940448828125000000e+04
-1.940596093750000000e+04
-1.940325781250000000e+04
-1.940567187500000000e+04
-1.940595312500000000e+04
-1.940597265625000000e+04
-1.940355078125000000e+04
-1.940596679687500000e+04
-1.940353710937500000e+04
-1.940541796875000000e+04
-1.940595703125000000e+04
-1.940469921875000000e+04
-1.940541015625000000e+04
-1.940592187500000000e+04
-1.940587890625000000e+04
-1.940552734375000000e+04
-1.940535156250000000e+04
-1.940360742187500000e+04
-1.940278906250000000e+04
-1.940348437500000000e+04
-1.940344531250000000e+04
-1.940532812500000000e+04
-1.940500390625000000e+04
-1.940577734375000000e+04
-1.940295703125000000e+04
-1.940543359375000000e+04
-1.940597460937500000e+04
-1.940368750000000000e+04
-1.940435546875000000e+04
-1.940310546875000000e+04
-1.940395312500000000e+04
-1.940302539062500000e+04
-1.940500390625000000e+04
-1.940298437500000000e+04
-1.940596289062500000e+04
-1.940102734375000000e+04
-1.940539843750000000e+04
-1.940594531250000000e+04
-1.940518359375000000e+04
-1.940575390625000000e+04
-1.940362695312500000e+04
-1.940592578125000000e+04
-1.940264843750000000e+04
-1.940399609375000000e+04
-1.940586718750000000e+04
-1.940094335937500000e+04
-1.940491406250000000e+04
-1.940368359375000000e+04
-1.940499023437500000e+04
-1.940597265625000000e+04
-1.940325781250000000e+04
-1.940507617187500000e+04
-1.940444726562500000e+04
-1.940217968750000000e+04
-1.940481054687500000e+04
-1.940412304687500000e+04
-1.940594335937500000e+04
-1.940563281250000000e+04
-1.940528515625000000e+04
-1.940022851562500000e+04
-1.940587500000000000e+04
-1.940403710937500000e+04
-1.940274609375000000e+04
-1.940391015625000000e+04
-1.940534570312500000e+04
-1.940569531250000000e+04
-1.940528320312500000e+04
-1.940474218750000000e+04
-1.940560546875000000e+04
-1.940552148437500000e+04
-1.940583593750000000e+04
-1.940596093750000000e+04
-1.940585937500000000e+04
-1.940595117187500000e+04
-1.940556054687500000e+04
-1.940536328125000000e+04
-1.940597656250000000e+04
-1.940571875000000000e+04
-1.940417187500000000e+04
-1.940570898437500000e+04
-1.940566210937500000e+04
-1.940544921875000000e+04
-1.940411328125000000e+04
-1.940565625000000000e+04
-1.940568554687500000e+04
-1.940583593750000000e+04
-1.940458203125000000e+04
-1.940577343750000000e+04
-1.940583593750000000e+04
-1.940596484375000000e+04
-1.940544921875000000e+04
-1.940570703125000000e+04
-1.940561718750000000e+04
-1.940428320312500000e+04
-1.940397656250000000e+04
-1.940491796875000000e+04
-1.939680078125000000e+04
-1.940530078125000000e+04
-1.940558984375000000e+04
-1.940521875000000000e+04
-1.940311328125000000e+04
-1.940548437500000000e+04
-1.940501171875000000e+04
-1.940546875000000000e+04
-1.940430078125000000e+04
-1.940589062500000000e+04
-1.940556640625000000e+04
-1.940468750000000000e+04
-1.940585351562500000e+04
-1.940588671875000000e+04
-1.940594335937500000e+04
-1.940582812500000000e+04
-1.940594726562500000e+04
-1.940249023437500000e+04
-1.940596289062500000e+04
-1.939951562500000000e+04
-1.940595703125000000e+04
-1.940470898437500000e+04
-1.940589453125000000e+04
-1.940514843750000000e+04
-1.939697265625000000e+04
-1.940399218750000000e+04
-1.940527148437500000e+04
-1.940590234375000000e+04
-1.940532421875000000e+04
-1.940570898437500000e+04
-1.940525781250000000e+04
-1.940596484375000000e+04
-1.940425390625000000e+04
-1.940498046875000000e+04
-1.940594531250000000e+04
-1.940447656250000000e+04
-1.940596289062500000e+04
-1.940290039062500000e+04
-1.940065234375000000e+04
-1.940569531250000000e+04
-1.940563281250000000e+04
-1.940581640625000000e+04
-1.940544921875000000e+04
-1.940597851562500000e+04
-1.940580859375000000e+04
-1.940567187500000000e+04
-1.940590234375000000e+04
-1.940568750000000000e+04
-1.940593359375000000e+04
-1.940255468750000000e+04
-1.940548828125000000e+04
-1.940591796875000000e+04
-1.940529687500000000e+04
-1.940558398437500000e+04
-1.940517773437500000e+04
-1.940597265625000000e+04
-1.940547070312500000e+04
-1.940582031250000000e+04
-1.940592968750000000e+04
-1.940591406250000000e+04
-1.940537500000000000e+04
-1.940558007812500000e+04
-1.940509179687500000e+04
-1.940541601562500000e+04
-1.940253906250000000e+04
-1.940594140625000000e+04
-1.940563867187500000e+04
-1.940594921875000000e+04
-1.940569335937500000e+04
-1.939981250000000000e+04
-1.940523828125000000e+04
-1.940583398437500000e+04
-1.940591406250000000e+04
-1.940410546875000000e+04
-1.940545507812500000e+04
-1.940522656250000000e+04
-1.940557031250000000e+04
-1.940435937500000000e+04
-1.940376562500000000e+04
-1.940539257812500000e+04
-1.940587304687500000e+04
-1.940565625000000000e+04
-1.940072460937500000e+04
-1.940549218750000000e+04
-1.940303906250000000e+04
-1.940594140625000000e+04
-1.940504296875000000e+04
-1.940597460937500000e+04
-1.940266406250000000e+04
-1.940497656250000000e+04
-1.940594335937500000e+04
-1.940449218750000000e+04
-1.940314062500000000e+04
-1.940532812500000000e+04
-1.940018750000000000e+04
-1.940570898437500000e+04
-1.940454492187500000e+04
-1.940516015625000000e+04
-1.940385937500000000e+04
-1.940220898437500000e+04
-1.940597265625000000e+04
-1.940542578125000000e+04
-1.940597070312500000e+04
-1.940585546875000000e+04
-1.940521289062500000e+04
-1.940592187500000000e+04
-1.940416015625000000e+04
-1.940546875000000000e+04
-1.940472265625000000e+04
-1.940597656250000000e+04
-1.940586718750000000e+04
-1.940447265625000000e+04
-1.940534375000000000e+04
-1.940539453125000000e+04
-1.940159765625000000e+04
-1.940458398437500000e+04
-1.940526757812500000e+04
-1.940535156250000000e+04
-1.940454687500000000e+04
-1.940285937500000000e+04
-1.940532421875000000e+04
-1.940597656250000000e+04
-1.940595312500000000e+04
-1.940587890625000000e+04
-1.940574414062500000e+04
-1.940572265625000000e+04
-1.940550390625000000e+04
-1.940469140625000000e+04
-1.940586328125000000e+04
-1.940580859375000000e+04
-1.940570703125000000e+04
-1.940339843750000000e+04
-1.940569921875000000e+04
-1.940573632812500000e+04
-1.940386718750000000e+04
-1.940557421875000000e+04
-1.940555859375000000e+04
-1.940510937500000000e+04
-1.940454296875000000e+04
-1.940597656250000000e+04
-1.940476171875000000e+04
-1.940341210937500000e+04
-1.940592187500000000e+04
-1.940591406250000000e+04
-1.940489648437500000e+04
-1.940592382812500000e+04
-1.940597265625000000e+04
-1.940570117187500000e+04
-1.940273828125000000e+04
-1.940557031250000000e+04
-1.940513281250000000e+04
-1.940564843750000000e+04
-1.940434960937500000e+04
-1.940239062500000000e+04
-1.940591015625000000e+04
-1.940564843750000000e+04
-1.940443554687500000e+04
-1.940593554687500000e+04
-1.940425781250000000e+04
-1.940582421875000000e+04
-1.940588085937500000e+04
-1.940319726562500000e+04
-1.940533398437500000e+04
-1.940565820312500000e+04
-1.940516796875000000e+04
-1.940595312500000000e+04
-1.940553906250000000e+04
-1.940574414062500000e+04
-1.940525000000000000e+04
-1.940596289062500000e+04
-1.940464648437500000e+04
-1.940597656250000000e+04
-1.940585351562500000e+04
-1.940572070312500000e+04
-1.940591015625000000e+04
-1.940525000000000000e+04
-1.940569531250000000e+04
-1.940580468750000000e+04
-1.940507421875000000e+04
-1.940593554687500000e+04
-1.940526953125000000e+04
-1.940569921875000000e+04
-1.940319140625000000e+04
-1.940592382812500000e+04
-1.940576953125000000e+04
-1.940594531250000000e+04
-1.940424218750000000e+04
-1.940536523437500000e+04
-1.940546093750000000e+04
-1.940569140625000000e+04
-1.940543554687500000e+04
-1.940508203125000000e+04
-1.940597460937500000e+04
-1.940593750000000000e+04
-1.940559375000000000e+04
-1.940555859375000000e+04
-1.940596679687500000e+04
-1.940535742187500000e+04
-1.940419335937500000e+04
-1.939863281250000000e+04
-1.940578125000000000e+04
-1.940549804687500000e+04
-1.940591796875000000e+04
-1.940590039062500000e+04
-1.940396484375000000e+04
-1.940594531250000000e+04
-1.940572265625000000e+04
-1.940512890625000000e+04
-1.940347265625000000e+04
-1.940578320312500000e+04
-1.940186914062500000e+04
-1.940575976562500000e+04
-1.940595703125000000e+04
-1.940565039062500000e+04
-1.940596875000000000e+04
-1.940524804687500000e+04
-1.940597656250000000e+04
-1.940571484375000000e+04
-1.940454687500000000e+04
-1.940255859375000000e+04
-1.940590039062500000e+04
-1.940499609375000000e+04
-1.940527929687500000e+04
-1.940179882812500000e+04
-1.940512500000000000e+04
-1.940539843750000000e+04
-1.940565039062500000e+04
-1.940593750000000000e+04
-1.940557031250000000e+04
-1.940342578125000000e+04
-1.940508203125000000e+04
-1.940597851562500000e+04
-1.940500781250000000e+04
-1.940587500000000000e+04
-1.940537109375000000e+04
-1.940492187500000000e+04
-1.940556250000000000e+04
-1.940576171875000000e+04
-1.940593554687500000e+04
-1.940589062500000000e+04
-1.940592382812500000e+04
-1.940583203125000000e+04
-1.940097460937500000e+04
-1.940597656250000000e+04
-1.940408593750000000e+04
-1.940597656250000000e+04
-1.940406054687500000e+04
-1.940387500000000000e+04
-1.940408203125000000e+04
-1.940531250000000000e+04
-1.940574609375000000e+04
-1.940506640625000000e+04
-1.940596289062500000e+04
-1.940558593750000000e+04
-1.940458007812500000e+04
-1.940596093750000000e+04
-1.940098437500000000e+04
-1.940385937500000000e+04
-1.940562890625000000e+04
-1.940577539062500000e+04
-1.940576757812500000e+04
-1.940582617187500000e+04
-1.940319531250000000e+04
-1.940078515625000000e+04
-1.940533203125000000e+04
-1.940362109375000000e+04
-1.940597656250000000e+04
-1.940406054687500000e+04
-1.940571093750000000e+04
-1.940584765625000000e+04
-1.940586328125000000e+04
-1.940596875000000000e+04
-1.940540625000000000e+04
-1.940564453125000000e+04
-1.940473828125000000e+04
-1.940597656250000000e+04
-1.940591796875000000e+04
-1.940596289062500000e+04
-1.940576171875000000e+04
-1.940581445312500000e+04
-1.940150585937500000e+04
-1.940592578125000000e+04
-1.940588085937500000e+04
-1.940596484375000000e+04
-1.940468554687500000e+04
-1.940441015625000000e+04
-1.940597656250000000e+04
-1.940404687500000000e+04
-1.940031640625000000e+04
-1.940597265625000000e+04
-1.940559570312500000e+04
-1.940497656250000000e+04
-1.940594140625000000e+04
-1.940191406250000000e+04
-1.940444335937500000e+04
-1.940580468750000000e+04
-1.940438281250000000e+04
-1.940574804687500000e+04
-1.940526562500000000e+04
-1.940490039062500000e+04
-1.940436328125000000e+04
-1.940317187500000000e+04
-1.940594140625000000e+04
-1.940500390625000000e+04
-1.940523242187500000e+04
-1.940594921875000000e+04
-1.940546484375000000e+04
-1.940536328125000000e+04
-1.940593359375000000e+04
-1.940383984375000000e+04
-1.940571484375000000e+04
-1.940435937500000000e+04
-1.940526953125000000e+04
-1.940435351562500000e+04
-1.940572656250000000e+04
-1.940564453125000000e+04
-1.940596484375000000e+04
-1.940566601562500000e+04
-1.940516992187500000e+04
-1.940545312500000000e+04
-1.940503515625000000e+04
-1.940378515625000000e+04
-1.940590234375000000e+04
-1.940452343750000000e+04
-1.940363085937500000e+04
-1.940458398437500000e+04
-1.940532421875000000e+04
-1.940569921875000000e+04
-1.940587109375000000e+04
-1.940532812500000000e+04
-1.940483398437500000e+04
-1.940508203125000000e+04
-1.940506640625000000e+04
-1.940314843750000000e+04
-1.940597070312500000e+04
-1.940569531250000000e+04
-1.940293359375000000e+04
-1.940596484375000000e+04
-1.940523046875000000e+04
-1.940526757812500000e+04
-1.940595703125000000e+04
-1.940450585937500000e+04
-1.940555468750000000e+04
-1.940576171875000000e+04
-1.940597656250000000e+04
-1.940593945312500000e+04
-1.940242578125000000e+04
-1.940381640625000000e+04
-1.940457421875000000e+04
-1.940594921875000000e+04
-1.940382617187500000e+04
-1.940562109375000000e+04
-1.940555078125000000e+04
-1.940579882812500000e+04
-1.940565234375000000e+04
-1.939866796875000000e+04
-1.940597656250000000e+04
-1.940577734375000000e+04
-1.940498437500000000e+04
-1.940483593750000000e+04
-1.940580078125000000e+04
-1.940580078125000000e+04
-1.940491796875000000e+04
-1.940300390625000000e+04
-1.940597656250000000e+04
-1.940551757812500000e+04
-1.940574609375000000e+04
-1.940443359375000000e+04
-1.940227734375000000e+04
-1.940483984375000000e+04
-1.940569531250000000e+04
-1.940473437500000000e+04
-1.940490625000000000e+04
-1.940597265625000000e+04
-1.940317968750000000e+04
-1.940590429687500000e+04
-1.940597070312500000e+04
-1.940285937500000000e+04
-1.940520312500000000e+04
-1.940556250000000000e+04
-1.940506250000000000e+04
-1.940486328125000000e+04
-1.940535937500000000e+04
-1.940557812500000000e+04
-1.940597460937500000e+04
-1.940572070312500000e+04
-1.940221679687500000e+04
-1.940597265625000000e+04
-1.940358593750000000e+04
-1.940563085937500000e+04
-1.940575585937500000e+04
-1.940578515625000000e+04
-1.940569335937500000e+04
-1.940582812500000000e+04
-1.940592578125000000e+04
-1.940336718750000000e+04
-1.940388671875000000e+04
-1.940400585937500000e+04
-1.940593554687500000e+04
-1.940597460937500000e+04
-1.940588671875000000e+04
-1.940457031250000000e+04
-1.940135156250000000e+04
-1.940543750000000000e+04
-1.940392773437500000e+04
-1.940463085937500000e+04
-1.940585156250000000e+04
-1.940525195312500000e+04
-1.940235156250000000e+04
-1.940482031250000000e+04
-1.940355468750000000e+04
-1.940502343750000000e+04
-1.940586718750000000e+04
-1.940546093750000000e+04
-1.940450195312500000e+04
-1.940248828125000000e+04
-1.940518554687500000e+04
-1.940545312500000000e+04
-1.940556640625000000e+04
-1.940517382812500000e+04
-1.940590039062500000e+04
-1.940593359375000000e+04
-1.940593359375000000e+04
-1.939877148437500000e+04
-1.940522851562500000e+04
-1.940595312500000000e+04
-1.940420117187500000e+04
-1.940475976562500000e+04
-1.940597656250000000e+04
-1.940596875000000000e+04
-1.940597070312500000e+04
-1.940498632812500000e+04
-1.940593359375000000e+04
-1.940357812500000000e+04
-1.940566406250000000e+04
-1.940325781250000000e+04
-1.940576562500000000e+04
-1.940597070312500000e+04
-1.940524218750000000e+04
-1.940554492187500000e+04
-1.940569531250000000e+04
-1.940478906250000000e+04
-1.940035156250000000e+04
-1.940564648437500000e+04
-1.940529296875000000e+04
-1.940575781250000000e+04
-1.940403125000000000e+04
-1.940461914062500000e+04
-1.940507421875000000e+04
-1.940583984375000000e+04
-1.940582421875000000e+04
-1.940596679687500000e+04
-1.940527929687500000e+04
-1.940597460937500000e+04
-1.940596875000000000e+04
-1.940483007812500000e+04
-1.940575390625000000e+04
-1.940557031250000000e+04
-1.940168359375000000e+04
-1.940589257812500000e+04
-1.940539062500000000e+04
-1.940591796875000000e+04
-1.940597265625000000e+04
-1.940597265625000000e+04
-1.940597656250000000e+04
-1.940595312500000000e+04
-1.940573828125000000e+04
-1.940594140625000000e+04
-1.940391796875000000e+04
-1.940433593750000000e+04
-1.940558984375000000e+04
-1.940540625000000000e+04
-1.940295312500000000e+04
-1.940589257812500000e+04
-1.940585937500000000e+04
-1.940541796875000000e+04
-1.940473828125000000e+04
-1.940594531250000000e+04
-1.940400390625000000e+04
-1.940588867187500000e+04
-1.940540039062500000e+04
-1.940596679687500000e+04
-1.940579492187500000e+04
-1.940596875000000000e+04
-1.940435351562500000e+04
-1.940597265625000000e+04
-1.940595898437500000e+04
-1.940517382812500000e+04
-1.940513281250000000e+04
-1.940433593750000000e+04
-1.940509375000000000e+04
-1.940570507812500000e+04
-1.940430859375000000e+04
-1.940440820312500000e+04
-1.940539843750000000e+04
-1.940591796875000000e+04
-1.940578710937500000e+04
-1.940164843750000000e+04
-1.940558593750000000e+04
-1.939864843750000000e+04
-1.940442382812500000e+04
-1.940543945312500000e+04
-1.940583398437500000e+04
-1.940597460937500000e+04
-1.940144531250000000e+04
-1.940529296875000000e+04
-1.940562109375000000e+04
-1.940522265625000000e+04
-1.940567187500000000e+04
-1.940584570312500000e+04
-1.940589843750000000e+04
-1.940591210937500000e+04
-1.940594140625000000e+04
-1.940597656250000000e+04
-1.940516406250000000e+04
-1.940363867187500000e+04
-1.940595312500000000e+04
-1.940572656250000000e+04
-1.940585546875000000e+04
-1.940537695312500000e+04
-1.940593359375000000e+04
-1.940402539062500000e+04
-1.940517382812500000e+04
-1.940573242187500000e+04
-1.940487890625000000e+04
-1.940490039062500000e+04
-1.940530273437500000e+04
-1.939927734375000000e+04
-1.940176171875000000e+04
-1.940372851562500000e+04
-1.940119726562500000e+04
-1.940551562500000000e+04
-1.940280078125000000e+04
-1.940555078125000000e+04
-1.940549023437500000e+04
-1.940325000000000000e+04
-1.940437109375000000e+04
-1.940435742187500000e+04
-1.940568945312500000e+04
-1.940591796875000000e+04
-1.940587500000000000e+04
-1.940556640625000000e+04
-1.940550390625000000e+04
-1.940530664062500000e+04
-1.940457421875000000e+04
-1.940472851562500000e+04
-1.940416796875000000e+04
-1.940575195312500000e+04
-1.940596484375000000e+04
-1.940570898437500000e+04
-1.940590234375000000e+04
-1.940596093750000000e+04
-1.940578515625000000e+04
-1.940553125000000000e+04
-1.940596679687500000e+04
-1.940580664062500000e+04
-1.940531640625000000e+04
-1.940597656250000000e+04
-1.940530859375000000e+04
-1.940544921875000000e+04
-1.940567578125000000e+04
-1.940583203125000000e+04
-1.940594531250000000e+04
-1.940536328125000000e+04
-1.940565429687500000e+04
-1.940597656250000000e+04
-1.940512500000000000e+04
-1.940543359375000000e+04
-1.940571875000000000e+04
-1.940550000000000000e+04
-1.940323242187500000e+04
-1.940474804687500000e+04
-1.940590820312500000e+04
-1.940592187500000000e+04
-1.940565234375000000e+04
-1.940501757812500000e+04
-1.940451562500000000e+04
-1.940552734375000000e+04
-1.940544531250000000e+04
-1.940094921875000000e+04
-1.940462695312500000e+04
-1.940583203125000000e+04
-1.940515625000000000e+04
-1.940595703125000000e+04
-1.940592578125000000e+04
-1.940278906250000000e+04
-1.940451953125000000e+04
-1.940595703125000000e+04
-1.940576562500000000e+04
-1.940225195312500000e+04
-1.940595703125000000e+04
-1.940189062500000000e+04
-1.940593750000000000e+04
-1.940501562500000000e+04
-1.940594140625000000e+04
-1.940597460937500000e+04
-1.940572656250000000e+04
-1.940361328125000000e+04
-1.940144140625000000e+04
-1.940321484375000000e+04
-1.940496093750000000e+04
-1.940433984375000000e+04
-1.940595507812500000e+04
-1.940597656250000000e+04
-1.940591015625000000e+04
-1.940565234375000000e+04
-1.940595507812500000e+04
-1.940448437500000000e+04
-1.940596875000000000e+04
-1.940595898437500000e+04
-1.940597265625000000e+04
-1.940597265625000000e+04
-1.940582031250000000e+04
-1.940581835937500000e+04
-1.940591796875000000e+04
-1.940566015625000000e+04
-1.940568359375000000e+04
-1.940535937500000000e+04
-1.940517578125000000e+04
-1.940275585937500000e+04
-1.940594726562500000e+04
-1.940544921875000000e+04
-1.940594531250000000e+04
-1.940565234375000000e+04
-1.940597656250000000e+04
-1.940480078125000000e+04
-1.940487109375000000e+04
-1.940575195312500000e+04
-1.940586328125000000e+04
-1.940374609375000000e+04
-1.940585156250000000e+04
-1.940593359375000000e+04
-1.940338281250000000e+04
-1.940582812500000000e+04
-1.940323828125000000e+04
-1.940300585937500000e+04
-1.940244335937500000e+04
-1.940157421875000000e+04
-1.940576953125000000e+04
-1.940586132812500000e+04
-1.940559570312500000e+04
-1.940551562500000000e+04
-1.940560937500000000e+04
-1.940532226562500000e+04
-1.940573046875000000e+04
-1.940454687500000000e+04
-1.940583593750000000e+04
-1.940574218750000000e+04
-1.940574218750000000e+04
-1.940533007812500000e+04
-1.940563281250000000e+04
-1.940538867187500000e+04
-1.940582031250000000e+04
-1.940589648437500000e+04
-1.940320703125000000e+04
-1.940568945312500000e+04
-1.940414453125000000e+04
-1.940449609375000000e+04
-1.940517578125000000e+04
-1.940537109375000000e+04
-1.940533593750000000e+04
-1.940594726562500000e+04
-1.940530468750000000e+04
-1.940591015625000000e+04
-1.940597460937500000e+04
-1.940597656250000000e+04
-1.940558984375000000e+04
-1.940444140625000000e+04
-1.940562890625000000e+04
-1.940592578125000000e+04
-1.940468554687500000e+04
-1.940301367187500000e+04
-1.940200781250000000e+04
-1.940173828125000000e+04
-1.940291015625000000e+04
-1.940430468750000000e+04
-1.940503515625000000e+04
-1.940556250000000000e+04
-1.940407226562500000e+04
-1.940498437500000000e+04
-1.940418359375000000e+04
-1.940360156250000000e+04
-1.939914843750000000e+04
-1.940563671875000000e+04
-1.940596875000000000e+04
-1.940528125000000000e+04
-1.940404687500000000e+04
-1.940439843750000000e+04
-1.940587304687500000e+04
-1.940591210937500000e+04
-1.940595312500000000e+04
-1.940338671875000000e+04
-1.940436328125000000e+04
-1.940593750000000000e+04
-1.940585546875000000e+04
-1.940429687500000000e+04
-1.940566796875000000e+04
-1.940538085937500000e+04
-1.940563671875000000e+04
-1.940497265625000000e+04
-1.940542382812500000e+04
-1.940355468750000000e+04
-1.940229882812500000e+04
-1.940404687500000000e+04
-1.940597656250000000e+04
-1.940591796875000000e+04
-1.940562109375000000e+04
-1.940557421875000000e+04
-1.940545312500000000e+04
-1.940597851562500000e+04
-1.940574218750000000e+04
-1.940596875000000000e+04
-1.940030664062500000e+04
-1.940550195312500000e+04
-1.940595312500000000e+04
-1.940583593750000000e+04
-1.940595898437500000e+04
-1.940352929687500000e+04
-1.940545312500000000e+04
-1.940313671875000000e+04
-1.940216406250000000e+04
-1.940583593750000000e+04
-1.940492773437500000e+04
-1.940583398437500000e+04
-1.940521875000000000e+04
-1.940593750000000000e+04
-1.940457421875000000e+04
-1.940464843750000000e+04
-1.940542773437500000e+04
-1.940590234375000000e+04
-1.940125000000000000e+04
-1.940574218750000000e+04
-1.940174804687500000e+04
-1.940458593750000000e+04
-1.940229296875000000e+04
-1.940078515625000000e+04
-1.940400976562500000e+04
-1.940498437500000000e+04
-1.940597460937500000e+04
-1.940528515625000000e+04
-1.940592968750000000e+04
-1.940594531250000000e+04
-1.940300781250000000e+04
-1.940565039062500000e+04
-1.940570117187500000e+04
-1.940569531250000000e+04
-1.940566406250000000e+04
-1.939544531250000000e+04
-1.940504101562500000e+04
-1.940435156250000000e+04
-1.940594335937500000e+04
-1.940469726562500000e+04
-1.940481640625000000e+04
-1.940551562500000000e+04
-1.940596875000000000e+04
-1.940382812500000000e+04
-1.940566015625000000e+04
-1.940595898437500000e+04
-1.940539843750000000e+04
-1.940277734375000000e+04
-1.940516015625000000e+04
-1.940581250000000000e+04
-1.940422265625000000e+04
-1.940578710937500000e+04
-1.940574023437500000e+04
-1.940516015625000000e+04
-1.940595703125000000e+04
-1.940588085937500000e+04
-1.940574609375000000e+04
-1.940264648437500000e+04
-1.940549804687500000e+04
-1.939958593750000000e+04
-1.940559570312500000e+04
-1.940587695312500000e+04
-1.940305078125000000e+04
-1.940563281250000000e+04
-1.940436914062500000e+04
-1.940511718750000000e+04
-1.940332421875000000e+04
-1.940596093750000000e+04
-1.940597265625000000e+04
-1.940526562500000000e+04
-1.940506250000000000e+04
-1.940506445312500000e+04
-1.940498242187500000e+04
-1.940528515625000000e+04
-1.940586718750000000e+04
-1.940558007812500000e+04
-1.940563281250000000e+04
-1.940458593750000000e+04
-1.940586523437500000e+04
-1.940475195312500000e+04
-1.940597265625000000e+04
-1.940543554687500000e+04
-1.940456640625000000e+04
-1.940588671875000000e+04
-1.940584570312500000e+04
-1.940582226562500000e+04
-1.940527343750000000e+04
-1.940568750000000000e+04
-1.940524023437500000e+04
-1.940485546875000000e+04
-1.940467968750000000e+04
-1.940575000000000000e+04
-1.940314453125000000e+04
-1.940572851562500000e+04
-1.940441210937500000e+04
-1.940485546875000000e+04
-1.940594921875000000e+04
-1.940440234375000000e+04
-1.940597460937500000e+04
-1.940379492187500000e+04
-1.940450781250000000e+04
-1.940350390625000000e+04
-1.940455078125000000e+04
-1.940591796875000000e+04
-1.940396875000000000e+04
-1.940597265625000000e+04
-1.940592773437500000e+04
-1.940589648437500000e+04
-1.940596875000000000e+04
-1.940501562500000000e+04
-1.940570703125000000e+04
-1.940512890625000000e+04
-1.940577343750000000e+04
-1.940453515625000000e+04
-1.940518750000000000e+04
-1.940523046875000000e+04
-1.940597460937500000e+04
-1.940593164062500000e+04
-1.940598046875000000e+04
-1.940527734375000000e+04
-1.940326953125000000e+04
-1.940550390625000000e+04
-1.940506250000000000e+04
-1.940489257812500000e+04
-1.940584765625000000e+04
-1.940597070312500000e+04
-1.940033984375000000e+04
-1.940533984375000000e+04
-1.940581835937500000e+04
-1.940349023437500000e+04
-1.939987890625000000e+04
-1.940544921875000000e+04
-1.940560546875000000e+04
-1.940540625000000000e+04
-1.940555078125000000e+04
-1.940552734375000000e+04
-1.940355664062500000e+04
-1.940440625000000000e+04
-1.940554687500000000e+04
-1.940368359375000000e+04
-1.940566015625000000e+04
-1.940504882812500000e+04
-1.940574804687500000e+04
-1.940559570312500000e+04
-1.940433593750000000e+04
-1.940230078125000000e+04
-1.940554296875000000e+04
-1.940224609375000000e+04
-1.940479296875000000e+04
-1.940586914062500000e+04
-1.940590234375000000e+04
-1.940585546875000000e+04
-1.940560156250000000e+04
-1.940535937500000000e+04
-1.940583007812500000e+04
-1.940349023437500000e+04
-1.940572656250000000e+04
-1.940597070312500000e+04
-1.940595312500000000e+04
-1.940469921875000000e+04
-1.940304296875000000e+04
-1.940365234375000000e+04
-1.940223828125000000e+04
-1.940468750000000000e+04
-1.940565625000000000e+04
-1.940583984375000000e+04
-1.940596484375000000e+04
-1.940303710937500000e+04
-1.940492773437500000e+04
-1.940576953125000000e+04
-1.940595703125000000e+04
-1.940562109375000000e+04
-1.940597460937500000e+04
-1.940577539062500000e+04
-1.940443359375000000e+04
-1.940574023437500000e+04
-1.940459375000000000e+04
-1.940597265625000000e+04
-1.940491210937500000e+04
-1.940597265625000000e+04
-1.940597656250000000e+04
-1.940597070312500000e+04
-1.940013281250000000e+04
-1.940189062500000000e+04
-1.940584375000000000e+04
-1.940586132812500000e+04
-1.940548828125000000e+04
-1.940598046875000000e+04
-1.940530468750000000e+04
-1.940251171875000000e+04
-1.940577343750000000e+04
-1.940502734375000000e+04
-1.940482421875000000e+04
-1.940532617187500000e+04
-1.940363671875000000e+04
-1.940391015625000000e+04
-1.940572656250000000e+04
-1.940586132812500000e+04
-1.940486718750000000e+04
-1.940597265625000000e+04
-1.940585546875000000e+04
-1.940587109375000000e+04
-1.940581250000000000e+04
-1.940593164062500000e+04
-1.940451953125000000e+04
-1.940491796875000000e+04
-1.940492578125000000e+04
-1.940583203125000000e+04
-1.940579296875000000e+04
-1.940383789062500000e+04
-1.940533203125000000e+04
-1.940583203125000000e+04
-1.940581835937500000e+04
-1.940557031250000000e+04
-1.940367773437500000e+04
-1.940568945312500000e+04
-1.939686718750000000e+04
-1.940564062500000000e+04
-1.940596289062500000e+04
-1.940528320312500000e+04
-1.940587890625000000e+04
-1.940315625000000000e+04
-1.940585546875000000e+04
-1.940596875000000000e+04
-1.940582226562500000e+04
-1.940509765625000000e+04
-1.940518164062500000e+04
-1.940458203125000000e+04
-1.940574414062500000e+04
-1.940593359375000000e+04
-1.940372265625000000e+04
-1.940572460937500000e+04
-1.940550976562500000e+04
-1.940597070312500000e+04
-1.940335937500000000e+04
-1.940450976562500000e+04
-1.940486328125000000e+04
-1.940466406250000000e+04
-1.940597656250000000e+04
-1.940577343750000000e+04
-1.940429296875000000e+04
-1.940585742187500000e+04
-1.940598046875000000e+04
-1.940551562500000000e+04
-1.940529296875000000e+04
-1.940581640625000000e+04
-1.940252343750000000e+04
-1.940477343750000000e+04
-1.940200976562500000e+04
-1.940582031250000000e+04
-1.940333593750000000e+04
-1.940480859375000000e+04
-1.940519140625000000e+04
-1.940470703125000000e+04
-1.940486718750000000e+04
-1.940436132812500000e+04
-1.940597265625000000e+04
-1.940239453125000000e+04
-1.940486914062500000e+04
-1.940433593750000000e+04
-1.940537890625000000e+04
-1.940575976562500000e+04
-1.940525390625000000e+04
-1.940201953125000000e+04
-1.940569531250000000e+04
-1.940571484375000000e+04
-1.940597656250000000e+04
-1.940557617187500000e+04
-1.940592968750000000e+04
-1.940303515625000000e+04
-1.940429687500000000e+04
-1.940557421875000000e+04
-1.940538671875000000e+04
-1.940593945312500000e+04
-1.940518750000000000e+04
-1.940557421875000000e+04
-1.940594531250000000e+04
-1.940541210937500000e+04
-1.940568359375000000e+04
-1.940292968750000000e+04
-1.940569921875000000e+04
-1.940584765625000000e+04
-1.940593554687500000e+04
-1.940593359375000000e+04
-1.940276562500000000e+04
-1.940571289062500000e+04
-1.940597851562500000e+04
-1.940397265625000000e+04
-1.940524023437500000e+04
-1.940287109375000000e+04
-1.940481250000000000e+04
-1.940552343750000000e+04
-1.940594921875000000e+04
-1.940584375000000000e+04
-1.940595703125000000e+04
-1.940597656250000000e+04
-1.940596093750000000e+04
-1.940569140625000000e+04
-1.940515039062500000e+04
-1.940585546875000000e+04
-1.940597656250000000e+04
-1.940441015625000000e+04
-1.940005468750000000e+04
-1.940589843750000000e+04
-1.940561523437500000e+04
-1.940579296875000000e+04
-1.940597851562500000e+04
-1.940459375000000000e+04
-1.940596484375000000e+04
-1.940584765625000000e+04
-1.940582226562500000e+04
-1.940289257812500000e+04
-1.940550000000000000e+04
-1.940591406250000000e+04
-1.940595312500000000e+04
-1.940034765625000000e+04
-1.940383593750000000e+04
-1.940589257812500000e+04
-1.940594921875000000e+04
-1.940579296875000000e+04
-1.940522656250000000e+04
-1.940499414062500000e+04
-1.940350976562500000e+04
-1.940594531250000000e+04
-1.940001171875000000e+04
-1.940451953125000000e+04
-1.940482031250000000e+04
-1.940476757812500000e+04
-1.940453515625000000e+04
-1.940585742187500000e+04
-1.940394531250000000e+04
-1.940578906250000000e+04
-1.940533984375000000e+04
-1.940595703125000000e+04
-1.940402343750000000e+04
-1.940418359375000000e+04
-1.940564843750000000e+04
-1.940586328125000000e+04
-1.940583984375000000e+04
-1.940451757812500000e+04
-1.940399609375000000e+04
-1.940526757812500000e+04
-1.940596875000000000e+04
-1.940591210937500000e+04
-1.940287500000000000e+04
-1.940593359375000000e+04
-1.940557617187500000e+04
-1.940562500000000000e+04
-1.940542968750000000e+04
-1.940515234375000000e+04
-1.940513671875000000e+04
-1.940435937500000000e+04
-1.940596093750000000e+04
-1.940355468750000000e+04
-1.940532031250000000e+04
-1.940597265625000000e+04
-1.940450195312500000e+04
-1.940495312500000000e+04
-1.940446093750000000e+04
-1.940534179687500000e+04
-1.940545117187500000e+04
-1.940597265625000000e+04
-1.940597656250000000e+04
-1.940564062500000000e+04
-1.940595507812500000e+04
-1.940585351562500000e+04
-1.940595117187500000e+04
-1.940585937500000000e+04
-1.940568554687500000e+04
-1.940596484375000000e+04
-1.940575195312500000e+04
-1.940590625000000000e+04
-1.940589062500000000e+04
-1.940358398437500000e+04
-1.940582812500000000e+04
-1.940496679687500000e+04
-1.940369726562500000e+04
-1.940403515625000000e+04
-1.940546679687500000e+04
-1.940462109375000000e+04
-1.940583984375000000e+04
-1.940407617187500000e+04
-1.940584960937500000e+04
-1.940422265625000000e+04
-1.940587109375000000e+04
-1.940580273437500000e+04
-1.940591601562500000e+04
-1.940474218750000000e+04
-1.940587109375000000e+04
-1.940330078125000000e+04
-1.940576367187500000e+04
-1.940449804687500000e+04
-1.940454296875000000e+04
-1.939904296875000000e+04
-1.940592968750000000e+04
-1.940288867187500000e+04
-1.940272460937500000e+04
-1.940597460937500000e+04
-1.940591406250000000e+04
-1.940514062500000000e+04
-1.940597656250000000e+04
-1.940419531250000000e+04
-1.940237500000000000e+04
-1.940341796875000000e+04
-1.940597656250000000e+04
-1.940348437500000000e+04
-1.940127343750000000e+04
-1.940587500000000000e+04
-1.940591210937500000e+04
-1.940597851562500000e+04
-1.940595312500000000e+04
-1.940161328125000000e+04
-1.940597851562500000e+04
-1.940190234375000000e+04
-1.940092578125000000e+04
-1.940596093750000000e+04
-1.940517578125000000e+04
-1.940426562500000000e+04
-1.940351562500000000e+04
-1.940318359375000000e+04
-1.940578906250000000e+04
-1.940321484375000000e+04
-1.940574609375000000e+04
-1.940560156250000000e+04
-1.940581835937500000e+04
-1.940269726562500000e+04
-1.940563671875000000e+04
-1.940564843750000000e+04
-1.940501757812500000e+04
-1.940201953125000000e+04
-1.940552734375000000e+04
-1.940577734375000000e+04
-1.940183789062500000e+04
-1.940511132812500000e+04
-1.940597656250000000e+04
-1.940595312500000000e+04
-1.940525976562500000e+04
-1.940481640625000000e+04
-1.940567578125000000e+04
-1.940402343750000000e+04
-1.940585742187500000e+04
-1.940568359375000000e+04
-1.940535546875000000e+04
-1.940598046875000000e+04
-1.940406250000000000e+04
-1.940597460937500000e+04
-1.940598046875000000e+04
-1.940597070312500000e+04
-1.940535351562500000e+04
-1.940551171875000000e+04
-1.940404492187500000e+04
-1.940523437500000000e+04
-1.940507617187500000e+04
-1.940421875000000000e+04
-1.940470703125000000e+04
-1.940519140625000000e+04
-1.940561718750000000e+04
-1.940499609375000000e+04
-1.940501171875000000e+04
-1.940509375000000000e+04
-1.940454101562500000e+04
-1.940589843750000000e+04
-1.940473046875000000e+04
-1.940593359375000000e+04
-1.940591796875000000e+04
-1.940505468750000000e+04
-1.940355273437500000e+04
-1.940539062500000000e+04
-1.940597265625000000e+04
-1.940595898437500000e+04
-1.940347656250000000e+04
-1.940580859375000000e+04
-1.940591015625000000e+04
-1.940191601562500000e+04
-1.940594531250000000e+04
-1.940567187500000000e+04
-1.940560351562500000e+04
-1.940287304687500000e+04
-1.940533984375000000e+04
-1.940594531250000000e+04
-1.940461718750000000e+04
-1.940591796875000000e+04
-1.940392187500000000e+04
-1.940484375000000000e+04
-1.940562890625000000e+04
-1.940047656250000000e+04
-1.940589843750000000e+04
-1.940222070312500000e+04
-1.940576562500000000e+04
-1.940410937500000000e+04
-1.940555273437500000e+04
-1.940408789062500000e+04
-1.940595312500000000e+04
-1.940551953125000000e+04
-1.940557031250000000e+04
-1.940565625000000000e+04
-1.940577343750000000e+04
-1.940578515625000000e+04
-1.940503515625000000e+04
-1.940573632812500000e+04
-1.940477148437500000e+04
-1.940505859375000000e+04
-1.940560156250000000e+04
-1.940571875000000000e+04
-1.940545312500000000e+04
-1.940450781250000000e+04
-1.940539062500000000e+04
-1.940582812500000000e+04
-1.940485546875000000e+04
-1.940513476562500000e+04
-1.940424414062500000e+04
-1.940466992187500000e+04
-1.940546875000000000e+04
-1.940488281250000000e+04
-1.940451953125000000e+04
-1.940562500000000000e+04
-1.940591796875000000e+04
-1.940441406250000000e+04
-1.940582226562500000e+04
-1.940594531250000000e+04
-1.940503515625000000e+04
-1.939916015625000000e+04
-1.940578320312500000e+04
-1.940574023437500000e+04
-1.940529687500000000e+04
-1.940519921875000000e+04
-1.940591406250000000e+04
-1.940541796875000000e+04
-1.940516015625000000e+04
-1.940307812500000000e+04
-1.940584179687500000e+04
-1.940310546875000000e+04
-1.940560742187500000e+04
-1.940512304687500000e+04
-1.940584375000000000e+04
-1.940585742187500000e+04
-1.940467187500000000e+04
-1.940595703125000000e+04
-1.940410156250000000e+04
-1.940597656250000000e+04
-1.940594335937500000e+04
-1.940275390625000000e+04
-1.940592187500000000e+04
-1.940584179687500000e+04
-1.940522656250000000e+04
-1.940411914062500000e+04
-1.940574414062500000e+04
-1.940535351562500000e+04
-1.940596484375000000e+04
-1.940584179687500000e+04
-1.940573437500000000e+04
-1.940592578125000000e+04
-1.940510546875000000e+04
-1.940595507812500000e+04
-1.940575195312500000e+04
-1.940535156250000000e+04
-1.940408203125000000e+04
-1.940590625000000000e+04
-1.940435937500000000e+04
-1.940554492187500000e+04
-1.940582812500000000e+04
-1.940575781250000000e+04
-1.940595703125000000e+04
-1.940291015625000000e+04
-1.939875585937500000e+04
-1.940565039062500000e+04
-1.940482031250000000e+04
-1.940594140625000000e+04
-1.940593750000000000e+04
-1.940522851562500000e+04
-1.940552343750000000e+04
-1.940532226562500000e+04
-1.940597851562500000e+04
-1.940308984375000000e+04
-1.940451171875000000e+04
-1.940440429687500000e+04
-1.940554296875000000e+04
-1.940537109375000000e+04
-1.940345703125000000e+04
-1.940290625000000000e+04
-1.940596484375000000e+04
-1.940595898437500000e+04
-1.940580468750000000e+04
-1.940582617187500000e+04
-1.940575000000000000e+04
-1.940518554687500000e+04
-1.940569726562500000e+04
-1.940595312500000000e+04
-1.940596484375000000e+04
-1.940403906250000000e+04
-1.940355078125000000e+04
-1.940535937500000000e+04
-1.940563671875000000e+04
-1.940556250000000000e+04
-1.940583007812500000e+04
-1.940089843750000000e+04
-1.940566796875000000e+04
-1.940374218750000000e+04
-1.940589453125000000e+04
-1.940549414062500000e+04
-1.940537890625000000e+04
-1.940596093750000000e+04
-1.940432031250000000e+04
-1.940533593750000000e+04
-1.940545703125000000e+04
-1.940596679687500000e+04
-1.940587890625000000e+04
-1.940480273437500000e+04
-1.940571875000000000e+04
-1.940336523437500000e+04
-1.940179492187500000e+04
-1.940282421875000000e+04
-1.940529687500000000e+04
-1.940591210937500000e+04
-1.940579101562500000e+04
-1.940596679687500000e+04
-1.940585937500000000e+04
-1.940488671875000000e+04
-1.940587304687500000e+04
-1.940220117187500000e+04
-1.940597656250000000e+04
-1.940593750000000000e+04
-1.940596093750000000e+04
-1.940555078125000000e+04
-1.940593164062500000e+04
-1.940333789062500000e+04
-1.940528320312500000e+04
-1.940596875000000000e+04
-1.940593945312500000e+04
-1.940592578125000000e+04
-1.940267187500000000e+04
-1.940358593750000000e+04
-1.940200000000000000e+04
-1.940543750000000000e+04
-1.940583007812500000e+04
-1.940594335937500000e+04
-1.940568554687500000e+04
-1.940498828125000000e+04
-1.940466796875000000e+04
-1.940532812500000000e+04
-1.940281250000000000e+04
-1.940589453125000000e+04
-1.940528320312500000e+04
-1.940587304687500000e+04
-1.940595703125000000e+04
-1.940366015625000000e+04
-1.940513085937500000e+04
-1.940576953125000000e+04
-1.940402148437500000e+04
-1.940173828125000000e+04
-1.940593750000000000e+04
-1.940579687500000000e+04
-1.940583203125000000e+04
-1.940548242187500000e+04
-1.940516015625000000e+04
-1.940528906250000000e+04
-1.940503906250000000e+04
-1.940571093750000000e+04
-1.940558984375000000e+04
-1.940415234375000000e+04
-1.940596679687500000e+04
-1.940506250000000000e+04
-1.940597460937500000e+04
-1.940225781250000000e+04
-1.940596093750000000e+04
-1.940566406250000000e+04
-1.940374414062500000e+04
-1.940595117187500000e+04
-1.940579882812500000e+04
-1.940562109375000000e+04
-1.940263867187500000e+04
-1.940000000000000000e+04
-1.940522851562500000e+04
-1.940551953125000000e+04
-1.940595703125000000e+04
-1.940572265625000000e+04
-1.939665234375000000e+04
-1.940591992187500000e+04
-1.940541015625000000e+04
-1.940566406250000000e+04
-1.940596875000000000e+04
-1.940357812500000000e+04
-1.940347265625000000e+04
-1.940596289062500000e+04
-1.940543359375000000e+04
-1.940584375000000000e+04
-1.940519921875000000e+04
-1.940589648437500000e+04
-1.940305468750000000e+04
-1.940597656250000000e+04
-1.940592578125000000e+04
-1.940586523437500000e+04
-1.940583593750000000e+04
-1.940597265625000000e+04
-1.940594531250000000e+04
-1.940485937500000000e+04
-1.940597070312500000e+04
-1.940595898437500000e+04
-1.940567968750000000e+04
-1.940223046875000000e+04
-1.940580859375000000e+04
-1.940580859375000000e+04
-1.940246093750000000e+04
-1.940586523437500000e+04
-1.940596484375000000e+04
-1.940592187500000000e+04
-1.940559375000000000e+04
-1.940597460937500000e+04
-1.940596484375000000e+04
-1.940597656250000000e+04
-1.940565429687500000e+04
-1.940464062500000000e+04
-1.940591015625000000e+04
-1.940560156250000000e+04
-1.940591601562500000e+04
-1.940250781250000000e+04
-1.940556640625000000e+04
-1.940311914062500000e+04
-1.940595898437500000e+04
-1.940457421875000000e+04
-1.940550781250000000e+04
-1.940539453125000000e+04
-1.940577539062500000e+04
-1.940586328125000000e+04
-1.940355468750000000e+04
-1.940554492187500000e+04
-1.940375390625000000e+04
-1.940275781250000000e+04
-1.940592578125000000e+04
-1.940591406250000000e+04
-1.940593554687500000e+04
-1.940479101562500000e+04
-1.940595507812500000e+04
-1.940446093750000000e+04
-1.940579687500000000e+04
-1.940551171875000000e+04
-1.940468750000000000e+04
-1.940597656250000000e+04
-1.940588671875000000e+04
-1.940476171875000000e+04
-1.940567382812500000e+04
-1.940479296875000000e+04
-1.940591601562500000e+04
-1.940597656250000000e+04
-1.940325781250000000e+04
-1.940502734375000000e+04
-1.940414648437500000e+04
-1.940534765625000000e+04
-1.940486914062500000e+04
-1.940591796875000000e+04
-1.940568945312500000e+04
-1.940516406250000000e+04
-1.940519726562500000e+04
-1.940568945312500000e+04
-1.940586523437500000e+04
-1.940594531250000000e+04
-1.940595117187500000e+04
-1.940415234375000000e+04
-1.940548437500000000e+04
-1.940399414062500000e+04
-1.940594921875000000e+04
-1.940357031250000000e+04
-1.940594531250000000e+04
-1.940361328125000000e+04
-1.940596875000000000e+04
-1.940584765625000000e+04
-1.939925195312500000e+04
-1.940589062500000000e+04
-1.940595703125000000e+04
-1.940593750000000000e+04
-1.940590820312500000e+04
-1.940569531250000000e+04
-1.940573242187500000e+04
-1.940526562500000000e+04
-1.940369140625000000e+04
-1.940591406250000000e+04
-1.940557031250000000e+04
-1.940588085937500000e+04
-1.940534375000000000e+04
-1.940313281250000000e+04
-1.940595507812500000e+04
-1.940559375000000000e+04
-1.940454492187500000e+04
-1.940589257812500000e+04
-1.940585351562500000e+04
-1.940519921875000000e+04
-1.940548046875000000e+04
-1.940597656250000000e+04
-1.940534765625000000e+04
-1.940552734375000000e+04
-1.940524609375000000e+04
-1.940532031250000000e+04
-1.940541210937500000e+04
-1.940580468750000000e+04
-1.940260546875000000e+04
-1.940552343750000000e+04
-1.940585742187500000e+04
-1.940596093750000000e+04
-1.940554101562500000e+04
-1.940010156250000000e+04
-1.940534765625000000e+04
-1.940374218750000000e+04
-1.940547656250000000e+04
-1.940592773437500000e+04
-1.940594921875000000e+04
-1.940404296875000000e+04
-1.940578710937500000e+04
-1.940591601562500000e+04
-1.940505859375000000e+04
-1.940571875000000000e+04
-1.940331054687500000e+04
-1.940592578125000000e+04
-1.940591015625000000e+04
-1.940560156250000000e+04
-1.940570898437500000e+04
-1.940569140625000000e+04
-1.940597851562500000e+04
-1.940597460937500000e+04
-1.940595507812500000e+04
-1.940597265625000000e+04
-1.940593750000000000e+04
-1.940440820312500000e+04
-1.940512695312500000e+04
-1.940123828125000000e+04
-1.940465039062500000e+04
-1.940531054687500000e+04
-1.940587304687500000e+04
-1.940424609375000000e+04
-1.940422656250000000e+04
-1.940393164062500000e+04
-1.940566210937500000e+04
-1.940539062500000000e+04
-1.940561328125000000e+04
-1.940473828125000000e+04
-1.940581250000000000e+04
-1.940526757812500000e+04
-1.940165625000000000e+04
-1.940535546875000000e+04
-1.940588085937500000e+04
-1.940595312500000000e+04
-1.940597460937500000e+04
-1.940388476562500000e+04
-1.940586718750000000e+04
-1.940584375000000000e+04
-1.940597851562500000e+04
-1.940205664062500000e+04
-1.940528710937500000e+04
-1.940520507812500000e+04
-1.940591015625000000e+04
-1.940542968750000000e+04
-1.940594140625000000e+04
-1.940595898437500000e+04
-1.940596484375000000e+04
-1.940583398437500000e+04
-1.940461718750000000e+04
-1.940593750000000000e+04
-1.940590820312500000e+04
-1.940593750000000000e+04
-1.940578125000000000e+04
-1.940597656250000000e+04
-1.940571289062500000e+04
-1.940596875000000000e+04
-1.940428125000000000e+04
-1.940584765625000000e+04
-1.940218164062500000e+04
-1.940517578125000000e+04
-1.940597265625000000e+04
-1.940528125000000000e+04
-1.940594140625000000e+04
-1.940486523437500000e+04
-1.940597460937500000e+04
-1.940575000000000000e+04
-1.940485546875000000e+04
-1.940445703125000000e+04
-1.940597265625000000e+04
-1.940587890625000000e+04
-1.940597851562500000e+04
-1.940403515625000000e+04
-1.940355078125000000e+04
-1.940597460937500000e+04
-1.940587500000000000e+04
-1.940439843750000000e+04
-1.940338476562500000e+04
-1.940584375000000000e+04
-1.940590625000000000e+04
-1.940348828125000000e+04
-1.940585156250000000e+04
-1.940232031250000000e+04
-1.940559375000000000e+04
-1.940451953125000000e+04
-1.940579687500000000e+04
-1.940558593750000000e+04
-1.940312304687500000e+04
-1.940543554687500000e+04
-1.940584179687500000e+04
-1.940469921875000000e+04
-1.940578125000000000e+04
-1.940568750000000000e+04
-1.940559570312500000e+04
-1.940500976562500000e+04
-1.940392968750000000e+04
-1.940557421875000000e+04
-1.940597656250000000e+04
-1.940281054687500000e+04
-1.940590625000000000e+04
-1.940591796875000000e+04
-1.940485546875000000e+04
-1.940589648437500000e+04
-1.940489453125000000e+04
-1.940421093750000000e+04
-1.940577539062500000e+04
-1.940517382812500000e+04
-1.940577343750000000e+04
-1.940424023437500000e+04
-1.940596875000000000e+04
-1.940483789062500000e+04
-1.940427734375000000e+04
-1.940464257812500000e+04
-1.940557421875000000e+04
-1.940540234375000000e+04
-1.940503515625000000e+04
-1.940582617187500000e+04
-1.940565039062500000e+04
-1.940476953125000000e+04
-1.940597265625000000e+04
-1.940595703125000000e+04
-1.940582031250000000e+04
-1.940576171875000000e+04
-1.940577343750000000e+04
-1.940110156250000000e+04
-1.940372656250000000e+04
-1.940577539062500000e+04
-1.940542187500000000e+04
-1.940592773437500000e+04
-1.940001367187500000e+04
-1.940022070312500000e+04
-1.940594921875000000e+04
-1.940481640625000000e+04
-1.940360156250000000e+04
-1.940186914062500000e+04
-1.940436718750000000e+04
-1.940446484375000000e+04
-1.940585742187500000e+04
-1.940597656250000000e+04
-1.940469140625000000e+04
-1.940597265625000000e+04
-1.940530468750000000e+04
-1.940593359375000000e+04
-1.940557617187500000e+04
-1.940434570312500000e+04
-1.940546093750000000e+04
-1.940582421875000000e+04
-1.940558007812500000e+04
-1.940427343750000000e+04
-1.940431640625000000e+04
-1.940443750000000000e+04
-1.940579101562500000e+04
-1.940576953125000000e+04
-1.940573437500000000e+04
-1.940435156250000000e+04
-1.940508398437500000e+04
-1.940592968750000000e+04
-1.940404101562500000e+04
-1.940432421875000000e+04
-1.940567187500000000e+04
-1.940566601562500000e+04
-1.940497265625000000e+04
-1.940597265625000000e+04
-1.940542187500000000e+04
-1.940458398437500000e+04
-1.940138671875000000e+04
-1.940597265625000000e+04
-1.940550781250000000e+04
-1.940498242187500000e+04
-1.940323242187500000e+04
-1.940597656250000000e+04
-1.940382617187500000e+04
-1.940567773437500000e+04
-1.940446875000000000e+04
-1.940583203125000000e+04
-1.940587890625000000e+04
-1.940597070312500000e+04
-1.940597656250000000e+04
-1.940584960937500000e+04
-1.940562109375000000e+04
-1.940573828125000000e+04
-1.940314062500000000e+04
-1.940560546875000000e+04
-1.940596484375000000e+04
-1.940589453125000000e+04
-1.940439062500000000e+04
-1.940594335937500000e+04
-1.940526562500000000e+04
-1.940505273437500000e+04
-1.940318750000000000e+04
-1.940487500000000000e+04
-1.940596093750000000e+04
-1.940452148437500000e+04
-1.940596875000000000e+04
-1.940597851562500000e+04
-1.940447460937500000e+04
-1.940533398437500000e+04
-1.940580468750000000e+04
-1.940451562500000000e+04
-1.940488671875000000e+04
-1.940571484375000000e+04
-1.940581250000000000e+04
-1.940158984375000000e+04
-1.940517773437500000e+04
-1.940548046875000000e+04
-1.940409765625000000e+04
-1.940251757812500000e+04
-1.940596289062500000e+04
-1.940379882812500000e+04
-1.940437500000000000e+04
-1.940157421875000000e+04
-1.940489843750000000e+04
-1.940233007812500000e+04
-1.940550976562500000e+04
-1.940155859375000000e+04
-1.940467578125000000e+04
-1.940308984375000000e+04
-1.940584570312500000e+04
-1.940593945312500000e+04
-1.940583007812500000e+04
-1.940594726562500000e+04
-1.940596875000000000e+04
-1.940571289062500000e+04
-1.940551953125000000e+04
-1.940334960937500000e+04
-1.940257226562500000e+04
-1.940597265625000000e+04
-1.940446093750000000e+04
-1.940450976562500000e+04
-1.940549414062500000e+04
-1.940509960937500000e+04
-1.940597656250000000e+04
-1.939950195312500000e+04
-1.940587500000000000e+04
-1.940486718750000000e+04
-1.940478125000000000e+04
-1.940493359375000000e+04
-1.940309960937500000e+04
-1.940413671875000000e+04
-1.940594921875000000e+04
-1.940315234375000000e+04
-1.940553125000000000e+04
-1.940428125000000000e+04
-1.940592382812500000e+04
-1.940566992187500000e+04
-1.940576367187500000e+04
-1.940428125000000000e+04
-1.940555664062500000e+04
-1.940597656250000000e+04
-1.940541406250000000e+04
-1.940460546875000000e+04
-1.940597070312500000e+04
-1.940596875000000000e+04
-1.940568750000000000e+04
-1.940592968750000000e+04
-1.940346679687500000e+04
-1.940557421875000000e+04
-1.940595703125000000e+04
-1.940451757812500000e+04
-1.940170703125000000e+04
-1.940595703125000000e+04
-1.940175976562500000e+04
-1.940594531250000000e+04
-1.940372656250000000e+04
-1.940591992187500000e+04
-1.940578906250000000e+04
-1.940567382812500000e+04
-1.940434765625000000e+04
-1.940542968750000000e+04
-1.940411718750000000e+04
-1.940597851562500000e+04
-1.940549609375000000e+04
-1.940589453125000000e+04
-1.940578710937500000e+04
-1.940596484375000000e+04
-1.940561718750000000e+04
-1.940582812500000000e+04
-1.940548046875000000e+04
-1.940559179687500000e+04
-1.940596484375000000e+04
-1.940499609375000000e+04
-1.940187500000000000e+04
-1.940516796875000000e+04
-1.940437500000000000e+04
-1.940381445312500000e+04
-1.940575781250000000e+04
-1.940597265625000000e+04
-1.940516406250000000e+04
-1.940575781250000000e+04
-1.940529492187500000e+04
-1.940589453125000000e+04
-1.940325781250000000e+04
-1.940561328125000000e+04
-1.940494531250000000e+04
-1.940587500000000000e+04
-1.940407812500000000e+04
-1.940562109375000000e+04
-1.940383789062500000e+04
-1.940411523437500000e+04
-1.940406445312500000e+04
-1.940349218750000000e+04
-1.940394531250000000e+04
-1.940354101562500000e+04
-1.940597851562500000e+04
-1.940592187500000000e+04
-1.940414062500000000e+04
-1.940520703125000000e+04
-1.940235156250000000e+04
-1.940520117187500000e+04
-1.940576562500000000e+04
-1.940388085937500000e+04
-1.940526171875000000e+04
-1.940354296875000000e+04
-1.940316406250000000e+04
-1.940567968750000000e+04
-1.940373046875000000e+04
-1.940574218750000000e+04
-1.940565234375000000e+04
-1.940569921875000000e+04
-1.940566210937500000e+04
-1.940369140625000000e+04
-1.940317382812500000e+04
-1.940580078125000000e+04
-1.940596289062500000e+04
-1.940593750000000000e+04
-1.940586523437500000e+04
-1.940597265625000000e+04
-1.940212304687500000e+04
-1.940593359375000000e+04
-1.940587890625000000e+04
-1.940593359375000000e+04
-1.940029882812500000e+04
-1.940597070312500000e+04
