# Variable: A
# Sample shape: (2800,)
# Date: 2019-05-09 09:56:18.795812
2.598803412483579223e+01
2.569473105699156079e+01
2.562924317447713207e+01
2.577840384277954655e+01
2.562574343102598817e+01
2.556233425776794732e+01
2.563428067042329772e+01
2.573060376554189332e+01
2.592058108344777168e+01
2.557442652941325534e+01
2.582407002368087845e+01
2.587353247595052252e+01
2.575754747094049790e+01
2.518416392281806537e+01
2.573113814330350024e+01
2.575004986137363261e+01
2.586705122922292688e+01
2.578102508287402728e+01
2.585172295702541945e+01
2.587843475781494718e+01
2.569350475958938773e+01
2.578715337318092793e+01
2.588277647890528499e+01
2.545151653789156754e+01
2.587165719063123959e+01
2.591588840421404072e+01
2.572132473509182660e+01
2.564693733937700770e+01
2.579766456772946626e+01
2.535088205905922365e+01
2.579407754821598431e+01
2.580747892957833045e+01
2.573856600227308178e+01
2.565483816650707283e+01
2.575199495972917418e+01
2.562284284709322435e+01
2.568503939971989070e+01
2.586241151589924314e+01
2.569524990042809165e+01
2.570576084965492925e+01
2.558485074357080791e+01
2.563436087200208746e+01
2.589043494855204486e+01
2.566991819989257806e+01
2.560436870058046210e+01
2.580141253063883156e+01
2.609542424558590312e+01
2.564757077787262318e+01
2.576818947521100611e+01
2.587272970368524838e+01
2.583926319199541055e+01
2.570690747293742007e+01
2.587571927675473660e+01
2.609931058259702752e+01
2.594993127444375602e+01
2.548038380852227291e+01
2.581756549132354550e+01
2.603467874970170115e+01
2.551876925645969152e+01
2.561214894564752953e+01
2.607482608215543252e+01
2.575911158967235437e+01
2.549936058002842643e+01
2.587407321462340448e+01
2.603664784282812406e+01
2.575476963257326091e+01
2.570052777653690157e+01
2.581424787398130860e+01
2.615693793591210436e+01
2.582183093881836911e+01
2.567572490990629674e+01
2.583213649826178582e+01
2.568654587751590412e+01
2.538131370154006561e+01
2.569834938393780277e+01
2.588988492968467980e+01
2.582438313612181346e+01
2.566708694817257452e+01
2.584350831628391276e+01
2.584384314632498558e+01
2.553176897979707505e+01
2.544886534173507897e+01
2.560041979128912715e+01
2.562892536404291022e+01
2.571859755203346154e+01
2.596025216779348455e+01
2.572434407595794781e+01
2.533750663680226722e+01
2.559394441101246898e+01
2.566064729138966882e+01
2.564159538153644036e+01
2.572935436302620005e+01
2.577192991278569068e+01
2.576647263571170754e+01
2.583645932423143421e+01
2.582652827476096036e+01
2.582634116668483770e+01
2.555710206130147455e+01
2.597712720696057076e+01
2.561259593292932379e+01
2.586388968421068313e+01
2.584457189939530508e+01
2.548919332968835860e+01
2.568701405923863490e+01
2.563702035739102314e+01
2.589424626810306762e+01
2.600109804719372519e+01
2.567546726803398371e+01
2.549289033512896196e+01
2.580821554966395937e+01
2.573307950199907879e+01
2.579713506033586867e+01
2.573764166943708176e+01
2.612616444509803770e+01
2.601004216701930005e+01
2.579045096350351329e+01
2.569059298068354380e+01
2.574822121189718160e+01
2.573673330425818051e+01
2.587509861925991217e+01
2.567168342500639611e+01
2.568143385075153162e+01
2.599288471253312593e+01
2.556771190656404258e+01
2.545186302826128255e+01
2.564508302781504057e+01
2.542483698680440796e+01
2.577579017101472303e+01
2.594409005979176541e+01
2.580837310933801376e+01
2.585538356355595369e+01
2.558727640140232751e+01
2.549893433014183586e+01
2.564642935807806623e+01
2.542584413609761285e+01
2.596512394580836869e+01
2.589052310567053894e+01
2.542738347089022710e+01
2.620992079013542053e+01
2.560994853941117455e+01
2.583966130254909999e+01
2.567456015110007073e+01
2.585517134876768353e+01
2.608112134591756615e+01
2.577759050584111833e+01
2.573501325325481304e+01
2.608849774053739878e+01
2.560012507566995765e+01
2.532696128138827163e+01
2.587688399040631282e+01
2.558268072538173143e+01
2.598670483371697060e+01
2.578571395922723752e+01
2.571339895688468147e+01
2.560362835993501562e+01
2.554932282790158027e+01
2.550675213690325904e+01
2.584445673647653052e+01
2.554347118063793332e+01
2.599443954322564210e+01
2.584952256636291779e+01
2.599622205600647717e+01
2.598338070880801709e+01
2.606118984324260879e+01
2.547669972272358763e+01
2.594096037123613030e+01
2.569800881944900084e+01
2.593337376305315445e+01
2.552369512199217283e+01
2.559731385277319049e+01
2.573943281910032610e+01
2.586377744949600199e+01
2.550385116346129522e+01
2.579725278240221087e+01
2.563571371601007698e+01
2.603384724517803761e+01
2.595730932810517899e+01
2.585126515093307376e+01
2.589257418904493946e+01
2.584974263747082546e+01
2.544729994196595158e+01
2.580885580705915672e+01
2.553010869480716138e+01
2.565467158380293711e+01
2.598792090738033878e+01
2.611594056647341944e+01
2.570230189345265259e+01
2.560807150299592294e+01
2.585346817901118044e+01
2.548580529050076038e+01
2.576832263570531723e+01
2.608423958889605743e+01
2.582614455520167596e+01
2.567508949046662181e+01
2.568136795735847855e+01
2.564105504035624250e+01
2.580055742056735824e+01
2.591586970739538387e+01
2.565121468540783667e+01
2.549787573993491918e+01
2.553552994578726043e+01
2.571165315806410234e+01
2.564304990778041571e+01
2.585101305840934671e+01
2.582552597170926134e+01
2.579699685738428983e+01
2.572772198845325065e+01
2.550364063529995207e+01
2.602561839295614021e+01
2.612471204045271023e+01
2.577744805673560435e+01
2.566935687650593323e+01
2.574592722422313784e+01
2.579005657496655957e+01
2.570318354136406569e+01
2.596499444128256329e+01
2.607585999969237633e+01
2.583567644790692697e+01
2.588427051919369504e+01
2.574071518663216906e+01
2.574139179515719178e+01
2.584115884638532279e+01
2.566000915645710023e+01
2.548697769640552124e+01
2.607529822206991099e+01
2.554133082766862017e+01
2.558399323732191633e+01
2.590598601079896568e+01
2.615638102752055971e+01
2.551981693716442123e+01
2.572255641638722778e+01
2.579707073705641918e+01
2.587999657703462475e+01
2.579885198652745260e+01
2.555936046499007119e+01
2.537012700844045199e+01
2.587358522001742500e+01
2.607385183404305451e+01
2.553334179687940519e+01
2.567891636087684049e+01
2.566467467876176656e+01
2.565603690999762421e+01
2.556710256599554754e+01
2.598189262527923304e+01
2.559176855418505170e+01
2.583567791895091048e+01
2.609115768979160421e+01
2.565493519198596672e+01
2.600059602562676275e+01
2.571956560773938349e+01
2.573540541838050899e+01
2.575381623651066931e+01
2.573649446533390162e+01
2.593573548306605403e+01
2.565133954465315469e+01
2.609172749881244258e+01
2.576761047316044184e+01
2.566979820307809845e+01
2.575536219093288892e+01
2.583502340751443072e+01
2.563310787567006344e+01
2.599103093651655527e+01
2.575191645209517688e+01
2.556493971201247106e+01
2.552042838048788553e+01
2.573990958369393312e+01
2.551977992951565710e+01
2.568492732642306819e+01
2.587215930386419416e+01
2.587126559454210550e+01
2.597898862639626216e+01
2.572975704255096829e+01
2.603960127307245642e+01
2.569511898567224151e+01
2.538461470026001265e+01
2.574103896074832321e+01
2.595383250005144404e+01
2.556645203579805781e+01
2.534115926013833331e+01
2.549684334570095245e+01
2.579410781306882683e+01
2.573500327795919773e+01
2.583453732083679100e+01
2.592605865164507861e+01
2.568340092281910003e+01
2.601264644746366272e+01
2.583370744228077243e+01
2.578454731383755671e+01
2.567806089109297574e+01
2.605731124170225144e+01
2.579735188738106544e+01
2.600173863040037148e+01
2.555940079423923450e+01
2.583577667368999187e+01
2.599202321673777405e+01
2.556498753496464360e+01
2.571877225839386583e+01
2.578939210393484771e+01
2.575864410874428501e+01
2.573565674565916339e+01
2.594458111160722780e+01
2.563167354907818662e+01
2.593985813663855211e+01
2.574079433296121877e+01
2.542984682472539149e+01
2.586959837611016866e+01
2.579499350733199492e+01
2.583254885108705778e+01
2.587143939888699506e+01
2.558902572812341347e+01
2.586978458373214096e+01
2.544506777355294957e+01
2.574351503031043009e+01
2.605915005294929188e+01
2.568243594819281128e+01
2.566254428020635459e+01
2.580893449947664564e+01
2.570823984469761925e+01
2.595721101403552922e+01
2.561435179522859329e+01
2.541009006086953903e+01
2.579045859822161546e+01
2.573513316942851858e+01
2.582561631996574292e+01
2.569162052408062635e+01
2.553301840929040978e+01
2.583588931799656052e+01
2.547963650905410304e+01
2.586612187264413976e+01
2.594751765055478288e+01
2.589583939488873554e+01
2.566505999319559095e+01
2.589736035017964966e+01
2.569123084430420434e+01
2.573338267152517389e+01
2.585446751972187940e+01
2.601092514916627962e+01
2.573107712242397227e+01
2.560752032085253660e+01
2.554154049362766798e+01
2.574173501930413366e+01
2.560793988371485241e+01
2.579246735659893375e+01
2.553801956263810879e+01
2.593067200666647310e+01
2.578387296881600577e+01
2.572382794009644158e+01
2.597579095214424072e+01
2.578266182052730926e+01
2.551447037259689665e+01
2.586045697592732040e+01
2.560810591687508975e+01
2.567557446945318844e+01
2.524524308900803149e+01
2.553396647085278559e+01
2.533569377194435646e+01
2.575478484006917768e+01
2.592993825312074918e+01
2.568312460230162131e+01
2.600536818016020391e+01
2.574001426721576635e+01
2.551070388526999366e+01
2.572398571951313073e+01
2.581707256349174529e+01
2.568456750415637657e+01
2.576978225494409003e+01
2.613236194027947334e+01
2.586263925407546438e+01
2.567129678951322092e+01
2.578620300641627594e+01
2.575894166820415165e+01
2.567668016927954255e+01
2.556926137503797491e+01
2.582276687166435991e+01
2.582957412375796480e+01
2.565715366630071870e+01
2.579650191835690975e+01
2.575773168392574064e+01
2.578192816881358596e+01
2.578825575135240555e+01
2.564089701512705588e+01
2.609997008914305283e+01
2.595328307646234123e+01
2.573549369851620838e+01
2.575128372752973149e+01
2.586371579669627252e+01
2.564825991506226543e+01
2.555510601950690841e+01
2.577665688198733918e+01
2.593594915033932935e+01
2.550931483796279409e+01
2.597971821258341052e+01
2.570617556831296469e+01
2.554147844702072945e+01
2.579253946208733339e+01
2.550226584391037576e+01
2.576548379720585302e+01
2.606688224234876472e+01
2.566307605018895899e+01
2.589492958236224496e+01
2.574729197053710550e+01
2.543016805741219954e+01
2.573874676948024387e+01
2.588678104246494982e+01
2.568915758256639137e+01
2.593421334933141509e+01
2.601265330173142232e+01
2.598439264473132582e+01
2.567947764303090352e+01
2.590599965317811026e+01
2.550620839930716244e+01
2.546534069487383434e+01
2.574073751313816771e+01
2.575626412194289117e+01
2.569125948903819179e+01
2.545812721047972715e+01
2.604925100563886886e+01
2.563785208124400583e+01
2.565306592745677605e+01
2.582305331651653546e+01
2.574064649448918729e+01
2.574663263208742947e+01
2.573750936056015703e+01
2.568004258852048949e+01
2.581074451705920936e+01
2.572149190158106435e+01
2.584199418024860506e+01
2.563537475538376142e+01
2.574432862233335584e+01
2.599100042224057461e+01
2.564868290445303955e+01
2.577541515539936867e+01
2.546210721571218727e+01
2.584370048329232716e+01
2.566098398341425124e+01
2.589089535095197192e+01
2.565721720762757485e+01
2.562200037578237399e+01
2.589349270306158246e+01
2.601646998601270511e+01
2.583090067938180212e+01
2.580341544922434949e+01
2.560641975195064290e+01
2.578219252802785277e+01
2.571988698895226833e+01
2.582002669241283854e+01
2.582698071372663051e+01
2.571500638600341659e+01
2.564608848725745105e+01
2.570277593842073571e+01
2.595763852089276114e+01
2.568490984995668214e+01
2.578910276375406241e+01
2.565531707578896103e+01
2.579605556618925633e+01
2.563295963007058731e+01
2.580640094544645891e+01
2.580504010654475167e+01
2.572349933613197237e+01
2.583775320938424613e+01
2.582072706911025151e+01
2.584946500575446748e+01
2.580516243543950594e+01
2.559108124983793431e+01
2.558113587427069646e+01
2.590731799525455870e+01
2.559292277963634277e+01
2.572287835331974293e+01
2.586898680758277180e+01
2.587342291413908768e+01
2.563691875445737978e+01
2.585087638493167006e+01
2.573612315601226541e+01
2.591356691000973456e+01
2.563830186304169700e+01
2.561368462718398575e+01
2.582841724818150553e+01
2.585571386656041426e+01
2.594063518774982313e+01
2.579298623129082912e+01
2.590528571979492156e+01
2.572788539073587089e+01
2.582586261049780418e+01
2.570232742953310279e+01
2.621760698598579609e+01
2.613803422016685118e+01
2.586148247733714456e+01
2.565269585439882860e+01
2.576357679590653049e+01
2.548108109662142695e+01
2.597773117392060982e+01
2.564029620460168601e+01
2.575513096620895226e+01
2.576106654988504019e+01
2.585130776852408729e+01
2.564453427263288532e+01
2.562871258283938047e+01
2.568735345918649315e+01
2.584137370188155103e+01
2.592744731039044481e+01
2.579833079117394234e+01
2.591118344564697651e+01
2.560183762366790106e+01
2.553946477962481509e+01
2.606247834609081337e+01
2.587226855745350562e+01
2.571298463587018546e+01
2.575982273097066155e+01
2.568849081114099064e+01
2.580385855372534110e+01
2.577675178467366379e+01
2.553445540656724333e+01
2.563732515546159618e+01
2.590913924406597246e+01
2.556374365455723918e+01
2.562604967879924800e+01
2.545313068033948412e+01
2.546714962739541122e+01
2.598124112506547689e+01
2.575563422679788417e+01
2.538758501227886910e+01
2.589837546957102887e+01
2.599294752704070532e+01
2.580071614951053149e+01
2.548896708004077283e+01
2.536309323829635076e+01
2.558638656451018889e+01
2.567495701422512866e+01
2.573949341954995162e+01
2.568686108334038209e+01
2.584969147296933656e+01
2.562525978284117656e+01
2.567488019727919024e+01
2.581496811264641877e+01
2.557294854884016644e+01
2.574004911845647570e+01
2.583042542825822352e+01
2.598811538711203539e+01
2.575248995950515507e+01
2.575195268753101274e+01
2.597230172072188026e+01
2.594516953762508749e+01
2.561311506177984754e+01
2.554778729378211111e+01
2.571549885226368914e+01
2.596235941262827041e+01
2.558681065805797061e+01
2.577843002867961886e+01
2.569495245875991074e+01
2.596117115477989756e+01
2.607496946391042059e+01
2.561481691453188247e+01
2.551449608509290812e+01
2.572530554433296501e+01
2.581903954879416219e+01
2.570659179586820642e+01
2.562265027130240469e+01
2.581410355976624160e+01
2.567312596222854282e+01
2.597159176225075328e+01
2.581715763918243312e+01
2.582470394881537601e+01
2.596798872206373687e+01
2.560313491111945083e+01
2.594531588172822012e+01
2.580450155963711012e+01
2.592421968237554708e+01
2.600872650211482906e+01
2.581777778562489800e+01
2.570680644510549939e+01
2.594957783342983859e+01
2.531202552605211764e+01
2.552333298158513131e+01
2.592674141160579993e+01
2.567487096746448572e+01
2.569737396511094829e+01
2.594509990327927440e+01
2.594651132948158789e+01
2.590527242860403589e+01
2.571172765391205317e+01
2.563842883017657570e+01
2.568658105549931392e+01
2.584269595289588395e+01
2.577000355646289620e+01
2.582151706023525861e+01
2.561115495610410520e+01
2.558710837379549119e+01
2.558861901159802699e+01
2.572260212232908572e+01
2.550213783311702898e+01
2.541479457104777495e+01
2.575496143377577951e+01
2.599040442383042304e+01
2.552748336328473044e+01
2.557045432147813457e+01
2.570552724391346544e+01
2.565410993731899936e+01
2.584904327711811334e+01
2.567346146981915567e+01
2.570922273251909118e+01
2.593970665091877237e+01
2.578062539014615240e+01
2.583533482745356125e+01
2.579135502561116411e+01
2.546935699940659958e+01
2.553305233977960853e+01
2.568385533435594326e+01
2.569407945899466483e+01
2.568413537834723570e+01
2.556580893744412109e+01
2.560225436187604942e+01
2.611753860641855596e+01
2.592453717535327584e+01
2.574062846025841367e+01
2.581781883176704540e+01
2.581407316041973488e+01
2.576107190023522975e+01
2.538551025088581170e+01
2.585890175636543376e+01
2.567319364003628479e+01
2.584089743903291492e+01
2.580078308445355972e+01
2.573849042434371626e+01
2.555443346933884996e+01
2.545221204518994185e+01
2.558293754899552397e+01
2.586222995648970624e+01
2.555871848878863162e+01
2.558001049156336038e+01
2.579947359120728478e+01
2.573730189779031718e+01
2.567236740816572294e+01
2.560264029917561146e+01
2.587683849734463593e+01
2.611847953041652914e+01
2.575016037920256551e+01
2.577672859540412276e+01
2.575146575865572629e+01
2.590558607249449352e+01
2.578053112212284148e+01
2.578981727909749821e+01
2.583808925512169452e+01
2.558943884192329321e+01
2.596134976800680505e+01
2.565012991414207733e+01
2.549503139026255027e+01
2.589557404700612508e+01
2.579977242712408270e+01
2.563254234123023068e+01
2.556667913597921427e+01
2.553915260555227817e+01
2.574679991715224503e+01
2.573103704993266305e+01
2.557120791196267007e+01
2.596855864181469897e+01
2.560536259781483892e+01
2.573899259581719079e+01
2.578726840086020644e+01
2.587509024655899381e+01
2.525890157690412607e+01
2.603641091447870437e+01
2.568097648765909113e+01
2.569669480620948576e+01
2.534524310284266591e+01
2.569564654288331340e+01
2.585465643029519356e+01
2.582493829783993178e+01
2.563273428165664569e+01
2.593247920650708949e+01
2.616643146842268663e+01
2.572710121558485241e+01
2.570344322190913644e+01
2.591063054989849590e+01
2.576969178555511775e+01
2.569868065066275875e+01
2.557299333708022715e+01
2.581748297703557427e+01
2.578710605642980624e+01
2.566827771134268588e+01
2.550736611506043872e+01
2.522976946652933350e+01
2.564379280583099074e+01
2.556987909079166243e+01
2.547911615547927511e+01
2.562163784949588319e+01
2.557354839995393547e+01
2.573269127022801328e+01
2.585203870469574383e+01
2.556629090123547243e+01
2.562685268260462479e+01
2.566351479381971856e+01
2.580119579730741819e+01
2.591296192082243621e+01
2.609225938943582790e+01
2.579345066606602543e+01
2.586893056764971632e+01
2.545688025208961136e+01
2.578784480820336711e+01
2.570890974807354112e+01
2.595996035062223939e+01
2.575498449246068233e+01
2.569863295221130173e+01
2.565483834901340998e+01
2.579628317642042745e+01
2.550284542210582828e+01
2.592322237663215745e+01
2.588508476350980558e+01
2.582100372444778102e+01
2.576265584570941769e+01
2.558117803053602302e+01
2.596007052152573280e+01
2.571913621751499690e+01
2.545176215003996489e+01
2.574627474969881291e+01
2.570561590641356986e+01
2.555106162208417686e+01
2.565699316938826868e+01
2.549351893970045069e+01
2.556334336717194233e+01
2.579980343872104953e+01
2.564157435324134582e+01
2.566910368237638806e+01
2.574355538449114178e+01
2.589113736069137772e+01
2.605302174041784369e+01
2.583920018554956144e+01
2.589079623206724534e+01
2.575953657097269911e+01
2.564106707211708169e+01
2.586619077488053264e+01
2.595732927171424009e+01
2.579399202894247622e+01
2.559673692083363505e+01
2.596783971104533606e+01
2.580336241367672301e+01
2.566917377544018564e+01
2.572688932326601474e+01
2.544706545718847224e+01
2.598297925378648543e+01
2.575089143464098029e+01
2.531088594077377252e+01
2.548563060161511729e+01
2.600580319412426178e+01
2.561252387054398838e+01
2.583946229006497575e+01
2.585938271574121927e+01
2.568846752291376490e+01
2.575794983679525529e+01
2.548699073780275626e+01
2.573959740722289524e+01
2.561241503808409448e+01
2.583351746442130903e+01
2.556806446919791398e+01
2.582060671589103862e+01
2.578636802485481638e+01
2.569132097156634487e+01
2.574387078207844581e+01
2.547504542267213878e+01
2.585126193375195314e+01
2.568283474725079429e+01
2.569140536478691672e+01
2.569015149423312749e+01
2.593111502042363270e+01
2.564850178744819686e+01
2.534957355550818647e+01
2.572504099295879954e+01
2.581509123604769940e+01
2.598296888697240803e+01
2.560949520448487604e+01
2.587383465376802505e+01
2.588076696594682247e+01
2.586758504829122884e+01
2.562656501761906824e+01
2.584053547504288773e+01
2.576013200620806742e+01
2.599856388438097454e+01
2.564337836509122681e+01
2.570207285967746458e+01
2.570125211567860646e+01
2.562656647051538883e+01
2.562681292207963679e+01
2.564848720661989034e+01
2.592312934957026016e+01
2.573920530359036718e+01
2.564711147541632030e+01
2.578583643568344286e+01
2.561490941780398245e+01
2.562928904279066700e+01
2.587367313334908658e+01
2.579781336844452611e+01
2.561021219197840537e+01
2.586545071888650682e+01
2.590339892001617628e+01
2.576982296495910063e+01
2.559380230434486947e+01
2.597390526025702684e+01
2.615827488847847349e+01
2.574094826719148443e+01
2.563701660879902633e+01
2.566054082664011915e+01
2.575201818490784333e+01
2.552085273887671946e+01
2.582295303328437441e+01
2.545507402136928832e+01
2.589224227549334856e+01
2.555213989209858383e+01
2.589077250302348432e+01
2.597680280716803125e+01
2.558326871035182037e+01
2.557543265239926455e+01
2.558777193475939171e+01
2.609822226669163214e+01
2.549558412058866708e+01
2.590695918732200198e+01
2.563744121189839831e+01
2.601837802635407115e+01
2.568882366049086130e+01
2.587680858566752207e+01
2.534913213508727026e+01
2.525207674043042516e+01
2.549296227390295400e+01
2.573746206078475751e+01
2.574040516633759879e+01
2.581728856040683340e+01
2.597015386687359495e+01
2.593464115075411058e+01
2.582550507510615034e+01
2.558499540564405095e+01
2.577517828784809595e+01
2.591905872682346867e+01
2.564326762337030985e+01
2.542004768255216618e+01
2.589519370158691203e+01
2.553528526714305258e+01
2.553636047852699775e+01
2.585418077219735977e+01
2.569195226068242377e+01
2.587248204785169392e+01
2.538199070979089100e+01
2.594828709432012914e+01
2.545545570391699997e+01
2.553584014956242498e+01
2.581593969035585800e+01
2.579911769472558802e+01
2.567236452966336557e+01
2.539842118182186681e+01
2.568023209806671403e+01
2.572225180418021040e+01
2.553740476562473205e+01
2.559377993182475208e+01
2.585794113718965903e+01
2.592517873729718403e+01
2.604572904201364381e+01
2.594796274415970316e+01
2.542844433134546733e+01
2.574604572192729179e+01
2.582219256048014699e+01
2.558077335334644431e+01
2.556479639873396081e+01
2.586558779476683512e+01
2.566361502956757690e+01
2.576861246997077259e+01
2.573614757691298038e+01
2.571352557541310446e+01
2.569396407388951431e+01
2.570501104809569526e+01
2.579241990659599182e+01
2.559479399380817100e+01
2.581297361671531476e+01
2.560152217560203525e+01
2.560596840470067548e+01
2.598805748979570751e+01
2.536619861667526976e+01
2.563377128906548208e+01
2.576654798921186895e+01
2.567178769626860912e+01
2.599842065234719612e+01
2.578854401599625135e+01
2.572688686340719144e+01
2.586949268421183490e+01
2.609154209430729665e+01
2.569545808866461201e+01
2.600304992924726122e+01
2.536873940174669073e+01
2.574464307903867066e+01
2.571072204184766008e+01
2.572338270252866010e+01
2.578346116815876599e+01
2.576974336334719240e+01
2.586053240639622075e+01
2.551238187187327355e+01
2.594735359549287423e+01
2.545093261930548323e+01
2.556175009127996489e+01
2.584822309342393254e+01
2.575139096140471651e+01
2.580452742646984277e+01
2.606508470311799286e+01
2.588726002099808809e+01
2.610449344110272207e+01
2.566274092571499565e+01
2.546664691771484357e+01
2.552444733655171660e+01
2.562600826128705478e+01
2.558447870934814006e+01
2.592316573389202716e+01
2.580960535669733247e+01
2.580821127145564020e+01
2.575365611575828950e+01
2.548058604837203944e+01
2.570509100637336530e+01
2.554852580143319329e+01
2.561509021697093402e+01
2.582631769027435809e+01
2.587413247314697884e+01
2.580630528979680349e+01
2.590199282606327102e+01
2.588888549323129951e+01
2.566478983348174836e+01
2.560148782252241517e+01
2.582152925864102500e+01
2.569690989133964720e+01
2.541159486677285528e+01
2.579347658514036112e+01
2.551380799813354017e+01
2.563484235038968251e+01
2.570540881708528502e+01
2.563652718104716399e+01
2.555673319658062326e+01
2.570378151068473116e+01
2.558390542423797953e+01
2.544002244308759941e+01
2.567506082215288643e+01
2.558091719419727994e+01
2.582709541593485980e+01
2.541270701523738751e+01
2.569215140249774265e+01
2.580008269622114270e+01
2.580753029834740531e+01
2.546353234784062280e+01
2.576320102872294981e+01
2.567697670644269081e+01
2.582371499438550444e+01
2.569797867880057751e+01
2.599370162839963427e+01
2.581978312586857172e+01
2.566576781832445775e+01
2.583981725498492210e+01
2.580468969046803451e+01
2.574713314352464621e+01
2.585556299358008658e+01
2.598845188123668137e+01
2.569553359876204013e+01
2.561031766371928242e+01
2.571470461593527546e+01
2.537042229067996502e+01
2.548919682118709318e+01
2.564160857672953497e+01
2.605154019307887836e+01
2.575433506012941365e+01
2.530999002217248517e+01
2.587534444351312146e+01
2.563364018030167912e+01
2.558311741987592569e+01
2.590504455100210279e+01
2.601340406948289896e+01
2.562045445859330073e+01
2.567339183262742708e+01
2.558762667889223863e+01
2.568751748912243826e+01
2.577287189045986437e+01
2.569784297698629416e+01
2.564169110215530978e+01
2.551395050605573900e+01
2.569728274830497483e+01
2.581844501125346270e+01
2.575311918217841267e+01
2.543695323707383338e+01
2.549312450758700521e+01
2.581710906771653669e+01
2.586850144172632682e+01
2.590662489042383143e+01
2.596955703270963056e+01
2.590328790845525120e+01
2.598504097931362011e+01
2.582787896181054066e+01
2.561046023944356875e+01
2.540525293167181786e+01
2.574515186052236260e+01
2.570166709042403141e+01
2.599294313269905032e+01
2.564717444727995499e+01
2.548063302563241095e+01
2.561539877088043937e+01
2.578562049435497627e+01
2.575438331822216043e+01
2.533206788180601521e+01
2.586391028392550595e+01
2.598651838888815391e+01
2.583451239237846409e+01
2.587977851835542253e+01
2.573288264412567727e+01
2.550152411172491185e+01
2.576854056356845390e+01
2.571776037310539920e+01
2.607490631067094711e+01
2.589152958928216108e+01
2.581595859195680021e+01
2.546285182164197280e+01
2.572514143750560223e+01
2.564462015101481640e+01
2.597473146262896293e+01
2.600339094843785048e+01
2.554705827420570685e+01
2.575866988431324600e+01
2.588266811547180879e+01
2.581251781359388886e+01
2.600511126622024349e+01
2.574152369570641596e+01
2.555925586426271323e+01
2.587709984888287806e+01
2.559302553108409839e+01
2.567215608411573058e+01
2.559676761174935322e+01
2.594779345094302059e+01
2.557963764406095919e+01
2.581260738270542276e+01
2.595722461869884157e+01
2.569690216739552113e+01
2.559078849199119787e+01
2.567736736844569023e+01
2.581249953514979723e+01
2.551865196358456345e+01
2.606320245214013553e+01
2.574930289090953295e+01
2.554342602043725918e+01
2.581050928403707090e+01
2.580657232556753300e+01
2.563393883840205945e+01
2.588410524542285529e+01
2.599266080020985115e+01
2.580926833093124628e+01
2.581417123111839729e+01
2.592708605001534039e+01
2.567882430310470099e+01
2.571522540709183247e+01
2.564077858702026091e+01
2.571503617789927532e+01
2.578134798168389707e+01
2.545681206100695704e+01
2.581735394002974360e+01
2.564341893197620692e+01
2.593502365198689219e+01
2.553424449302613297e+01
2.585112755560507836e+01
2.590656166923730908e+01
2.559806572467635633e+01
2.626480710324930001e+01
2.569868869236153586e+01
2.556245375585567459e+01
2.572178774820604019e+01
2.557239842933706697e+01
2.567090530740098586e+01
2.584890963686921594e+01
2.568167847516756197e+01
2.559454250651951313e+01
2.570232209618615116e+01
2.579927723183781652e+01
2.579708013559911706e+01
2.553976056548107820e+01
2.588319400584379437e+01
2.565010819047959956e+01
2.583213604298176236e+01
2.569886029346788447e+01
2.565991749615048434e+01
2.605877139020921263e+01
2.582830618586291394e+01
2.593740606507364177e+01
2.598248422440889627e+01
2.562186858579208959e+01
2.564331226216451043e+01
2.564275236085356369e+01
2.550331797385911869e+01
2.575349857286348154e+01
2.577157999347072703e+01
2.568516531631312461e+01
2.565608028283242703e+01
2.596893542637183927e+01
2.539512615969290366e+01
2.570228926077060905e+01
2.594880836310558792e+01
2.586011631160138080e+01
2.568556452048594707e+01
2.574153364037170988e+01
2.548145238175941429e+01
2.570657552096160714e+01
2.549714987008551859e+01
2.559282492644030782e+01
2.558720322766389899e+01
2.572242105944712875e+01
2.539174488331352464e+01
2.569645094679098918e+01
2.573295422988467962e+01
2.564807415851262462e+01
2.571222420858368807e+01
2.553468981420509110e+01
2.580980920344995511e+01
2.588508640448304021e+01
2.571609176148808373e+01
2.564392199033608222e+01
2.561681477716875932e+01
2.574035265066634182e+01
2.601054887497138779e+01
2.597512652971611757e+01
2.587164055386904948e+01
2.549437796882653018e+01
2.613723074092195731e+01
2.562509826494162368e+01
2.592208524460465213e+01
2.565987102452127289e+01
2.579624444728396071e+01
2.575716449984394174e+01
2.570445705996511521e+01
2.580439742372200840e+01
2.590918980485458079e+01
2.579877057132511808e+01
2.568381914149462375e+01
2.577892333699509564e+01
2.571864423249522957e+01
2.537576012841374862e+01
2.569554953851960377e+01
2.559637674727729006e+01
2.556947748397368159e+01
2.575514721121814787e+01
2.539499574468518617e+01
2.587662752806194533e+01
2.586622094360276591e+01
2.585427754413703383e+01
2.565356892800349087e+01
2.599769246753468366e+01
2.582558083640831370e+01
2.565647559657437071e+01
2.585674111703084321e+01
2.575783792201361067e+01
2.585465170041088356e+01
2.559225902119400331e+01
2.569451461054872254e+01
2.574765585936752643e+01
2.577529049263354821e+01
2.578346680025433457e+01
2.566034777986417126e+01
2.604916619999794136e+01
2.543766686810224797e+01
2.587085567379559237e+01
2.541524154079364095e+01
2.587154310842708682e+01
2.581772275200834699e+01
2.587600185715937684e+01
2.582965830719575351e+01
2.564290110395522859e+01
2.571604273629944970e+01
2.580107367851996258e+01
2.537819218425019230e+01
2.548028321028788312e+01
2.539544670697243944e+01
2.594477064368146202e+01
2.535913946595398727e+01
2.555436864953065879e+01
2.580830449412726324e+01
2.605939895511348325e+01
2.584063930628079220e+01
2.571631210027034342e+01
2.575663311858509275e+01
2.551336255180327228e+01
2.572659711073980660e+01
2.576394012566947822e+01
2.594183671830946025e+01
2.579325262245318484e+01
2.587539089999737385e+01
2.567403799321971292e+01
2.602948571050070115e+01
2.557330733425790825e+01
2.555586674097805400e+01
2.567502139360025026e+01
2.565417353939228207e+01
2.542504066300099907e+01
2.568569470591111426e+01
2.598734036196081831e+01
2.572710334408614585e+01
2.595297869121869638e+01
2.566652910607803406e+01
2.587508530233079540e+01
2.576811561340307577e+01
2.575136147915774387e+01
2.581656231004732760e+01
2.547617996903905535e+01
2.581624953350144480e+01
2.551777837047582764e+01
2.567261031148042960e+01
2.611055826484913567e+01
2.567008827266643678e+01
2.561442408700647988e+01
2.571167324729663051e+01
2.572730293845065574e+01
2.604562478584730201e+01
2.582761885275693103e+01
2.564911610514712947e+01
2.575870895369553892e+01
2.578738332318918580e+01
2.571758731273970255e+01
2.579264841348209458e+01
2.555013513626920840e+01
2.597008681422603260e+01
2.564750488336063583e+01
2.597146885130723604e+01
2.572730181920838177e+01
2.584011944194460142e+01
2.576257278180716170e+01
2.592408785816544281e+01
2.588702356360341739e+01
2.569819416127331380e+01
2.590892962639897235e+01
2.539057972837883526e+01
2.602157383661910117e+01
2.572445744767604481e+01
2.557298356576764320e+01
2.573731811757248877e+01
2.607320256592660712e+01
2.576051374704864116e+01
2.589300361892052038e+01
2.580459605770512610e+01
2.564550237974358993e+01
2.590301657246857658e+01
2.563753141116886880e+01
2.589800006799460519e+01
2.583965699828149809e+01
2.553365140795390431e+01
2.569690056775022313e+01
2.565606966188110150e+01
2.565939875184522734e+01
2.553458030688775438e+01
2.583790585168025800e+01
2.591121464064077173e+01
2.538772424674837325e+01
2.576043422195839128e+01
2.602843525177169326e+01
2.581311890525153174e+01
2.554478393744300746e+01
2.563280530098432308e+01
2.581233320710206058e+01
2.596085697719152563e+01
2.590964642489394265e+01
2.597296520550636956e+01
2.570486033912642654e+01
2.576636520909906736e+01
2.538685730237858351e+01
2.599188849557357983e+01
2.596407503808690009e+01
2.572544633759961030e+01
2.580098457749640772e+01
2.571757709033816397e+01
2.589874843470171228e+01
2.592804471208224015e+01
2.593982500785677914e+01
2.566344473614076804e+01
2.590013175041632465e+01
2.561990552525424647e+01
2.574456421432533304e+01
2.561972548321032050e+01
2.586720136550560767e+01
2.580595894916797661e+01
2.551631433865322052e+01
2.568788987909443478e+01
2.592910718096310774e+01
2.575175437416262980e+01
2.565295969726266279e+01
2.549956336980076443e+01
2.566305548810375825e+01
2.587676468542649033e+01
2.562320211451925189e+01
2.583066667533264393e+01
2.566298760730058959e+01
2.579702825860898940e+01
2.603506274706973755e+01
2.559247581561438878e+01
2.595234063428303273e+01
2.562345887255970212e+01
2.555705142079172631e+01
2.571235166716772014e+01
2.542720893582392350e+01
2.589633583744481271e+01
2.561158568241101818e+01
2.583642244649299968e+01
2.589228036583464743e+01
2.551719498894421534e+01
2.562056236849675983e+01
2.607881987657567890e+01
2.576213223123000873e+01
2.546108869942396780e+01
2.600991335192557941e+01
2.561700535601682560e+01
2.559180103122025329e+01
2.576887904921417061e+01
2.590393313181692037e+01
2.561605199476961658e+01
2.548223178638168918e+01
2.588733779378210897e+01
2.579755784033823929e+01
2.577353061029555192e+01
2.572347113842899802e+01
2.570390215530885314e+01
2.574879546845770051e+01
2.596651369984222413e+01
2.579765803572420424e+01
2.566664820728861329e+01
2.550496582469751061e+01
2.564261945068621174e+01
2.565158360205187549e+01
2.575659283189357041e+01
2.555451794838223023e+01
2.601655033683634599e+01
2.573976293521166880e+01
2.551209274815949613e+01
2.579227142685626362e+01
2.566151060450202337e+01
2.569252393527480294e+01
2.566386084628063813e+01
2.574794923719665007e+01
2.581279850144956001e+01
2.576248364269516244e+01
2.591415202306355781e+01
2.582882267163487100e+01
2.579011829744174022e+01
2.582283711423792738e+01
2.592858271498591094e+01
2.592894964547560122e+01
2.580383818259628015e+01
2.586484191844260039e+01
2.528040952989982770e+01
2.551660692053977542e+01
2.595855235040437492e+01
2.592562165833958332e+01
2.593316691936431795e+01
2.579730021662830097e+01
2.549874688986667692e+01
2.578206834335165354e+01
2.571057486636864553e+01
2.548312807204509411e+01
2.568664529752813763e+01
2.583139799019582128e+01
2.603011179121912377e+01
2.561789526856670207e+01
2.555429973284165968e+01
2.578691684040708409e+01
2.593080682000688597e+01
2.583978861608100175e+01
2.603738871990490722e+01
2.558377400752534925e+01
2.560688144618313444e+01
2.578210030600115132e+01
2.563723319440905968e+01
2.550939198526782192e+01
2.571293161326436305e+01
2.579664049145958060e+01
2.569088666096808637e+01
2.588907978097861928e+01
2.574609159697394034e+01
2.555600870885878706e+01
2.586756856472787547e+01
2.577422705385593105e+01
2.565072313733179854e+01
2.579384657393839575e+01
2.594097520946295177e+01
2.592745222690763995e+01
2.557872125280896114e+01
2.568262178530467565e+01
2.573571336168009793e+01
2.569942607325524975e+01
2.598882065110773354e+01
2.538100704185847079e+01
2.564480412678249621e+01
2.592671209042264024e+01
2.571972175961533935e+01
2.556768966338593074e+01
2.583782925245918349e+01
2.568178302089622278e+01
2.594403805063713975e+01
2.587555767765102743e+01
2.578882632586237733e+01
2.601102312836941977e+01
2.563225285422429778e+01
2.585619701001972004e+01
2.551438389002190377e+01
2.556000236956509752e+01
2.587220954355811386e+01
2.576798624619019051e+01
2.611047139853270949e+01
2.582707455592889545e+01
2.584576890807274197e+01
2.585641785884812194e+01
2.587322476472361643e+01
2.551152593566699167e+01
2.573954063282015881e+01
2.597777404303624849e+01
2.539467921062265532e+01
2.573407210060948458e+01
2.598062526069476519e+01
2.578594507248458001e+01
2.572373738959356615e+01
2.545701830897341367e+01
2.557103983016169479e+01
2.576648472855312022e+01
2.564600924783430358e+01
2.548422545425496466e+01
2.572616000786683799e+01
2.567366285263116765e+01
2.611561040068000139e+01
2.586168227575353029e+01
2.574629724185771806e+01
2.594629084288262888e+01
2.574874405197965643e+01
2.558873344948407436e+01
2.597571767174850166e+01
2.563159009988908110e+01
2.561406332431266364e+01
2.558409310422820937e+01
2.569338637358247368e+01
2.576942367451089311e+01
2.571103355813727021e+01
2.552555333491850220e+01
2.579318248221821364e+01
2.555082039186678955e+01
2.563450402257416272e+01
2.586183988170841275e+01
2.593646295255942391e+01
2.589489430995685737e+01
2.579069188190456430e+01
2.555734896094052999e+01
2.567001069642461175e+01
2.586337952248173977e+01
2.581720455668522973e+01
2.594035243676518832e+01
2.555910596062857110e+01
2.576671263364790576e+01
2.592480291747081367e+01
2.561297657383888193e+01
2.578611372469896423e+01
2.574197612137174218e+01
2.582558760177545309e+01
2.580554022231231670e+01
2.596379833277522664e+01
2.580846050025475691e+01
2.563653065555195454e+01
2.580407728933995415e+01
2.546760902203214982e+01
2.592223868021582334e+01
2.576345613330954265e+01
2.561509944230331826e+01
2.571831267288421685e+01
2.566316560234296063e+01
2.592382538708119100e+01
2.586624795827326295e+01
2.550709437733261353e+01
2.569479605992943405e+01
2.560382091335561938e+01
2.564752942421396753e+01
2.555363747319502465e+01
2.593850614784805586e+01
2.539651145484355510e+01
2.547640025437175026e+01
2.556479385340440658e+01
2.557530979745850530e+01
2.585817364109670535e+01
2.555752805704566910e+01
2.576562104353138949e+01
2.592814433968273136e+01
2.571064194506703515e+01
2.582257847840025988e+01
2.546062740734192076e+01
2.561702601026113513e+01
2.547445451662423110e+01
2.570904420776784249e+01
2.581473820892024662e+01
2.582592685853911618e+01
2.578292863504713139e+01
2.563599755233897426e+01
2.575388744160225585e+01
2.556526329199001069e+01
2.555843714417574120e+01
2.599142346670727477e+01
2.577837463590772771e+01
2.569964500281004405e+01
2.575725683675597821e+01
2.573009598925088426e+01
2.565400249738234706e+01
2.544570405132177981e+01
2.544143676970810475e+01
2.575494187340239094e+01
2.553580282390579370e+01
2.571049815896147095e+01
2.604313151981918040e+01
2.539315754877356213e+01
2.562590423307766230e+01
2.609006654413263249e+01
2.556412994533795668e+01
2.555322169454981918e+01
2.549344710116578128e+01
2.549743916923231524e+01
2.585815237131794220e+01
2.579307896445452641e+01
2.583710475212560809e+01
2.578742379773660076e+01
2.568444220903556996e+01
2.583546535912006803e+01
2.583604718794614641e+01
2.564420598989632083e+01
2.579583097299244798e+01
2.565113018970802727e+01
2.568949514684912572e+01
2.576377123687572634e+01
2.601111593035665948e+01
2.572603233139522771e+01
2.542152152377682484e+01
2.554885437533138415e+01
2.584954920312523541e+01
2.584914980121251915e+01
2.559550620870301074e+01
2.568647169572514599e+01
2.593633030749695934e+01
2.602336050081320806e+01
2.564373957183071795e+01
2.565977334472515281e+01
2.559710594059077593e+01
2.590396959937052301e+01
2.599014417866100146e+01
2.583094705291339466e+01
2.551295720052480220e+01
2.568956667121136306e+01
2.564227738097354248e+01
2.563440198483517563e+01
2.585151507056525944e+01
2.589218296515808859e+01
2.594747821758691586e+01
2.556184399742652147e+01
2.589727494550966469e+01
2.576722173019619433e+01
2.574032252557108080e+01
2.615760920437018910e+01
2.563408980482933686e+01
2.595587913742544472e+01
2.588541473446009178e+01
2.574730728341601349e+01
2.579724496095004582e+01
2.566557329189257786e+01
2.553177222922544587e+01
2.547443001468705148e+01
2.588870836739198111e+01
2.582257334699364293e+01
2.587260377954392609e+01
2.599415213591856144e+01
2.567513164296354589e+01
2.560703966088824757e+01
2.579751038545552788e+01
2.574981305910985441e+01
2.554485728347673756e+01
2.564314364756160458e+01
2.565275464863320565e+01
2.563504462039494314e+01
2.581328529465568522e+01
2.585083516767274858e+01
2.588591074109693224e+01
2.573064801178115957e+01
2.570487373949502441e+01
2.589892746561942261e+01
2.560896611921162602e+01
2.577595767096336843e+01
2.580228512389974327e+01
2.574222427584460959e+01
2.567578695532349187e+01
2.575840570238473504e+01
2.583237832098081199e+01
2.572364705589786027e+01
2.579123500587700590e+01
2.584373939590599178e+01
2.583116490926310149e+01
2.553186002516789443e+01
2.583388212064016898e+01
2.557993801905557874e+01
2.577530910989122503e+01
2.555089119237693751e+01
2.595910216294261019e+01
2.600370336728111909e+01
2.570073791809250707e+01
2.551431506057918241e+01
2.579071475365897825e+01
2.559014642283037233e+01
2.584084606994982636e+01
2.571327798381281582e+01
2.566044182006733010e+01
2.580550758378417697e+01
2.567487696883310733e+01
2.598383793147758425e+01
2.594791997894494173e+01
2.583822828528895954e+01
2.563075724484335183e+01
2.548569635934240196e+01
2.588767275359660047e+01
2.605891599013995119e+01
2.551480428689329827e+01
2.592760014326198004e+01
2.565541437981297435e+01
2.557916080785003743e+01
2.558031444374346108e+01
2.561709836149406527e+01
2.586200731014401200e+01
2.572677369810761405e+01
2.600243725013384122e+01
2.575298795131418927e+01
2.570174559749337462e+01
2.582486053059616893e+01
2.580602313506796719e+01
2.601153869714893929e+01
2.558352672025148067e+01
2.573847943658638471e+01
2.583879966547429063e+01
2.562572890403626502e+01
2.586962983358822044e+01
2.600790807131865634e+01
2.532742070458128580e+01
2.572132789080014348e+01
2.565638766795342463e+01
2.596977116754575832e+01
2.565331153975034795e+01
2.602288261774364742e+01
2.567548015034334696e+01
2.594383714591801748e+01
2.571907454895091760e+01
2.558607372045647210e+01
2.549171144239074493e+01
2.574275462034524864e+01
2.577501284008549121e+01
2.581031300102552706e+01
2.560228161331220775e+01
2.571076275780860954e+01
2.530988309851170825e+01
2.564578822979412465e+01
2.566414341974757463e+01
2.584444907636658684e+01
2.592790192037369579e+01
2.558191840770719239e+01
2.585517599390650645e+01
2.576766681419521277e+01
2.572714265821275959e+01
2.536309398544635840e+01
2.571293078660474407e+01
2.584559611098816845e+01
2.558724697127441416e+01
2.560770466819116109e+01
2.576818472721221198e+01
2.574590534918590023e+01
2.573847231352078424e+01
2.553950973072636188e+01
2.601278332688035277e+01
2.592601059755394743e+01
2.554042091702570971e+01
2.557047552191153983e+01
2.587288039976592202e+01
2.570933474225262927e+01
2.574453589187225333e+01
2.575123567540628144e+01
2.592030772229407631e+01
2.581075246978262783e+01
2.553196067958811000e+01
2.609100882674283284e+01
2.579237423973057730e+01
2.582082741395705838e+01
2.575453812274138699e+01
2.573106370312663671e+01
2.605369107669399753e+01
2.568051084291705521e+01
2.577240262185152275e+01
2.577508329483613281e+01
2.554867213127189629e+01
2.577526768991729611e+01
2.563464000952993516e+01
2.585744862155319268e+01
2.570906276444890182e+01
2.568198651145494438e+01
2.540935994441529289e+01
2.554894945924676719e+01
2.569742206405728524e+01
2.597687031928803236e+01
2.583824520468140307e+01
2.555892267635321247e+01
2.585481242496009102e+01
2.576311824794899863e+01
2.542016088986108713e+01
2.560498360189889056e+01
2.563263953427240338e+01
2.569695822148794662e+01
2.561351653202317280e+01
2.565420067198575538e+01
2.586979704477109721e+01
2.580314324438106866e+01
2.602836171274920929e+01
2.593442611129798436e+01
2.558362543662704525e+01
2.576709268922375529e+01
2.573791558899103293e+01
2.561121623596551444e+01
2.561479542725038527e+01
2.588973141869537287e+01
2.604495756650779015e+01
2.586510253935211523e+01
2.567230637527305959e+01
2.554625314900667377e+01
2.592792072400558467e+01
2.550683979397620504e+01
2.557301516307777334e+01
2.568413670643204938e+01
2.606422921084882205e+01
2.566846096173996017e+01
2.557933833823624070e+01
2.582745073882994191e+01
2.630981303356703549e+01
2.575516381293022050e+01
2.591059755177856871e+01
2.569981245863168340e+01
2.581399864457539550e+01
2.597962823157218537e+01
2.599153368308938639e+01
2.578793965431195900e+01
2.577584962035302496e+01
2.571743047308601149e+01
2.582175196385329485e+01
2.559119739323012865e+01
2.568379938706464216e+01
2.587223159638108072e+01
2.608063903177407283e+01
2.571364793608395516e+01
2.578027964470272693e+01
2.589515756497184640e+01
2.564496383118734002e+01
2.568071377608315231e+01
2.572512905823089113e+01
2.541275015579679675e+01
2.575423723103842732e+01
2.562697990030686768e+01
2.588773763659088090e+01
2.559107644333693798e+01
2.592489069509394639e+01
2.598504056421731789e+01
2.574523675493104591e+01
2.574380396226989731e+01
2.589438773703317409e+01
2.574752445739708051e+01
2.581419174730219979e+01
2.558446636516280037e+01
2.555421611711538787e+01
2.588625974271009156e+01
2.587579321882944328e+01
2.566983541581843298e+01
2.590991107701264440e+01
2.580694198075115864e+01
2.568121580715675023e+01
2.582923673343658777e+01
2.570053436409152781e+01
2.574298495416228505e+01
2.569367554383572738e+01
2.550640783865914685e+01
2.565178052896051142e+01
2.557251976329621357e+01
2.576064699340587794e+01
2.576196723001022093e+01
2.590707088269229530e+01
2.576897381794531228e+01
2.590459899437430380e+01
2.563401220575801887e+01
2.551335800873275872e+01
2.584898464260023587e+01
2.568670956867581623e+01
2.542180726999414730e+01
2.584662067711222022e+01
2.579028573776237465e+01
2.563126971865254333e+01
2.600178275591822086e+01
2.574272489052903978e+01
2.568259528144925596e+01
2.596380533856255823e+01
2.578670846757900392e+01
2.582797204053471063e+01
2.571353553711547946e+01
2.556766408183446515e+01
2.578665810417234994e+01
2.560623931423862132e+01
2.603928198307717778e+01
2.583872530732631745e+01
2.591010546357750854e+01
2.570895064725909407e+01
2.549921260807817092e+01
2.562201817843545371e+01
2.588707046397554734e+01
2.570312297225199671e+01
2.577212148451406293e+01
2.570456492011403071e+01
2.592751231545885204e+01
2.557061784067569477e+01
2.564029716837591266e+01
2.560848337734382696e+01
2.576108905269934013e+01
2.588058110302646497e+01
2.583445497487300102e+01
2.583859272099844517e+01
2.548850496443799685e+01
2.552508825899126421e+01
2.580272075365739326e+01
2.598886057153794127e+01
2.567403813656533629e+01
2.566175257793802444e+01
2.557878381391805789e+01
2.577785763186793133e+01
2.608304885890666114e+01
2.541119672970763688e+01
2.568774534931258202e+01
2.575082973702589584e+01
2.571774174254461087e+01
2.584531084510305377e+01
2.583422433035795152e+01
2.561948339932557062e+01
2.560280194214444904e+01
2.584456929198028163e+01
2.574049419528452631e+01
2.600182094946218214e+01
2.587745044230707236e+01
2.575422596629160665e+01
2.579449079514482079e+01
2.564210472375090788e+01
2.574619836400693274e+01
2.573458647273381672e+01
2.586965791895063660e+01
2.574583821413345319e+01
2.566261016736891420e+01
2.570797211484669731e+01
2.573955919525187497e+01
2.562035857763359203e+01
2.570349887211849094e+01
2.542836485656570034e+01
2.557695227648543934e+01
2.553540803199295439e+01
2.557555029403045666e+01
2.563689652630469595e+01
2.579020983527122013e+01
2.581571612307413588e+01
2.607528585443149183e+01
2.558935222886918481e+01
2.599386133621361239e+01
2.596107410618074596e+01
2.585287827367757529e+01
2.597787889941760398e+01
2.561317135362476449e+01
2.597494503258934273e+01
2.557624171419005066e+01
2.607918711276112944e+01
2.575838772819050959e+01
2.584930859787681356e+01
2.595513169609339599e+01
2.607677102622930931e+01
2.596718624109869111e+01
2.539414103691463964e+01
2.571352137608409194e+01
2.581849832508877185e+01
2.621557408365401898e+01
2.558970685143054169e+01
2.561635168647724115e+01
2.559117233170929495e+01
2.563749585218389626e+01
2.584753723665467717e+01
2.572536195476521925e+01
2.581125929063431101e+01
2.569030727006390435e+01
2.532599002513524411e+01
2.584617844936379427e+01
2.563444057590290015e+01
2.534566649066337973e+01
2.574455038283791453e+01
2.578890810973215864e+01
2.570869759795253984e+01
2.550648364689546099e+01
2.563146806568676439e+01
2.569966271177780115e+01
2.568832695838883495e+01
2.564111658272485528e+01
2.587133997367622840e+01
2.580868388877418340e+01
2.605758416313094727e+01
2.578489510152181552e+01
2.580128016774556698e+01
2.599388721807133606e+01
2.540183130217530305e+01
2.619007836191120475e+01
2.534169741891344785e+01
2.595557067078922131e+01
2.566229514708286885e+01
2.540113331586365675e+01
2.578836358833634534e+01
2.562887527602217830e+01
2.587612620281125331e+01
2.589768471148493489e+01
2.580848927515117452e+01
2.568958304114983093e+01
2.621030782434007378e+01
2.572432279721307680e+01
2.582645371082028873e+01
2.554977182888948661e+01
2.565682981952422637e+01
2.573373501442531008e+01
2.565967976678380325e+01
2.556854876858594139e+01
2.566759626233982416e+01
2.573256513410900936e+01
2.580650712152848314e+01
2.585943224742794300e+01
2.567757664673463935e+01
2.576099768266591994e+01
2.571528542424000108e+01
2.576220021977967178e+01
2.597231181263313360e+01
2.575262577246132167e+01
2.542218322517808105e+01
2.564616551903659314e+01
2.582859360437719687e+01
2.596957802353696110e+01
2.556964396541246387e+01
2.581042757684397415e+01
2.555349891443817612e+01
2.583639811920079055e+01
2.578694525169528617e+01
2.567159823893112147e+01
2.575954912223540205e+01
2.595925954353106491e+01
2.604842567000538622e+01
2.542065735476655775e+01
2.584757334019625574e+01
2.564214155014052920e+01
2.579240902538503022e+01
2.575620018826368707e+01
2.563224688467619927e+01
2.595369495398369608e+01
2.550254561573446566e+01
2.542467525631481351e+01
2.612382929186454206e+01
2.618050503504152005e+01
2.567802047701893642e+01
2.535044923174448783e+01
2.561792563486469732e+01
2.571533488079397500e+01
2.575875763503550786e+01
2.598885659411334714e+01
2.599426604030971077e+01
2.568759876689068022e+01
2.565227278113312792e+01
2.587743017435832016e+01
2.576555774247482233e+01
2.556212073169599464e+01
2.599378005236129852e+01
2.549433091528235096e+01
2.552478211662201701e+01
2.561778074505619429e+01
2.569225369323336849e+01
2.611805480873751151e+01
2.580561970656028592e+01
2.575781738488833028e+01
2.587777033660075787e+01
2.533967409280833749e+01
2.587252452650523438e+01
2.585754864681649678e+01
2.553618218593651434e+01
2.543226905043967179e+01
2.574675705456765940e+01
2.559338586699101370e+01
2.592674406744139404e+01
2.558706954333033323e+01
2.586952668401635691e+01
2.557747588150267859e+01
2.575320003711933126e+01
2.590012851847743391e+01
2.572208873830890496e+01
2.563227777665996854e+01
2.572618124337215662e+01
2.548994689687280157e+01
2.581246659414447109e+01
2.591463564806223374e+01
2.575453487264067931e+01
2.579159505163348243e+01
2.576572813658435024e+01
2.584246594368187999e+01
2.565034673851728542e+01
2.559497714970612137e+01
2.554415668990118959e+01
2.553612412269371745e+01
2.552662339106299427e+01
2.574440880366901396e+01
2.593821598701431341e+01
2.598465227804837596e+01
2.594216415128459730e+01
2.588654476127047843e+01
2.575299406583433637e+01
2.584233992937245716e+01
2.567736228349430050e+01
2.580468150275365602e+01
2.569895350526263655e+01
2.590428229481268829e+01
2.580658364958265594e+01
2.546012103912921987e+01
2.582531018390208999e+01
2.591734897360064949e+01
2.595406300862209292e+01
2.559912928748565619e+01
2.577083354981384034e+01
2.612812243299783432e+01
2.597706753386161793e+01
2.556304531664700974e+01
2.574111142287894438e+01
2.595306489543961348e+01
2.570266030191694284e+01
2.576053267827651183e+01
2.580643930673385000e+01
2.578637824659989519e+01
2.568812873278441344e+01
2.568199923481187952e+01
2.559490991000259186e+01
2.600939580436804732e+01
2.582046097547839381e+01
2.555275855429909981e+01
2.582185719995158735e+01
2.600050902324775848e+01
2.559462097885834098e+01
2.588592485133263921e+01
2.579709267337521794e+01
2.581459145628168272e+01
2.571359298744889799e+01
2.582018311480321060e+01
2.587705764633653516e+01
2.559315649075180232e+01
2.570566884215784498e+01
2.582130115245718827e+01
2.570549954445047192e+01
2.589051618899906160e+01
2.585950225068247477e+01
2.583522802674320573e+01
2.599755493138665585e+01
2.580408459542048405e+01
2.593621088640522032e+01
2.544123005236366808e+01
2.573958101614994121e+01
2.577745286320093854e+01
2.580794508135769050e+01
2.573685419302445965e+01
2.573759686492107690e+01
2.573143810486137895e+01
2.581339808925052992e+01
2.579963700974592200e+01
2.577832575223226286e+01
2.582149901114854629e+01
2.581681421104245544e+01
2.574276738965473399e+01
2.574094500246541983e+01
2.563173868237316455e+01
2.551745062708832634e+01
2.596698319429198065e+01
2.599910783122268398e+01
2.589076560845411734e+01
2.589470429107148064e+01
2.591705114069059235e+01
2.565967879698647280e+01
2.593142846376131061e+01
2.565592402875458689e+01
2.537258960049829781e+01
2.549288635416350246e+01
2.579817892095993415e+01
2.580687547417837635e+01
2.574997027778998415e+01
2.545620327369343272e+01
2.573831460898203716e+01
2.553979257123850033e+01
2.601108108451807865e+01
2.560685615835022588e+01
2.609989114663798659e+01
2.594267535213056064e+01
2.581786766631653762e+01
2.556229669033473328e+01
2.575010290508046751e+01
2.597342703353879756e+01
2.571890071604860140e+01
2.577973543100957698e+01
2.572494554883410700e+01
2.564322343330470488e+01
2.589906528429391130e+01
2.572336668485402100e+01
2.587172106004314287e+01
2.571647567226647979e+01
2.572257916591128080e+01
2.543029697588644922e+01
2.592830296381317012e+01
2.560883094426160156e+01
2.554532879426476910e+01
2.598017166215947071e+01
2.587199204342344672e+01
2.575978870001177867e+01
2.569902669941029671e+01
2.592869667825246438e+01
2.537108664532656022e+01
2.587126492967980695e+01
2.579687622559815097e+01
2.550190057342280170e+01
2.592618960073455625e+01
2.608495809855723024e+01
2.575691249483547551e+01
2.588840628202859406e+01
2.584126305074011754e+01
2.559051037290046793e+01
2.591404368134195479e+01
2.571123403358812354e+01
2.580889714911938526e+01
2.582286129413224884e+01
2.578624561958699246e+01
2.591974549662231908e+01
2.581821809542110913e+01
2.589605846060898031e+01
2.569912863989499030e+01
2.568669875199657326e+01
2.579611561463896763e+01
2.565968420853752718e+01
2.552806877933527119e+01
2.559391859150446891e+01
2.544290664191428775e+01
2.600397160824639897e+01
2.548448151075531953e+01
2.597717619539767142e+01
2.601741210776227931e+01
2.563214652934855664e+01
2.606870532404230190e+01
2.590302884013022222e+01
2.575138295941963307e+01
2.587692015578334193e+01
2.562364878026563275e+01
2.560451973018129834e+01
2.587988103861550115e+01
2.581699910480463700e+01
2.562915725304774028e+01
2.579802110783753122e+01
2.560995363594338770e+01
2.575271387956765423e+01
2.556335716480309372e+01
2.554493379593614222e+01
2.609962704030323977e+01
2.579037076536852879e+01
2.566490388942384016e+01
2.549405275119968550e+01
2.575591529510031563e+01
2.536381798858469239e+01
2.589974007606727113e+01
2.558223991525326113e+01
2.559913869286520693e+01
2.580708335357032723e+01
2.565091570549056854e+01
2.548288905970629870e+01
2.561617285571992397e+01
2.581384488080981399e+01
2.555287037476695033e+01
2.601541378114732339e+01
2.553657194856893753e+01
2.541798251617457538e+01
2.568230997531166793e+01
2.560279456260703057e+01
2.576825672377506393e+01
2.618528239489482701e+01
2.552398041825464858e+01
2.584813661771158166e+01
2.577157206903956421e+01
2.568392180173554351e+01
2.571674787067473389e+01
2.581454420400750038e+01
2.559446626443287442e+01
2.600416131457582836e+01
2.583583010243880196e+01
2.545909858258579206e+01
2.567562661826449855e+01
2.571716004867215943e+01
2.582989850271167498e+01
2.596130849373253469e+01
2.575573998286643373e+01
2.588391486143385478e+01
2.587201505963360404e+01
2.550975559168011131e+01
2.585358357060205847e+01
2.552464871036696792e+01
2.576059794423456140e+01
2.584975119714840730e+01
2.571801891731335488e+01
2.584115397871271114e+01
2.577593772590777732e+01
2.593514275618923648e+01
2.588000952201335991e+01
2.595079017194069593e+01
2.557575358545343391e+01
2.577552105165951346e+01
2.595907219688655942e+01
2.604419469038256807e+01
2.575088142751580023e+01
2.555712751250522885e+01
2.569213264707152078e+01
2.588849791788676313e+01
2.570846680908342208e+01
2.574362740561219809e+01
2.569322865566333647e+01
2.612810636255671426e+01
2.588540817098920854e+01
2.568986110278958890e+01
2.559197949933515304e+01
2.581708919442834826e+01
2.573548577100907053e+01
2.566794413519593121e+01
2.579547657206792266e+01
2.585800769453319958e+01
2.565274170134975762e+01
2.560810781909042078e+01
2.596909229189702017e+01
2.576272046333908960e+01
2.559281957647576533e+01
2.575149060927281042e+01
2.575730881735561084e+01
2.557032070183591799e+01
2.564685810744847672e+01
2.580808123386825770e+01
2.559563290268368618e+01
2.545611320991243787e+01
2.608787132163533329e+01
2.576699131039580948e+01
2.588571744536594110e+01
2.592773868408604798e+01
2.584174264755299788e+01
2.556546903012064220e+01
2.595306661918615276e+01
2.585013815545475779e+01
2.580679657269536520e+01
2.601652561163339428e+01
2.554552626963972273e+01
2.594578613098535058e+01
2.573323687661039827e+01
2.575145918099685360e+01
2.595171198604474583e+01
2.599231553201271794e+01
2.557603390125964538e+01
2.616570033009562479e+01
2.586894561146421978e+01
2.561225595506917685e+01
2.571038480078197352e+01
2.543888922154445353e+01
2.565915455621410857e+01
2.538472496355984376e+01
2.574241156016859833e+01
2.549950403387309095e+01
2.577321957348730663e+01
2.562132666122504077e+01
2.577433574724011578e+01
2.560444088162893905e+01
2.570190633504847710e+01
2.577679430715424402e+01
2.577017811971723660e+01
2.614933869933555854e+01
2.595909838598817743e+01
2.545727326799795520e+01
2.546454046309693808e+01
2.543428247732379788e+01
2.575747454470869613e+01
2.576469688184026197e+01
2.595729550590324308e+01
2.573971034220917531e+01
2.568967309805196209e+01
2.550014802137512859e+01
2.580749800600568378e+01
2.596515411969559395e+01
2.585524645853875469e+01
2.570218538419490883e+01
2.571167045626397396e+01
2.595626028715822997e+01
2.563870880932365282e+01
2.574254327432082690e+01
2.553161980747963256e+01
2.573127622563393047e+01
2.587688113231468989e+01
2.592938507559426142e+01
2.562163769861621887e+01
2.562144496115678294e+01
2.609882485863408164e+01
2.584074542875658409e+01
2.554591352845549324e+01
2.565341671152289749e+01
2.576865692563321986e+01
2.580406568352039542e+01
2.588602604320839617e+01
2.592103435860758509e+01
2.590584692310837767e+01
2.602263210848453312e+01
2.551968315706110246e+01
2.602632446635272956e+01
2.548360812688400401e+01
2.563038163958339410e+01
2.581494584350904020e+01
2.571478320974008369e+01
2.554095736895680702e+01
2.556870224176578787e+01
2.559113584086774651e+01
2.539313660205541012e+01
2.606599219602754047e+01
2.563885865945910680e+01
2.588214475975167161e+01
2.596035124154852269e+01
2.542895932459892094e+01
2.550387098530407570e+01
2.612648820275581940e+01
2.587454280811954987e+01
2.598097594487784789e+01
2.570437934583350170e+01
2.561337930089234050e+01
2.592086853397557533e+01
2.603310015652082754e+01
2.576619913014486940e+01
2.576341186836909003e+01
2.601770470154186299e+01
2.548633013545690673e+01
2.584484682005885503e+01
2.537780990239314249e+01
2.558634410490359201e+01
2.573615180566354255e+01
2.597831372310177400e+01
2.554850462980621018e+01
2.571860606634469093e+01
2.581539059335571196e+01
2.574461927909531056e+01
2.587208264825109083e+01
2.588181961144633902e+01
2.589422228722462194e+01
2.579538252366174333e+01
2.547624013000199739e+01
2.572924077863270043e+01
2.608972505512617346e+01
2.535607943446724377e+01
2.585123569128002430e+01
2.583750109043813481e+01
2.579076711831557134e+01
2.545430515727423781e+01
2.581099374012270076e+01
2.544298419807052269e+01
2.552286739422368456e+01
2.563492879434958382e+01
2.554429816006699028e+01
2.544076574293421089e+01
2.552599471154891475e+01
2.579412557122435956e+01
2.591041367009574969e+01
2.567695935104162075e+01
2.593236000793478979e+01
2.597706915800094052e+01
2.570415038682063980e+01
2.578454360565214287e+01
2.568236560685991776e+01
2.572928723327498801e+01
2.544019971756743104e+01
2.564882803453884819e+01
2.596715400565394205e+01
2.594392927432947005e+01
2.595740424538093905e+01
2.581402448677918926e+01
2.552537564095366562e+01
2.570754609581425143e+01
2.557127167850319438e+01
2.578122034469291179e+01
2.565532560660804506e+01
2.544379116129626439e+01
2.585004983202715323e+01
2.547975794059784960e+01
2.528114713799194391e+01
2.583040188018888017e+01
2.567205727354445344e+01
2.551423910035151010e+01
2.557228309237176234e+01
2.571434969075754751e+01
2.553911539993091040e+01
2.564659102416453251e+01
2.604626025332714434e+01
2.569563260054326648e+01
2.573161130044930900e+01
2.571741963574682899e+01
2.569741934444055786e+01
2.575328918264887434e+01
2.580264356041384133e+01
2.599183081538302886e+01
2.563604311466832542e+01
2.597329131999912732e+01
2.572279077687871762e+01
2.598903234957129982e+01
2.575914617599366352e+01
2.603952972336147909e+01
2.567687158498733879e+01
2.595071274941581763e+01
2.554789099350577786e+01
2.545860892696397570e+01
2.572706331268910063e+01
2.578315672931796243e+01
2.563897807741321344e+01
2.542890106857116095e+01
2.589170751601455223e+01
2.601423693225721934e+01
2.586179266412012367e+01
2.598384896560235546e+01
2.587174098511056641e+01
2.588482594906436773e+01
2.566197688292453449e+01
2.559176861576971262e+01
2.581170523026840158e+01
2.576515754699404681e+01
2.569320316794469505e+01
2.552706074591488417e+01
2.583637717764355912e+01
2.570628530424330194e+01
2.554871978307073377e+01
2.564792956436375704e+01
2.552994428839638985e+01
2.568660373532800634e+01
2.580718909139792316e+01
2.584018600034652380e+01
2.594538406576353751e+01
2.559044843970254846e+01
2.568607397438710294e+01
2.536834211923495275e+01
2.546797038616338682e+01
2.551989886569367627e+01
2.572059825895623675e+01
2.562928889696738111e+01
2.552391835649849483e+01
2.547019735891777970e+01
2.600664378992382453e+01
2.575139963260227560e+01
2.602347235478026377e+01
2.563375926322719423e+01
2.606176071420822993e+01
2.570707628840838055e+01
2.573260786890971730e+01
2.582705177874926861e+01
2.577398601891562535e+01
2.581754084266938065e+01
2.580337163559941516e+01
2.579537843020303711e+01
2.566255969521467506e+01
2.589126196710233430e+01
2.591079846978100321e+01
2.587492617488065250e+01
2.568490853455791623e+01
2.575531044347337328e+01
2.606872120403129856e+01
2.560346203957076838e+01
2.564875256781464685e+01
2.586248340223555076e+01
2.537166671511197080e+01
2.565724577057376621e+01
2.564375705857948518e+01
2.599128354895806225e+01
2.619885771672709041e+01
2.558455013600532268e+01
2.567476057225805164e+01
2.582539598547944237e+01
2.561971817239531646e+01
2.540510483822184540e+01
2.560270573379860082e+01
2.571775621813747037e+01
2.540098043673021522e+01
2.569082808564693110e+01
2.567231978244230817e+01
2.594879068574458714e+01
2.549143092934454558e+01
2.579357934866607494e+01
2.584269550420927430e+01
2.571883805229772335e+01
2.558435827075234670e+01
2.579092304304841932e+01
2.557510518976708980e+01
2.583246775169499543e+01
2.598778844300802504e+01
2.571156718324262513e+01
2.570983576155423478e+01
2.581079234656825605e+01
2.562362658193932319e+01
2.550967098696303736e+01
2.573655010916707653e+01
2.561145912672848723e+01
2.572643676702950088e+01
2.603161991466683034e+01
2.582507013285306385e+01
2.626118596906237812e+01
2.594998009666235816e+01
2.583067454484977787e+01
2.577761285326537788e+01
2.590121984189726589e+01
2.553392280762174593e+01
2.558083496225135178e+01
2.530243419785816172e+01
2.562778380673078615e+01
2.571540159572476014e+01
2.579323985834553667e+01
2.554164448403383858e+01
2.570019550260828112e+01
2.564973411770398215e+01
2.560320142419848111e+01
2.551123773706048681e+01
2.572765095380374234e+01
2.581840899621054675e+01
2.563648521543520076e+01
2.561801362278449901e+01
2.587611933854029189e+01
2.549472791574662267e+01
2.571039962408634238e+01
2.556405397227063503e+01
2.577412369573939444e+01
2.600681992407545451e+01
2.580688535330124722e+01
2.570463924688522184e+01
2.566736258080826971e+01
2.574489990389961136e+01
2.578152740003895005e+01
2.592275189856657747e+01
2.597509693390843921e+01
2.553479294948423117e+01
2.580552018963898320e+01
2.567079113734421014e+01
2.561659336628033756e+01
2.560606275675467458e+01
2.626105854192018896e+01
2.581349854676250288e+01
2.550162856451840554e+01
2.565160067254404197e+01
2.570058566579512060e+01
2.581445323708109640e+01
2.563215928738397764e+01
2.594744615551138978e+01
2.590696305069005945e+01
2.591644009793590797e+01
2.566806943914456340e+01
2.580003424609070350e+01
2.591313091429610438e+01
2.583268446170570698e+01
2.588779362752462276e+01
2.577098638765568239e+01
2.569451663842619737e+01
2.588935591438791661e+01
2.614750115012890319e+01
2.550424167524354857e+01
2.569329765210363448e+01
2.565665574970984508e+01
2.572354799016532567e+01
2.567279736636750798e+01
2.578004077553926621e+01
2.589363209186530312e+01
2.570273174067546762e+01
2.555593643713281082e+01
2.579320607205647420e+01
2.569368676964290188e+01
2.587615511014811176e+01
2.587962412363866704e+01
2.563179432217840770e+01
2.554686170182514360e+01
2.589146715490263162e+01
2.554398057086871177e+01
2.576746406204540207e+01
2.547549847539774603e+01
2.603086562870367970e+01
2.576526144896881121e+01
2.563145476980916726e+01
2.559912880115091838e+01
2.581598707811683013e+01
2.587622709121605169e+01
2.612540769965381671e+01
2.584213785317372114e+01
2.590465368656721168e+01
2.584689915021472117e+01
2.559492795046197955e+01
2.572964114546936898e+01
2.592896820709812999e+01
2.579383554883219176e+01
2.566880334589935231e+01
2.526954741207461552e+01
2.548857003495410467e+01
2.555984598695378551e+01
2.551641315627188433e+01
2.585813338045553422e+01
2.589953099837769557e+01
2.611668007728264485e+01
2.589587991500552988e+01
2.554395904814440144e+01
2.578189990939153731e+01
2.574880770235574090e+01
2.568093778465793164e+01
2.581032055011925053e+01
2.572574340188086239e+01
2.563410186498559540e+01
2.575456604868102417e+01
2.576129368612109261e+01
2.515420695649208227e+01
2.560071817976929509e+01
2.584230985414104254e+01
2.573913853770438465e+01
2.580677643685940836e+01
2.575395485122837869e+01
2.577067452624648425e+01
2.567616073649932318e+01
2.609672737994135261e+01
2.557256462856793533e+01
2.579669962098509473e+01
2.567102500201061943e+01
2.587504463493511508e+01
2.595117223921127447e+01
2.599824605390719157e+01
2.583475591699713192e+01
2.555932834355907346e+01
2.604069011824637059e+01
2.539771172980399427e+01
2.575562872378105439e+01
2.580207856141651845e+01
2.576402970912181090e+01
2.572051970336833193e+01
2.584644789923040165e+01
2.557909390278705430e+01
2.598838315467808258e+01
2.588323314084823323e+01
2.557020534143417834e+01
2.579666999753290924e+01
2.562687515227564106e+01
2.596789381157051935e+01
2.565072837857484345e+01
2.576049931504586610e+01
2.565928863895615208e+01
2.574284798082928916e+01
2.587660674622159362e+01
2.564099798019486087e+01
2.586955498385437124e+01
2.563296671884212330e+01
2.557846756569442448e+01
2.561232959666587305e+01
2.561285766552162713e+01
2.573418299153136601e+01
2.591825829896259137e+01
2.555483099126209368e+01
2.578870581202928136e+01
2.590379797331847556e+01
2.562975568660249337e+01
2.579415657653835936e+01
2.555068460436558553e+01
2.545619775240098548e+01
2.581361397563075499e+01
2.560350022100408651e+01
2.579458214988964926e+01
2.570340239610725064e+01
2.542127724586953619e+01
2.601037076604912457e+01
2.567190659331444635e+01
2.598079560759497397e+01
2.581005182000009057e+01
2.576701069766841456e+01
2.546668708306071238e+01
2.577077641854746659e+01
2.546509000106187415e+01
2.576657086454967072e+01
2.599762401659008404e+01
2.573107445408181704e+01
2.586724182065212929e+01
2.545599349428871605e+01
2.561976338270052977e+01
2.559048216541397380e+01
2.533194181167874959e+01
2.546000483869038788e+01
2.596514334700801641e+01
2.592839856251967134e+01
2.594060493766342290e+01
2.563611443503624798e+01
2.571927791071583513e+01
2.587065252008127914e+01
2.581578167464650875e+01
2.577632350841840392e+01
2.569200558018346925e+01
2.580487682689246398e+01
2.558176584305246593e+01
2.557939787870023807e+01
2.601841253007408028e+01
2.583360287685120227e+01
2.573830808928178016e+01
2.584901637526135687e+01
2.543988955149138320e+01
2.580880268192294835e+01
2.588779318402356466e+01
2.598271449160485602e+01
2.553133886266642705e+01
2.580719264046603811e+01
2.571578345899980533e+01
2.576561845852978649e+01
2.584705770438586114e+01
2.547985950167376146e+01
2.587431770164871736e+01
2.564615435118907882e+01
2.586342003336149276e+01
2.577568638664027745e+01
2.571504577887229459e+01
2.566614261920913620e+01
2.595492569423922546e+01
2.573311301404319096e+01
2.581038123042734611e+01
2.560722432125074377e+01
2.548293568855178037e+01
2.584418546911016534e+01
2.564138112551533411e+01
2.571220618984414585e+01
2.584472711116674759e+01
2.572498628658173203e+01
2.559397752530903958e+01
2.600618828351240808e+01
2.553511799030767904e+01
2.570570507739094879e+01
2.582741938084551592e+01
2.567521822093995354e+01
2.579162468053703350e+01
2.565459158288864217e+01
2.597908706979958993e+01
2.572722491506317510e+01
2.558170103847941590e+01
2.553313376287840342e+01
2.579385033859956167e+01
2.555868389175810407e+01
2.590272908955997266e+01
2.592538824922661078e+01
2.570342249915474753e+01
2.598037018893899486e+01
2.576747458277072056e+01
2.581104267939161545e+01
2.578256149210507786e+01
2.599060818879516432e+01
2.588490770492084181e+01
2.594872433489976871e+01
2.586960818643440163e+01
2.583837303657885442e+01
2.596430435177475005e+01
2.582682605495059036e+01
2.564681853454639082e+01
2.604510947070767202e+01
2.570716258460317860e+01
2.575172475208799128e+01
2.588692505738763927e+01
2.578995111687876474e+01
2.577326315513747446e+01
2.563330638145460938e+01
2.568527565262394319e+01
2.575720847795207646e+01
2.601119447226205139e+01
2.547696716218629831e+01
2.600365258428276860e+01
2.529936367978823952e+01
2.566069105862301925e+01
2.598207121330058200e+01
2.610220426047252573e+01
2.611878667870765369e+01
2.573782205645277799e+01
2.586185844930056987e+01
2.550700492737335523e+01
2.557849663502331694e+01
2.577787126978659060e+01
2.616159879986049575e+01
2.555263880949073751e+01
2.583475185135226582e+01
2.550636692592375354e+01
2.576029890457405713e+01
2.573055392593571611e+01
2.549242444982684219e+01
2.538323337225326881e+01
2.563204455507611712e+01
2.569002645105570082e+01
2.537319854044832113e+01
2.565654676965489855e+01
2.567665378239324170e+01
2.537255417382839440e+01
2.593642059004388756e+01
2.565242981770000341e+01
2.588738224561686962e+01
2.555839531756918603e+01
2.591690212412905225e+01
2.600331480858701738e+01
2.554506880011135195e+01
2.593414942872077233e+01
2.551194492589176122e+01
2.605355950865799741e+01
2.580092621392909891e+01
2.541811584215168196e+01
