# Variable: deviance
# Sample shape: (2700,)
# Date: 2019-04-12 17:22:29.683275
-6.756188476562500000e+03
-6.756956054687500000e+03
-6.756020507812500000e+03
-6.749329101562500000e+03
-6.752809570312500000e+03
-6.756836914062500000e+03
-6.755835449218750000e+03
-6.756679199218750000e+03
-6.756629394531250000e+03
-6.752992675781250000e+03
-6.755906738281250000e+03
-6.753760253906250000e+03
-6.757112792968750000e+03
-6.750610351562500000e+03
-6.750471191406250000e+03
-6.756116210937500000e+03
-6.753134277343750000e+03
-6.754346679687500000e+03
-6.750501953125000000e+03
-6.754470703125000000e+03
-6.756218750000000000e+03
-6.755327148437500000e+03
-6.755126953125000000e+03
-6.752602539062500000e+03
-6.749316406250000000e+03
-6.755881835937500000e+03
-6.754018066406250000e+03
-6.752886230468750000e+03
-6.753316406250000000e+03
-6.756910156250000000e+03
-6.750885253906250000e+03
-6.757258789062500000e+03
-6.756319824218750000e+03
-6.756315429687500000e+03
-6.753942871093750000e+03
-6.749586914062500000e+03
-6.756596191406250000e+03
-6.754907714843750000e+03
-6.755508789062500000e+03
-6.756341796875000000e+03
-6.752283203125000000e+03
-6.757549316406250000e+03
-6.754851562500000000e+03
-6.745909179687500000e+03
-6.754966796875000000e+03
-6.756275390625000000e+03
-6.753681640625000000e+03
-6.753278808593750000e+03
-6.756701171875000000e+03
-6.756381835937500000e+03
-6.755508789062500000e+03
-6.757052734375000000e+03
-6.749369140625000000e+03
-6.754315429687500000e+03
-6.757318359375000000e+03
-6.754373046875000000e+03
-6.753717773437500000e+03
-6.750703613281250000e+03
-6.756559082031250000e+03
-6.756889648437500000e+03
-6.753115234375000000e+03
-6.754072265625000000e+03
-6.752114257812500000e+03
-6.755324218750000000e+03
-6.753628906250000000e+03
-6.755374511718750000e+03
-6.752226562500000000e+03
-6.755698242187500000e+03
-6.753072753906250000e+03
-6.748164062500000000e+03
-6.754062500000000000e+03
-6.754915039062500000e+03
-6.745259277343750000e+03
-6.753385253906250000e+03
-6.756431640625000000e+03
-6.756825195312500000e+03
-6.753083984375000000e+03
-6.752212890625000000e+03
-6.757123046875000000e+03
-6.755393554687500000e+03
-6.757578125000000000e+03
-6.746798828125000000e+03
-6.755026367187500000e+03
-6.747428222656250000e+03
-6.754437500000000000e+03
-6.753004394531250000e+03
-6.755667968750000000e+03
-6.751397460937500000e+03
-6.756333007812500000e+03
-6.756152343750000000e+03
-6.756879882812500000e+03
-6.747819824218750000e+03
-6.754952148437500000e+03
-6.751448242187500000e+03
-6.755515625000000000e+03
-6.753893554687500000e+03
-6.754256835937500000e+03
-6.753464843750000000e+03
-6.754156250000000000e+03
-6.751672851562500000e+03
-6.754808593750000000e+03
-6.755276367187500000e+03
-6.757355468750000000e+03
-6.756936523437500000e+03
-6.754875488281250000e+03
-6.752243164062500000e+03
-6.755776367187500000e+03
-6.755650878906250000e+03
-6.755893066406250000e+03
-6.755053710937500000e+03
-6.754202148437500000e+03
-6.751636230468750000e+03
-6.747107421875000000e+03
-6.754320312500000000e+03
-6.754326171875000000e+03
-6.751121582031250000e+03
-6.753338378906250000e+03
-6.754941406250000000e+03
-6.750021484375000000e+03
-6.752756835937500000e+03
-6.755550781250000000e+03
-6.756107421875000000e+03
-6.751512695312500000e+03
-6.754788085937500000e+03
-6.756546386718750000e+03
-6.756220703125000000e+03
-6.750819335937500000e+03
-6.751942382812500000e+03
-6.746430175781250000e+03
-6.754731445312500000e+03
-6.747471679687500000e+03
-6.754167968750000000e+03
-6.748179199218750000e+03
-6.755208984375000000e+03
-6.754206054687500000e+03
-6.756176269531250000e+03
-6.754083007812500000e+03
-6.754576171875000000e+03
-6.755401855468750000e+03
-6.740862792968750000e+03
-6.756374023437500000e+03
-6.754421386718750000e+03
-6.754443359375000000e+03
-6.749086425781250000e+03
-6.756525390625000000e+03
-6.755310546875000000e+03
-6.757454101562500000e+03
-6.756151367187500000e+03
-6.753610351562500000e+03
-6.756026367187500000e+03
-6.755550781250000000e+03
-6.747953125000000000e+03
-6.757123046875000000e+03
-6.754223632812500000e+03
-6.753571289062500000e+03
-6.751651367187500000e+03
-6.754773437500000000e+03
-6.753256835937500000e+03
-6.755187011718750000e+03
-6.755291503906250000e+03
-6.752261718750000000e+03
-6.756158203125000000e+03
-6.755562500000000000e+03
-6.754588867187500000e+03
-6.750360351562500000e+03
-6.756648437500000000e+03
-6.753029296875000000e+03
-6.752207031250000000e+03
-6.752743164062500000e+03
-6.756991210937500000e+03
-6.754934570312500000e+03
-6.756916992187500000e+03
-6.751607910156250000e+03
-6.755431640625000000e+03
-6.751840820312500000e+03
-6.755352050781250000e+03
-6.756799804687500000e+03
-6.755115722656250000e+03
-6.756784667968750000e+03
-6.754270507812500000e+03
-6.757389160156250000e+03
-6.755974609375000000e+03
-6.753677734375000000e+03
-6.756595703125000000e+03
-6.752925292968750000e+03
-6.754672851562500000e+03
-6.754120605468750000e+03
-6.757338867187500000e+03
-6.756622070312500000e+03
-6.755489746093750000e+03
-6.748032226562500000e+03
-6.756825195312500000e+03
-6.755616699218750000e+03
-6.755371093750000000e+03
-6.750850585937500000e+03
-6.756685546875000000e+03
-6.753300292968750000e+03
-6.757234375000000000e+03
-6.756245117187500000e+03
-6.756829101562500000e+03
-6.755506347656250000e+03
-6.752331542968750000e+03
-6.754488281250000000e+03
-6.755042968750000000e+03
-6.753037109375000000e+03
-6.753197753906250000e+03
-6.755269531250000000e+03
-6.755880859375000000e+03
-6.755829101562500000e+03
-6.755291992187500000e+03
-6.753539062500000000e+03
-6.756292968750000000e+03
-6.756645019531250000e+03
-6.751016601562500000e+03
-6.751625000000000000e+03
-6.756987792968750000e+03
-6.755826171875000000e+03
-6.751791503906250000e+03
-6.753893554687500000e+03
-6.755840332031250000e+03
-6.755879882812500000e+03
-6.755953613281250000e+03
-6.751732421875000000e+03
-6.756114746093750000e+03
-6.755221679687500000e+03
-6.750818359375000000e+03
-6.756826171875000000e+03
-6.752140136718750000e+03
-6.756027343750000000e+03
-6.755892578125000000e+03
-6.750196777343750000e+03
-6.755832031250000000e+03
-6.757149414062500000e+03
-6.752488281250000000e+03
-6.756652343750000000e+03
-6.756445312500000000e+03
-6.752134765625000000e+03
-6.750820312500000000e+03
-6.754034179687500000e+03
-6.756360351562500000e+03
-6.749836425781250000e+03
-6.754614746093750000e+03
-6.757078125000000000e+03
-6.755471679687500000e+03
-6.757252929687500000e+03
-6.753372558593750000e+03
-6.755677246093750000e+03
-6.756962890625000000e+03
-6.756612304687500000e+03
-6.755753417968750000e+03
-6.756539062500000000e+03
-6.753452636718750000e+03
-6.749333984375000000e+03
-6.756953125000000000e+03
-6.757150390625000000e+03
-6.753298828125000000e+03
-6.754787597656250000e+03
-6.751711914062500000e+03
-6.757519531250000000e+03
-6.755073242187500000e+03
-6.755152343750000000e+03
-6.755485839843750000e+03
-6.752840820312500000e+03
-6.753581054687500000e+03
-6.737001464843750000e+03
-6.755636718750000000e+03
-6.753138671875000000e+03
-6.754638183593750000e+03
-6.753186035156250000e+03
-6.751830566406250000e+03
-6.755950683593750000e+03
-6.754434082031250000e+03
-6.756732421875000000e+03
-6.751893554687500000e+03
-6.753967773437500000e+03
-6.753375000000000000e+03
-6.757546875000000000e+03
-6.752679199218750000e+03
-6.756523925781250000e+03
-6.756478515625000000e+03
-6.755421875000000000e+03
-6.752814941406250000e+03
-6.757257812500000000e+03
-6.754473144531250000e+03
-6.754199218750000000e+03
-6.752780273437500000e+03
-6.753566406250000000e+03
-6.753417968750000000e+03
-6.755719238281250000e+03
-6.755455078125000000e+03
-6.753932617187500000e+03
-6.755358398437500000e+03
-6.756196289062500000e+03
-6.756418945312500000e+03
-6.750170898437500000e+03
-6.755077148437500000e+03
-6.755019531250000000e+03
-6.749119140625000000e+03
-6.756236328125000000e+03
-6.755338867187500000e+03
-6.754471679687500000e+03
-6.755182617187500000e+03
-6.751473632812500000e+03
-6.754268554687500000e+03
-6.757519531250000000e+03
-6.757110351562500000e+03
-6.755326660156250000e+03
-6.752248046875000000e+03
-6.753230468750000000e+03
-6.747523437500000000e+03
-6.754803710937500000e+03
-6.752505859375000000e+03
-6.751472167968750000e+03
-6.757133789062500000e+03
-6.755106933593750000e+03
-6.756278320312500000e+03
-6.756240234375000000e+03
-6.754666992187500000e+03
-6.756404785156250000e+03
-6.755227050781250000e+03
-6.757281250000000000e+03
-6.754713867187500000e+03
-6.751847656250000000e+03
-6.754484863281250000e+03
-6.756288085937500000e+03
-6.756337890625000000e+03
-6.755870605468750000e+03
-6.754386718750000000e+03
-6.753840820312500000e+03
-6.753383789062500000e+03
-6.752134277343750000e+03
-6.755658203125000000e+03
-6.754630859375000000e+03
-6.752303710937500000e+03
-6.751643554687500000e+03
-6.754760742187500000e+03
-6.752666015625000000e+03
-6.755274414062500000e+03
-6.749298339843750000e+03
-6.755623046875000000e+03
-6.756247558593750000e+03
-6.752992675781250000e+03
-6.757030273437500000e+03
-6.756473144531250000e+03
-6.754328613281250000e+03
-6.748103515625000000e+03
-6.756621582031250000e+03
-6.757437500000000000e+03
-6.755859375000000000e+03
-6.752611328125000000e+03
-6.755330078125000000e+03
-6.755992187500000000e+03
-6.754961914062500000e+03
-6.752981445312500000e+03
-6.756620117187500000e+03
-6.755726562500000000e+03
-6.754720703125000000e+03
-6.755429687500000000e+03
-6.756763671875000000e+03
-6.757361816406250000e+03
-6.756335937500000000e+03
-6.754964843750000000e+03
-6.755885742187500000e+03
-6.757035156250000000e+03
-6.748083007812500000e+03
-6.755295410156250000e+03
-6.757416503906250000e+03
-6.754522949218750000e+03
-6.757274414062500000e+03
-6.752548828125000000e+03
-6.756328613281250000e+03
-6.756836914062500000e+03
-6.756020019531250000e+03
-6.755540039062500000e+03
-6.753851562500000000e+03
-6.755962890625000000e+03
-6.755458496093750000e+03
-6.755461425781250000e+03
-6.753951171875000000e+03
-6.750510253906250000e+03
-6.756955566406250000e+03
-6.755903320312500000e+03
-6.755284179687500000e+03
-6.747634765625000000e+03
-6.751079101562500000e+03
-6.756605468750000000e+03
-6.754217773437500000e+03
-6.755111328125000000e+03
-6.752603027343750000e+03
-6.757005859375000000e+03
-6.755728515625000000e+03
-6.754008789062500000e+03
-6.755954101562500000e+03
-6.754054687500000000e+03
-6.754761718750000000e+03
-6.754224609375000000e+03
-6.757341308593750000e+03
-6.756724609375000000e+03
-6.756550781250000000e+03
-6.757444335937500000e+03
-6.755821289062500000e+03
-6.757212402343750000e+03
-6.751908203125000000e+03
-6.755451171875000000e+03
-6.754029296875000000e+03
-6.754571289062500000e+03
-6.756198242187500000e+03
-6.747343261718750000e+03
-6.750940429687500000e+03
-6.755157226562500000e+03
-6.748451171875000000e+03
-6.754512695312500000e+03
-6.755075195312500000e+03
-6.751692871093750000e+03
-6.754606445312500000e+03
-6.753617187500000000e+03
-6.756075195312500000e+03
-6.756821289062500000e+03
-6.754376953125000000e+03
-6.754695312500000000e+03
-6.755406738281250000e+03
-6.753993652343750000e+03
-6.751512695312500000e+03
-6.753319335937500000e+03
-6.752507812500000000e+03
-6.756237792968750000e+03
-6.756281250000000000e+03
-6.755217773437500000e+03
-6.756579589843750000e+03
-6.756604980468750000e+03
-6.755564453125000000e+03
-6.753184082031250000e+03
-6.757008300781250000e+03
-6.756833007812500000e+03
-6.756093261718750000e+03
-6.754839355468750000e+03
-6.751567871093750000e+03
-6.754125488281250000e+03
-6.753501464843750000e+03
-6.755351562500000000e+03
-6.756169921875000000e+03
-6.754806640625000000e+03
-6.753693359375000000e+03
-6.756471679687500000e+03
-6.756189453125000000e+03
-6.755805664062500000e+03
-6.757047363281250000e+03
-6.756920898437500000e+03
-6.756774414062500000e+03
-6.755265625000000000e+03
-6.752881347656250000e+03
-6.755708007812500000e+03
-6.756392089843750000e+03
-6.750356445312500000e+03
-6.745961914062500000e+03
-6.754443847656250000e+03
-6.756977050781250000e+03
-6.755157226562500000e+03
-6.748961914062500000e+03
-6.756757324218750000e+03
-6.753744140625000000e+03
-6.756568359375000000e+03
-6.755791015625000000e+03
-6.752180175781250000e+03
-6.754841796875000000e+03
-6.756206054687500000e+03
-6.752771484375000000e+03
-6.754811035156250000e+03
-6.754500488281250000e+03
-6.750924804687500000e+03
-6.756608398437500000e+03
-6.754086425781250000e+03
-6.756000000000000000e+03
-6.755208496093750000e+03
-6.749497070312500000e+03
-6.756061035156250000e+03
-6.752852050781250000e+03
-6.755464355468750000e+03
-6.757454101562500000e+03
-6.747317382812500000e+03
-6.754448242187500000e+03
-6.754244140625000000e+03
-6.755764648437500000e+03
-6.752808593750000000e+03
-6.751888671875000000e+03
-6.756094726562500000e+03
-6.756261230468750000e+03
-6.748794921875000000e+03
-6.749098632812500000e+03
-6.754633300781250000e+03
-6.752992187500000000e+03
-6.754653320312500000e+03
-6.753321289062500000e+03
-6.756350585937500000e+03
-6.755037109375000000e+03
-6.755523437500000000e+03
-6.752780273437500000e+03
-6.756165039062500000e+03
-6.754813476562500000e+03
-6.754914062500000000e+03
-6.756544921875000000e+03
-6.756981445312500000e+03
-6.755861328125000000e+03
-6.755227539062500000e+03
-6.757216796875000000e+03
-6.756612304687500000e+03
-6.751202636718750000e+03
-6.756848144531250000e+03
-6.754553710937500000e+03
-6.757362792968750000e+03
-6.754407714843750000e+03
-6.753883300781250000e+03
-6.757401367187500000e+03
-6.756682617187500000e+03
-6.756453125000000000e+03
-6.751843750000000000e+03
-6.756345703125000000e+03
-6.755059570312500000e+03
-6.753542968750000000e+03
-6.757334960937500000e+03
-6.755086914062500000e+03
-6.757185546875000000e+03
-6.752178222656250000e+03
-6.757036132812500000e+03
-6.757035644531250000e+03
-6.757245117187500000e+03
-6.754864746093750000e+03
-6.752908203125000000e+03
-6.749432128906250000e+03
-6.756978027343750000e+03
-6.751378906250000000e+03
-6.755334960937500000e+03
-6.755399414062500000e+03
-6.747701171875000000e+03
-6.757206054687500000e+03
-6.750530273437500000e+03
-6.756020507812500000e+03
-6.749337890625000000e+03
-6.749625976562500000e+03
-6.754884765625000000e+03
-6.751914062500000000e+03
-6.757135742187500000e+03
-6.754755371093750000e+03
-6.755699707031250000e+03
-6.756175781250000000e+03
-6.753475097656250000e+03
-6.747149902343750000e+03
-6.757320800781250000e+03
-6.750582031250000000e+03
-6.753564941406250000e+03
-6.757009765625000000e+03
-6.755099609375000000e+03
-6.753774414062500000e+03
-6.754981445312500000e+03
-6.757150390625000000e+03
-6.755951660156250000e+03
-6.755699218750000000e+03
-6.756674316406250000e+03
-6.753882812500000000e+03
-6.755687988281250000e+03
-6.753259277343750000e+03
-6.753976562500000000e+03
-6.753847656250000000e+03
-6.754519531250000000e+03
-6.754958007812500000e+03
-6.751469726562500000e+03
-6.752738281250000000e+03
-6.756595214843750000e+03
-6.750415039062500000e+03
-6.754295898437500000e+03
-6.755041015625000000e+03
-6.754717285156250000e+03
-6.757349609375000000e+03
-6.757541992187500000e+03
-6.756738281250000000e+03
-6.756762695312500000e+03
-6.755224121093750000e+03
-6.754710449218750000e+03
-6.755390625000000000e+03
-6.753524414062500000e+03
-6.747777343750000000e+03
-6.754826171875000000e+03
-6.755211425781250000e+03
-6.751975585937500000e+03
-6.755458007812500000e+03
-6.752666503906250000e+03
-6.756819824218750000e+03
-6.755770996093750000e+03
-6.751787597656250000e+03
-6.755861328125000000e+03
-6.754958984375000000e+03
-6.754588378906250000e+03
-6.757535156250000000e+03
-6.755729492187500000e+03
-6.750903808593750000e+03
-6.753835449218750000e+03
-6.757151367187500000e+03
-6.749701171875000000e+03
-6.753406250000000000e+03
-6.756566406250000000e+03
-6.755708007812500000e+03
-6.755648925781250000e+03
-6.757440429687500000e+03
-6.754635253906250000e+03
-6.748067871093750000e+03
-6.750737304687500000e+03
-6.755047851562500000e+03
-6.755888183593750000e+03
-6.755260253906250000e+03
-6.755910644531250000e+03
-6.756668945312500000e+03
-6.756292968750000000e+03
-6.754848144531250000e+03
-6.756236816406250000e+03
-6.757562500000000000e+03
-6.754167968750000000e+03
-6.754511718750000000e+03
-6.756087890625000000e+03
-6.753502441406250000e+03
-6.754660156250000000e+03
-6.752174804687500000e+03
-6.753550781250000000e+03
-6.754512695312500000e+03
-6.754874511718750000e+03
-6.755255859375000000e+03
-6.752346679687500000e+03
-6.755294433593750000e+03
-6.757192871093750000e+03
-6.756928710937500000e+03
-6.755000000000000000e+03
-6.755596191406250000e+03
-6.755430664062500000e+03
-6.755374511718750000e+03
-6.747634765625000000e+03
-6.755158203125000000e+03
-6.756452148437500000e+03
-6.755728515625000000e+03
-6.755332519531250000e+03
-6.756191894531250000e+03
-6.754823730468750000e+03
-6.757432128906250000e+03
-6.755502441406250000e+03
-6.753240234375000000e+03
-6.756174804687500000e+03
-6.753748535156250000e+03
-6.752396484375000000e+03
-6.752888183593750000e+03
-6.756543945312500000e+03
-6.757413085937500000e+03
-6.754240722656250000e+03
-6.753928222656250000e+03
-6.756340820312500000e+03
-6.756622070312500000e+03
-6.749985351562500000e+03
-6.754904296875000000e+03
-6.756309570312500000e+03
-6.756635742187500000e+03
-6.752810058593750000e+03
-6.756930664062500000e+03
-6.753760253906250000e+03
-6.751861816406250000e+03
-6.755741210937500000e+03
-6.751955078125000000e+03
-6.743939453125000000e+03
-6.754426269531250000e+03
-6.756015136718750000e+03
-6.753729492187500000e+03
-6.756840820312500000e+03
-6.752405273437500000e+03
-6.755286132812500000e+03
-6.753791992187500000e+03
-6.756237304687500000e+03
-6.756484375000000000e+03
-6.753541503906250000e+03
-6.755895507812500000e+03
-6.753126464843750000e+03
-6.754675292968750000e+03
-6.753764648437500000e+03
-6.756615234375000000e+03
-6.753654296875000000e+03
-6.752110839843750000e+03
-6.757244628906250000e+03
-6.755637207031250000e+03
-6.755747070312500000e+03
-6.753675292968750000e+03
-6.747294433593750000e+03
-6.755118164062500000e+03
-6.753167480468750000e+03
-6.751528808593750000e+03
-6.757169433593750000e+03
-6.754455078125000000e+03
-6.755990722656250000e+03
-6.754677734375000000e+03
-6.752553222656250000e+03
-6.757065917968750000e+03
-6.751596679687500000e+03
-6.750523925781250000e+03
-6.753799316406250000e+03
-6.757549316406250000e+03
-6.756705078125000000e+03
-6.756283691406250000e+03
-6.753381835937500000e+03
-6.756822753906250000e+03
-6.755411132812500000e+03
-6.753382812500000000e+03
-6.753605468750000000e+03
-6.757216308593750000e+03
-6.752415039062500000e+03
-6.750442871093750000e+03
-6.756909179687500000e+03
-6.748805664062500000e+03
-6.755890625000000000e+03
-6.757528808593750000e+03
-6.755199218750000000e+03
-6.753792968750000000e+03
-6.753567871093750000e+03
-6.754594726562500000e+03
-6.751261230468750000e+03
-6.755113281250000000e+03
-6.756333984375000000e+03
-6.751064941406250000e+03
-6.755685546875000000e+03
-6.751416992187500000e+03
-6.754667968750000000e+03
-6.754831054687500000e+03
-6.755115234375000000e+03
-6.755599609375000000e+03
-6.757474609375000000e+03
-6.751866210937500000e+03
-6.754401367187500000e+03
-6.754496093750000000e+03
-6.748325683593750000e+03
-6.756281738281250000e+03
-6.756791992187500000e+03
-6.755594726562500000e+03
-6.756571777343750000e+03
-6.756094238281250000e+03
-6.754829101562500000e+03
-6.755937500000000000e+03
-6.754457519531250000e+03
-6.752752929687500000e+03
-6.756787109375000000e+03
-6.753153320312500000e+03
-6.754078125000000000e+03
-6.756168457031250000e+03
-6.751057128906250000e+03
-6.756811035156250000e+03
-6.756386230468750000e+03
-6.754878906250000000e+03
-6.755468750000000000e+03
-6.753567382812500000e+03
-6.756375976562500000e+03
-6.755103515625000000e+03
-6.755052734375000000e+03
-6.755650390625000000e+03
-6.751946777343750000e+03
-6.754914062500000000e+03
-6.754390136718750000e+03
-6.756328613281250000e+03
-6.753949218750000000e+03
-6.752613281250000000e+03
-6.755143554687500000e+03
-6.755619140625000000e+03
-6.757520507812500000e+03
-6.748250000000000000e+03
-6.756683105468750000e+03
-6.756856933593750000e+03
-6.753594726562500000e+03
-6.756041015625000000e+03
-6.753212402343750000e+03
-6.754786132812500000e+03
-6.756683105468750000e+03
-6.753083984375000000e+03
-6.754208984375000000e+03
-6.755661132812500000e+03
-6.751810546875000000e+03
-6.752569824218750000e+03
-6.754973632812500000e+03
-6.754227539062500000e+03
-6.751812988281250000e+03
-6.757286621093750000e+03
-6.750287109375000000e+03
-6.755286621093750000e+03
-6.753567382812500000e+03
-6.754884765625000000e+03
-6.753763671875000000e+03
-6.750194335937500000e+03
-6.752768066406250000e+03
-6.756263183593750000e+03
-6.755033203125000000e+03
-6.755662109375000000e+03
-6.754343750000000000e+03
-6.754931640625000000e+03
-6.755407226562500000e+03
-6.752989257812500000e+03
-6.756790039062500000e+03
-6.754032226562500000e+03
-6.755361328125000000e+03
-6.756220703125000000e+03
-6.755891601562500000e+03
-6.755646972656250000e+03
-6.754138671875000000e+03
-6.756073730468750000e+03
-6.757057128906250000e+03
-6.754473144531250000e+03
-6.754730957031250000e+03
-6.757395507812500000e+03
-6.753191406250000000e+03
-6.748594726562500000e+03
-6.750968750000000000e+03
-6.756481445312500000e+03
-6.753342773437500000e+03
-6.748607421875000000e+03
-6.756586914062500000e+03
-6.757161132812500000e+03
-6.753168945312500000e+03
-6.755214355468750000e+03
-6.756173828125000000e+03
-6.754637207031250000e+03
-6.756893066406250000e+03
-6.755147949218750000e+03
-6.755643554687500000e+03
-6.755525390625000000e+03
-6.755508300781250000e+03
-6.755067871093750000e+03
-6.751250000000000000e+03
-6.746015625000000000e+03
-6.751534179687500000e+03
-6.756645507812500000e+03
-6.751454101562500000e+03
-6.755370605468750000e+03
-6.753222656250000000e+03
-6.756502441406250000e+03
-6.756923828125000000e+03
-6.756295410156250000e+03
-6.755025390625000000e+03
-6.756541992187500000e+03
-6.756314941406250000e+03
-6.756696777343750000e+03
-6.756013671875000000e+03
-6.754546875000000000e+03
-6.751085937500000000e+03
-6.757352539062500000e+03
-6.755184082031250000e+03
-6.752709960937500000e+03
-6.753470703125000000e+03
-6.756593750000000000e+03
-6.743561035156250000e+03
-6.754304687500000000e+03
-6.755992675781250000e+03
-6.756320312500000000e+03
-6.755850585937500000e+03
-6.752405761718750000e+03
-6.756573730468750000e+03
-6.750147949218750000e+03
-6.755782714843750000e+03
-6.754536621093750000e+03
-6.749483398437500000e+03
-6.755334960937500000e+03
-6.756886718750000000e+03
-6.757006347656250000e+03
-6.755006347656250000e+03
-6.753988769531250000e+03
-6.755941406250000000e+03
-6.755289062500000000e+03
-6.756995117187500000e+03
-6.755881835937500000e+03
-6.754770019531250000e+03
-6.755387207031250000e+03
-6.753976562500000000e+03
-6.756254882812500000e+03
-6.756026367187500000e+03
-6.756062011718750000e+03
-6.749416503906250000e+03
-6.756634765625000000e+03
-6.754860351562500000e+03
-6.752542480468750000e+03
-6.755563964843750000e+03
-6.757206054687500000e+03
-6.755160156250000000e+03
-6.753238769531250000e+03
-6.754529296875000000e+03
-6.750517578125000000e+03
-6.750628906250000000e+03
-6.756777343750000000e+03
-6.753287597656250000e+03
-6.755755371093750000e+03
-6.755500488281250000e+03
-6.757166015625000000e+03
-6.754959960937500000e+03
-6.752877441406250000e+03
-6.753028320312500000e+03
-6.749732421875000000e+03
-6.753309570312500000e+03
-6.755959472656250000e+03
-6.752710937500000000e+03
-6.754520507812500000e+03
-6.753108398437500000e+03
-6.757375976562500000e+03
-6.754285156250000000e+03
-6.756306152343750000e+03
-6.755172851562500000e+03
-6.748747558593750000e+03
-6.754159179687500000e+03
-6.752937500000000000e+03
-6.753594726562500000e+03
-6.752066894531250000e+03
-6.755831542968750000e+03
-6.753935546875000000e+03
-6.746321777343750000e+03
-6.755486816406250000e+03
-6.752420898437500000e+03
-6.757119140625000000e+03
-6.751563476562500000e+03
-6.754804687500000000e+03
-6.751754882812500000e+03
-6.756299804687500000e+03
-6.752055664062500000e+03
-6.753158203125000000e+03
-6.756784667968750000e+03
-6.754527343750000000e+03
-6.755816894531250000e+03
-6.756124023437500000e+03
-6.754241210937500000e+03
-6.754305664062500000e+03
-6.755508789062500000e+03
-6.755609375000000000e+03
-6.754713867187500000e+03
-6.752988769531250000e+03
-6.753967773437500000e+03
-6.752866210937500000e+03
-6.756052734375000000e+03
-6.757357910156250000e+03
-6.750073242187500000e+03
-6.754314941406250000e+03
-6.755330078125000000e+03
-6.753942871093750000e+03
-6.752327148437500000e+03
-6.756118164062500000e+03
-6.751706054687500000e+03
-6.756495117187500000e+03
-6.754373046875000000e+03
-6.749939941406250000e+03
-6.750415039062500000e+03
-6.756660156250000000e+03
-6.755954589843750000e+03
-6.755248046875000000e+03
-6.756251464843750000e+03
-6.751932128906250000e+03
-6.757458984375000000e+03
-6.756556152343750000e+03
-6.755050781250000000e+03
-6.753517578125000000e+03
-6.757527343750000000e+03
-6.756696289062500000e+03
-6.751804687500000000e+03
-6.755837890625000000e+03
-6.756470703125000000e+03
-6.754878906250000000e+03
-6.755989257812500000e+03
-6.749637695312500000e+03
-6.753505859375000000e+03
-6.753829589843750000e+03
-6.757039062500000000e+03
-6.753238281250000000e+03
-6.756822265625000000e+03
-6.753416992187500000e+03
-6.753395507812500000e+03
-6.755548339843750000e+03
-6.756442871093750000e+03
-6.751916992187500000e+03
-6.756680175781250000e+03
-6.755666015625000000e+03
-6.754152343750000000e+03
-6.755393554687500000e+03
-6.756916992187500000e+03
-6.753967773437500000e+03
-6.752471679687500000e+03
-6.749220703125000000e+03
-6.755913085937500000e+03
-6.752777343750000000e+03
-6.756075195312500000e+03
-6.756041015625000000e+03
-6.753347656250000000e+03
-6.753725097656250000e+03
-6.754635742187500000e+03
-6.754293457031250000e+03
-6.755304687500000000e+03
-6.755971679687500000e+03
-6.756016601562500000e+03
-6.748416015625000000e+03
-6.755846679687500000e+03
-6.755483398437500000e+03
-6.754816406250000000e+03
-6.752616210937500000e+03
-6.756704101562500000e+03
-6.752609375000000000e+03
-6.755981445312500000e+03
-6.754326171875000000e+03
-6.749321777343750000e+03
-6.752979492187500000e+03
-6.755399902343750000e+03
-6.750827148437500000e+03
-6.754481933593750000e+03
-6.756184570312500000e+03
-6.756216796875000000e+03
-6.755195312500000000e+03
-6.754867675781250000e+03
-6.753660156250000000e+03
-6.755052734375000000e+03
-6.755354492187500000e+03
-6.749877929687500000e+03
-6.756938476562500000e+03
-6.753395507812500000e+03
-6.753541992187500000e+03
-6.754327148437500000e+03
-6.753024414062500000e+03
-6.754005859375000000e+03
-6.752087890625000000e+03
-6.747591796875000000e+03
-6.751924804687500000e+03
-6.756405273437500000e+03
-6.756514648437500000e+03
-6.756045898437500000e+03
-6.756215820312500000e+03
-6.751303222656250000e+03
-6.757044921875000000e+03
-6.756065917968750000e+03
-6.754144531250000000e+03
-6.755420898437500000e+03
-6.755449218750000000e+03
-6.754329101562500000e+03
-6.752037109375000000e+03
-6.753475097656250000e+03
-6.755117187500000000e+03
-6.751175292968750000e+03
-6.750673828125000000e+03
-6.755740234375000000e+03
-6.751703125000000000e+03
-6.750988769531250000e+03
-6.750896484375000000e+03
-6.757280273437500000e+03
-6.756080078125000000e+03
-6.752733886718750000e+03
-6.756346191406250000e+03
-6.757310546875000000e+03
-6.754747070312500000e+03
-6.753796875000000000e+03
-6.750592773437500000e+03
-6.754409179687500000e+03
-6.754653808593750000e+03
-6.756437011718750000e+03
-6.755272460937500000e+03
-6.757213867187500000e+03
-6.753806640625000000e+03
-6.750993164062500000e+03
-6.755810546875000000e+03
-6.753935546875000000e+03
-6.755840820312500000e+03
-6.755115234375000000e+03
-6.753562011718750000e+03
-6.744562500000000000e+03
-6.751856445312500000e+03
-6.756953125000000000e+03
-6.757122070312500000e+03
-6.755496582031250000e+03
-6.755583984375000000e+03
-6.756053710937500000e+03
-6.756227539062500000e+03
-6.754670898437500000e+03
-6.752249511718750000e+03
-6.753234375000000000e+03
-6.752003417968750000e+03
-6.757102539062500000e+03
-6.755477539062500000e+03
-6.752711914062500000e+03
-6.755772949218750000e+03
-6.753184570312500000e+03
-6.754083984375000000e+03
-6.756698242187500000e+03
-6.755567871093750000e+03
-6.757170898437500000e+03
-6.747713867187500000e+03
-6.754538085937500000e+03
-6.756298828125000000e+03
-6.756278320312500000e+03
-6.753577148437500000e+03
-6.754424316406250000e+03
-6.756931640625000000e+03
-6.753950195312500000e+03
-6.754447265625000000e+03
-6.750991210937500000e+03
-6.750308593750000000e+03
-6.752889160156250000e+03
-6.755962890625000000e+03
-6.755072265625000000e+03
-6.748837402343750000e+03
-6.753913085937500000e+03
-6.752816406250000000e+03
-6.756721191406250000e+03
-6.754104980468750000e+03
-6.756204589843750000e+03
-6.755873046875000000e+03
-6.755716796875000000e+03
-6.754320312500000000e+03
-6.756009765625000000e+03
-6.754789550781250000e+03
-6.756802734375000000e+03
-6.755114746093750000e+03
-6.752599609375000000e+03
-6.756209472656250000e+03
-6.755224121093750000e+03
-6.756601074218750000e+03
-6.755902343750000000e+03
-6.757175292968750000e+03
-6.753712890625000000e+03
-6.754461425781250000e+03
-6.756752929687500000e+03
-6.754870117187500000e+03
-6.755169921875000000e+03
-6.751774414062500000e+03
-6.753550781250000000e+03
-6.753706054687500000e+03
-6.755795410156250000e+03
-6.753939453125000000e+03
-6.754930664062500000e+03
-6.753142578125000000e+03
-6.752783691406250000e+03
-6.752690429687500000e+03
-6.757247070312500000e+03
-6.757309570312500000e+03
-6.755871093750000000e+03
-6.753670898437500000e+03
-6.755770507812500000e+03
-6.756725585937500000e+03
-6.755955078125000000e+03
-6.755818359375000000e+03
-6.755973632812500000e+03
-6.751031250000000000e+03
-6.754511230468750000e+03
-6.752129882812500000e+03
-6.756131347656250000e+03
-6.755684570312500000e+03
-6.756552734375000000e+03
-6.749157714843750000e+03
-6.754084960937500000e+03
-6.753149414062500000e+03
-6.753454101562500000e+03
-6.754722167968750000e+03
-6.753541992187500000e+03
-6.748998046875000000e+03
-6.753114257812500000e+03
-6.749166015625000000e+03
-6.757086914062500000e+03
-6.753991699218750000e+03
-6.756000976562500000e+03
-6.755933105468750000e+03
-6.752518066406250000e+03
-6.753217285156250000e+03
-6.756183105468750000e+03
-6.754351562500000000e+03
-6.754099121093750000e+03
-6.754415039062500000e+03
-6.752199707031250000e+03
-6.757299804687500000e+03
-6.753366210937500000e+03
-6.757245605468750000e+03
-6.755574707031250000e+03
-6.753873046875000000e+03
-6.757019042968750000e+03
-6.751981933593750000e+03
-6.756692382812500000e+03
-6.756195312500000000e+03
-6.757138671875000000e+03
-6.744673828125000000e+03
-6.752749023437500000e+03
-6.752582031250000000e+03
-6.755720214843750000e+03
-6.756581054687500000e+03
-6.754310058593750000e+03
-6.757299804687500000e+03
-6.756521972656250000e+03
-6.752297851562500000e+03
-6.756607910156250000e+03
-6.756627929687500000e+03
-6.750604492187500000e+03
-6.750545898437500000e+03
-6.755343261718750000e+03
-6.756090820312500000e+03
-6.756329101562500000e+03
-6.753646484375000000e+03
-6.755139160156250000e+03
-6.750545410156250000e+03
-6.752968750000000000e+03
-6.757249023437500000e+03
-6.756721679687500000e+03
-6.755854492187500000e+03
-6.752962890625000000e+03
-6.755647949218750000e+03
-6.749959960937500000e+03
-6.756941406250000000e+03
-6.752801269531250000e+03
-6.755433593750000000e+03
-6.752142578125000000e+03
-6.753759277343750000e+03
-6.756335937500000000e+03
-6.749032226562500000e+03
-6.754769531250000000e+03
-6.752750976562500000e+03
-6.752460937500000000e+03
-6.753015136718750000e+03
-6.756879882812500000e+03
-6.756088867187500000e+03
-6.754048828125000000e+03
-6.748951171875000000e+03
-6.751566406250000000e+03
-6.751921875000000000e+03
-6.756011718750000000e+03
-6.757450195312500000e+03
-6.751605468750000000e+03
-6.753380859375000000e+03
-6.751361328125000000e+03
-6.755016113281250000e+03
-6.754830078125000000e+03
-6.757227539062500000e+03
-6.753710937500000000e+03
-6.752658203125000000e+03
-6.756888671875000000e+03
-6.751167968750000000e+03
-6.755901367187500000e+03
-6.755865722656250000e+03
-6.753487304687500000e+03
-6.756908203125000000e+03
-6.755284179687500000e+03
-6.756079589843750000e+03
-6.753697753906250000e+03
-6.748254882812500000e+03
-6.753196289062500000e+03
-6.756937500000000000e+03
-6.755308593750000000e+03
-6.755511230468750000e+03
-6.757258789062500000e+03
-6.752971191406250000e+03
-6.750775390625000000e+03
-6.755737304687500000e+03
-6.756842285156250000e+03
-6.748841796875000000e+03
-6.755483398437500000e+03
-6.756141601562500000e+03
-6.754220703125000000e+03
-6.755234375000000000e+03
-6.754933593750000000e+03
-6.756889648437500000e+03
-6.754168457031250000e+03
-6.754144042968750000e+03
-6.748336914062500000e+03
-6.752548339843750000e+03
-6.754570312500000000e+03
-6.749722656250000000e+03
-6.755604492187500000e+03
-6.755182128906250000e+03
-6.749992187500000000e+03
-6.757059570312500000e+03
-6.755912597656250000e+03
-6.756520019531250000e+03
-6.752485351562500000e+03
-6.755934570312500000e+03
-6.754659179687500000e+03
-6.753939453125000000e+03
-6.754380371093750000e+03
-6.756176757812500000e+03
-6.755536132812500000e+03
-6.757466796875000000e+03
-6.748097656250000000e+03
-6.752927734375000000e+03
-6.756844238281250000e+03
-6.756137207031250000e+03
-6.755164062500000000e+03
-6.755109863281250000e+03
-6.755110351562500000e+03
-6.757315429687500000e+03
-6.756518554687500000e+03
-6.744026855468750000e+03
-6.751039062500000000e+03
-6.750207519531250000e+03
-6.752016113281250000e+03
-6.755015625000000000e+03
-6.753835937500000000e+03
-6.753224609375000000e+03
-6.752256835937500000e+03
-6.756490722656250000e+03
-6.756686523437500000e+03
-6.755946289062500000e+03
-6.753681152343750000e+03
-6.755753906250000000e+03
-6.756694335937500000e+03
-6.755780273437500000e+03
-6.756711914062500000e+03
-6.756936523437500000e+03
-6.753093750000000000e+03
-6.757043945312500000e+03
-6.749505859375000000e+03
-6.755968261718750000e+03
-6.755652343750000000e+03
-6.748355468750000000e+03
-6.755069824218750000e+03
-6.753758789062500000e+03
-6.754734863281250000e+03
-6.748105468750000000e+03
-6.755324218750000000e+03
-6.747279296875000000e+03
-6.755129882812500000e+03
-6.755401367187500000e+03
-6.753595703125000000e+03
-6.752930664062500000e+03
-6.755036621093750000e+03
-6.749092773437500000e+03
-6.757405273437500000e+03
-6.754041992187500000e+03
-6.755631835937500000e+03
-6.747980468750000000e+03
-6.754112792968750000e+03
-6.753953125000000000e+03
-6.757121582031250000e+03
-6.754459960937500000e+03
-6.755028320312500000e+03
-6.755787109375000000e+03
-6.754388671875000000e+03
-6.755803222656250000e+03
-6.754902343750000000e+03
-6.754023925781250000e+03
-6.755971679687500000e+03
-6.754522460937500000e+03
-6.751775390625000000e+03
-6.753663085937500000e+03
-6.754909179687500000e+03
-6.751417968750000000e+03
-6.752034179687500000e+03
-6.756982910156250000e+03
-6.752155273437500000e+03
-6.757190917968750000e+03
-6.755250976562500000e+03
-6.752801757812500000e+03
-6.752696289062500000e+03
-6.751453613281250000e+03
-6.756366210937500000e+03
-6.753065917968750000e+03
-6.755336425781250000e+03
-6.752496582031250000e+03
-6.754674804687500000e+03
-6.756180664062500000e+03
-6.752291992187500000e+03
-6.756180664062500000e+03
-6.756011718750000000e+03
-6.756156250000000000e+03
-6.754453613281250000e+03
-6.757251953125000000e+03
-6.756151367187500000e+03
-6.756878906250000000e+03
-6.750387695312500000e+03
-6.756500000000000000e+03
-6.746732421875000000e+03
-6.755121582031250000e+03
-6.753076171875000000e+03
-6.752288085937500000e+03
-6.751812500000000000e+03
-6.752824218750000000e+03
-6.753476562500000000e+03
-6.753726562500000000e+03
-6.755743164062500000e+03
-6.754911621093750000e+03
-6.754954101562500000e+03
-6.750088867187500000e+03
-6.755638671875000000e+03
-6.751254394531250000e+03
-6.755997070312500000e+03
-6.752769042968750000e+03
-6.753935546875000000e+03
-6.754447265625000000e+03
-6.754745605468750000e+03
-6.751771484375000000e+03
-6.754952636718750000e+03
-6.756270507812500000e+03
-6.754488281250000000e+03
-6.754654296875000000e+03
-6.749684570312500000e+03
-6.756211425781250000e+03
-6.754057617187500000e+03
-6.755262695312500000e+03
-6.748941406250000000e+03
-6.754210937500000000e+03
-6.756846679687500000e+03
-6.756903320312500000e+03
-6.749434570312500000e+03
-6.754739257812500000e+03
-6.751722167968750000e+03
-6.754871093750000000e+03
-6.754236816406250000e+03
-6.747628906250000000e+03
-6.755258789062500000e+03
-6.750850097656250000e+03
-6.752428710937500000e+03
-6.756147460937500000e+03
-6.745560546875000000e+03
-6.755082519531250000e+03
-6.752172851562500000e+03
-6.757293945312500000e+03
-6.756039062500000000e+03
-6.755403320312500000e+03
-6.756772949218750000e+03
-6.755168457031250000e+03
-6.756558105468750000e+03
-6.752458007812500000e+03
-6.756996093750000000e+03
-6.749832031250000000e+03
-6.746909179687500000e+03
-6.755406250000000000e+03
-6.750283203125000000e+03
-6.752220703125000000e+03
-6.753983398437500000e+03
-6.754850585937500000e+03
-6.757331054687500000e+03
-6.756791992187500000e+03
-6.756642578125000000e+03
-6.757258789062500000e+03
-6.751246093750000000e+03
-6.756874023437500000e+03
-6.755416015625000000e+03
-6.754035156250000000e+03
-6.751502929687500000e+03
-6.757399414062500000e+03
-6.755519531250000000e+03
-6.750873535156250000e+03
-6.757048339843750000e+03
-6.755101074218750000e+03
-6.754500976562500000e+03
-6.756500976562500000e+03
-6.754645507812500000e+03
-6.753642089843750000e+03
-6.752535156250000000e+03
-6.754613281250000000e+03
-6.756422363281250000e+03
-6.749746093750000000e+03
-6.755516113281250000e+03
-6.756697265625000000e+03
-6.756167968750000000e+03
-6.756492187500000000e+03
-6.753042968750000000e+03
-6.752166015625000000e+03
-6.751624023437500000e+03
-6.756389160156250000e+03
-6.754562500000000000e+03
-6.753666015625000000e+03
-6.748871093750000000e+03
-6.756728515625000000e+03
-6.753831054687500000e+03
-6.756441406250000000e+03
-6.757424316406250000e+03
-6.755599609375000000e+03
-6.757112792968750000e+03
-6.756483398437500000e+03
-6.756980468750000000e+03
-6.756660156250000000e+03
-6.754520507812500000e+03
-6.754399414062500000e+03
-6.756897460937500000e+03
-6.755159179687500000e+03
-6.753778320312500000e+03
-6.752893066406250000e+03
-6.751988281250000000e+03
-6.750172851562500000e+03
-6.755844238281250000e+03
-6.753156250000000000e+03
-6.755598144531250000e+03
-6.752547851562500000e+03
-6.753641601562500000e+03
-6.756008789062500000e+03
-6.755129882812500000e+03
-6.754872558593750000e+03
-6.749138183593750000e+03
-6.756206542968750000e+03
-6.754389648437500000e+03
-6.748807617187500000e+03
-6.753773925781250000e+03
-6.756208007812500000e+03
-6.754300781250000000e+03
-6.756705078125000000e+03
-6.754306640625000000e+03
-6.753949218750000000e+03
-6.755683105468750000e+03
-6.756799804687500000e+03
-6.751472167968750000e+03
-6.755839843750000000e+03
-6.755033203125000000e+03
-6.755494140625000000e+03
-6.751982910156250000e+03
-6.752872070312500000e+03
-6.754330566406250000e+03
-6.755311035156250000e+03
-6.751480468750000000e+03
-6.756641113281250000e+03
-6.755650878906250000e+03
-6.755519531250000000e+03
-6.755644531250000000e+03
-6.751325195312500000e+03
-6.753346191406250000e+03
-6.755893554687500000e+03
-6.757452148437500000e+03
-6.753296386718750000e+03
-6.755095214843750000e+03
-6.755847656250000000e+03
-6.751225585937500000e+03
-6.757159667968750000e+03
-6.757378906250000000e+03
-6.749831054687500000e+03
-6.754926757812500000e+03
-6.757402343750000000e+03
-6.757146972656250000e+03
-6.756000000000000000e+03
-6.753693847656250000e+03
-6.752850585937500000e+03
-6.755918945312500000e+03
-6.755392089843750000e+03
-6.756824218750000000e+03
-6.753466796875000000e+03
-6.754559570312500000e+03
-6.753875000000000000e+03
-6.755541992187500000e+03
-6.752375976562500000e+03
-6.753104492187500000e+03
-6.756153320312500000e+03
-6.756690429687500000e+03
-6.756071289062500000e+03
-6.756347167968750000e+03
-6.755306640625000000e+03
-6.756230468750000000e+03
-6.754389648437500000e+03
-6.754346191406250000e+03
-6.756478515625000000e+03
-6.756304687500000000e+03
-6.751818359375000000e+03
-6.756402343750000000e+03
-6.751254882812500000e+03
-6.753562500000000000e+03
-6.754718750000000000e+03
-6.753346191406250000e+03
-6.753119140625000000e+03
-6.749453125000000000e+03
-6.754808593750000000e+03
-6.754937011718750000e+03
-6.751513671875000000e+03
-6.755671875000000000e+03
-6.753667968750000000e+03
-6.753417968750000000e+03
-6.752175781250000000e+03
-6.753776855468750000e+03
-6.754865234375000000e+03
-6.756365234375000000e+03
-6.752026855468750000e+03
-6.750614746093750000e+03
-6.754692382812500000e+03
-6.756932617187500000e+03
-6.756376953125000000e+03
-6.755950195312500000e+03
-6.756717285156250000e+03
-6.751272460937500000e+03
-6.757495117187500000e+03
-6.749157226562500000e+03
-6.749471191406250000e+03
-6.751799316406250000e+03
-6.751760253906250000e+03
-6.757146484375000000e+03
-6.748650878906250000e+03
-6.750796386718750000e+03
-6.753898437500000000e+03
-6.754722656250000000e+03
-6.755335449218750000e+03
-6.755522460937500000e+03
-6.754452148437500000e+03
-6.754956054687500000e+03
-6.757362792968750000e+03
-6.755230957031250000e+03
-6.755032714843750000e+03
-6.747195312500000000e+03
-6.755141113281250000e+03
-6.755062500000000000e+03
-6.757269042968750000e+03
-6.757285644531250000e+03
-6.755434570312500000e+03
-6.754807128906250000e+03
-6.756604492187500000e+03
-6.754960449218750000e+03
-6.755612792968750000e+03
-6.752224609375000000e+03
-6.745953125000000000e+03
-6.755342285156250000e+03
-6.753207031250000000e+03
-6.753277343750000000e+03
-6.755615234375000000e+03
-6.754463867187500000e+03
-6.753892578125000000e+03
-6.756445800781250000e+03
-6.754003417968750000e+03
-6.754346679687500000e+03
-6.754564453125000000e+03
-6.753920898437500000e+03
-6.755176757812500000e+03
-6.752496582031250000e+03
-6.754112304687500000e+03
-6.755775878906250000e+03
-6.751996093750000000e+03
-6.756882812500000000e+03
-6.755418945312500000e+03
-6.752648437500000000e+03
-6.752129882812500000e+03
-6.755974121093750000e+03
-6.749890625000000000e+03
-6.750883789062500000e+03
-6.749144531250000000e+03
-6.757175292968750000e+03
-6.756049316406250000e+03
-6.754895507812500000e+03
-6.757505371093750000e+03
-6.755381835937500000e+03
-6.755657226562500000e+03
-6.755933593750000000e+03
-6.756226562500000000e+03
-6.756345214843750000e+03
-6.756667480468750000e+03
-6.756696289062500000e+03
-6.755492187500000000e+03
-6.752869628906250000e+03
-6.750809570312500000e+03
-6.754740234375000000e+03
-6.753958984375000000e+03
-6.757361816406250000e+03
-6.752458496093750000e+03
-6.755940429687500000e+03
-6.754369628906250000e+03
-6.750765136718750000e+03
-6.754870117187500000e+03
-6.755698730468750000e+03
-6.757439453125000000e+03
-6.755186523437500000e+03
-6.756989257812500000e+03
-6.755871093750000000e+03
-6.752710937500000000e+03
-6.754488281250000000e+03
-6.756580078125000000e+03
-6.753963867187500000e+03
-6.755555175781250000e+03
-6.754175781250000000e+03
-6.756042480468750000e+03
-6.757075195312500000e+03
-6.754865234375000000e+03
-6.749390136718750000e+03
-6.757130859375000000e+03
-6.750926269531250000e+03
-6.755519531250000000e+03
-6.756645996093750000e+03
-6.755164062500000000e+03
-6.756110351562500000e+03
-6.754963378906250000e+03
-6.755512695312500000e+03
-6.755411621093750000e+03
-6.753833984375000000e+03
-6.756635742187500000e+03
-6.755421386718750000e+03
-6.755123535156250000e+03
-6.744600585937500000e+03
-6.756210937500000000e+03
-6.756098632812500000e+03
-6.756528320312500000e+03
-6.754683593750000000e+03
-6.754085937500000000e+03
-6.756993652343750000e+03
-6.756575195312500000e+03
-6.752419433593750000e+03
-6.755931152343750000e+03
-6.756932617187500000e+03
-6.754929687500000000e+03
-6.755306640625000000e+03
-6.756730468750000000e+03
-6.756771972656250000e+03
-6.755795898437500000e+03
-6.744637695312500000e+03
-6.752832519531250000e+03
-6.754069335937500000e+03
-6.756312500000000000e+03
-6.756654296875000000e+03
-6.753959472656250000e+03
-6.755229003906250000e+03
-6.755481445312500000e+03
-6.752623046875000000e+03
-6.755308105468750000e+03
-6.753166992187500000e+03
-6.756229492187500000e+03
-6.756081054687500000e+03
-6.755308593750000000e+03
-6.754254394531250000e+03
-6.756541015625000000e+03
-6.748279296875000000e+03
-6.753637695312500000e+03
-6.755796875000000000e+03
-6.753905761718750000e+03
-6.754070312500000000e+03
-6.756382812500000000e+03
-6.755111328125000000e+03
-6.745511718750000000e+03
-6.753323242187500000e+03
-6.754799804687500000e+03
-6.755309570312500000e+03
-6.744949218750000000e+03
-6.755000976562500000e+03
-6.757559570312500000e+03
-6.755846679687500000e+03
-6.754493164062500000e+03
-6.755777832031250000e+03
-6.753571289062500000e+03
-6.753726562500000000e+03
-6.756002929687500000e+03
-6.756739257812500000e+03
-6.753039062500000000e+03
-6.755177246093750000e+03
-6.753173339843750000e+03
-6.754833007812500000e+03
-6.757047851562500000e+03
-6.751064941406250000e+03
-6.756902832031250000e+03
-6.756299316406250000e+03
-6.756570800781250000e+03
-6.751033203125000000e+03
-6.751951660156250000e+03
-6.757121093750000000e+03
-6.754614746093750000e+03
-6.753028320312500000e+03
-6.746284179687500000e+03
-6.753173339843750000e+03
-6.754505859375000000e+03
-6.756991210937500000e+03
-6.754389648437500000e+03
-6.756974121093750000e+03
-6.757311035156250000e+03
-6.755501464843750000e+03
-6.753150878906250000e+03
-6.752753906250000000e+03
-6.748055664062500000e+03
-6.749350097656250000e+03
-6.753546875000000000e+03
-6.748481933593750000e+03
-6.754378906250000000e+03
-6.756836914062500000e+03
-6.755114257812500000e+03
-6.757402343750000000e+03
-6.748229492187500000e+03
-6.756541992187500000e+03
-6.755655761718750000e+03
-6.756485351562500000e+03
-6.757318359375000000e+03
-6.752818847656250000e+03
-6.755754882812500000e+03
-6.753075683593750000e+03
-6.757007324218750000e+03
-6.749831054687500000e+03
-6.753359375000000000e+03
-6.753690429687500000e+03
-6.756139648437500000e+03
-6.750479492187500000e+03
-6.756196777343750000e+03
-6.754986328125000000e+03
-6.756027343750000000e+03
-6.750784179687500000e+03
-6.757076171875000000e+03
-6.752852539062500000e+03
-6.755336914062500000e+03
-6.755013671875000000e+03
-6.754979003906250000e+03
-6.753055664062500000e+03
-6.755581054687500000e+03
-6.747104492187500000e+03
-6.756713867187500000e+03
-6.754707031250000000e+03
-6.755727539062500000e+03
-6.754054687500000000e+03
-6.753465820312500000e+03
-6.757195800781250000e+03
-6.751755859375000000e+03
-6.748597656250000000e+03
-6.751543945312500000e+03
-6.755941406250000000e+03
-6.752283691406250000e+03
-6.755663085937500000e+03
-6.755346191406250000e+03
-6.753572265625000000e+03
-6.751568359375000000e+03
-6.756168945312500000e+03
-6.757051757812500000e+03
-6.754722656250000000e+03
-6.756807617187500000e+03
-6.753284667968750000e+03
-6.752948730468750000e+03
-6.751367187500000000e+03
-6.750143066406250000e+03
-6.755499023437500000e+03
-6.753573242187500000e+03
-6.754895507812500000e+03
-6.749200195312500000e+03
-6.756188964843750000e+03
-6.757263183593750000e+03
-6.753935058593750000e+03
-6.750408203125000000e+03
-6.756332031250000000e+03
-6.756514648437500000e+03
-6.755086914062500000e+03
-6.756892578125000000e+03
-6.755960449218750000e+03
-6.754909179687500000e+03
-6.757032226562500000e+03
-6.757453125000000000e+03
-6.751029296875000000e+03
-6.757062988281250000e+03
-6.754721191406250000e+03
-6.752868164062500000e+03
-6.746068359375000000e+03
-6.750546875000000000e+03
-6.754804199218750000e+03
-6.753556640625000000e+03
-6.755708984375000000e+03
-6.753483398437500000e+03
-6.755562500000000000e+03
-6.756765136718750000e+03
-6.751286132812500000e+03
-6.754654296875000000e+03
-6.754096191406250000e+03
-6.754361328125000000e+03
-6.754432128906250000e+03
-6.757437500000000000e+03
-6.756500000000000000e+03
-6.755978027343750000e+03
-6.755570800781250000e+03
-6.755580566406250000e+03
-6.756642578125000000e+03
-6.755125000000000000e+03
-6.757371093750000000e+03
-6.755553222656250000e+03
-6.754367187500000000e+03
-6.756002929687500000e+03
-6.753224609375000000e+03
-6.750147949218750000e+03
-6.756038085937500000e+03
-6.752111328125000000e+03
-6.754251953125000000e+03
-6.755527832031250000e+03
-6.752777343750000000e+03
-6.755861328125000000e+03
-6.752607421875000000e+03
-6.755873046875000000e+03
-6.755270019531250000e+03
-6.754100585937500000e+03
-6.754972167968750000e+03
-6.753952148437500000e+03
-6.755363769531250000e+03
-6.749918945312500000e+03
-6.753962402343750000e+03
-6.756302246093750000e+03
-6.755789062500000000e+03
-6.753506347656250000e+03
-6.756467285156250000e+03
-6.755883789062500000e+03
-6.754729980468750000e+03
-6.756541015625000000e+03
-6.752888671875000000e+03
-6.755077148437500000e+03
-6.755876953125000000e+03
-6.756070312500000000e+03
-6.756894531250000000e+03
-6.750933105468750000e+03
-6.754779296875000000e+03
-6.757348632812500000e+03
-6.756626953125000000e+03
-6.756962890625000000e+03
-6.754693359375000000e+03
-6.754234863281250000e+03
-6.755062011718750000e+03
-6.755337890625000000e+03
-6.747329589843750000e+03
-6.756378417968750000e+03
-6.756185546875000000e+03
-6.756066894531250000e+03
-6.755165527343750000e+03
-6.755319824218750000e+03
-6.753417968750000000e+03
-6.751961914062500000e+03
-6.756837402343750000e+03
-6.754890625000000000e+03
-6.756884277343750000e+03
-6.752870117187500000e+03
-6.754187500000000000e+03
-6.749452148437500000e+03
-6.754905273437500000e+03
-6.752698242187500000e+03
-6.752438476562500000e+03
-6.754246093750000000e+03
-6.753430175781250000e+03
-6.753717285156250000e+03
-6.753002929687500000e+03
-6.756286132812500000e+03
-6.755976562500000000e+03
-6.755870605468750000e+03
-6.753907226562500000e+03
-6.753832031250000000e+03
-6.756582031250000000e+03
-6.753176757812500000e+03
-6.756409179687500000e+03
-6.755422851562500000e+03
-6.753016601562500000e+03
-6.752375000000000000e+03
-6.756531250000000000e+03
-6.754590332031250000e+03
-6.755681640625000000e+03
-6.755943359375000000e+03
-6.751473144531250000e+03
-6.756041992187500000e+03
-6.757286132812500000e+03
-6.752793945312500000e+03
-6.754874511718750000e+03
-6.754461914062500000e+03
-6.746033691406250000e+03
-6.753676269531250000e+03
-6.753857421875000000e+03
-6.754097656250000000e+03
-6.755870117187500000e+03
-6.757300781250000000e+03
-6.755865234375000000e+03
-6.754420898437500000e+03
-6.748850585937500000e+03
-6.753883300781250000e+03
-6.755107910156250000e+03
-6.750755371093750000e+03
-6.755001464843750000e+03
-6.755641601562500000e+03
-6.755042968750000000e+03
-6.755341796875000000e+03
-6.754578125000000000e+03
-6.755521484375000000e+03
-6.751224609375000000e+03
-6.754453125000000000e+03
-6.754463867187500000e+03
-6.754479492187500000e+03
-6.754243164062500000e+03
-6.753000000000000000e+03
-6.755691406250000000e+03
-6.752608886718750000e+03
-6.748780273437500000e+03
-6.753299804687500000e+03
-6.757451171875000000e+03
-6.754809570312500000e+03
-6.756790039062500000e+03
-6.755506347656250000e+03
-6.757304687500000000e+03
-6.754967285156250000e+03
-6.751161132812500000e+03
-6.750042480468750000e+03
-6.740184570312500000e+03
-6.752304199218750000e+03
-6.754104003906250000e+03
-6.752887695312500000e+03
-6.754068359375000000e+03
-6.756675781250000000e+03
-6.754733398437500000e+03
-6.757228515625000000e+03
-6.754267578125000000e+03
-6.751815917968750000e+03
-6.755997070312500000e+03
-6.753406250000000000e+03
-6.751088867187500000e+03
-6.755103027343750000e+03
-6.754796875000000000e+03
-6.755509765625000000e+03
-6.755735839843750000e+03
-6.755249023437500000e+03
-6.752477050781250000e+03
-6.755930175781250000e+03
-6.756342773437500000e+03
-6.750394531250000000e+03
-6.755767089843750000e+03
-6.751521484375000000e+03
-6.755852050781250000e+03
-6.756923828125000000e+03
-6.754311035156250000e+03
-6.756081054687500000e+03
-6.753362792968750000e+03
-6.756336914062500000e+03
-6.754032226562500000e+03
-6.756039062500000000e+03
-6.751039062500000000e+03
-6.754304199218750000e+03
-6.756266601562500000e+03
-6.753581054687500000e+03
-6.753333984375000000e+03
-6.756176757812500000e+03
-6.754842285156250000e+03
-6.756970703125000000e+03
-6.754881835937500000e+03
-6.750139648437500000e+03
-6.755094238281250000e+03
-6.756398437500000000e+03
-6.747077148437500000e+03
-6.753440917968750000e+03
-6.749455078125000000e+03
-6.756313476562500000e+03
-6.753407714843750000e+03
-6.754716796875000000e+03
-6.755250000000000000e+03
-6.756674804687500000e+03
-6.750244140625000000e+03
-6.755810546875000000e+03
-6.751659179687500000e+03
-6.754699218750000000e+03
-6.751084472656250000e+03
-6.751128417968750000e+03
-6.757134765625000000e+03
-6.757023437500000000e+03
-6.755576171875000000e+03
-6.751983398437500000e+03
-6.756091308593750000e+03
-6.754490722656250000e+03
-6.754019042968750000e+03
-6.756133789062500000e+03
-6.756250976562500000e+03
-6.750140625000000000e+03
-6.748805175781250000e+03
-6.757530273437500000e+03
-6.755354980468750000e+03
-6.754358398437500000e+03
-6.755139160156250000e+03
-6.756634765625000000e+03
-6.752280761718750000e+03
-6.754991210937500000e+03
-6.753247070312500000e+03
-6.756358398437500000e+03
-6.751383300781250000e+03
-6.753000488281250000e+03
-6.754808105468750000e+03
-6.746982910156250000e+03
-6.751521484375000000e+03
-6.756120117187500000e+03
-6.755858886718750000e+03
-6.756184570312500000e+03
-6.756160156250000000e+03
-6.754426757812500000e+03
-6.755507812500000000e+03
-6.754777343750000000e+03
-6.756739257812500000e+03
-6.755847167968750000e+03
-6.755763183593750000e+03
-6.754295898437500000e+03
-6.756660156250000000e+03
-6.756754882812500000e+03
-6.756696289062500000e+03
-6.753498046875000000e+03
-6.751572265625000000e+03
-6.755468750000000000e+03
-6.752889160156250000e+03
-6.754545410156250000e+03
-6.754759765625000000e+03
-6.754663085937500000e+03
-6.753284179687500000e+03
-6.753602539062500000e+03
-6.755351562500000000e+03
-6.756718261718750000e+03
-6.755568847656250000e+03
-6.754309570312500000e+03
-6.753616210937500000e+03
-6.755600585937500000e+03
-6.756194824218750000e+03
-6.756750000000000000e+03
-6.756274902343750000e+03
-6.752160644531250000e+03
-6.755254882812500000e+03
-6.750334960937500000e+03
-6.756573242187500000e+03
-6.757617187500000000e+03
-6.754583007812500000e+03
-6.756092773437500000e+03
-6.748538574218750000e+03
-6.754122558593750000e+03
-6.756043945312500000e+03
-6.754879882812500000e+03
-6.755870117187500000e+03
-6.754152343750000000e+03
-6.751413085937500000e+03
-6.755867187500000000e+03
-6.748730468750000000e+03
-6.749308105468750000e+03
-6.754900390625000000e+03
-6.752227539062500000e+03
-6.757603515625000000e+03
-6.756622558593750000e+03
-6.754213867187500000e+03
-6.756293945312500000e+03
-6.755589355468750000e+03
-6.756158203125000000e+03
-6.750114257812500000e+03
-6.752218750000000000e+03
-6.755349609375000000e+03
-6.757074218750000000e+03
-6.755965820312500000e+03
-6.753561523437500000e+03
-6.755315429687500000e+03
-6.756312500000000000e+03
-6.754708496093750000e+03
-6.756237304687500000e+03
-6.756581054687500000e+03
-6.756091796875000000e+03
-6.752791015625000000e+03
-6.755482421875000000e+03
-6.755372070312500000e+03
-6.755442382812500000e+03
-6.757586425781250000e+03
-6.757390625000000000e+03
-6.747534179687500000e+03
-6.748879882812500000e+03
-6.746625488281250000e+03
-6.753301269531250000e+03
-6.754224609375000000e+03
-6.753970214843750000e+03
-6.754595703125000000e+03
-6.755398437500000000e+03
-6.756331542968750000e+03
-6.756440917968750000e+03
-6.752191894531250000e+03
-6.756249511718750000e+03
-6.756242187500000000e+03
-6.756086914062500000e+03
-6.756499511718750000e+03
-6.755541015625000000e+03
-6.755847167968750000e+03
-6.756659667968750000e+03
-6.756212890625000000e+03
-6.754079589843750000e+03
-6.750447265625000000e+03
-6.753634765625000000e+03
-6.755965332031250000e+03
-6.755939453125000000e+03
-6.755042480468750000e+03
-6.755338867187500000e+03
-6.752529785156250000e+03
-6.755897460937500000e+03
-6.757037109375000000e+03
-6.756814453125000000e+03
-6.752008789062500000e+03
-6.754770507812500000e+03
-6.757519531250000000e+03
-6.755748535156250000e+03
-6.754267578125000000e+03
-6.755325195312500000e+03
-6.749666015625000000e+03
-6.749652343750000000e+03
-6.755049804687500000e+03
-6.753950195312500000e+03
-6.751844726562500000e+03
-6.755970703125000000e+03
-6.755326171875000000e+03
-6.755520507812500000e+03
-6.753190917968750000e+03
-6.756198242187500000e+03
-6.756086914062500000e+03
-6.747190429687500000e+03
-6.754998535156250000e+03
-6.755756347656250000e+03
-6.757023925781250000e+03
-6.746353515625000000e+03
-6.754994140625000000e+03
-6.754442382812500000e+03
-6.752488769531250000e+03
-6.752001953125000000e+03
-6.757180664062500000e+03
-6.755291015625000000e+03
-6.755475585937500000e+03
-6.754888671875000000e+03
-6.753973144531250000e+03
-6.756956542968750000e+03
-6.756991210937500000e+03
-6.750649902343750000e+03
-6.753674316406250000e+03
-6.755454589843750000e+03
-6.753632812500000000e+03
-6.751166503906250000e+03
-6.757052734375000000e+03
-6.756332519531250000e+03
-6.754282226562500000e+03
-6.748691406250000000e+03
-6.755578125000000000e+03
-6.755423828125000000e+03
-6.756857910156250000e+03
-6.754099609375000000e+03
-6.757246582031250000e+03
-6.754658203125000000e+03
-6.755853515625000000e+03
-6.752236328125000000e+03
-6.747339355468750000e+03
-6.756282226562500000e+03
-6.754841308593750000e+03
-6.754179687500000000e+03
-6.752462890625000000e+03
-6.757125000000000000e+03
-6.755917968750000000e+03
-6.754691894531250000e+03
-6.756605468750000000e+03
-6.756639160156250000e+03
-6.756456542968750000e+03
-6.754456054687500000e+03
-6.754950195312500000e+03
-6.754418945312500000e+03
-6.755562500000000000e+03
-6.754773437500000000e+03
-6.753904296875000000e+03
-6.756430664062500000e+03
-6.747595703125000000e+03
-6.750370605468750000e+03
-6.755234375000000000e+03
-6.755394531250000000e+03
-6.756914062500000000e+03
-6.752818359375000000e+03
-6.754856445312500000e+03
-6.756383789062500000e+03
-6.754373046875000000e+03
-6.752420898437500000e+03
-6.756934570312500000e+03
-6.753706054687500000e+03
-6.753407714843750000e+03
-6.753769531250000000e+03
-6.752781738281250000e+03
-6.749529296875000000e+03
-6.755001953125000000e+03
-6.752724609375000000e+03
-6.755713378906250000e+03
-6.752983398437500000e+03
-6.753688476562500000e+03
-6.753927734375000000e+03
-6.757396484375000000e+03
-6.757160156250000000e+03
-6.754587890625000000e+03
-6.749580078125000000e+03
-6.756116210937500000e+03
-6.757078125000000000e+03
-6.752432617187500000e+03
-6.755750000000000000e+03
-6.753212402343750000e+03
-6.752964843750000000e+03
-6.756741210937500000e+03
-6.753080078125000000e+03
-6.755481933593750000e+03
-6.754609375000000000e+03
-6.752702148437500000e+03
-6.756065429687500000e+03
-6.754503906250000000e+03
-6.754111328125000000e+03
-6.749595214843750000e+03
-6.755989257812500000e+03
-6.755395019531250000e+03
-6.757320312500000000e+03
-6.756862792968750000e+03
-6.754274414062500000e+03
-6.755693359375000000e+03
-6.756124511718750000e+03
-6.757025878906250000e+03
-6.755033203125000000e+03
-6.757071777343750000e+03
-6.752228515625000000e+03
-6.754940429687500000e+03
-6.757247070312500000e+03
-6.752342773437500000e+03
-6.754622070312500000e+03
-6.752166992187500000e+03
-6.752775390625000000e+03
-6.755547851562500000e+03
-6.756426757812500000e+03
-6.751350585937500000e+03
-6.751298828125000000e+03
-6.757078125000000000e+03
-6.754256347656250000e+03
-6.754823242187500000e+03
-6.753581054687500000e+03
-6.756684082031250000e+03
-6.749665039062500000e+03
-6.754216796875000000e+03
-6.755371093750000000e+03
-6.755660644531250000e+03
-6.755868652343750000e+03
-6.755193359375000000e+03
-6.755327148437500000e+03
-6.757114257812500000e+03
-6.756655273437500000e+03
-6.754374023437500000e+03
-6.755304687500000000e+03
-6.751810546875000000e+03
-6.754830078125000000e+03
-6.757488281250000000e+03
-6.754437500000000000e+03
-6.757000976562500000e+03
-6.754627929687500000e+03
-6.754570312500000000e+03
-6.753521484375000000e+03
-6.754351562500000000e+03
-6.755101074218750000e+03
-6.755084960937500000e+03
-6.756034179687500000e+03
-6.756071289062500000e+03
-6.755444824218750000e+03
-6.753870605468750000e+03
-6.755531250000000000e+03
-6.756041015625000000e+03
-6.756286132812500000e+03
-6.755057617187500000e+03
-6.753889648437500000e+03
-6.755596191406250000e+03
-6.751730468750000000e+03
-6.755088378906250000e+03
-6.749701171875000000e+03
-6.755590820312500000e+03
-6.753729003906250000e+03
-6.755632324218750000e+03
-6.753891113281250000e+03
-6.756360839843750000e+03
-6.755176757812500000e+03
-6.757117187500000000e+03
-6.750608398437500000e+03
-6.750342773437500000e+03
-6.756208496093750000e+03
-6.755744140625000000e+03
-6.755571289062500000e+03
-6.755624511718750000e+03
-6.755884765625000000e+03
-6.755126953125000000e+03
-6.754324707031250000e+03
-6.754833007812500000e+03
-6.757038085937500000e+03
-6.756871582031250000e+03
-6.755176269531250000e+03
-6.751513671875000000e+03
-6.756304687500000000e+03
-6.752787109375000000e+03
-6.750154785156250000e+03
-6.752327148437500000e+03
-6.751408203125000000e+03
-6.754834472656250000e+03
-6.755396484375000000e+03
-6.754532226562500000e+03
-6.755431640625000000e+03
-6.753319335937500000e+03
-6.754777343750000000e+03
-6.755479492187500000e+03
-6.754508789062500000e+03
-6.753336425781250000e+03
-6.750349609375000000e+03
-6.753616210937500000e+03
-6.753112304687500000e+03
-6.751050292968750000e+03
-6.753971679687500000e+03
-6.755258789062500000e+03
-6.756291015625000000e+03
-6.755059570312500000e+03
-6.756304199218750000e+03
-6.754800781250000000e+03
-6.756771484375000000e+03
-6.754819335937500000e+03
-6.754953613281250000e+03
-6.756075195312500000e+03
-6.748616699218750000e+03
-6.755846679687500000e+03
-6.756414062500000000e+03
-6.754606445312500000e+03
-6.754576171875000000e+03
-6.755083007812500000e+03
-6.754575195312500000e+03
-6.755402343750000000e+03
-6.756705078125000000e+03
-6.751308593750000000e+03
-6.754132324218750000e+03
-6.756758789062500000e+03
-6.754577636718750000e+03
-6.754976562500000000e+03
-6.754570312500000000e+03
-6.754348632812500000e+03
-6.756439453125000000e+03
-6.750393066406250000e+03
-6.755285156250000000e+03
-6.753603027343750000e+03
-6.746485351562500000e+03
-6.756179687500000000e+03
-6.754004882812500000e+03
-6.755810058593750000e+03
-6.756330078125000000e+03
-6.752320312500000000e+03
-6.753812500000000000e+03
-6.750102539062500000e+03
-6.753719726562500000e+03
-6.753762207031250000e+03
-6.751045410156250000e+03
-6.753251953125000000e+03
-6.757181640625000000e+03
-6.756360351562500000e+03
-6.754930664062500000e+03
-6.757367187500000000e+03
-6.754518066406250000e+03
-6.752383789062500000e+03
-6.753841308593750000e+03
-6.754796386718750000e+03
-6.755473632812500000e+03
-6.755395507812500000e+03
-6.755116699218750000e+03
-6.755489257812500000e+03
-6.756198242187500000e+03
-6.751287109375000000e+03
-6.756036621093750000e+03
-6.756957519531250000e+03
-6.751918945312500000e+03
-6.755419921875000000e+03
-6.756143066406250000e+03
-6.757387695312500000e+03
-6.755861328125000000e+03
-6.749461425781250000e+03
-6.757116210937500000e+03
-6.752512695312500000e+03
-6.754745605468750000e+03
-6.754599609375000000e+03
-6.746743164062500000e+03
-6.754712402343750000e+03
-6.756833984375000000e+03
-6.756763183593750000e+03
-6.752448242187500000e+03
-6.755178710937500000e+03
-6.751028320312500000e+03
-6.755481445312500000e+03
-6.755338867187500000e+03
-6.746598632812500000e+03
-6.754101562500000000e+03
-6.756469238281250000e+03
-6.756780273437500000e+03
-6.755210937500000000e+03
-6.745803710937500000e+03
-6.757069335937500000e+03
-6.756548828125000000e+03
-6.756360351562500000e+03
-6.754446289062500000e+03
-6.753964355468750000e+03
-6.753390625000000000e+03
-6.755551757812500000e+03
-6.755478515625000000e+03
-6.751918945312500000e+03
-6.751996093750000000e+03
-6.755169433593750000e+03
-6.755069824218750000e+03
-6.756572265625000000e+03
-6.753430664062500000e+03
-6.756185546875000000e+03
-6.751023437500000000e+03
-6.756255859375000000e+03
-6.754805664062500000e+03
-6.751002929687500000e+03
-6.755247070312500000e+03
-6.755463867187500000e+03
-6.749997070312500000e+03
-6.754586425781250000e+03
-6.753412597656250000e+03
-6.753567382812500000e+03
-6.750260253906250000e+03
-6.754590820312500000e+03
-6.755909667968750000e+03
-6.753745117187500000e+03
-6.756099609375000000e+03
-6.756234375000000000e+03
-6.756925781250000000e+03
-6.753566406250000000e+03
-6.755995117187500000e+03
-6.755539062500000000e+03
-6.752911132812500000e+03
-6.756073730468750000e+03
-6.755478027343750000e+03
-6.756386718750000000e+03
-6.749389648437500000e+03
-6.755949218750000000e+03
-6.756025878906250000e+03
-6.753803710937500000e+03
-6.756092773437500000e+03
-6.749693359375000000e+03
-6.755781738281250000e+03
-6.748535156250000000e+03
-6.755753906250000000e+03
-6.746127929687500000e+03
-6.749845214843750000e+03
-6.756417480468750000e+03
-6.753759765625000000e+03
-6.755771484375000000e+03
-6.754342773437500000e+03
-6.757024414062500000e+03
-6.754024414062500000e+03
-6.755230468750000000e+03
-6.754580078125000000e+03
-6.752966796875000000e+03
-6.753104980468750000e+03
-6.757007812500000000e+03
-6.756375976562500000e+03
-6.755403808593750000e+03
-6.753528808593750000e+03
-6.753000000000000000e+03
-6.755480468750000000e+03
-6.757067382812500000e+03
-6.757057617187500000e+03
-6.753059570312500000e+03
-6.755828125000000000e+03
-6.749543945312500000e+03
-6.753968261718750000e+03
-6.751569824218750000e+03
-6.753790527343750000e+03
-6.752043457031250000e+03
-6.755379394531250000e+03
-6.753105957031250000e+03
-6.749879882812500000e+03
-6.757160644531250000e+03
-6.754252929687500000e+03
-6.753192382812500000e+03
-6.756662109375000000e+03
-6.754114746093750000e+03
-6.754762207031250000e+03
-6.754813476562500000e+03
-6.753413085937500000e+03
-6.754687988281250000e+03
-6.749648925781250000e+03
-6.754007812500000000e+03
-6.751470703125000000e+03
-6.755997070312500000e+03
-6.751770507812500000e+03
-6.749883789062500000e+03
-6.755629394531250000e+03
-6.756480957031250000e+03
-6.755596191406250000e+03
-6.756277343750000000e+03
-6.754783203125000000e+03
-6.753893066406250000e+03
-6.752194335937500000e+03
-6.751593750000000000e+03
-6.757216796875000000e+03
-6.753464843750000000e+03
-6.756873046875000000e+03
-6.749591796875000000e+03
-6.755222167968750000e+03
-6.753448242187500000e+03
-6.756665039062500000e+03
-6.757141601562500000e+03
-6.757132812500000000e+03
-6.754760253906250000e+03
-6.757631347656250000e+03
-6.751910156250000000e+03
-6.757445312500000000e+03
-6.754361328125000000e+03
-6.756500976562500000e+03
-6.756909179687500000e+03
-6.754159179687500000e+03
-6.751895507812500000e+03
-6.755519042968750000e+03
-6.751641601562500000e+03
-6.755500488281250000e+03
-6.753179199218750000e+03
-6.755729492187500000e+03
-6.756126464843750000e+03
-6.754869628906250000e+03
-6.752949218750000000e+03
-6.756782714843750000e+03
-6.755815917968750000e+03
-6.756767578125000000e+03
-6.756412597656250000e+03
-6.756939453125000000e+03
-6.749711425781250000e+03
-6.753702148437500000e+03
-6.754258300781250000e+03
-6.757211425781250000e+03
-6.755658203125000000e+03
-6.756477050781250000e+03
-6.756872070312500000e+03
-6.756361328125000000e+03
-6.757224609375000000e+03
-6.756710449218750000e+03
-6.757059082031250000e+03
-6.757069824218750000e+03
-6.751881835937500000e+03
-6.751262207031250000e+03
-6.756411132812500000e+03
-6.751189453125000000e+03
-6.754946289062500000e+03
-6.751928710937500000e+03
-6.753804199218750000e+03
-6.753176757812500000e+03
-6.755228515625000000e+03
-6.754727539062500000e+03
-6.755550292968750000e+03
-6.757277832031250000e+03
-6.749466796875000000e+03
-6.753472656250000000e+03
-6.754229492187500000e+03
-6.756839843750000000e+03
-6.756236328125000000e+03
-6.751797851562500000e+03
-6.755122070312500000e+03
-6.753901367187500000e+03
-6.756480468750000000e+03
-6.756867675781250000e+03
-6.755525390625000000e+03
-6.755590820312500000e+03
-6.751835937500000000e+03
-6.756245117187500000e+03
-6.752158203125000000e+03
-6.756216308593750000e+03
-6.753855957031250000e+03
-6.752637695312500000e+03
-6.751000000000000000e+03
-6.752830566406250000e+03
-6.757472656250000000e+03
-6.754288085937500000e+03
-6.756136230468750000e+03
-6.756249023437500000e+03
-6.756588867187500000e+03
-6.748583007812500000e+03
-6.754305664062500000e+03
-6.755870605468750000e+03
-6.756915039062500000e+03
-6.737216796875000000e+03
-6.749428710937500000e+03
-6.755763183593750000e+03
-6.756198242187500000e+03
-6.753650390625000000e+03
-6.754581054687500000e+03
-6.757455078125000000e+03
-6.756687500000000000e+03
-6.751310546875000000e+03
-6.755487304687500000e+03
-6.756122070312500000e+03
-6.756738281250000000e+03
-6.755903320312500000e+03
-6.752621093750000000e+03
-6.756797363281250000e+03
-6.756001953125000000e+03
-6.755110839843750000e+03
-6.750299804687500000e+03
-6.757051757812500000e+03
-6.755505859375000000e+03
-6.755722167968750000e+03
-6.757291503906250000e+03
-6.746846679687500000e+03
-6.754761718750000000e+03
-6.756259765625000000e+03
-6.756027343750000000e+03
-6.752992187500000000e+03
-6.754630371093750000e+03
-6.749877441406250000e+03
-6.753674804687500000e+03
-6.755890136718750000e+03
-6.751437988281250000e+03
-6.754197265625000000e+03
-6.748416503906250000e+03
-6.753855468750000000e+03
-6.745958984375000000e+03
-6.752434570312500000e+03
-6.753261718750000000e+03
-6.751964843750000000e+03
-6.749653808593750000e+03
-6.755567382812500000e+03
-6.752773925781250000e+03
-6.757062988281250000e+03
-6.753514160156250000e+03
-6.752960449218750000e+03
-6.754690429687500000e+03
-6.752848632812500000e+03
-6.755760253906250000e+03
-6.755790039062500000e+03
-6.756227539062500000e+03
-6.754111328125000000e+03
-6.756434570312500000e+03
-6.754991210937500000e+03
-6.753025390625000000e+03
-6.755659667968750000e+03
-6.757354492187500000e+03
-6.754683593750000000e+03
-6.753623535156250000e+03
-6.756317382812500000e+03
-6.752979003906250000e+03
-6.753172851562500000e+03
-6.753550292968750000e+03
-6.753059570312500000e+03
-6.753730957031250000e+03
-6.751500976562500000e+03
-6.756247070312500000e+03
-6.756396972656250000e+03
-6.756435058593750000e+03
-6.756180175781250000e+03
-6.755447265625000000e+03
-6.756341308593750000e+03
-6.756798339843750000e+03
