# Variable: A
# Sample shape: (2500,)
# Date: 2018-11-21 09:24:02.996469
1.975476199416645429e+01
1.991761359449251856e+01
1.992412428166782590e+01
1.973430628079153237e+01
1.992857118508341330e+01
1.975773360876057083e+01
1.966349168116355983e+01
1.983307778907301966e+01
1.983586335733117423e+01
1.982593870638055122e+01
1.989573630139252458e+01
1.971514166615311225e+01
1.975511906726669054e+01
1.963082569355427509e+01
1.978345843305836027e+01
1.979143645649261529e+01
1.982149900876992632e+01
1.973400186449827487e+01
1.976750296256281914e+01
1.968493480357903636e+01
1.969485249914313130e+01
1.999285677594690469e+01
1.976304471347804181e+01
1.983681495455136812e+01
1.969723557308562434e+01
1.988925943210442426e+01
1.981397103196324849e+01
1.986529742209730642e+01
1.979267524850067517e+01
1.977589252926962970e+01
1.996352117342990695e+01
1.984927693132419790e+01
1.975714608916586457e+01
1.985449341752148200e+01
1.987941524530713977e+01
1.976639758146759718e+01
1.972826086435200565e+01
1.969115565344327834e+01
1.977780227876583297e+01
1.976979011045186851e+01
1.974600145388905403e+01
1.981886912266739031e+01
1.985127236736206413e+01
1.988657363409694057e+01
1.969934460133414689e+01
1.970098869768996863e+01
1.990923844230517403e+01
1.981534334938072206e+01
1.986723902764143546e+01
1.990084730031987448e+01
1.992554358847112184e+01
1.993870115020318323e+01
1.961333706008164413e+01
1.978823276342796333e+01
1.976467040508424944e+01
1.970858664776981684e+01
1.988142118097524502e+01
1.970912086988003153e+01
1.999995175430255756e+01
1.991546614842829399e+01
1.988348657673319764e+01
1.974967465259711474e+01
1.965236548223831292e+01
1.975287290663936091e+01
1.985680210651718269e+01
1.970455616740890648e+01
1.985970636183557048e+01
1.980168599065443757e+01
1.990873993025898514e+01
2.001989364637254099e+01
1.989217806869547189e+01
1.993411981947408051e+01
1.966812636898809785e+01
1.970308673739751981e+01
1.996834112514397930e+01
1.996458355202191726e+01
1.972399985960260693e+01
1.985155258083144858e+01
1.978782387681927801e+01
1.969884816576550435e+01
1.979345163625752591e+01
1.988222793640822772e+01
1.982449973106998087e+01
1.987178566767704169e+01
1.965777366427204242e+01
1.981545998628568839e+01
1.977036507157701806e+01
1.969044521306920004e+01
1.983521735096224248e+01
1.988324892696971347e+01
1.993075858206180584e+01
1.994243404260193131e+01
1.980866485090569995e+01
1.978518973165333961e+01
1.992063436745306859e+01
1.988558959041398921e+01
1.977811202833487769e+01
1.978662586814474622e+01
1.986456225166563883e+01
1.997471528347107039e+01
1.971244152701021335e+01
1.981404997492119691e+01
1.978522901161349168e+01
1.981953075767971839e+01
1.979984666592553921e+01
1.991359492910023832e+01
1.996044540483609708e+01
1.975984598285912242e+01
1.984824087412201621e+01
1.977206035409870921e+01
1.988149123669923313e+01
1.984536171524877801e+01
1.987885468772685016e+01
1.981555919537119692e+01
1.988506196931777481e+01
1.989663978250906951e+01
1.995561724452307217e+01
1.965062675825865668e+01
1.990622885445607793e+01
1.993443247639827831e+01
1.967970544789289988e+01
1.981618263359025178e+01
1.978473440567674047e+01
1.992832434216451531e+01
1.972134418861638849e+01
1.980221745146781842e+01
1.985257427339593050e+01
1.986520426917047288e+01
1.991877895302718571e+01
1.982738261727712725e+01
1.980893099274542024e+01
1.983780146035810432e+01
1.971472901056873894e+01
1.966391972732727567e+01
1.975104157654806869e+01
1.985420969801880275e+01
1.997159852932139046e+01
1.986129604828911610e+01
2.000078141530566356e+01
1.979467131117958090e+01
1.978906703055391958e+01
1.981202603246108751e+01
1.991615475384781320e+01
1.991697279268481680e+01
1.986616793457227459e+01
1.986898848473041213e+01
1.983063593725514551e+01
1.987192363012774976e+01
1.996960233755333292e+01
1.983651063099053147e+01
1.968136200952812231e+01
1.976169681505206555e+01
1.976971543208000881e+01
1.983565826178196900e+01
1.979326158762469845e+01
1.991543856975283333e+01
1.971190072867823417e+01
1.974909775109863830e+01
1.992875795905572645e+01
1.974126137722899443e+01
1.978939656508340761e+01
1.977496936640093850e+01
1.987860101982979444e+01
1.991068835243147817e+01
1.984364183354486855e+01
1.977109684443460935e+01
2.006076541409873570e+01
1.988117104399324120e+01
1.993766719526334086e+01
1.985584128355893796e+01
1.978531010748857355e+01
1.983966887091684228e+01
1.978391530833044243e+01
1.989000249968401590e+01
1.978978439892923546e+01
1.998850311175681327e+01
1.999665878590228729e+01
1.979482071896297057e+01
1.988706614649520787e+01
1.988530787248247833e+01
1.988477448969557670e+01
1.992384039962857045e+01
1.984643739682787000e+01
1.973917304732293587e+01
1.973937078965614944e+01
1.975860720563665041e+01
2.002538030886815790e+01
1.977658727114067361e+01
1.987911788570500349e+01
1.972854674627872029e+01
1.972371864548800957e+01
1.998590171317421493e+01
1.981427619493653580e+01
1.988431029707842512e+01
1.983615957932204310e+01
1.979224483855906058e+01
1.987989532863992892e+01
1.978371905408015508e+01
1.999366594838823374e+01
1.987899502700083332e+01
2.002410790202909396e+01
1.983392759188080845e+01
1.967973645742662470e+01
1.993207475079352164e+01
1.990695105179403512e+01
1.982887331133783704e+01
1.989947049859218353e+01
1.991707716628600267e+01
1.994644046943373894e+01
1.986750886809796057e+01
1.983262120033564102e+01
1.982513214334524321e+01
1.992875963288341623e+01
1.990931111958197874e+01
1.979846792553886914e+01
1.991635305308100712e+01
1.969731062267458910e+01
1.984329723799670475e+01
1.984065421449736277e+01
1.989372923093386447e+01
1.987963375889446027e+01
1.983789535654063485e+01
1.981905175550510023e+01
1.986872263027837349e+01
1.993911281501094734e+01
2.002126989221861564e+01
1.982440499368131626e+01
1.983861866643216842e+01
1.993637779403425014e+01
1.979238407345609829e+01
1.987898283027465141e+01
1.978814862556436793e+01
1.984925419280228454e+01
1.987579239590775870e+01
1.990289250692210743e+01
1.991519144109837569e+01
1.999376408363167101e+01
1.983063089661977330e+01
1.982603470592531281e+01
1.973431853970497940e+01
1.982487255935191328e+01
1.996490637327214657e+01
1.974925178840524609e+01
1.990717293017144129e+01
1.984305184828957636e+01
1.975831760046163765e+01
1.990820433641212617e+01
1.986791151865717353e+01
1.985920970967063326e+01
1.976459010972342867e+01
1.990235930238292639e+01
1.994465243884355132e+01
1.986779843066476658e+01
1.996372816051620447e+01
1.981340210747708497e+01
1.997770033746898832e+01
1.991363732538728470e+01
1.977810359094745252e+01
1.966495123152309787e+01
1.982158103027796869e+01
1.985363477682933819e+01
1.990169909470142073e+01
1.981022510758781507e+01
1.978007990629505741e+01
1.995075833354617245e+01
1.965647237786937040e+01
1.969033943812473098e+01
1.995239835389497429e+01
1.977035427608862150e+01
1.978331837635069590e+01
1.963752311963360597e+01
1.975100845577568975e+01
1.977269374195281060e+01
1.992600598392347422e+01
1.972260113504487933e+01
1.971591357213824480e+01
1.979609972838836285e+01
1.976198825399654169e+01
1.992479490589620639e+01
1.973459977838691515e+01
1.977179615323610307e+01
1.986958046255263355e+01
1.963928174950887495e+01
1.984666409775775620e+01
1.992745776390461998e+01
1.982001343399843662e+01
1.969373570759269043e+01
1.979989040898983177e+01
1.987115007867265248e+01
1.983082125821656305e+01
1.988343120205951919e+01
1.978057099467544333e+01
1.986751344547940690e+01
1.990522177477177479e+01
1.981608852926632025e+01
1.984060705913682199e+01
1.971398385764614503e+01
1.989765447361941142e+01
1.974773391033406611e+01
1.994710537810795259e+01
1.982451991046768924e+01
1.995954938467896866e+01
1.977605091795841119e+01
1.982632955076902093e+01
1.981593976811755553e+01
1.996208874257364485e+01
1.985056551503587485e+01
1.967741128536056294e+01
1.991863909812278521e+01
1.992097115680569885e+01
1.972405440194584969e+01
1.972792650823729588e+01
1.988322766582784951e+01
1.990099520058041804e+01
1.977761262922267704e+01
1.989013063730290654e+01
1.976542135135114009e+01
1.966424616080479382e+01
1.976663968557529927e+01
1.990095324994415904e+01
1.980449295909281560e+01
1.979844977758904534e+01
1.982928804114424537e+01
1.986864156349614419e+01
1.982711257772367119e+01
1.978895280009951918e+01
1.990134913497746894e+01
1.986702733226883666e+01
1.978419222750119744e+01
1.976688675266869311e+01
1.980830614926529876e+01
1.970988284145164826e+01
1.971992586422782523e+01
1.979144814390678420e+01
1.977230547364137436e+01
1.977609189286706481e+01
1.978694050014685857e+01
1.989766958439897948e+01
1.983485105749015887e+01
1.981306880277667659e+01
1.987767317926013888e+01
1.986281010729107521e+01
1.998017051678784028e+01
1.988811179726658551e+01
1.975707668390903038e+01
1.982933557199897123e+01
1.973826500138327233e+01
1.980901351219930007e+01
1.972533101343634598e+01
1.978784026836509824e+01
1.995900226382818232e+01
1.988041806948568535e+01
1.991312084163443075e+01
1.985546452000533790e+01
1.980224109904735030e+01
1.980819319256167077e+01
1.981471681613554736e+01
1.967658607858752973e+01
1.990409175965804067e+01
1.982962468570350723e+01
1.968573317331903283e+01
1.974975645848011752e+01
2.005272202714363772e+01
1.984380517385370624e+01
1.988611156161127980e+01
1.989526813743260902e+01
1.984122526904408090e+01
1.983714858082934995e+01
1.971519940831356976e+01
1.968330011607540442e+01
1.980656324089985887e+01
1.974528531289892186e+01
1.977790745179281018e+01
1.995128659925875070e+01
1.973434846418308553e+01
1.970230391477354459e+01
1.989493317494642000e+01
1.997546799053463928e+01
1.987875311044867743e+01
1.970579735562159840e+01
1.982688233639050068e+01
1.971767102598225918e+01
1.974371635404942182e+01
1.973063131419023364e+01
1.998735468326578513e+01
1.989000150927905253e+01
1.981318724906286732e+01
1.997493099009098216e+01
1.982018246769914427e+01
1.988705972435441538e+01
1.976625940843432971e+01
1.974178193120055624e+01
1.989838597662542696e+01
1.981134877959701157e+01
1.995710380573260068e+01
1.984009952601159199e+01
1.986164574549485806e+01
2.008025422998976239e+01
1.982004555215602082e+01
1.966075052182041105e+01
1.981142750317464873e+01
1.990109852200016505e+01
1.973975081493879102e+01
1.973945839783171508e+01
1.978964602833648811e+01
1.985666996353730340e+01
1.989078860787403258e+01
1.991426220713847073e+01
1.972903710986947345e+01
1.981717075964621344e+01
1.968212580887210805e+01
1.976023206789409414e+01
1.975580472422443634e+01
1.975436949699933820e+01
1.986186985732330612e+01
1.989517358865174401e+01
1.981904576308577859e+01
2.001147054046044005e+01
1.984776243421998387e+01
1.987802529496571680e+01
1.978320409212233244e+01
1.975850250334557501e+01
1.990915958846436951e+01
1.991130194875237436e+01
1.984950591182186130e+01
1.974560581789819835e+01
1.987158720261867018e+01
2.000002445940112494e+01
1.991567936841650166e+01
1.981551069949862409e+01
1.971815591535113654e+01
1.982647052426222700e+01
1.984170554794760477e+01
1.986288236526530326e+01
1.974425745060635506e+01
1.981912110269871263e+01
1.990599384067046884e+01
1.993148928705779355e+01
1.985120738167676890e+01
1.965348334675132236e+01
1.981943996534634778e+01
1.975414932001184098e+01
1.978802801910655873e+01
1.984808858366731954e+01
1.983792419803505069e+01
1.990375688534987120e+01
1.993723780937457946e+01
2.000371919535391640e+01
1.991040154012443253e+01
1.990607138553180988e+01
1.965183629862938375e+01
1.968577701047719231e+01
1.981630773031940507e+01
1.987882323263725226e+01
1.982010611730624561e+01
1.990254177292456816e+01
1.990501885300855989e+01
1.997602733663612185e+01
1.965887422195236667e+01
1.983424697396282355e+01
1.967428148190913362e+01
1.986626237494592573e+01
1.990597166362191217e+01
1.977723577960015788e+01
1.986219422129950729e+01
1.973506398569377396e+01
1.988231034238640760e+01
1.988071571324725184e+01
1.982966414638359964e+01
1.972506735191642235e+01
1.986319263275888147e+01
1.978785917046201703e+01
1.990228873781984120e+01
1.988255526158891229e+01
1.979882015923818628e+01
1.984704069793358983e+01
1.974036933349384881e+01
1.979176598565596379e+01
1.972507450077912949e+01
1.985794110419693581e+01
1.981425938239633311e+01
1.981847020650349833e+01
1.985832433767395955e+01
1.976106315148334858e+01
1.991623706174871344e+01
1.980680640954541261e+01
1.986219691660423692e+01
1.997676796874522509e+01
1.984288121050557407e+01
1.985890909802919779e+01
1.992691541585833548e+01
1.981208435915122124e+01
1.971619167975394760e+01
1.969964055503030309e+01
1.993063681820463273e+01
1.955538319580069739e+01
1.985388474571855610e+01
1.990794196880599998e+01
1.972216486895917598e+01
1.974742735894580647e+01
1.986392261795341696e+01
1.965533573772932385e+01
1.985636177537436353e+01
1.986307749716937465e+01
1.993911022527072774e+01
1.994093274342031918e+01
1.983798335272197377e+01
1.984285877699588596e+01
1.995932313731661623e+01
1.972812427227132304e+01
1.993709036822634673e+01
1.962419534844148927e+01
1.981892321315300620e+01
1.982656795157893370e+01
1.990166935710949403e+01
1.967137583289848735e+01
1.983485748725188458e+01
1.991412114861536864e+01
1.975747677559332871e+01
1.996593882537702314e+01
1.989775857550265670e+01
1.966648888131093642e+01
1.984117444335146274e+01
1.990340419148305173e+01
1.983971481898526434e+01
1.972712031556280010e+01
1.988490419469536974e+01
1.970060339601768007e+01
1.995127700144170646e+01
1.974821640576372417e+01
1.985420655005977153e+01
1.984674410573098768e+01
1.980912512186559127e+01
1.989375657647317297e+01
1.966959590200882246e+01
1.984422262419397498e+01
1.990032155440450623e+01
1.970456466661893558e+01
1.989399085427275438e+01
1.974264210998107671e+01
1.984776566305687240e+01
1.982675914928436356e+01
1.980798492220177209e+01
1.984326962793728910e+01
1.986431912939748656e+01
1.987887311357502185e+01
1.983122280061782661e+01
1.988270650423891084e+01
1.986206238427700654e+01
1.983742739105614916e+01
1.974333741663065567e+01
1.986550565606022190e+01
1.978679820939640166e+01
1.985888609439468411e+01
1.987147119244002269e+01
1.996404997239044121e+01
1.999115892582387843e+01
1.996655857839666481e+01
1.995930802684943473e+01
1.988198865059629838e+01
1.987568514035076106e+01
1.974393119163627475e+01
1.990454681528842684e+01
2.007631290523463008e+01
1.976834762079671748e+01
1.977225165721470646e+01
1.984259200390874511e+01
1.984290383236842104e+01
1.980121891102612608e+01
1.978306362972563548e+01
1.980575840588130276e+01
1.986386081919058100e+01
1.984635198141470624e+01
1.978968450517814404e+01
1.973873085767031554e+01
1.960840126089630076e+01
1.985125045132662436e+01
1.970087315694938468e+01
1.987827177477144858e+01
1.978056301305283071e+01
1.982694482382116874e+01
1.980276929592113078e+01
1.990466984427593289e+01
1.970344039005263070e+01
1.966464077578291381e+01
1.986262536043332005e+01
1.987080933799273552e+01
1.992567736063125849e+01
1.994861438136575416e+01
1.982058251529695525e+01
1.988404251730655048e+01
1.993443304178729036e+01
1.977705756194789899e+01
1.997181222150064173e+01
1.982340680149885159e+01
1.989276267000894904e+01
1.983023357706710144e+01
1.975661091903766220e+01
1.973679377142449454e+01
1.986343327123132951e+01
1.986375441026303790e+01
1.977637368504978710e+01
1.998164656139159590e+01
1.975279302034379114e+01
1.963433531531830667e+01
1.982091106480661580e+01
1.980610955886193381e+01
1.987599350831419187e+01
1.984421279128795845e+01
1.984750633258729025e+01
1.983243718075893014e+01
1.997759236337755340e+01
1.986636955344836153e+01
1.986033925804174771e+01
1.983381125702327452e+01
1.975244692408610092e+01
1.981417706370128329e+01
1.976010857048547820e+01
1.984839924463299710e+01
1.981286252308989404e+01
1.976688928847434212e+01
1.989820541209699911e+01
1.991230901090977312e+01
1.980910429829612696e+01
1.973637946713808944e+01
1.985848305997265939e+01
1.984032010247764788e+01
1.982964746138947731e+01
1.999749758118056420e+01
1.968050911597097752e+01
1.974738935887262770e+01
1.977263674063038223e+01
1.994209849595018369e+01
2.002553377722076888e+01
1.968651907582279037e+01
1.978477440760950756e+01
1.980112086821407047e+01
1.979316904872359117e+01
1.998852074620466368e+01
1.988812319604469536e+01
1.974282035730144358e+01
1.989697345762992242e+01
1.977373028603692262e+01
1.978193494560430210e+01
1.975040120517799735e+01
1.990626042109909477e+01
1.969102509404768853e+01
1.984093133428755351e+01
1.982039755758536614e+01
1.979774268942567872e+01
1.980469394403854722e+01
1.981135056844989251e+01
1.963191275047563167e+01
1.995502837920253825e+01
1.994432057690737636e+01
1.973511343681178687e+01
1.978559433503761866e+01
1.982372865952749663e+01
1.982719902579704296e+01
1.986249468310029087e+01
1.989908392548768035e+01
1.973731044663667333e+01
1.992119431301838262e+01
1.987792081802864530e+01
1.995881416836847677e+01
1.981091201278914937e+01
1.991021173243580122e+01
1.996641518256480552e+01
1.988487289420318405e+01
1.990324046551236847e+01
1.979087578610241138e+01
1.995949433641731474e+01
2.005423042362131270e+01
1.988124216518962939e+01
1.982765804264032994e+01
1.976240005749234641e+01
1.988969190336220549e+01
1.970234131750678941e+01
1.980656104329932177e+01
1.974345537790398453e+01
2.001885035382591127e+01
1.979632710151686226e+01
1.985521900031379872e+01
1.982038896361811808e+01
1.977794102408984855e+01
1.986608038870825155e+01
1.989224211043315904e+01
1.970252858041406441e+01
1.981835131820309925e+01
1.978176839077646676e+01
1.984296751972903650e+01
1.993927989167853099e+01
1.976620695337057043e+01
1.969715552092899813e+01
2.000097675324298763e+01
1.968557075419013458e+01
1.990550142699628822e+01
1.983814954674024733e+01
1.979622112109040444e+01
1.977576582490671342e+01
1.987911567905760535e+01
2.001344192826367063e+01
1.969414703720959636e+01
1.970333414174860920e+01
1.983486662879536411e+01
1.974610156495838709e+01
1.980071343251846372e+01
1.970055195036429652e+01
1.995132479310307971e+01
1.993371085580553626e+01
1.982427890628090239e+01
1.981805482045746203e+01
1.984144268342573980e+01
1.975567989771033695e+01
1.993204391577431167e+01
1.975658609137101607e+01
1.995609511434814465e+01
1.980496966507169532e+01
1.978882942846902182e+01
1.982555290635428946e+01
1.985879129022131551e+01
1.975163707949173642e+01
1.994337126284097295e+01
1.971520990522896355e+01
1.977221028308210293e+01
1.986718691383707025e+01
1.980493590017092842e+01
1.987408579635928874e+01
1.977521296345843282e+01
1.983450407562082773e+01
1.979687421889765275e+01
1.990184794501553256e+01
1.978795704263496802e+01
1.988857756204388494e+01
1.979842065557464181e+01
1.973521836281389952e+01
1.982293991343672701e+01
1.970939281278772270e+01
1.989496345040155845e+01
1.995545103819915411e+01
1.973167277665007902e+01
1.974352177778600392e+01
1.989875465402966981e+01
2.001876656216254702e+01
1.983007603582855793e+01
1.974570565750704532e+01
1.968515617690863095e+01
1.981332615421126064e+01
1.985188478691438974e+01
1.980819271848005414e+01
1.984729985931230090e+01
1.987613503308284280e+01
1.984093816534307209e+01
1.966830924038389483e+01
1.975419514960766065e+01
1.966114153319962199e+01
1.988458816479913693e+01
1.987827299051251728e+01
1.985781213200849749e+01
1.985622881280239582e+01
1.971665414888415668e+01
1.993824014964150493e+01
1.980456097224249845e+01
1.983159549591944426e+01
1.977300200262136443e+01
1.983337766294721405e+01
1.997493127569446614e+01
1.985821367316634678e+01
1.985901605568906447e+01
1.973337384127853156e+01
1.969737592211843236e+01
1.978067920552217984e+01
1.967702691677581583e+01
1.991656008459332483e+01
1.984711776059903343e+01
1.991113343845056605e+01
1.987189882095731264e+01
1.990360721699761015e+01
1.987527263666354926e+01
1.974211332375645966e+01
1.997117813037046830e+01
1.975281729119129182e+01
1.987110422496016682e+01
1.979310863364437623e+01
1.979352717539105200e+01
1.985129001619754519e+01
1.973644532886362413e+01
1.981186302145421863e+01
1.973540596943406555e+01
1.988762207522254855e+01
1.992256030003408540e+01
1.978262270975812598e+01
1.966825776095155121e+01
1.972115155865225589e+01
1.973414312531467374e+01
1.978147673350169455e+01
1.976965712618449444e+01
1.965940091155336589e+01
1.993951855919957694e+01
1.981201732600864318e+01
1.978898494064509350e+01
1.977568578222441076e+01
1.980638018856437199e+01
1.991677646301420879e+01
1.993718273390282647e+01
1.982333562387150749e+01
1.993673268797551046e+01
1.980807096280885915e+01
1.990310866234928611e+01
1.980068575548758858e+01
1.989522695579277212e+01
1.980364738424265880e+01
1.995580879550386655e+01
1.981973109600412997e+01
1.990268418841155551e+01
1.983945194351736774e+01
1.972728891389556338e+01
1.972945794535205621e+01
1.982231377662635552e+01
1.979206872940216044e+01
1.966731611650483558e+01
1.990119439917432587e+01
1.975246294336602659e+01
2.004379775881058023e+01
1.977548177287800257e+01
1.976892592419526551e+01
1.989999285521534844e+01
1.976598487943934757e+01
1.972955745420867402e+01
1.974060692166203168e+01
1.988783199480723951e+01
1.959565427589346953e+01
1.979304894180764762e+01
1.982191680047753835e+01
1.978107545659447197e+01
1.980979173385776804e+01
1.978572993133283120e+01
1.989623806512059190e+01
1.989959789889821451e+01
1.982618436426153252e+01
1.970666759844075244e+01
1.973147342838831264e+01
1.975875282052701110e+01
1.987222732100165246e+01
1.990743427581909941e+01
1.981830816177354038e+01
1.986396330570861579e+01
1.980991906224257093e+01
1.982815442271335726e+01
1.985282413786217148e+01
1.981514476098519850e+01
1.980216402804629539e+01
1.969024080587089287e+01
1.972305577281478506e+01
1.989602678933651347e+01
1.976271426504388629e+01
1.991837401452263734e+01
1.985885121554509780e+01
1.997113302703481708e+01
1.976517784335254646e+01
1.969988774736802384e+01
1.977614874327043637e+01
1.981466879167354378e+01
1.992925384810056855e+01
1.985852904188825008e+01
1.983453697480247158e+01
1.998623551818311483e+01
1.972496726581809412e+01
2.003199915489574323e+01
2.002684532911372273e+01
1.968551713025871308e+01
1.983437203603993737e+01
1.991539593040947409e+01
1.982044889027647727e+01
1.967307619898986459e+01
1.981068901557543782e+01
1.994157170665882006e+01
1.980710677341032877e+01
2.001537370340708932e+01
1.997235217332966783e+01
1.985068754518682610e+01
1.983721882933511438e+01
1.984039990083168803e+01
1.993535008943473485e+01
1.981693327513059089e+01
1.972220544210047066e+01
1.967736356261507424e+01
1.979439028797488831e+01
1.977839544261219373e+01
1.988164715582563957e+01
1.984008364553953285e+01
1.978246395210433661e+01
1.979255048071115297e+01
1.980755904724163941e+01
1.986311541244826273e+01
1.978896457866164837e+01
1.993036063736390773e+01
1.992486638017338763e+01
1.979776580093941973e+01
1.967554064985878171e+01
1.971037256680111227e+01
1.983202984803845581e+01
1.971763252966269420e+01
1.992816857617568971e+01
1.973179430244974597e+01
1.997223506832774831e+01
1.969713899094784182e+01
1.979992298625893810e+01
1.976002474749081372e+01
1.983949355964983141e+01
1.976080141152806391e+01
1.976052981915059448e+01
1.987704921390984936e+01
1.983132334145991038e+01
1.983186097558035144e+01
1.984672565325745097e+01
1.988942493491229513e+01
1.993597992138083796e+01
1.968389650937089996e+01
1.977429029933450977e+01
1.993512179826311126e+01
1.967663788613078424e+01
1.977777110973917019e+01
1.980418069145591176e+01
1.982218273459085012e+01
1.971641308129262526e+01
1.997596468381721380e+01
1.982823368791146379e+01
1.982209203550793575e+01
1.985872129610743642e+01
1.984618998732920403e+01
1.974873857872832872e+01
1.980363052799061663e+01
1.992884122630437105e+01
1.985080997861349061e+01
1.996960397997528602e+01
1.970580236211345593e+01
1.975551270540023907e+01
1.989907652587721998e+01
1.983190694556814648e+01
1.967071595976016241e+01
1.984199385661813864e+01
1.966865848361015168e+01
1.982461293103888522e+01
1.989647343515910904e+01
1.976815379017018870e+01
1.979462720204326942e+01
1.981044341234096251e+01
1.986703191657415246e+01
1.978564700320947622e+01
1.968682649999019674e+01
1.988196597506793850e+01
1.991685330726335224e+01
1.980936515431308109e+01
1.971460949157830100e+01
1.970387475728051996e+01
1.978796159373206009e+01
1.993093207673401324e+01
1.979003861629377781e+01
1.971935970255576009e+01
1.980383994425342919e+01
1.989507170147513548e+01
1.985114076945671968e+01
1.985166619431695523e+01
1.984209131318386454e+01
1.979086629074237180e+01
1.986405702441761889e+01
1.968795909232798635e+01
1.987448892779813292e+01
1.973463163960413169e+01
1.974006899025256700e+01
1.977664405865757402e+01
1.985627601986520929e+01
1.987361020296826197e+01
1.988509793373141576e+01
1.990084980114378865e+01
1.990255120973706227e+01
1.990084866395967822e+01
1.964678649060717319e+01
1.976449057742798843e+01
1.982382228072530239e+01
1.996515612170147591e+01
1.992940709379813669e+01
1.991179286489012057e+01
1.967296627117431385e+01
1.970287870869151092e+01
1.976172051580781996e+01
1.987249796654963419e+01
1.982600923039410645e+01
1.992552047218251943e+01
1.983431090521583684e+01
1.973099650405791294e+01
1.971766137895219018e+01
1.985251967984856236e+01
1.978475922066787618e+01
1.985164590820718900e+01
1.989857511837456627e+01
1.990070735014196046e+01
1.982903806683289005e+01
1.988314284483837113e+01
1.983569711871154340e+01
1.984024272692702340e+01
1.974417010180108178e+01
1.976565194811574599e+01
1.994959778846070364e+01
1.985477244919916018e+01
1.992434270291457565e+01
1.996755239094902734e+01
1.993867123375707706e+01
1.980979176280352760e+01
1.980178774653976603e+01
1.992226218692055895e+01
1.980092138984613115e+01
1.974241222953673613e+01
2.003038667708679554e+01
1.987232745059968408e+01
1.981681537602787557e+01
1.986998214609171143e+01
1.983874896988887215e+01
1.979325077032999758e+01
2.001409659576438926e+01
1.979867547880819245e+01
1.981291070508684271e+01
1.975837892187021794e+01
1.980355009774969943e+01
1.976884208969604373e+01
1.989257085109587209e+01
1.986998873141905975e+01
1.971935700751474485e+01
1.993833342643668516e+01
1.983611814021907804e+01
1.967957522441831841e+01
1.980433816224228138e+01
1.975668647304775050e+01
1.989750334429881917e+01
1.986541643107491950e+01
1.976856791177232964e+01
1.997000016302612835e+01
1.982249946207975810e+01
1.974525517517333384e+01
1.990663608809358465e+01
1.989613700122468032e+01
1.967974915974300387e+01
1.992016349973787470e+01
1.992229154679683845e+01
1.972555865423366939e+01
1.972041612698900437e+01
1.976223415281645046e+01
1.975388891309056305e+01
1.967053608567626100e+01
1.979070486960456776e+01
1.975249400048019766e+01
1.989170261566530939e+01
1.987582757728957006e+01
1.970885317643477919e+01
1.989761957958993932e+01
1.971521059581251478e+01
1.992499224638891064e+01
1.976813885291060657e+01
1.982922085449202498e+01
1.991547583669360932e+01
1.989975318662925119e+01
1.993204022403908837e+01
1.987469210109184914e+01
1.980134748863978089e+01
1.975049739253864800e+01
1.976046451810472604e+01
1.986200942260469304e+01
1.990119422028444163e+01
1.985467707731887188e+01
1.991735291358027737e+01
1.996494497750061825e+01
1.981911013018541112e+01
1.992065575981463255e+01
1.973021972770040833e+01
1.978833065129475344e+01
1.993787780126115905e+01
1.978873814745614013e+01
1.982637814252562336e+01
1.983080865908754475e+01
1.985917903433508513e+01
1.980372687871991744e+01
1.984079204993898315e+01
1.976366112058024882e+01
1.991358768830873061e+01
2.001656042705344163e+01
1.973627077987687173e+01
1.985125885927153178e+01
1.978651814921715157e+01
1.984079465938971509e+01
1.980323783789719627e+01
1.973150630806027550e+01
1.994818783968881348e+01
1.981804149050805108e+01
1.992627122291299102e+01
1.986792860417515882e+01
2.003210500820760132e+01
1.970766617436738599e+01
1.976274540350299347e+01
1.985499789249812252e+01
1.984166990125931562e+01
1.997638229447959546e+01
1.984170645902752028e+01
1.998717502881401842e+01
1.995922231358104781e+01
1.969536293377288771e+01
1.994718682329803983e+01
1.980128569422780060e+01
1.984754462590922230e+01
1.977989380069225334e+01
1.992446472324620999e+01
1.990819443536689093e+01
1.972436855176646375e+01
1.978144772835168297e+01
1.979818646672923776e+01
1.979452168430131564e+01
1.985873411159602497e+01
1.977295529638018934e+01
1.975439515911983079e+01
1.974005778326472793e+01
1.975832871430647231e+01
1.988076487103492340e+01
1.989541789515296344e+01
1.970943906047778782e+01
1.969923103794185693e+01
1.991584865130795379e+01
1.987977551345679217e+01
1.976176863732605682e+01
2.005506840529733736e+01
1.981388958687016810e+01
1.984050364646555309e+01
1.975472188699893294e+01
1.975543383679984188e+01
1.980460405160049930e+01
1.989278744993641013e+01
1.970285545139513417e+01
1.969328083019263076e+01
1.991613760233331831e+01
1.979206790665435634e+01
1.979932051533571169e+01
1.982984520024231756e+01
1.987422237679375314e+01
1.977087212083511503e+01
1.960699252284959115e+01
1.985272336328993958e+01
1.991082276761850878e+01
1.979732726645867302e+01
1.990351746594281579e+01
1.985288892719820808e+01
1.978454885795674301e+01
2.000189720568108598e+01
1.974961744480291870e+01
1.979526645670057761e+01
1.991548810443391204e+01
1.974992758617376865e+01
1.979998220859230074e+01
1.991209609003167103e+01
1.985399473044722640e+01
1.983824799418464124e+01
1.970479980944644183e+01
1.976822508247080634e+01
1.977441156707846659e+01
1.994178929197046557e+01
1.984227557913843043e+01
1.983487202878204769e+01
1.982818110450983085e+01
1.987673793486782259e+01
1.972581663377104277e+01
1.981952071483307876e+01
1.986508018063384640e+01
1.979214455628743252e+01
1.988347387919702314e+01
1.972083015912857817e+01
1.989277497812990347e+01
2.000177509748497684e+01
1.978223995653656786e+01
1.973920431837265710e+01
1.983026578209875979e+01
1.967025939876904772e+01
1.981292762530158313e+01
1.988005801907344150e+01
1.976330204539702962e+01
1.981902037927651250e+01
1.985866320536065643e+01
1.990341309115816060e+01
1.977250163132547556e+01
1.986327510747044656e+01
1.991773336970540598e+01
1.975988602652983772e+01
1.996085930562671962e+01
1.980709887025189175e+01
1.994874089853123422e+01
1.985087557160287020e+01
1.983544964387111875e+01
1.975705107197100929e+01
1.973017673516364212e+01
1.980045656099539642e+01
1.985064143233955392e+01
1.970680959106577035e+01
1.989469160127271863e+01
1.978357005392734536e+01
1.979048918621849396e+01
1.999380477652333354e+01
1.988387178521671572e+01
1.979278473685954509e+01
1.981057801724859502e+01
1.988118312195678072e+01
1.970004131594237151e+01
1.984224769580645287e+01
1.975380680775839437e+01
1.976401425321527583e+01
1.996427698350020918e+01
1.979289041547688299e+01
1.975130627051547094e+01
2.003969227204502346e+01
1.971151260060763377e+01
1.988917059401426357e+01
1.973784948504400560e+01
1.985011752248688310e+01
1.984726383248499815e+01
1.970643099159739009e+01
1.979432726327315351e+01
1.992902248282699418e+01
1.971252286096358830e+01
1.986802578281999132e+01
1.968519234116583405e+01
1.991285163850445628e+01
1.986929367393240753e+01
1.971852206291982057e+01
1.978867966410129853e+01
1.983984241464897735e+01
1.987027395907873384e+01
1.990620807938358894e+01
1.980935978131489250e+01
1.984451390394182724e+01
1.983566698235420134e+01
1.988163955538636074e+01
1.981700677262649535e+01
1.990604431713892808e+01
1.974868829753709676e+01
1.964853041159472724e+01
1.967681662448563173e+01
1.968062012803913774e+01
1.990571119293291602e+01
1.983620018319794198e+01
1.980817911493663885e+01
1.987459221033716261e+01
1.976559635029053652e+01
1.980518968067818619e+01
1.989948625617188682e+01
1.973935038051476809e+01
1.970856412450823214e+01
1.986178947643726644e+01
1.988649690951846694e+01
1.985572821218561756e+01
1.982594785103714585e+01
1.961144418528027344e+01
1.974437562689845649e+01
1.985684131430588195e+01
1.978393706724248702e+01
1.977692017311866479e+01
1.978595736771488589e+01
1.995157445913894634e+01
1.973846619312849882e+01
1.991298855743213281e+01
1.990120530686113653e+01
1.994161860558773114e+01
1.978679786777150085e+01
1.966382839154461237e+01
1.969790496270180924e+01
1.970657847933722095e+01
1.967783529655782360e+01
1.976753550377429036e+01
1.979736025925823029e+01
1.992461976328493378e+01
1.978821325033723255e+01
1.985746364195913571e+01
1.979019555708226719e+01
1.972702009598279815e+01
1.972344343697183433e+01
1.978501672362810382e+01
2.004226107211143670e+01
1.979357528796771248e+01
1.973034222442333885e+01
1.982955801809896101e+01
1.981408828605668759e+01
1.981562867932903771e+01
1.992032394811838003e+01
1.962272830958229264e+01
1.980796134133359132e+01
1.988076479549136266e+01
1.968940467039251985e+01
1.987391770894067378e+01
1.981556357784382882e+01
1.973716503929393440e+01
1.988588329199010118e+01
1.988767017786194202e+01
1.971445946476993427e+01
1.983689715729975589e+01
1.988512300309314185e+01
1.973599222704166678e+01
1.986501255102902164e+01
1.983141294205749716e+01
1.982210123961544213e+01
1.978110008681841947e+01
1.977450579988697399e+01
1.978494932897580938e+01
1.952569177630089570e+01
1.994391692846143016e+01
1.991343515116133389e+01
1.986262565748374698e+01
1.984851506053693271e+01
1.981886464071081377e+01
1.986392311259068677e+01
1.990634345982699926e+01
1.977556023843796495e+01
1.992648099706835296e+01
1.980600670471960356e+01
1.996613112549737679e+01
1.974076948920815155e+01
1.984714334824498039e+01
1.984705082915600372e+01
1.995766866968394737e+01
1.990063113365499703e+01
1.995960207163338751e+01
1.977497250798936435e+01
1.981268748627919152e+01
1.988808376252734078e+01
1.982168169814175585e+01
1.970059502558651943e+01
1.996180834513797464e+01
1.978562517749933036e+01
1.966815674281004789e+01
1.992382726786229341e+01
1.977756637241659021e+01
1.993520248566424868e+01
1.970883706093914967e+01
1.998788253553303562e+01
1.982630122115273252e+01
1.992142966959349693e+01
1.979570545917917102e+01
1.992880759824542380e+01
1.967003254878107299e+01
1.987454549904693479e+01
1.980241905763002919e+01
1.998696976544468740e+01
1.989702024821625415e+01
1.973335792715592518e+01
1.984617565426289332e+01
1.977897923082114318e+01
1.975152705074318504e+01
1.993192982261967217e+01
1.971891024769280065e+01
1.984957897793030313e+01
1.993465141899980964e+01
1.995002239757055662e+01
1.984231386418594667e+01
1.980375877256542694e+01
1.971873437540168439e+01
1.988683912774980200e+01
1.999360662611056227e+01
1.977298251974026400e+01
1.983419839917790384e+01
1.971281573351561178e+01
1.970710010407005797e+01
1.978795741639358496e+01
1.981676268961269116e+01
1.996396991197063997e+01
1.973050008627372520e+01
1.988907829220137558e+01
1.991980243756243141e+01
1.984603937460144962e+01
1.985455247985743199e+01
1.984406834998357283e+01
1.984145778745667243e+01
1.980293932466920737e+01
2.000561708280135775e+01
1.997648176245531815e+01
1.973529304049391087e+01
1.975941703466278554e+01
1.980450638187511103e+01
1.979321641636570206e+01
1.988594131727170833e+01
1.961402039645168216e+01
1.978076230046286810e+01
1.987723238942904658e+01
1.983677857454574678e+01
1.989815021915439530e+01
1.993343037892385183e+01
1.995525436112092521e+01
1.988979500077891061e+01
1.982718904817087591e+01
1.963512917764576571e+01
1.964252526252761655e+01
1.976887883056071260e+01
1.977356527005966669e+01
1.997222437860460786e+01
1.990175985515703161e+01
1.995822621576312628e+01
1.985728135348026413e+01
1.989100397590091163e+01
1.980016405604083474e+01
1.983007846149640940e+01
1.988336448951586988e+01
1.970805329189392552e+01
1.981518345512358081e+01
1.967260022209771719e+01
1.978036154903127297e+01
1.968733333541925745e+01
1.970154273216021323e+01
1.984587492205760029e+01
1.975488300539164044e+01
1.981139637655592978e+01
1.987302982411273078e+01
1.973666155269637912e+01
1.991272416596730466e+01
1.986087272864491027e+01
1.996669979418505037e+01
1.981186828067777483e+01
1.985154562144276014e+01
1.994814486197229897e+01
1.970316713748087523e+01
1.984399982708575294e+01
1.992385259503136297e+01
1.984086751231893686e+01
1.984626005179384833e+01
1.971083153297549018e+01
1.973492706933929597e+01
1.967836906472657432e+01
1.982134858906762176e+01
1.983137913171799838e+01
1.976606767473952431e+01
1.985795069901011445e+01
1.977966430714833379e+01
1.973114351473879324e+01
1.991342260831465438e+01
1.987891851156970802e+01
1.985918092634810606e+01
1.990143456945907374e+01
1.998198675974539285e+01
1.989924573617433623e+01
1.981080517195447044e+01
1.993119913819949929e+01
1.994942078233855298e+01
1.982856605926584237e+01
1.988614216614687180e+01
1.990603411463502326e+01
1.971783389564449607e+01
1.978301204609263308e+01
1.981904301286613190e+01
1.980766941790406221e+01
1.986867051709075582e+01
1.978465481655408809e+01
1.990996948733505434e+01
1.987648545188435634e+01
1.981353513083621465e+01
1.960984532181961271e+01
1.994225847560466036e+01
1.978533623843816613e+01
1.978876610760356769e+01
1.985570923597637361e+01
1.980990369713427413e+01
1.991280557447702293e+01
2.004408663559965476e+01
1.969756716270982366e+01
1.982551638642758363e+01
1.981934556403071923e+01
1.977220017600490110e+01
1.984672013994823203e+01
1.986780265383094246e+01
1.986478299784497636e+01
1.985858155069688991e+01
1.983420090578505324e+01
1.983400489014893253e+01
1.978478876656366481e+01
1.984928577935971106e+01
1.972111974571806314e+01
1.985699177749393840e+01
1.984491658980352469e+01
1.983387213682776462e+01
1.975148459796252709e+01
1.974820545787629200e+01
1.994913061804259868e+01
1.970196937617102861e+01
1.994301547351260240e+01
1.963197909915341910e+01
1.969115291562851056e+01
1.984357649808288215e+01
1.979368457631494849e+01
1.980502816853908143e+01
1.988663931447962341e+01
1.976445578125930425e+01
1.992878449778168459e+01
1.985702761872964928e+01
1.980642295512454965e+01
1.986526044097233168e+01
1.977080626243742145e+01
1.991425251921994999e+01
1.996845696560096073e+01
1.973206864414069628e+01
1.984923658299296179e+01
1.969628085618209568e+01
1.974244865981118480e+01
1.975373936212156067e+01
1.985644113867162730e+01
1.972665425242796289e+01
1.978814981697162523e+01
2.002941121125578405e+01
1.992178968556038754e+01
1.972953734671932935e+01
1.984142113202751645e+01
1.987695057848538482e+01
1.981967368281600628e+01
1.989397205741822106e+01
1.985375230895976273e+01
1.984523798812847772e+01
1.986196843631001840e+01
1.984649493680586474e+01
1.984413568126323213e+01
1.986007166327690854e+01
1.990091752239105105e+01
1.987094351603151665e+01
1.980496671580577939e+01
1.984850277351601022e+01
1.993333351643559581e+01
1.981469375476437378e+01
1.978586832024116049e+01
1.986806199404459505e+01
1.976425638170528032e+01
1.981692977431297464e+01
1.974937367717317471e+01
1.987517995053870479e+01
1.981209748428391038e+01
1.995682187820616704e+01
1.986065686179929912e+01
1.984119662804353723e+01
1.979777431183926950e+01
1.983860800075272124e+01
1.981891362422091163e+01
1.975537470776976434e+01
1.979249079177640169e+01
1.977847561730655102e+01
1.991540148571469970e+01
1.973497547698018906e+01
1.994311425277976468e+01
1.980687972001053510e+01
1.995565771353513185e+01
1.977698773629334639e+01
1.985799406351927487e+01
1.989554831038230276e+01
1.991551246434501010e+01
1.979217596332350482e+01
1.981409521416458475e+01
1.973018619233896587e+01
1.980399409077159589e+01
1.981203748527879327e+01
1.973810107067390618e+01
1.996138437880496497e+01
1.968988331609944709e+01
1.985325075500098180e+01
1.986209485273617048e+01
2.000109898360133798e+01
1.998161014771303812e+01
1.972601447304400679e+01
1.986149394613275021e+01
1.981327879240495804e+01
1.988627187171509547e+01
1.981946386190398002e+01
1.990877678420973851e+01
1.989488161080686623e+01
1.986381451953349142e+01
1.983410649862522135e+01
1.985353284437703536e+01
2.002406714136451527e+01
1.969540521273507849e+01
1.989165295229403796e+01
2.001227935651025902e+01
1.976544745356642352e+01
1.985671146628978789e+01
1.981127158124839482e+01
1.977749648223177914e+01
1.991457888597831882e+01
1.990255497163396470e+01
1.973625839151242545e+01
1.978813874742696299e+01
2.000303585264285999e+01
1.978665277565434266e+01
1.989062105050339824e+01
1.982170669875652891e+01
1.973668453795591304e+01
1.985147160750793915e+01
1.992431270326810733e+01
1.994796377387140751e+01
1.986478666740865506e+01
1.987068631680532604e+01
1.969705114895185716e+01
1.989829908659123703e+01
1.991872582194969254e+01
1.980845513592478468e+01
1.992365344829267215e+01
1.976708984386837997e+01
2.003930215292402295e+01
1.971997522631354727e+01
1.994308933324930422e+01
1.986928466284007300e+01
1.982144941873281141e+01
1.984099450218433347e+01
1.982608844888313371e+01
1.972813590400550865e+01
1.979112051249930104e+01
1.973052582257730592e+01
1.987283065098663215e+01
1.975264323226586072e+01
1.975809488316198426e+01
1.978978701400992080e+01
1.987249268985618045e+01
1.997430384843382001e+01
1.999957914742840970e+01
1.974652894751013577e+01
1.982855476784820681e+01
1.981250441627948433e+01
1.978459373747632100e+01
1.986390399961731035e+01
1.980899388196073119e+01
1.986047021517883238e+01
1.974181195619595997e+01
1.975278659725035268e+01
1.985915798254281484e+01
1.995445913205545807e+01
1.983833906130343649e+01
1.974995824398724764e+01
1.984486792570247360e+01
1.987393096648404622e+01
1.993339459216937115e+01
1.983095028096332513e+01
1.989361682233536399e+01
1.978809465179597282e+01
1.985930659710470536e+01
1.983872513473664156e+01
1.975204397713132920e+01
1.966760751306708244e+01
1.992140985377910667e+01
1.989183519684208434e+01
1.992348448027733809e+01
1.987201883888499054e+01
1.969767859808488097e+01
1.967955495302115310e+01
1.987924442120175783e+01
1.981627653358843233e+01
1.969889513987796192e+01
1.980835443083228142e+01
1.998561379409813554e+01
1.991443410115542534e+01
1.970908651892586150e+01
1.991192844509417981e+01
1.970857141648702537e+01
1.968550687318262504e+01
1.973281458530781762e+01
1.983562465888983439e+01
1.990940816913275668e+01
1.982444562518256603e+01
1.990032580404004747e+01
1.978912084165747487e+01
1.980490523494652422e+01
1.993556046403339721e+01
1.968470456550075198e+01
1.983070278368603212e+01
1.989106619349058391e+01
1.964513687852290147e+01
1.984852257908278972e+01
1.971690067650783007e+01
1.982358490754712577e+01
2.008691337291871548e+01
1.978198030241073369e+01
1.985975876743130897e+01
1.985982596268416600e+01
1.992722402471471455e+01
1.987819578369998297e+01
1.988429235329683564e+01
1.983715381194821248e+01
1.973471388253540582e+01
1.979401472425865194e+01
1.988942952238810946e+01
1.992875500368184660e+01
1.979510486707276229e+01
1.988262276336435264e+01
1.994316294803357081e+01
1.985178201697934597e+01
1.972027646449546623e+01
1.988711796420085065e+01
1.981127997347994096e+01
1.976936543266442925e+01
1.976151075070738727e+01
1.977179728862454411e+01
1.971600215226513697e+01
1.991880480656038443e+01
1.992996635610058931e+01
1.991173587389630839e+01
1.977422481856832448e+01
1.988874266734483598e+01
1.976481660458882317e+01
1.971709286304441022e+01
1.996265459259023700e+01
1.987892880390915096e+01
1.977923928207740545e+01
1.975493176106981608e+01
1.974434335616555813e+01
1.983386040598076505e+01
1.969999864093890096e+01
1.977934803730267532e+01
1.974471686112872604e+01
1.984362307664100555e+01
1.983278404640297765e+01
1.971630257535681352e+01
1.993862466640460340e+01
1.979226178657254920e+01
1.987570259702395248e+01
1.998163936815886998e+01
1.981178028805227953e+01
1.981111764077854787e+01
1.962980091961120621e+01
1.990815800236827471e+01
1.976261844361043174e+01
1.993672426177023382e+01
1.980523362970741985e+01
1.968480186716657343e+01
1.988828126774870952e+01
1.989214790520192722e+01
1.989356394349570323e+01
1.968373684870742579e+01
1.982601291218555417e+01
1.978571044566373516e+01
1.979642493149039240e+01
1.990018205617893443e+01
1.981453342972832488e+01
1.979328496560411921e+01
1.974289608453373646e+01
1.972420627198523846e+01
1.970247452985456249e+01
1.981556559684324270e+01
1.977872016923622311e+01
1.978008690803379110e+01
1.973654346186053488e+01
1.968808859764774155e+01
1.987440356093834737e+01
1.985414218293551514e+01
1.977444833639602706e+01
1.977543441232587540e+01
1.985398110173335695e+01
2.000598163094866777e+01
1.986962678992555809e+01
1.966126666018268310e+01
1.982283686292513636e+01
1.986726294314257046e+01
1.991009667778388703e+01
1.994465554513808669e+01
1.997360002728974493e+01
1.983838226025821072e+01
1.986971905592969279e+01
1.985565036842784181e+01
1.970371335040949035e+01
1.974610778558095703e+01
1.988843507783160192e+01
1.990201466634114524e+01
1.993509793179781298e+01
1.970638141918309572e+01
1.995616375815179566e+01
1.989743984191365556e+01
1.977922612317649609e+01
1.976346176504081953e+01
1.980304408933610461e+01
1.987547371971599119e+01
1.979493040957803274e+01
1.980962832546709151e+01
1.969470464111227059e+01
1.998081508516368743e+01
1.974883646460278541e+01
1.981489033496818664e+01
1.979738233328875907e+01
1.990062972602163072e+01
1.990453454986833393e+01
1.972924229392276985e+01
1.998209028225961603e+01
1.990700062469694842e+01
1.988427434894376589e+01
1.991225821611634217e+01
1.975854055148668209e+01
1.987246831134760683e+01
1.994688607271692860e+01
1.992586515228954624e+01
1.977045135577431267e+01
1.974845211976872505e+01
1.980620026697508607e+01
1.991045915342482076e+01
1.989490036121711114e+01
1.977751471726339361e+01
1.981491423080156267e+01
1.983023755657953657e+01
1.977858743761433757e+01
1.975736030031871238e+01
1.983449105602169027e+01
1.999280965670792298e+01
1.974818372941783906e+01
1.992050178455334475e+01
1.979962388139768592e+01
1.997586687917618420e+01
1.996532172055038501e+01
1.980071057024810344e+01
1.982256591255095302e+01
1.964853095626794754e+01
1.985347287398453631e+01
1.983165238812357956e+01
1.976766449322121488e+01
1.988430673335989596e+01
1.984074531489520865e+01
1.980584897188548155e+01
1.978524194936885650e+01
1.972169958199142670e+01
1.975825316753033078e+01
1.976928560688159209e+01
1.976573884895532629e+01
1.989879478825067238e+01
1.982739483222406918e+01
1.995530521823973302e+01
1.983449879115012848e+01
1.990931999732875113e+01
1.992015798080215205e+01
1.979204041559613714e+01
1.975466264654022197e+01
1.994630470145076018e+01
1.977519798673557361e+01
1.993029295026644121e+01
1.982320022309376739e+01
1.976359435567762901e+01
1.967739097209189936e+01
1.975180989985605962e+01
1.983728807752047985e+01
1.995372833978032290e+01
1.980182922971089354e+01
1.983787308068168898e+01
1.998846238051710600e+01
1.976237374921883827e+01
1.972797838984142160e+01
1.977954304289551857e+01
1.997275115549110325e+01
1.975643470978040384e+01
1.972270929389668126e+01
1.968307278743388267e+01
1.975728785605542726e+01
1.993709932115958239e+01
1.985663553840874229e+01
1.980172589345056977e+01
1.983189493080185173e+01
1.980948524767964258e+01
1.980294502247245703e+01
1.973805311967955234e+01
1.986182318422083881e+01
1.991705886292822569e+01
1.980742489612446988e+01
1.976260882515981976e+01
1.981577209027724962e+01
1.989164678106445905e+01
1.973473899902744222e+01
1.966010218228983319e+01
1.971084015574428605e+01
1.982333737780852800e+01
1.964385307304510775e+01
1.966624410081397301e+01
1.970391461914351439e+01
1.974988065209583610e+01
1.993899411432764168e+01
1.974981309373713856e+01
1.994989044038461401e+01
1.989117218283127997e+01
1.981322142547999832e+01
1.984064020505454806e+01
1.972979109870624370e+01
1.966592903453027219e+01
1.986810487626908994e+01
1.970612688755402075e+01
1.975923402886937552e+01
1.998873273338658763e+01
1.988434146943292546e+01
1.984229077556217646e+01
1.988716340866078269e+01
1.981665936670535544e+01
1.960566541398636531e+01
1.995961142767946939e+01
1.967527483766492225e+01
1.988946844133779734e+01
1.987939190758898533e+01
1.987551086092198460e+01
1.983852746573308323e+01
1.971836007064632312e+01
1.983821768816239128e+01
1.979602595524533371e+01
1.985859777599542042e+01
1.984202002147853605e+01
1.979788242882346694e+01
1.979000914265191469e+01
1.987038400056328769e+01
1.976695519911994836e+01
1.987542523018845486e+01
1.976108677080522824e+01
1.979287842060076485e+01
1.980763619682603860e+01
1.987556644862805655e+01
1.994750226904517731e+01
1.993587344940553763e+01
1.994618656975426418e+01
1.977943587575268936e+01
1.974971861680940677e+01
1.979270271613868815e+01
1.976170221814456696e+01
1.979675628388898545e+01
1.984619577217169706e+01
1.989237275544582317e+01
1.982378435760308832e+01
1.973599925353101980e+01
1.980196999923583334e+01
1.980542831948947580e+01
1.967397313579588669e+01
1.971840129259715724e+01
1.990455032571940919e+01
1.987410715456115895e+01
1.971252107460851022e+01
1.977771696042105276e+01
1.970634185228883339e+01
1.969494256121404874e+01
1.981044837246296453e+01
1.993517074356030960e+01
1.986137348116315593e+01
1.973619843789214556e+01
1.987267063555223956e+01
1.983891501412740865e+01
1.979087329022993558e+01
1.979886239792542568e+01
1.989907514720569992e+01
1.969007440767999739e+01
1.982962691987214754e+01
1.992900992158178752e+01
1.983829956228280267e+01
1.990604420876275427e+01
1.990991112877267355e+01
1.971529820784181553e+01
1.986164605272887584e+01
1.968421677510114165e+01
1.982700132132646687e+01
1.988007191910201144e+01
1.972351367697181246e+01
1.986701306388966870e+01
1.977050527292333015e+01
1.988671956678532737e+01
1.987085914371415996e+01
1.984691650771173954e+01
1.980506786076360370e+01
1.986167364944182268e+01
1.979787708674265900e+01
1.991326911286298085e+01
1.971269199843422015e+01
1.995437284000794520e+01
1.999326368555871269e+01
1.961459565954917039e+01
1.990713960732857757e+01
1.986490466503021679e+01
1.998295696460162674e+01
1.993927774961316501e+01
1.984371050343776943e+01
1.973415522642095610e+01
1.988329172962068014e+01
1.970517849624533824e+01
1.983654918914886878e+01
1.984234375402943584e+01
1.994422172941139593e+01
1.983350150876773910e+01
1.989385541074209129e+01
1.983528307424671411e+01
1.990548927167006710e+01
1.986080054152775531e+01
2.005736265373783311e+01
1.972907109303923079e+01
1.981741615917175281e+01
1.997952904846506428e+01
1.991911400496855578e+01
1.979997108856612797e+01
1.981826519574186207e+01
1.988054775885082748e+01
1.984063357939574246e+01
1.976422024203308325e+01
1.979436631829412718e+01
1.982089672354343435e+01
1.987405290385440892e+01
1.984966221298173394e+01
1.984499480209486322e+01
1.977113024168712840e+01
1.986231342594758686e+01
1.988566132895401850e+01
1.997988803139634939e+01
1.978687602924517464e+01
1.975455937407209461e+01
1.970191258729334294e+01
1.971679639670619366e+01
1.971618515977781527e+01
1.987406010062507988e+01
1.969820401904586049e+01
1.977161646802394301e+01
1.999207679668361948e+01
1.967963076062159899e+01
1.981305855310782604e+01
1.988440418713890878e+01
1.994262019363660343e+01
1.981271305542944816e+01
1.991215717274055308e+01
1.977096705406934873e+01
1.976154785829521643e+01
1.980092580939978575e+01
1.982396213301334598e+01
1.968815560962252320e+01
1.971471154737918852e+01
1.977171711392525566e+01
1.984500950607270298e+01
1.984883763168479831e+01
1.987436413525324141e+01
1.976545586774681240e+01
1.984040067729368673e+01
1.993157603094905994e+01
1.984480608431576343e+01
1.989995384563706793e+01
1.976577389952165120e+01
1.964979078170363280e+01
1.985848746549637767e+01
1.969377284769605652e+01
1.984003168685411467e+01
2.002166843158607179e+01
1.969467640922321650e+01
1.972906434390847963e+01
1.983626708230599789e+01
1.988019661865849841e+01
1.993485532940719196e+01
1.976073636228272079e+01
1.978735350495988499e+01
1.979531115798699403e+01
1.982011767653009571e+01
1.982921427315059404e+01
1.973805734803243794e+01
1.986045491479896796e+01
1.981130952777298049e+01
1.982715749471582356e+01
1.988569091236652397e+01
1.987533920654040642e+01
1.986692824554602410e+01
1.978201918166216444e+01
1.973759660491357337e+01
1.985416658422692393e+01
1.998269124910055439e+01
1.968465176903419689e+01
1.987089883750993735e+01
1.983123114310896185e+01
1.982955746747403225e+01
1.989864090723693479e+01
1.977018480408285939e+01
1.976184870511004377e+01
1.985860252621138144e+01
2.005973034126449761e+01
1.996778368971930107e+01
1.984879673213101725e+01
1.985325808661774261e+01
1.989708228024267456e+01
1.985422212005564546e+01
1.984423125902225848e+01
1.999423527044355353e+01
1.987376829617680229e+01
1.992595251246119048e+01
1.997182412723942235e+01
1.992581906828121774e+01
1.980887868558717457e+01
1.981668577078647431e+01
1.981173133351849458e+01
1.977968894871809624e+01
1.982931172830032196e+01
1.982451681184704384e+01
1.975879701874736227e+01
1.999286490196291410e+01
1.973324626872831900e+01
1.987825571032650274e+01
1.988674421854296170e+01
1.988351155592007657e+01
1.986855909063714876e+01
1.976825967475566870e+01
1.976871521733067993e+01
1.980467875407148881e+01
1.989742496554846340e+01
1.990584294197819304e+01
1.973987679123112216e+01
1.995951407981050352e+01
1.980968712297109136e+01
1.974163444531163947e+01
1.990271806385273834e+01
1.975764031147173938e+01
1.985073135083242946e+01
2.001076397083404146e+01
1.973424063296717179e+01
1.979266767191776211e+01
1.991750064716249469e+01
1.982886887318392510e+01
1.971256738322334456e+01
1.991557361819032224e+01
1.968793592046120366e+01
1.993122730180354552e+01
1.991318697665579052e+01
1.988988926312748973e+01
1.978277945724282461e+01
1.977416049845241020e+01
1.982354872593338158e+01
1.988847113438123060e+01
1.977816312709299851e+01
1.971717206310675508e+01
1.987827353001252106e+01
1.983161612928173057e+01
1.976887050612159769e+01
1.995655293790856533e+01
1.969039005131639186e+01
1.979588894496225748e+01
1.986971658369865068e+01
2.003736778893824066e+01
1.969517087027996993e+01
1.974588475316297220e+01
1.983180514873515321e+01
1.989245908274046215e+01
1.965823450762837865e+01
1.967956411216107071e+01
1.960106800774343938e+01
1.988901390392332402e+01
1.985196209420956137e+01
1.985060600083425086e+01
1.963955951347990236e+01
1.978564035225361195e+01
1.967878058930076435e+01
1.985359858274792089e+01
1.985516444315030427e+01
1.985517922513010802e+01
1.974033483306565984e+01
1.976217689631317853e+01
1.991723112242674532e+01
1.980610649440075832e+01
1.992701933867409636e+01
1.995473503650164915e+01
1.977849224766828939e+01
1.973241241164008386e+01
1.980308858499743252e+01
1.988061845320629573e+01
2.003463804162984729e+01
1.981059757812590050e+01
1.966676066236894016e+01
1.990125266020788430e+01
1.974461706715118225e+01
1.974384015646791468e+01
1.985169751820595252e+01
1.994209653514228364e+01
1.979622908387526437e+01
1.993409166655515108e+01
1.970421327447375504e+01
1.973537679201164963e+01
1.991115723843774532e+01
1.978322628688966489e+01
1.989983812888789672e+01
1.971637159883240997e+01
1.989524583487796505e+01
1.970293263616454382e+01
1.993248736660657272e+01
1.991644901354585073e+01
1.987639053864768357e+01
1.987990295758731563e+01
1.977893812038758625e+01
1.983280016820313207e+01
1.990573238793023947e+01
1.985669397137482761e+01
1.985751625843593615e+01
1.966189001892668742e+01
1.975358300419652480e+01
1.980875906538232556e+01
1.983410241066417257e+01
1.978566793477278907e+01
1.982556164327124293e+01
1.983378581702309162e+01
1.980725405491437385e+01
1.979893844764507094e+01
1.999584299725160719e+01
1.974948737529094700e+01
1.967842395993942617e+01
1.983403896221008722e+01
1.983679916252201636e+01
1.980151897205336198e+01
1.983768180277503745e+01
1.988358868628065323e+01
1.977791694174217341e+01
1.980847139393712197e+01
1.989027176290030141e+01
1.978673564791207440e+01
1.992597759254711676e+01
1.983582609083435599e+01
1.984770679524564940e+01
1.972674262721924165e+01
1.983139462658710173e+01
1.995549027299279388e+01
1.974796807663103237e+01
1.989024921366738496e+01
1.975082908845891794e+01
1.982320423890095284e+01
1.979041508654186643e+01
1.985340068091549171e+01
1.973853351799622757e+01
1.978488242083406590e+01
1.984423371438524697e+01
1.989540381221721788e+01
1.997429206855690609e+01
1.976619018731361521e+01
1.982145047091925960e+01
1.985873302376636573e+01
1.963405498160318530e+01
1.982070395183825440e+01
1.975914209645900144e+01
1.986184576492554754e+01
1.991382973159849712e+01
1.998691393344585165e+01
1.977751448574623794e+01
1.977303319769690404e+01
1.980468291769809142e+01
1.982630960207900728e+01
1.973224437087486294e+01
1.986578358634668007e+01
1.970939556250787916e+01
1.984414566072340236e+01
1.994731376770509002e+01
1.967198582670786422e+01
1.983412173370339460e+01
1.993515580572342927e+01
1.974505049741952334e+01
1.988352454868649843e+01
1.986147431393728979e+01
1.989749921993426085e+01
1.986542734535203536e+01
1.988367876278147506e+01
1.983520310603044479e+01
1.979473282962364777e+01
1.982566075126227645e+01
1.994519231387216962e+01
1.979168620077212992e+01
1.993723325060179263e+01
1.979341198548372915e+01
1.996163166418503110e+01
1.980778916310790194e+01
1.981208079928267196e+01
1.979302324668012503e+01
1.986269504941683905e+01
1.983817185922956838e+01
1.987019706238946171e+01
1.980327721057594559e+01
1.979550659849578054e+01
1.972753180989624155e+01
1.987019014422273244e+01
1.963387470979430205e+01
1.984299260102025997e+01
1.982093830706716986e+01
1.974985162614124690e+01
1.985250847617961867e+01
1.978996632768351915e+01
1.981523296720526162e+01
1.983491153699993959e+01
1.988894691737017340e+01
1.985444473601587489e+01
1.992826994809081498e+01
1.996338998120166153e+01
1.978636359819844159e+01
1.977936473421444319e+01
1.988741625839035976e+01
1.995872464558086179e+01
1.982258063085412658e+01
1.977671241246545719e+01
1.985621420254943104e+01
1.984667200392454589e+01
1.990357357460197818e+01
1.977670281758215154e+01
1.993522806280931903e+01
1.978713008852531985e+01
1.991522895736790488e+01
1.969071226191013579e+01
1.983131166518161947e+01
1.976110284914940252e+01
1.991413793155457768e+01
1.966053843448173311e+01
1.988340510184922394e+01
1.980037564822614371e+01
1.976399648302643541e+01
1.976955484526928331e+01
1.987084945004535541e+01
2.006208320005411139e+01
1.976465482503890669e+01
2.000940825438510373e+01
1.985923269521682855e+01
1.970423146263358305e+01
1.978493980124005347e+01
1.991243911109497589e+01
1.977656063276126730e+01
1.993636464974127875e+01
1.998725523515618363e+01
1.986724221527409995e+01
1.987115130708932753e+01
1.986645343067224090e+01
2.001719206930317796e+01
1.974551815173075298e+01
1.981059772885582149e+01
1.981823765936599457e+01
1.993607112946974169e+01
1.972349132568702856e+01
1.969574971624658133e+01
1.977718813713556045e+01
1.987891416721898352e+01
1.973894112057241657e+01
1.985636612602068851e+01
1.979933936813853279e+01
1.993058026873749000e+01
1.981590725773208916e+01
1.966740016866282303e+01
1.981524689056643851e+01
1.982375243631897632e+01
1.978576460320655528e+01
1.983673151173528737e+01
1.985062467526488561e+01
1.983316081141759213e+01
1.991005123642660735e+01
1.991311226987280492e+01
1.969738126923718369e+01
1.988690275196517376e+01
1.991367016022254077e+01
1.984659682185461449e+01
1.990160223557411001e+01
1.981012373943323013e+01
1.988667877777426440e+01
1.989770648936231368e+01
1.992447210804995805e+01
1.974855056740024395e+01
1.987039675852991749e+01
1.977013228873367723e+01
1.989548886053578158e+01
1.974813598953637594e+01
1.984282241714244677e+01
1.991111697311102446e+01
1.974279217150809629e+01
1.986336376592778663e+01
1.967889441441277043e+01
1.974124899687852164e+01
1.991720035199225336e+01
1.981809226218209830e+01
1.988288216139232389e+01
1.983787643092530217e+01
2.002054223074916450e+01
1.983021814601846344e+01
1.999776205562577758e+01
1.972695317339458043e+01
1.980010123016936063e+01
1.990909565276668758e+01
1.976295684138433728e+01
1.990495244485761361e+01
1.982959272848496468e+01
1.979158653408809343e+01
1.967130221677365753e+01
1.994970862146578128e+01
1.985278509915193723e+01
1.979768083249738808e+01
1.995537355999487161e+01
1.973634331808109010e+01
1.966358506584139931e+01
1.979852834409629381e+01
1.995765574507229090e+01
1.978704237489293760e+01
1.979370164320736691e+01
1.989464612193521376e+01
1.978636773878281119e+01
1.985024420164112158e+01
1.973818774106065632e+01
1.970161088761753021e+01
1.976804653197191186e+01
1.980271581325044039e+01
1.978446606989626488e+01
1.982997753967406140e+01
1.983335746139793798e+01
1.972203892316074558e+01
1.978499306557245774e+01
1.989193747973195059e+01
1.990797813574270236e+01
1.995573205612315348e+01
1.982421506566619840e+01
1.986717811691230651e+01
1.989812333708416148e+01
1.985767606761913839e+01
1.977687864775931104e+01
1.972767174391950817e+01
1.991532273790594232e+01
1.979420409796417246e+01
1.976040940296620008e+01
1.986642467249004440e+01
1.986804930653034162e+01
1.980798344612093231e+01
1.978827541739673990e+01
1.973186178497930854e+01
1.985670281864963371e+01
1.990889111378692888e+01
1.973861479173844913e+01
1.987037858494426246e+01
1.988512990560178295e+01
1.974196197982846357e+01
1.979192908142897878e+01
1.981094100441499251e+01
1.991305022229832034e+01
1.978811526906204676e+01
1.974237570815516207e+01
1.988420336345173567e+01
1.993603523529913701e+01
1.988776397098170889e+01
1.966543754191727089e+01
1.974786596805389749e+01
1.982926417070595448e+01
1.970932177859074486e+01
1.983601332786178162e+01
1.986473128231626362e+01
1.985108730428538237e+01
1.992883154489451414e+01
1.977151967250253151e+01
1.982095582597280270e+01
1.990531853693869735e+01
1.975739799347443792e+01
1.976465249425163861e+01
1.975290110588401049e+01
1.976409637484935544e+01
1.984218755104030407e+01
2.004445946663661005e+01
1.982587036786034673e+01
1.983590417858018640e+01
1.978192292864557800e+01
1.988698157672779843e+01
1.983253541911317441e+01
1.997574707632112023e+01
1.967843938091430545e+01
1.986197437489315476e+01
1.977645953568249837e+01
1.997362405794745044e+01
1.984341072483896085e+01
1.985230016099114181e+01
1.986050740406124504e+01
1.995512278429362496e+01
1.975100192637956553e+01
1.984952560214705386e+01
1.984814738885828689e+01
1.983482544132386849e+01
1.985238523991060688e+01
1.984633499979905835e+01
1.972629114084107371e+01
1.986531364647136400e+01
1.997754678178128884e+01
1.991088365966055207e+01
1.994789082010672132e+01
1.989121618304097083e+01
1.971112051961059208e+01
1.975247145493361955e+01
1.975172718568192920e+01
1.988567256775461445e+01
1.980868353927320058e+01
1.983245576856422687e+01
2.002076293222644310e+01
1.982366181214835876e+01
1.981554825018340793e+01
1.980901970274844359e+01
1.979937115020213412e+01
1.991575595105292962e+01
1.999581413152791498e+01
1.982157792548543185e+01
1.988357903768271484e+01
1.985902546043137562e+01
1.987037539319637247e+01
1.973804764631247721e+01
1.987382132502752441e+01
1.989519715055013194e+01
1.966815558848051992e+01
1.971900419482061295e+01
1.988057829453086356e+01
1.990961192432993698e+01
1.970368394232391651e+01
1.976126693927386668e+01
1.982436768646399372e+01
1.981703167428578283e+01
1.987417323866180041e+01
1.980241204189371018e+01
1.990279452129935578e+01
1.975194505433608327e+01
1.972274407367203963e+01
1.969949944385806972e+01
1.989323954357586999e+01
1.971666709852090804e+01
1.966297517765231007e+01
