# Variable: deviance
# Sample shape: (2500,)
# Date: 2018-11-21 09:24:03.012511
-3.228163870935384239e+03
-3.227758437276160294e+03
-3.227596300384937422e+03
-3.227715026692944321e+03
-3.227479151444785202e+03
-3.228219740483921669e+03
-3.225291526415581757e+03
-3.228848042745203202e+03
-3.228842286574973514e+03
-3.228853382808050810e+03
-3.228221493319244473e+03
-3.227192540489057137e+03
-3.228170709372030615e+03
-3.223716638481150767e+03
-3.228604596368572402e+03
-3.228688014973212375e+03
-3.228849871080571575e+03
-3.227707499006589387e+03
-3.228386746310201943e+03
-3.226168202041995755e+03
-3.226531652834780289e+03
-3.225206281747933645e+03
-3.228313703009919664e+03
-3.228839847934982117e+03
-3.226615029148285430e+03
-3.228334375526732401e+03
-3.228831933439086242e+03
-3.228655665956501707e+03
-3.228699443841372613e+03
-3.228509779648126823e+03
-3.226377698295364098e+03
-3.228785728309862861e+03
-3.228208882131666087e+03
-3.228750844440132823e+03
-3.228484736239398444e+03
-3.228369131908567851e+03
-3.227560871757280438e+03
-3.226399279556788315e+03
-3.228535156271685082e+03
-3.228422154176292224e+03
-3.227985388507040625e+03
-3.228845318398849486e+03
-3.228773236278424520e+03
-3.228377937355122413e+03
-3.226687539765444399e+03
-3.226743233549190336e+03
-3.227950601239096613e+03
-3.228836327437867112e+03
-3.228635285111128724e+03
-3.228124604413461384e+03
-3.227559475086853581e+03
-3.227192888261573444e+03
-3.222754367728765828e+03
-3.228656558935438170e+03
-3.228340954412160954e+03
-3.226991150197396109e+03
-3.228456174074977753e+03
-3.227007996249538337e+03
-3.224889217989354165e+03
-3.227809469681590599e+03
-3.228425654421926993e+03
-3.228062729449690323e+03
-3.224787608349804486e+03
-3.228127123740273419e+03
-3.228733103430150550e+03
-3.226861575494443059e+03
-3.228708780323727296e+03
-3.228770256314671769e+03
-3.227961456976486261e+03
-3.223927791624046677e+03
-3.228284878266139458e+03
-3.227325690770333495e+03
-3.225491545550392402e+03
-3.226813246310530303e+03
-3.226200677518443626e+03
-3.226339203081441156e+03
-3.227446316811322959e+03
-3.228771397528761554e+03
-3.228652347044514954e+03
-3.226670579735285173e+03
-3.228706397897849001e+03
-3.228444387049211855e+03
-3.228852818706471226e+03
-3.228583656627574328e+03
-3.225036739977873367e+03
-3.228836677781781418e+03
-3.228430835139991359e+03
-3.226373418245841094e+03
-3.228843805047433307e+03
-3.228429223464659117e+03
-3.227419619662493460e+03
-3.227080606175274625e+03
-3.228810226043870898e+03
-3.228624142861646760e+03
-3.227684596930922908e+03
-3.228393421119601953e+03
-3.228539180316512557e+03
-3.228639749503714484e+03
-3.228663122545644910e+03
-3.225957241718872865e+03
-3.227110985329871255e+03
-3.228832199794952885e+03
-3.228624577047541607e+03
-3.228846636999976909e+03
-3.228757560546850982e+03
-3.227852948166791521e+03
-3.226487482398855718e+03
-3.228258016825019695e+03
-3.228791797946346833e+03
-3.228455916329082356e+03
-3.228455157349942056e+03
-3.228807170413304448e+03
-3.228492527834072916e+03
-3.228836972927662828e+03
-3.228401617837013418e+03
-3.228204867344923059e+03
-3.226654817823521626e+03
-3.224705828725965603e+03
-3.228015143490315495e+03
-3.227316802787314828e+03
-3.225965868183312978e+03
-3.228838767693083355e+03
-3.228619079785718441e+03
-3.227485790520829141e+03
-3.227372450828119327e+03
-3.228773756722673625e+03
-3.228764516920861752e+03
-3.228656618690758023e+03
-3.227730235469884065e+03
-3.228853395514851400e+03
-3.228811493433932355e+03
-3.228837065994031036e+03
-3.227180203677043664e+03
-3.225310243310113037e+03
-3.228090586930776681e+03
-3.228752927218205969e+03
-3.226077601555724868e+03
-3.228694520627307611e+03
-3.224851284399645010e+03
-3.228716997654487386e+03
-3.228665014174474436e+03
-3.228824846934896414e+03
-3.227793237690904789e+03
-3.227773792476973995e+03
-3.228646651654720699e+03
-3.228616066825310554e+03
-3.228851393261023986e+03
-3.228582004536985551e+03
-3.226153353875730772e+03
-3.228840653972673408e+03
-3.226030763305242090e+03
-3.228290571688517048e+03
-3.228421020166682865e+03
-3.228842780670533557e+03
-3.228704710511310623e+03
-3.227810117174260995e+03
-3.227094415076149744e+03
-3.228050822036901081e+03
-3.227474117337865209e+03
-3.227880234861245299e+03
-3.228668302792127179e+03
-3.228497163139199984e+03
-3.228496026454742605e+03
-3.227918655567668793e+03
-3.228815304141469824e+03
-3.228441755797824953e+03
-3.221634255181873414e+03
-3.228459793754967450e+03
-3.227223341834573603e+03
-3.228740658404175520e+03
-3.228625472147268283e+03
-3.228831092441139845e+03
-3.228609832286120763e+03
-3.228321987159289165e+03
-3.228672136077747837e+03
-3.225394338118836913e+03
-3.225038008485197679e+03
-3.228718268816628552e+03
-3.228370091738887368e+03
-3.228397806821253198e+03
-3.228406052958021064e+03
-3.227603602415683781e+03
-3.228801684387874957e+03
-3.227831993991791023e+03
-3.227836612059047184e+03
-3.228235715052238447e+03
-3.223645114763709898e+03
-3.228519124158988234e+03
-3.228488879796965193e+03
-3.227568382827743335e+03
-3.227438584791275844e+03
-3.225504343930469986e+03
-3.228832953879189517e+03
-3.228413168259917256e+03
-3.228841553228795419e+03
-3.228695519384211366e+03
-3.228477997201051949e+03
-3.228607589989166627e+03
-3.225170784461502990e+03
-3.228490584949756794e+03
-3.223711367322728620e+03
-3.228846505154951046e+03
-3.225967089780118840e+03
-3.227383193231835321e+03
-3.227999873167631449e+03
-3.228852827222434826e+03
-3.228151382229381852e+03
-3.227771298793346432e+03
-3.226956028201447225e+03
-3.228632373660362646e+03
-3.228848789649085120e+03
-3.228853134431899889e+03
-3.227474072181851625e+03
-3.227949013131458742e+03
-3.228747452416771011e+03
-3.227788540184809335e+03
-3.226617630017289684e+03
-3.228816839441657066e+03
-3.228827567391644607e+03
-3.228257657181012291e+03
-3.228481676466839417e+03
-3.228836787739847750e+03
-3.228845694013348293e+03
-3.228619039493662058e+03
-3.227180685184082904e+03
-3.223857622057422304e+03
-3.228852762251328841e+03
-3.228834565800326345e+03
-3.227260925922706519e+03
-3.228696794330727244e+03
-3.228490754010140336e+03
-3.228655695889146955e+03
-3.228785864576158019e+03
-3.228533626692110374e+03
-3.228083904073095255e+03
-3.227815910331148189e+03
-3.225166467786992598e+03
-3.228851398538887224e+03
-3.228853400852599407e+03
-3.227715329313215989e+03
-3.228853017703610021e+03
-3.226327447148734336e+03
-3.228054010144428503e+03
-3.227995154121959786e+03
-3.228817913535931439e+03
-3.228230441993168370e+03
-3.227973047273811517e+03
-3.228627993424918714e+03
-3.228713098147098208e+03
-3.228339625033894208e+03
-3.228094621290823397e+03
-3.227012146487985319e+03
-3.228629227985527450e+03
-3.226370221307325210e+03
-3.228829964808914610e+03
-3.225839586571172731e+03
-3.227851973278254263e+03
-3.228539071043771401e+03
-3.225355143422693800e+03
-3.228849983485361918e+03
-3.228757082287881531e+03
-3.228107787384354197e+03
-3.228817387215138297e+03
-3.228564146616265589e+03
-3.226817052499807687e+03
-3.224977519446995757e+03
-3.226369556195115365e+03
-3.226762985513673812e+03
-3.228430672960610536e+03
-3.228602980113492777e+03
-3.224063130343092780e+03
-3.228089917861995673e+03
-3.228465089851043558e+03
-3.227547363406427849e+03
-3.227407648508786224e+03
-3.227215494439396934e+03
-3.228728906942452795e+03
-3.228295614301280693e+03
-3.227578966391540234e+03
-3.227722260810743137e+03
-3.228452058125207259e+03
-3.228609380410530321e+03
-3.224152093769518160e+03
-3.228800489044454480e+03
-3.227508971172995189e+03
-3.228847525472962843e+03
-3.226492052545589104e+03
-3.228757872949872763e+03
-3.228591202739289656e+03
-3.228851194531664987e+03
-3.228426487376192199e+03
-3.228570215656172877e+03
-3.228632324106381020e+03
-3.228036208011697454e+03
-3.228838503412732734e+03
-3.228827741960461026e+03
-3.227157810351109674e+03
-3.228185938188595173e+03
-3.228022317072436635e+03
-3.226934945785913442e+03
-3.228852830423315481e+03
-3.226518998296362952e+03
-3.228511921384788366e+03
-3.228853440954969756e+03
-3.228838080827589692e+03
-3.226429134548360707e+03
-3.228777782131810000e+03
-3.225874770530898331e+03
-3.227733638842508299e+03
-3.227676215646178207e+03
-3.227447813998091988e+03
-3.227552059237904359e+03
-3.228429542039109947e+03
-3.228121698131895755e+03
-3.228532679822682894e+03
-3.228319836124964240e+03
-3.228353303609745126e+03
-3.225324483713621248e+03
-3.228373017838329361e+03
-3.228122523059531886e+03
-3.228787892848862612e+03
-3.228747315986427566e+03
-3.228852564102270208e+03
-3.228619942226493549e+03
-3.228853435271345916e+03
-3.228663867435841894e+03
-3.228114719809545932e+03
-3.228637555716049974e+03
-3.228612978717751503e+03
-3.228376967254628653e+03
-3.228808488024878898e+03
-3.227031891087763142e+03
-3.227332223815895304e+03
-3.228688124712860372e+03
-3.228459479186837598e+03
-3.228512474356767143e+03
-3.228643095092131261e+03
-3.228185654243580757e+03
-3.228844616802072323e+03
-3.228828771456338018e+03
-3.228508678484302891e+03
-3.228680317126408227e+03
-3.225740463975536386e+03
-3.228353222413065396e+03
-3.228207593297985113e+03
-3.228852531027324403e+03
-3.227810652736758129e+03
-3.228811882566725671e+03
-3.227482628490020488e+03
-3.228652516750672021e+03
-3.226538138892474763e+03
-3.228470590106719101e+03
-3.227863817419751285e+03
-3.228743554141183267e+03
-3.228773910725219139e+03
-3.228807933619198593e+03
-3.228834383542378418e+03
-3.225841654936671603e+03
-3.228059525728373046e+03
-3.228852316911260004e+03
-3.226198442497064661e+03
-3.228064410721980494e+03
-3.222119864901696019e+03
-3.228814565393432076e+03
-3.228385239834466574e+03
-3.228230023838115812e+03
-3.228825406502136957e+03
-3.228838936028049829e+03
-3.227194263101388060e+03
-3.226105746601230294e+03
-3.228799555209145183e+03
-3.227969888256902777e+03
-3.228536525479926240e+03
-3.226799714002441760e+03
-3.227716067851372372e+03
-3.226787261856012719e+03
-3.228236091780559946e+03
-3.225927793598145399e+03
-3.228493930842603731e+03
-3.226901944503480081e+03
-3.228853453859249385e+03
-3.227267157133059300e+03
-3.227935448579924014e+03
-3.227622487351814016e+03
-3.225443119758603643e+03
-3.228322003768253126e+03
-3.228829198925039691e+03
-3.225948817782250444e+03
-3.228847821963681781e+03
-3.228370194454344073e+03
-3.228366907109390013e+03
-3.227892077511011394e+03
-3.228172123494930929e+03
-3.228822142971672747e+03
-3.226603946906051078e+03
-3.228829583483249735e+03
-3.228691293998563651e+03
-3.220388196195083310e+03
-3.228847582394201254e+03
-3.225170489392681702e+03
-3.228822463552604404e+03
-3.228119664415571606e+03
-3.227845457684501980e+03
-3.227838654701679388e+03
-3.228670773052866025e+03
-3.228734156980061016e+03
-3.228308722573115574e+03
-3.227837549446146113e+03
-3.227581215158991654e+03
-3.228841400421577418e+03
-3.226060435061745920e+03
-3.228264883520984768e+03
-3.228183744843048316e+03
-3.228156314658010160e+03
-3.228689209110295451e+03
-3.228231739614891012e+03
-3.228845681829761816e+03
-3.224346514779724657e+03
-3.228794504761722237e+03
-3.228503903826523128e+03
-3.228601657390600849e+03
-3.228233811251940097e+03
-3.227952322740361524e+03
-3.227904969561494909e+03
-3.228784348445117757e+03
-3.227976842317692899e+03
-3.228586024402597104e+03
-3.224885900956018759e+03
-3.227804456941996250e+03
-3.228836828980305654e+03
-3.227281264796309642e+03
-3.228853451962410873e+03
-3.228823522105715256e+03
-3.228679624094239898e+03
-3.227947400614854814e+03
-3.228845834312669467e+03
-3.228020083046283617e+03
-3.227399452789132738e+03
-3.228773659738427341e+03
-3.224839753457795268e+03
-3.228846462950545629e+03
-3.228152057778471772e+03
-3.228654455468898050e+03
-3.228792666128961173e+03
-3.228836701800342780e+03
-3.228066371178926602e+03
-3.227235906261207219e+03
-3.224715521227089994e+03
-3.227925018791240291e+03
-3.228018454805090187e+03
-3.224762805346753794e+03
-3.226200097964604538e+03
-3.228839115362726261e+03
-3.228492962590409206e+03
-3.228847688983830267e+03
-3.228090962133593166e+03
-3.228040420063625788e+03
-3.225905814393406217e+03
-3.225086467423071554e+03
-3.228845877687121174e+03
-3.225748196276028466e+03
-3.228645661649267822e+03
-3.228020548415508983e+03
-3.228527730377255466e+03
-3.228686168033566901e+03
-3.227733655338766312e+03
-3.228443173385347563e+03
-3.228466340314981608e+03
-3.228852285964080693e+03
-3.227475474079602009e+03
-3.228676632581968988e+03
-3.228652712360200894e+03
-3.228096033997971972e+03
-3.228439555659759208e+03
-3.228750082999255937e+03
-3.228798473184348950e+03
-3.227859771682151404e+03
-3.228691095129999667e+03
-3.227475668309302819e+03
-3.228723830641768473e+03
-3.228832898304695391e+03
-3.228844467099534086e+03
-3.228720633397349957e+03
-3.228279529257981267e+03
-3.227791289157175015e+03
-3.228800850084984631e+03
-3.228686142647010456e+03
-3.225876585802790032e+03
-3.228818651015441446e+03
-3.228715679882454424e+03
-3.227523378361298001e+03
-3.228825074094720549e+03
-3.227223725146859579e+03
-3.226697618992162006e+03
-3.227422966611049560e+03
-3.218969456682365490e+03
-3.228755286476709443e+03
-3.227978697357552392e+03
-3.227395480105459683e+03
-3.228015841328400711e+03
-3.228669493750084257e+03
-3.224925416416173903e+03
-3.228736596126446784e+03
-3.228677745661114386e+03
-3.227180762091407814e+03
-3.227126203579053254e+03
-3.228836524845079111e+03
-3.228818747396187518e+03
-3.226526922890883725e+03
-3.227557275273013602e+03
-3.227240209428656271e+03
-3.223361610311494587e+03
-3.228845430569797827e+03
-3.228853456482387628e+03
-3.228108377717656367e+03
-3.225628316030256883e+03
-3.228844602860138821e+03
-3.227840814412194959e+03
-3.228215005150962497e+03
-3.226289666013620263e+03
-3.228183980799846722e+03
-3.225421540737996111e+03
-3.228825602337073178e+03
-3.228073548938933527e+03
-3.228830933791295593e+03
-3.227530687088712511e+03
-3.228404054623330467e+03
-3.226730246838096718e+03
-3.226800029670147069e+03
-3.228032458493089507e+03
-3.228752950207641788e+03
-3.228800063925870745e+03
-3.228812405993211541e+03
-3.228257171603988354e+03
-3.225553752289195927e+03
-3.228812645204493492e+03
-3.228134888782311464e+03
-3.226861853338587935e+03
-3.228253003427876592e+03
-3.227911487284548457e+03
-3.228794486697759567e+03
-3.228853458017665616e+03
-3.228806902491233814e+03
-3.228816961091268240e+03
-3.228665556974897754e+03
-3.228492273039861175e+03
-3.228850732629587128e+03
-3.228437313725495187e+03
-3.228687407432868895e+03
-3.228838151281413047e+03
-3.227927031631588761e+03
-3.228653527909599234e+03
-3.228641585340561505e+03
-3.228715876458077673e+03
-3.228587403630072913e+03
-3.226358574232735918e+03
-3.225280208752137696e+03
-3.226266853024978445e+03
-3.226527451676154215e+03
-3.228447901049592474e+03
-3.228535021231045448e+03
-3.227940203432702219e+03
-3.228050176183523945e+03
-3.220648117077818370e+03
-3.228399985666813791e+03
-3.228458698331956384e+03
-3.228819883292933355e+03
-3.228818553690251520e+03
-3.228767117780249464e+03
-3.228600026902900936e+03
-3.228795157086485233e+03
-3.228670103571995242e+03
-3.228802131228654616e+03
-3.228671152583485309e+03
-3.227821629127594406e+03
-3.222467725758609049e+03
-3.228773379212913369e+03
-3.226739343414820269e+03
-3.228500542083871551e+03
-3.228570117531704454e+03
-3.228853450207753667e+03
-3.228777311707218360e+03
-3.228047639066372994e+03
-3.226824931035203917e+03
-3.225341659965742110e+03
-3.228682082763197286e+03
-3.228595204228789953e+03
-3.227555976926048515e+03
-3.226886669295540287e+03
-3.228848493378821331e+03
-3.228417246994340076e+03
-3.227316786691591915e+03
-3.228525376491192219e+03
-3.226069430514014130e+03
-3.228852022368620965e+03
-3.228274693745852801e+03
-3.228851793317173360e+03
-3.228198910800059821e+03
-3.227775605388847907e+03
-3.228674294864465082e+03
-3.228671151231863405e+03
-3.228516265091589503e+03
-3.225680472664052104e+03
-3.228125548684504338e+03
-3.223899728599897117e+03
-3.228849012956494335e+03
-3.228797097230369673e+03
-3.228531003626736492e+03
-3.228812690965608908e+03
-3.228795928734275094e+03
-3.228849075016528332e+03
-3.225843882945479891e+03
-3.228644535252265541e+03
-3.228703183345132857e+03
-3.228846726978073548e+03
-3.228118705215209047e+03
-3.228832625110956542e+03
-3.228262691406719114e+03
-3.228790888578675094e+03
-3.228828018082828748e+03
-3.228377007705291362e+03
-3.228175546637252864e+03
-3.227882292582790797e+03
-3.228812308586705512e+03
-3.227765631033362297e+03
-3.228719297814048332e+03
-3.228828791548334266e+03
-3.228852299099838092e+03
-3.225000376517445602e+03
-3.225997444164454009e+03
-3.228015036840154607e+03
-3.228464268679569614e+03
-3.227090848711893159e+03
-3.223637095420333026e+03
-3.226228042589235883e+03
-3.228619526812762160e+03
-3.228766451597695323e+03
-3.228703885396456826e+03
-3.225393586378627333e+03
-3.228353036927702306e+03
-3.227915484565854513e+03
-3.228198672571125826e+03
-3.228479870922566988e+03
-3.228586733796341832e+03
-3.228077598736331311e+03
-3.228014478909160061e+03
-3.226394537176893209e+03
-3.228826529570552793e+03
-3.228848188248745828e+03
-3.228741931950584785e+03
-3.228789075099092315e+03
-3.228822150274629166e+03
-3.223773705874361440e+03
-3.226674808999624020e+03
-3.227022469874647868e+03
-3.227734865764915412e+03
-3.228628595457336814e+03
-3.228852289880103854e+03
-3.228853424653457296e+03
-3.228683326197657152e+03
-3.228158810935298789e+03
-3.227787979736654961e+03
-3.227670645782965948e+03
-3.228505323943755684e+03
-3.226544701154877202e+03
-3.228820334376476239e+03
-3.227929217956243974e+03
-3.226272140336134726e+03
-3.228404537269454522e+03
-3.228076869824602909e+03
-3.228682707702657808e+03
-3.226520927664161718e+03
-3.222030074317762683e+03
-3.228458766256940180e+03
-3.228853334998254013e+03
-3.228302700745115544e+03
-3.228327183126438740e+03
-3.226788507133412622e+03
-3.228799543435074156e+03
-3.227929655914618706e+03
-3.223980656825915048e+03
-3.228730752428540200e+03
-3.228745420919557091e+03
-3.228848173849775776e+03
-3.228536961922565752e+03
-3.228647567277666894e+03
-3.228283766973835554e+03
-3.226794736147952790e+03
-3.228844205198335658e+03
-3.228584743375363360e+03
-3.228818278961221040e+03
-3.227175719799269245e+03
-3.228366061163740596e+03
-3.226612253239110032e+03
-3.224842327099057911e+03
-3.226192304373267689e+03
-3.228030385483450118e+03
-3.228836022720869551e+03
-3.228729893948639983e+03
-3.228508061519175044e+03
-3.228488910458147984e+03
-3.224250169909050783e+03
-3.226506677021336145e+03
-3.226821424121555538e+03
-3.228844583019215406e+03
-3.227987544363804773e+03
-3.228763655695325724e+03
-3.226728509817566646e+03
-3.226798457585546657e+03
-3.227337277734479358e+03
-3.228852683412556416e+03
-3.228843535652457376e+03
-3.228824561050480042e+03
-3.228181381064495326e+03
-3.227384051831574652e+03
-3.228198446346494620e+03
-3.226638528008923913e+03
-3.228790679454703422e+03
-3.228662625017838309e+03
-3.228853285582488752e+03
-3.228716685120047714e+03
-3.228102566434767141e+03
-3.227051841091793904e+03
-3.227194576157721713e+03
-3.228458097483096935e+03
-3.228635845174408132e+03
-3.228790484073252628e+03
-3.228555455112802520e+03
-3.228500514415838552e+03
-3.228845352893721611e+03
-3.228735136622654409e+03
-3.228104828991157774e+03
-3.228653723670747240e+03
-3.228345615371622443e+03
-3.228747096873099963e+03
-3.227737431887066577e+03
-3.228851585350117603e+03
-3.227016542115493394e+03
-3.228235544548663711e+03
-3.226660469505575293e+03
-3.227649080855900138e+03
-3.227931131469629236e+03
-3.228165107409557095e+03
-3.223984890390394867e+03
-3.228851938236779915e+03
-3.227979002928413138e+03
-3.226176604416529699e+03
-3.228829695470467414e+03
-3.228769190639117369e+03
-3.228807931285185532e+03
-3.228797064098785995e+03
-3.228529151340113003e+03
-3.228826503730654622e+03
-3.225499318505766951e+03
-3.228152944913937972e+03
-3.225187879085817258e+03
-3.228408915846343007e+03
-3.228500525462558926e+03
-3.228724897882628284e+03
-3.228737640684427788e+03
-3.227237366017065142e+03
-3.227206501004958682e+03
-3.228788294126477012e+03
-3.228850265576606944e+03
-3.228469515653899180e+03
-3.228847522071130243e+03
-3.225948806620583127e+03
-3.228721560645548379e+03
-3.228714764043790638e+03
-3.227691890432925447e+03
-3.226619891755745812e+03
-3.228571544298643403e+03
-3.225859368701610947e+03
-3.227783624777591740e+03
-3.228798056048114631e+03
-3.227908737987626864e+03
-3.228582301996284968e+03
-3.228069421120756942e+03
-3.228540356270435950e+03
-3.227899578835830653e+03
-3.226093641673415277e+03
-3.228126027394782341e+03
-3.228591743010887512e+03
-3.228703345477926632e+03
-3.228707065911270547e+03
-3.228773121081699173e+03
-3.227767219732514604e+03
-3.228824207266656231e+03
-3.227742012717405487e+03
-3.228361158965223694e+03
-3.227636265978715073e+03
-3.228594874463480664e+03
-3.225497131285796968e+03
-3.227367019147212886e+03
-3.227710995236686358e+03
-3.228581240059049378e+03
-3.228420133739977246e+03
-3.225110149206610913e+03
-3.227168614081595933e+03
-3.228824812948938416e+03
-3.228664190441074879e+03
-3.228506973916977131e+03
-3.228798570059696431e+03
-3.227778475397748480e+03
-3.227237514343132716e+03
-3.228851959489795263e+03
-3.227250624844046342e+03
-3.228807329871376623e+03
-3.228079538080666680e+03
-3.228763464164876495e+03
-3.228230771451239889e+03
-3.228782801018843202e+03
-3.226648295343393329e+03
-3.228847013291196618e+03
-3.228088100119071896e+03
-3.228831833881118655e+03
-3.227535171074832760e+03
-3.227592176477631710e+03
-3.228850908266202623e+03
-3.228693899377252365e+03
-3.225456996859652463e+03
-3.228117774709843616e+03
-3.228119022678113197e+03
-3.222639032156145731e+03
-3.228504194136623937e+03
-3.228408940022941806e+03
-3.228141281601994706e+03
-3.228362471606867985e+03
-3.227594761383647437e+03
-3.227865242741316251e+03
-3.228357764712056905e+03
-3.221696743992084521e+03
-3.228702811066359573e+03
-3.228850424978812953e+03
-3.228576382871649002e+03
-3.228815463178943901e+03
-3.228630077891809378e+03
-3.228212286383105038e+03
-3.228148925367758238e+03
-3.228853424096126673e+03
-3.226930001135389830e+03
-3.227644013097431525e+03
-3.228238357883817116e+03
-3.228578350122933443e+03
-3.227989579027020227e+03
-3.228844109197855687e+03
-3.228669091696821397e+03
-3.228816033664145834e+03
-3.228853175017799913e+03
-3.228762792095170880e+03
-3.228835722603897466e+03
-3.228773408259086864e+03
-3.226365952216954611e+03
-3.227420274869146397e+03
-3.228216171207790467e+03
-3.228308077186993614e+03
-3.227740075537161829e+03
-3.228716174245003458e+03
-3.226095359823434137e+03
-3.228349315695384576e+03
-3.226706019462596942e+03
-3.228513240831175608e+03
-3.228834230229086643e+03
-3.227460707188696233e+03
-3.228718909648363933e+03
-3.228845284473216452e+03
-3.225490327078220616e+03
-3.227472753365932022e+03
-3.223293691813470559e+03
-3.223568311759160679e+03
-3.226190276259794700e+03
-3.228845624604615296e+03
-3.227811117867528083e+03
-3.228848273846117991e+03
-3.225698746283099354e+03
-3.228819391383764923e+03
-3.227106869311073751e+03
-3.228802427777972753e+03
-3.224154779512093228e+03
-3.226048730923467701e+03
-3.228777006801126390e+03
-3.228838740249830153e+03
-3.228828501867492832e+03
-3.227290569305583631e+03
-3.228840791397032262e+03
-3.227396613937046368e+03
-3.225872860429640241e+03
-3.228714590572016277e+03
-3.228542839765169447e+03
-3.228452889827155559e+03
-3.228829640000503787e+03
-3.228593006559321111e+03
-3.228698311302821821e+03
-3.228804758050300734e+03
-3.228677379500802090e+03
-3.228663985839746601e+03
-3.227430543612345900e+03
-3.227577111983460782e+03
-3.228742110038252576e+03
-3.225799437469346685e+03
-3.227047165943020445e+03
-3.228849674689482526e+03
-3.227266034386968386e+03
-3.227489971754685484e+03
-3.227652165001667527e+03
-3.226053226735572935e+03
-3.226611679825919964e+03
-3.228758105277848699e+03
-3.228261201197461560e+03
-3.228831692608953745e+03
-3.228274936710615293e+03
-3.228270151894749688e+03
-3.228517058907959836e+03
-3.228850610269205390e+03
-3.228849910376956814e+03
-3.228800162122864094e+03
-3.228331628892345179e+03
-3.227272435169531491e+03
-3.226128616246281126e+03
-3.228487737136567375e+03
-3.227297116547121277e+03
-3.225843739392317730e+03
-3.228534749925860979e+03
-3.228786034646396729e+03
-3.228850753367097241e+03
-3.227230262732007759e+03
-3.225908280370046668e+03
-3.228853143407172865e+03
-3.228850643481115185e+03
-3.228717280629159177e+03
-3.228802973366399783e+03
-3.228043363537359255e+03
-3.228782697577712497e+03
-3.227471870086310446e+03
-3.228776224940607790e+03
-3.226153291976896071e+03
-3.226902106496404940e+03
-3.228178208484267998e+03
-3.228158952747934109e+03
-3.228849846969284954e+03
-3.225600773016728454e+03
-3.228822361509599432e+03
-3.225514137958004540e+03
-3.228852883034267506e+03
-3.228207944661663532e+03
-3.228396964401707919e+03
-3.228716621235095772e+03
-3.228818337471686391e+03
-3.228637506671287611e+03
-3.228629171846203917e+03
-3.226239575973778756e+03
-3.228448233263422935e+03
-3.227776643691235677e+03
-3.228813520455246362e+03
-3.227176621958753458e+03
-3.226839236449040982e+03
-3.228653770634884495e+03
-3.227414844048413215e+03
-3.228674626935318884e+03
-3.227316015008123031e+03
-3.228783977320877966e+03
-3.228233585921639133e+03
-3.228774092635303532e+03
-3.228770646070856856e+03
-3.228821964206451867e+03
-3.228682617097687398e+03
-3.228668163954548618e+03
-3.226281846322675847e+03
-3.228550368290602819e+03
-3.227723044732663311e+03
-3.227852833847538932e+03
-3.228519882265463366e+03
-3.228737270360614730e+03
-3.228561401025827763e+03
-3.228401061456294883e+03
-3.228124555319508545e+03
-3.228090772654608372e+03
-3.228124577643909561e+03
-3.224522299711630694e+03
-3.228337974771296103e+03
-3.228852362521216492e+03
-3.226318333537693434e+03
-3.227456549949113651e+03
-3.227893948494147025e+03
-3.225694216646671066e+03
-3.226806357270347689e+03
-3.228290982619661918e+03
-3.228575072798743349e+03
-3.228853396302911278e+03
-3.227560079104308898e+03
-3.228845748831329729e+03
-3.227631845571150734e+03
-3.227266875814644209e+03
-3.228764891579753112e+03
-3.228619357146943912e+03
-3.228770780497405212e+03
-3.228168528525581678e+03
-3.228127349163493818e+03
-3.228852728168030808e+03
-3.228430811798408740e+03
-3.228842687918031970e+03
-3.228829070820028392e+03
-3.227945476524091191e+03
-3.228357065446064553e+03
-3.226854886464203446e+03
-3.228748775268913960e+03
-3.227590667716106964e+03
-3.226230061150563415e+03
-3.227193773347904425e+03
-3.228815463309117604e+03
-3.228770932346556037e+03
-3.227643810894059243e+03
-3.228765088268383806e+03
-3.227906319517258453e+03
-3.223380354115506634e+03
-3.228577139882847405e+03
-3.228840483471806692e+03
-3.228604790579838209e+03
-3.228834150755720657e+03
-3.228704614177810072e+03
-3.224217951470529897e+03
-3.228749006488141276e+03
-3.228828195066887019e+03
-3.228231560393104701e+03
-3.228782202961741859e+03
-3.228407647488966177e+03
-3.228278045423220647e+03
-3.228604714977068397e+03
-3.227315937644763835e+03
-3.227203751165584436e+03
-3.228841657219956232e+03
-3.225960735292151185e+03
-3.228786974951605316e+03
-3.228200323180250052e+03
-3.228188774730253499e+03
-3.228654445434419358e+03
-3.228403407167837486e+03
-3.226138340196683203e+03
-3.228851119936037321e+03
-3.227969232935187392e+03
-3.228006549735970566e+03
-3.228214146160287783e+03
-3.225967590103099610e+03
-3.227696264848741521e+03
-3.227643068865470013e+03
-3.227488790448742293e+03
-3.227346190020653012e+03
-3.228299851267172926e+03
-3.228147006327330928e+03
-3.225593244666137252e+03
-3.228681073131278026e+03
-3.228119637958113799e+03
-3.228293094779752664e+03
-3.228533168600654790e+03
-3.226999564468087101e+03
-3.228186593648413691e+03
-3.227194596752415237e+03
-3.227573843105148626e+03
-3.228396731155335146e+03
-3.228852609830797519e+03
-3.227809242172816994e+03
-3.228145924921519509e+03
-3.227384154611037047e+03
-3.228547788308719191e+03
-3.228767987557020206e+03
-3.228079556652712199e+03
-3.228268998498790097e+03
-3.228687904029583933e+03
-3.228117778237961375e+03
-3.228749484824012143e+03
-3.227764696875118716e+03
-3.226326039502234380e+03
-3.228845812198896510e+03
-3.227684065451519018e+03
-3.227611897234437492e+03
-3.228657560644197474e+03
-3.227217161516871784e+03
-3.228661703154042243e+03
-3.228853445345767341e+03
-3.228851208331476300e+03
-3.228713362691920793e+03
-3.228783287828911853e+03
-3.228827053741945747e+03
-3.228324119094128037e+03
-3.227853114619091684e+03
-3.224095697875083260e+03
-3.227763006760665121e+03
-3.228773324392072482e+03
-3.228638598017688764e+03
-3.228827043969073657e+03
-3.228780266339246737e+03
-3.227644849687726037e+03
-3.226900375887877999e+03
-3.228843505001531412e+03
-3.227540390543059402e+03
-3.228627806611235428e+03
-3.223287979119724696e+03
-3.226961943820912438e+03
-3.228308608561154870e+03
-3.228747088415392682e+03
-3.228823664070322138e+03
-3.225891824093963805e+03
-3.228823518472878277e+03
-3.225450719769386524e+03
-3.226530450048828243e+03
-3.226549640278004517e+03
-3.226932355412616744e+03
-3.228767570092317328e+03
-3.228795716922316387e+03
-3.228561829819856939e+03
-3.227587515582259584e+03
-3.227973260821951953e+03
-3.227456421834222056e+03
-3.228580890413714769e+03
-3.228745326619613934e+03
-3.228715718659702361e+03
-3.228717171692183001e+03
-3.228468846710126854e+03
-3.228156809961475574e+03
-3.227852574501028357e+03
-3.228230644765848865e+03
-3.228465636182147136e+03
-3.228227301358931072e+03
-3.227017993477490108e+03
-3.226683665892815952e+03
-3.227800468629555780e+03
-3.228479684777324110e+03
-3.228291816502905931e+03
-3.221979936855997039e+03
-3.228831656902223585e+03
-3.228828122727084519e+03
-3.228163100693979686e+03
-3.228176709302391828e+03
-3.228788547657031359e+03
-3.228274260054741717e+03
-3.226805586361057522e+03
-3.226475826606216287e+03
-3.227793643506476656e+03
-3.228693891789475856e+03
-3.228753762923118757e+03
-3.228852138667019972e+03
-3.228553736516902973e+03
-3.228438417361794563e+03
-3.222384697290141958e+03
-3.228763489737778400e+03
-3.227915665974458534e+03
-3.228738706581338192e+03
-3.228071247236220188e+03
-3.228762342149690539e+03
-3.228617000675889813e+03
-3.224799985510186161e+03
-3.228061552650437989e+03
-3.228722025769616266e+03
-3.227808954054969035e+03
-3.228067921930664397e+03
-3.228758526902920039e+03
-3.227887109386408611e+03
-3.228754491085056543e+03
-3.228835721821807056e+03
-3.226869532575257381e+03
-3.228398076813590251e+03
-3.228489429475013822e+03
-3.227100260982597774e+03
-3.228821206117679139e+03
-3.228844571288591851e+03
-3.228853164563663086e+03
-3.228521201192630997e+03
-3.227495756798285583e+03
-3.228846617855654131e+03
-3.228657884255552744e+03
-3.228694597914291990e+03
-3.228425845491775362e+03
-3.227357934267592555e+03
-3.228274478352933784e+03
-3.224805615296309952e+03
-3.228590359629351042e+03
-3.227832724993496413e+03
-3.228851762880378828e+03
-3.225581647277434968e+03
-3.228828257072273573e+03
-3.228475699661593353e+03
-3.228318063789435655e+03
-3.228845630114320556e+03
-3.228717773879131528e+03
-3.228073368222640056e+03
-3.228462318799266995e+03
-3.228675833096091992e+03
-3.227755555178980558e+03
-3.228258730875334095e+03
-3.226472853188880890e+03
-3.228802386573691820e+03
-3.226882594588331813e+03
-3.228775804428564697e+03
-3.228843271791575717e+03
-3.228207117366401690e+03
-3.227610788410884197e+03
-3.228761870246181388e+03
-3.228777300247741550e+03
-3.226934559614454884e+03
-3.228240449586645354e+03
-3.228605880721817812e+03
-3.228678999300901523e+03
-3.225164677091973772e+03
-3.228419837642611128e+03
-3.228700434263781062e+03
-3.228818917066514132e+03
-3.228459619357120573e+03
-3.226711229968666885e+03
-3.228821321411099234e+03
-3.228145409855084836e+03
-3.228330040519710565e+03
-3.226350341897705221e+03
-3.228701387189759771e+03
-3.228095923415078687e+03
-3.222870929679112578e+03
-3.227082474150478902e+03
-3.228335846874462732e+03
-3.227800813280669900e+03
-3.228780594644889788e+03
-3.228797261046189305e+03
-3.226922393128139902e+03
-3.228714047846292942e+03
-3.227466971958598151e+03
-3.227113470618622159e+03
-3.228626742587250192e+03
-3.226177975797619183e+03
-3.227869963014939003e+03
-3.228612631278324443e+03
-3.227291875788835569e+03
-3.228661111350692408e+03
-3.228830490289089994e+03
-3.228601429414883569e+03
-3.228015580730339934e+03
-3.228813495676524326e+03
-3.228811277989907467e+03
-3.228842759889198078e+03
-3.228453000508829064e+03
-3.228840981483697760e+03
-3.228019023351214855e+03
-3.228042316648013639e+03
-3.224606138624787036e+03
-3.225850925287912105e+03
-3.226001792089493392e+03
-3.228026004504220509e+03
-3.228841450891321074e+03
-3.228807864286259246e+03
-3.228549058128440265e+03
-3.228356159754026521e+03
-3.228791945140986172e+03
-3.228151078582974151e+03
-3.227836135910489247e+03
-3.226990438264456770e+03
-3.228689958414627199e+03
-3.228379153794954618e+03
-3.228741531400632539e+03
-3.228853384632497637e+03
-3.222645225129286700e+03
-3.227950000505055414e+03
-3.228732789944213891e+03
-3.228610080258344169e+03
-3.228523556073777399e+03
-3.228632553361997452e+03
-3.226790235202582608e+03
-3.227815400314975705e+03
-3.227866839698896911e+03
-3.228117559569606783e+03
-3.227105445984399921e+03
-3.228641581709312959e+03
-3.225306253693271174e+03
-3.226638173420151361e+03
-3.226927137313698950e+03
-3.225891714529562705e+03
-3.228387259904129678e+03
-3.228738964422007939e+03
-3.227583504807750614e+03
-3.228656358947749140e+03
-3.228727759587673972e+03
-3.228676156051138605e+03
-3.227528018060424984e+03
-3.227430997305569235e+03
-3.228622225591523602e+03
-3.222726343759942665e+03
-3.228707490590376437e+03
-3.227615053832278136e+03
-3.228852368255464626e+03
-3.228832328459914606e+03
-3.228837178081709681e+03
-3.227692295551580628e+03
-3.223281441363314570e+03
-3.228806785016255162e+03
-3.228465637264715042e+03
-3.226335294709879236e+03
-3.228557563391366784e+03
-3.228836985905047186e+03
-3.227784504485438902e+03
-3.228388826544785843e+03
-3.228360382206675240e+03
-3.227172120545958023e+03
-3.228839625992593028e+03
-3.228400673423399894e+03
-3.227756266570722801e+03
-3.228658572286195977e+03
-3.228850498960040568e+03
-3.228850654732055773e+03
-3.228576682243327014e+03
-3.228490741815387992e+03
-3.228621476562286261e+03
-3.216674116932275410e+03
-3.227034987413481304e+03
-3.227856617955429101e+03
-3.228682079931514636e+03
-3.228790219350147709e+03
-3.228845309069395626e+03
-3.228669488864998129e+03
-3.228012729418463095e+03
-3.228505264605601951e+03
-3.227534862696150867e+03
-3.228796532356694115e+03
-3.226282598239678919e+03
-3.227868977533372345e+03
-3.228797917195170157e+03
-3.228798418434492305e+03
-3.226584465168031784e+03
-3.228128841775138881e+03
-3.226517150945902813e+03
-3.228497206460458074e+03
-3.228827369929168526e+03
-3.228353678459340699e+03
-3.228850118997816026e+03
-3.226729964265914532e+03
-3.226439140289678562e+03
-3.228628933080325623e+03
-3.225492837217516353e+03
-3.227603939678957886e+03
-3.228532074341591397e+03
-3.227294804049080994e+03
-3.226999056247799672e+03
-3.225420741010944766e+03
-3.228853438105417808e+03
-3.227664757212564837e+03
-3.228725674146146957e+03
-3.227472777873868836e+03
-3.225572123361783270e+03
-3.228549651020984129e+03
-3.228775064881316212e+03
-3.225459392812168517e+03
-3.228197801542870366e+03
-3.227691493534915935e+03
-3.228803047542669901e+03
-3.228550309990256665e+03
-3.228100360188820559e+03
-3.227387226578362970e+03
-3.227303086025682205e+03
-3.228783905213817889e+03
-3.227310563562120478e+03
-3.226841085100158125e+03
-3.228821047478597393e+03
-3.228783482667749922e+03
-3.227298012101893164e+03
-3.228373716055857585e+03
-3.225173392651735412e+03
-3.228469236683910822e+03
-3.228845974865621429e+03
-3.227122405052221438e+03
-3.226943869210254888e+03
-3.228653727527893807e+03
-3.228840344671149069e+03
-3.226361474327512497e+03
-3.227619115801704538e+03
-3.228337373381998532e+03
-3.227705172319054327e+03
-3.228803750092938571e+03
-3.228750408182326282e+03
-3.228813360221431140e+03
-3.228824501849933313e+03
-3.228778390675061928e+03
-3.224626618495205548e+03
-3.225887897757568226e+03
-3.227739256440177996e+03
-3.228250340969993431e+03
-3.228787972140936290e+03
-3.228704308031284199e+03
-3.228387916120790578e+03
-3.222793529026020224e+03
-3.228572562437273973e+03
-3.228514609364909120e+03
-3.228839945586000340e+03
-3.228176591269338587e+03
-3.227345198950471968e+03
-3.226667147965038112e+03
-3.228325461232718226e+03
-3.228853425980360043e+03
-3.223940678791807841e+03
-3.224313970402897667e+03
-3.228408214179553397e+03
-3.228477537032556938e+03
-3.226053636949198790e+03
-3.228106580478529395e+03
-3.226565153850748629e+03
-3.228729243674903046e+03
-3.228305060045101982e+03
-3.228759815696004353e+03
-3.228851936055444639e+03
-3.228427489800710646e+03
-3.226974254768373612e+03
-3.228835841276728388e+03
-3.225679109830517518e+03
-3.228567635135999808e+03
-3.226258534788024008e+03
-3.226761837295439364e+03
-3.228804591321027146e+03
-3.228166192292926553e+03
-3.228822336994945090e+03
-3.228568575943650103e+03
-3.227772427237171541e+03
-3.227872866408738901e+03
-3.228698383238051974e+03
-3.226261640837577943e+03
-3.228824228014726032e+03
-3.228771443448059927e+03
-3.226901754298286960e+03
-3.226815905699462292e+03
-3.228813675780264475e+03
-3.227603289160429540e+03
-3.228826770392090111e+03
-3.228802609985546042e+03
-3.227061422764621057e+03
-3.227730300579658433e+03
-3.225912975453053150e+03
-3.228849660290822158e+03
-3.228850541212583266e+03
-3.228363811436102878e+03
-3.228723751068896036e+03
-3.228558960150503481e+03
-3.227635602695414491e+03
-3.227856905755735170e+03
-3.228491644889640611e+03
-3.228713346382360214e+03
-3.228113030398848423e+03
-3.225666565165649445e+03
-3.228155706243272107e+03
-3.228819884229006220e+03
-3.227407477458154517e+03
-3.226860625856237220e+03
-3.228852992677048860e+03
-3.228384757911427187e+03
-3.228019237595123741e+03
-3.227271902817828050e+03
-3.228599426796833995e+03
-3.228845676234914208e+03
-3.228805318446510682e+03
-3.228619620008461425e+03
-3.228618189095374873e+03
-3.227934563425943452e+03
-3.228524542246787860e+03
-3.228830432823625415e+03
-3.222552274936198955e+03
-3.227085969030049455e+03
-3.228625760194744544e+03
-3.228661985765056670e+03
-3.228741677579343559e+03
-3.228815965051033345e+03
-3.227871012691538908e+03
-3.222622550313034480e+03
-3.226626509027379143e+03
-3.228853274328874249e+03
-3.228846279657070227e+03
-3.228457950635201087e+03
-3.228800191445035125e+03
-3.228629181942842933e+03
-3.228660898619735235e+03
-3.228718465699631452e+03
-3.228845969866250016e+03
-3.228846355777576719e+03
-3.228619687171764781e+03
-3.228785675248738698e+03
-3.227366121142073553e+03
-3.228731583135148412e+03
-3.228809350785847073e+03
-3.228846611343035420e+03
-3.228099508077467362e+03
-3.228032229075116447e+03
-3.226870016610213952e+03
-3.226776107038831469e+03
-3.227062788087755507e+03
-3.223777178593962162e+03
-3.226399180156884995e+03
-3.228815597655609508e+03
-3.228708452959572696e+03
-3.228791017267252755e+03
-3.228376894782047657e+03
-3.228337397219207560e+03
-3.227473401297391320e+03
-3.228731294781449833e+03
-3.228798801019643179e+03
-3.228656044460924022e+03
-3.228437436426745990e+03
-3.227837773851958445e+03
-3.226196348270221279e+03
-3.227659112800008188e+03
-3.228785970013147562e+03
-3.226581810517375743e+03
-3.227907139424146862e+03
-3.228144097077155493e+03
-3.228735970413661562e+03
-3.227518252068052789e+03
-3.228655708123225850e+03
-3.223432452365352674e+03
-3.227655721502359029e+03
-3.227594239273113999e+03
-3.228824645416784733e+03
-3.228518374251651494e+03
-3.228846906544764806e+03
-3.228253338388248267e+03
-3.228756239983405067e+03
-3.228807781744490057e+03
-3.228688287829027104e+03
-3.228801382283289058e+03
-3.228813048936732230e+03
-3.228705562747431031e+03
-3.228123225249104507e+03
-3.228593632174168761e+03
-3.228790662400801011e+03
-3.228790290517910762e+03
-3.227347929736362858e+03
-3.228834309997875607e+03
-3.228631585794174498e+03
-3.228626345465919258e+03
-3.228334081304629308e+03
-3.228840782306989240e+03
-3.228056528364900259e+03
-3.228541548819289346e+03
-3.228825125087156266e+03
-3.226613639105778930e+03
-3.228700334661264606e+03
-3.228825516942226386e+03
-3.228742175583805874e+03
-3.228834599573245214e+03
-3.228845410741382693e+03
-3.228175584248894666e+03
-3.228697768027142956e+03
-3.228543871086147192e+03
-3.227810987518417278e+03
-3.227731487251269755e+03
-3.227059752158504125e+03
-3.228801237373311778e+03
-3.226653440618923014e+03
-3.228524451923986817e+03
-3.228723391128853109e+03
-3.228224925691868066e+03
-3.227808381825241668e+03
-3.228694886794699414e+03
-3.228832351685706271e+03
-3.227611032364164203e+03
-3.228784911842500605e+03
-3.228824891610642680e+03
-3.227806776382666612e+03
-3.226454230067146455e+03
-3.226352867693627104e+03
-3.228759808890682507e+03
-3.228687102624154249e+03
-3.224836717116584623e+03
-3.225681959484118124e+03
-3.227501087027654194e+03
-3.228692698616770940e+03
-3.228829526742968483e+03
-3.228382712720303971e+03
-3.228846508973031632e+03
-3.227960656675265909e+03
-3.228237023250961101e+03
-3.228670559788330138e+03
-3.228846157006963040e+03
-3.228757809831419763e+03
-3.223713482718594605e+03
-3.226551127013804035e+03
-3.228293949593258276e+03
-3.224307109058122478e+03
-3.228353730142143831e+03
-3.228733826585130828e+03
-3.228821826999173936e+03
-3.228531158425143076e+03
-3.227830200461736695e+03
-3.228090697114051181e+03
-3.227762707440060694e+03
-3.228655594439922879e+03
-3.224747301210974001e+03
-3.228640036654013784e+03
-3.228311563570558064e+03
-3.228850152234172128e+03
-3.227772980072724749e+03
-3.228771931010918706e+03
-3.227591442093130354e+03
-3.226907556958116402e+03
-3.228660861541412487e+03
-3.228596641382825510e+03
-3.226608631413634612e+03
-3.228173771829413454e+03
-3.227731529022154518e+03
-3.228809214072183750e+03
-3.227608399616084171e+03
-3.228380201474092246e+03
-3.222892737884131748e+03
-3.227333632930220574e+03
-3.227060518288748426e+03
-3.228612733070198374e+03
-3.228849802252866539e+03
-3.228826290152530419e+03
-3.228853409884647135e+03
-3.227557581733185998e+03
-3.228685034585445010e+03
-3.227619777391920252e+03
-3.228571017685789229e+03
-3.228122590819079960e+03
-3.228226371528963682e+03
-3.228672161788483209e+03
-3.228575136880897844e+03
-3.225973275655785983e+03
-3.224906195846119317e+03
-3.227996717660419563e+03
-3.228852998279478925e+03
-3.228826683301425419e+03
-3.228617504405516684e+03
-3.228669677579737254e+03
-3.228811790161828867e+03
-3.228702011987639708e+03
-3.227892758364037036e+03
-3.228125421971083597e+03
-3.228713544098857255e+03
-3.226694047790551849e+03
-3.228835441189324229e+03
-3.228068550140220395e+03
-3.228809585971402157e+03
-3.228557397376695008e+03
-3.227346208151982864e+03
-3.228851050785528059e+03
-3.228259651157413828e+03
-3.228655141256722345e+03
-3.228712260950826021e+03
-3.228834227012670453e+03
-3.228110697166170212e+03
-3.225469442296221587e+03
-3.227665253561655391e+03
-3.228290809584113958e+03
-3.227612727454580636e+03
-3.228580861483030276e+03
-3.226630360345068311e+03
-3.225959935862090788e+03
-3.228487119444163909e+03
-3.228839029050385307e+03
-3.226672187387238409e+03
-3.228808723959991312e+03
-3.225516410607768194e+03
-3.227833563675794267e+03
-3.227006915346173628e+03
-3.227890893535537543e+03
-3.226990668770000411e+03
-3.226189888237911418e+03
-3.227677901781385572e+03
-3.228842860558212124e+03
-3.227946890283821631e+03
-3.228852786756402566e+03
-3.228134805945286644e+03
-3.228665553167322287e+03
-3.228790306364906428e+03
-3.227284523781948337e+03
-3.226159449157808922e+03
-3.228851322630275263e+03
-3.228303999699641281e+03
-3.224442235442976198e+03
-3.228790175782167353e+03
-3.227244614011265185e+03
-3.228852173805283655e+03
-3.219939922557933187e+03
-3.228587274550913207e+03
-3.228708320906482186e+03
-3.228707730770453509e+03
-3.227515189811093478e+03
-3.228501580239612849e+03
-3.228413442165805463e+03
-3.228838921494405440e+03
-3.227725066999475530e+03
-3.228711340815111726e+03
-3.228331552656994518e+03
-3.227474197065251246e+03
-3.228720669917032865e+03
-3.228438555798802554e+03
-3.227058254593133825e+03
-3.228769876478870174e+03
-3.227342218016321567e+03
-3.228369262570196497e+03
-3.228821861425426960e+03
-3.228415685455468520e+03
-3.228287340420771216e+03
-3.228452074745566279e+03
-3.227218118263451288e+03
-3.227729605759913284e+03
-3.227441325959126061e+03
-3.227895231197841895e+03
-3.228486821692101330e+03
-3.228342905062136197e+03
-3.228343370474170115e+03
-3.227250253013582551e+03
-3.226408879988819535e+03
-3.228491502403730919e+03
-3.228553608313519362e+03
-3.228167126463710702e+03
-3.227949290917610597e+03
-3.228846633701163682e+03
-3.226709782664845079e+03
-3.228554982335284876e+03
-3.227957486662058272e+03
-3.228815388521215482e+03
-3.228848529613445862e+03
-3.227227001341660070e+03
-3.227195150588388969e+03
-3.228695674850372598e+03
-3.228534794466240783e+03
-3.225680766400997072e+03
-3.228823879907306946e+03
-3.228821192183923813e+03
-3.223662546718467638e+03
-3.227974046395354435e+03
-3.228306440376830778e+03
-3.227250869804650392e+03
-3.228792196421377412e+03
-3.226163149989629801e+03
-3.228350461187104429e+03
-3.228285401307027314e+03
-3.228260588003411613e+03
-3.226122503223573403e+03
-3.228853396971109305e+03
-3.228629865162817623e+03
-3.228731542227591490e+03
-3.228137605341057679e+03
-3.228833794795695212e+03
-3.228704918597433789e+03
-3.227917180204670785e+03
-3.227451978614204563e+03
-3.226792939209129145e+03
-3.228836991881985341e+03
-3.228547006248513298e+03
-3.228564233599035106e+03
-3.227769584709920309e+03
-3.226286657623399151e+03
-3.228551449059236802e+03
-3.228753419702618430e+03
-3.228489941828195697e+03
-3.228503547222091584e+03
-3.228754589819709963e+03
-3.224609434511234213e+03
-3.228608853229159195e+03
-3.225193435190950822e+03
-3.228851481082644568e+03
-3.228635027852372332e+03
-3.227931758721601454e+03
-3.227012049722533447e+03
-3.226000601479863690e+03
-3.228835307297458712e+03
-3.228607801598611331e+03
-3.228742130444348732e+03
-3.226833926626101402e+03
-3.227987678234017039e+03
-3.228347948556399388e+03
-3.228101508477989228e+03
-3.227297800231503061e+03
-3.226920797233886788e+03
-3.226636183137279204e+03
-3.228189964807315846e+03
-3.228553441848594048e+03
-3.228320761501920060e+03
-3.228779051653613351e+03
-3.228537761220221910e+03
-3.228719198273796337e+03
-3.228814724713276973e+03
-3.226526429266892592e+03
-3.225714336611265026e+03
-3.228045399644608551e+03
-3.228834932367478359e+03
-3.228739136769765537e+03
-3.228128869327602843e+03
-3.228050428903716238e+03
-3.227586565444720691e+03
-3.225662327107212150e+03
-3.227998819945821197e+03
-3.228413716910820767e+03
-3.227883442772405033e+03
-3.228234503420437704e+03
-3.228575432847103912e+03
-3.226941912168907947e+03
-3.227551058209870462e+03
-3.228432130257142489e+03
-3.228037390191145278e+03
-3.228797593059087831e+03
-3.227923742320149358e+03
-3.228236684618973413e+03
-3.228531397522574935e+03
-3.228835007320092700e+03
-3.228851789571081099e+03
-3.228545306608939882e+03
-3.228212851826630867e+03
-3.228845379891226912e+03
-3.225208343540512942e+03
-3.228031773650164723e+03
-3.227687888182451388e+03
-3.228755961554242731e+03
-3.225912127849547232e+03
-3.226312281641363370e+03
-3.228763635897320455e+03
-3.228851193457419868e+03
-3.224606164681075370e+03
-3.228758236583829330e+03
-3.228850191033873671e+03
-3.228389292940810719e+03
-3.228413222665670219e+03
-3.228827228467106579e+03
-3.228795660613959626e+03
-3.228624719966413068e+03
-3.227382445833105521e+03
-3.228229265758984184e+03
-3.228414464156408030e+03
-3.228358479408915173e+03
-3.228164341475234323e+03
-3.228853393258280448e+03
-3.226665422008372843e+03
-3.228845363857061784e+03
-3.227948819044007905e+03
-3.227696401259991035e+03
-3.228693638149644812e+03
-3.228161962217115160e+03
-3.226960318772711616e+03
-3.228500308831928123e+03
-3.227432397545002459e+03
-3.228851836156566605e+03
-3.228322995809158783e+03
-3.225873957568273909e+03
-3.228106025197203962e+03
-3.228838545976982459e+03
-3.226718621821610213e+03
-3.228771207154780313e+03
-3.228836853964443435e+03
-3.225396074143625810e+03
-3.228302249381864840e+03
-3.227553428634693773e+03
-3.228557438135520897e+03
-3.226033386557880476e+03
-3.228195610862810554e+03
-3.227410657373969116e+03
-3.226097004031673350e+03
-3.228211510687659029e+03
-3.227239948294148235e+03
-3.228734430685218285e+03
-3.228770521744400867e+03
-3.228849863595773058e+03
-3.228814072284761096e+03
-3.228778426698719159e+03
-3.227805641155329795e+03
-3.228689644401592886e+03
-3.227771736302624049e+03
-3.228804072541747246e+03
-3.228306275939845818e+03
-3.228837597444843595e+03
-3.228294055767952159e+03
-3.227725684225348232e+03
-3.225141564132550229e+03
-3.227061690069921951e+03
-3.228851961055416723e+03
-3.224379414815960445e+03
-3.225411013692163124e+03
-3.226840546708764577e+03
-3.228066959715798930e+03
-3.227184208421000221e+03
-3.228065573637049056e+03
-3.226845379258583307e+03
-3.228302191019961811e+03
-3.228829321572236040e+03
-3.228827619316123673e+03
-3.227600820223774463e+03
-3.225397440060012741e+03
-3.228625874736307196e+03
-3.226912592620041778e+03
-3.228247051156973612e+03
-3.225384543207303523e+03
-3.228412692222048463e+03
-3.228821143195867080e+03
-3.228368534800405996e+03
-3.228840070325365559e+03
-3.222305985252078244e+03
-3.226516822821020014e+03
-3.225788656077374071e+03
-3.228330905672721201e+03
-3.228485062283858497e+03
-3.228537280729756276e+03
-3.228834853612725055e+03
-3.227287185686360317e+03
-3.228835814724590819e+03
-3.228728305195736993e+03
-3.228718328371117877e+03
-3.228822255090295585e+03
-3.228743006550736027e+03
-3.228674339032500029e+03
-3.228600156084266928e+03
-3.228378058494895413e+03
-3.228538387973396311e+03
-3.228279942785356980e+03
-3.228701279179406356e+03
-3.228805150111138573e+03
-3.228536560918189480e+03
-3.226922306208110967e+03
-3.227275508029727462e+03
-3.226964048064381132e+03
-3.228556089785434779e+03
-3.228063633224036039e+03
-3.228699692611878618e+03
-3.228290665382260158e+03
-3.228734198329073479e+03
-3.228802943413321373e+03
-3.228281496583853368e+03
-3.228852333377329160e+03
-3.227756436848055273e+03
-3.228772136272993066e+03
-3.228793303378002292e+03
-3.225735582939323194e+03
-3.227288379840084417e+03
-3.228050103846318962e+03
-3.228555186687241076e+03
-3.227113416052828597e+03
-3.228534043372028009e+03
-3.226919522974098982e+03
-3.226534831681052310e+03
-3.228818358915099907e+03
-3.227295713980660821e+03
-3.228693808951522897e+03
-3.227761258292513503e+03
-3.228572971778241936e+03
-3.228833615337452102e+03
-3.228682683889304826e+03
-3.228750396228288992e+03
-3.228158979168415954e+03
-3.226359866149770824e+03
-3.228852315170154725e+03
-3.227467311681844421e+03
-3.228835563179912242e+03
-3.228019025627171686e+03
-3.227935848877448734e+03
-3.227197208489802506e+03
-3.228691291149508288e+03
-3.226140857690798839e+03
-3.228853446012790300e+03
-3.228475503038928764e+03
-3.227432935754910886e+03
-3.228637708329409179e+03
-3.228432938537036534e+03
-3.228375619356329480e+03
-3.228594621251565513e+03
-3.228799142105118335e+03
-3.228791245940011322e+03
-3.228691035136010214e+03
-3.228742965565716077e+03
-3.227860424411372605e+03
-3.227118633180528377e+03
-3.226696956782732741e+03
-3.225188452535098804e+03
-3.222826398194290960e+03
-3.227995863680311686e+03
-3.228659667359677314e+03
-3.225626736582636113e+03
-3.227175783506109838e+03
-3.228814994426873454e+03
-3.227711294491934041e+03
-3.228428581752612445e+03
-3.226881868313857012e+03
-3.228840553207275661e+03
-3.228820923355752711e+03
-3.227025539185843627e+03
-3.228847300066624484e+03
-3.228255414950479008e+03
-3.228843655625561041e+03
-3.228030638993071989e+03
-3.228699037178561412e+03
-3.221841738185957183e+03
-3.227582102070428846e+03
-3.228842013976650378e+03
-3.225766357898955448e+03
-3.227722061040191875e+03
-3.228758447806760159e+03
-3.228844013128611550e+03
-3.228468741264855453e+03
-3.228827643855270708e+03
-3.228333479180635095e+03
-3.228714384286361110e+03
-3.228848990876145763e+03
-3.228555868263227239e+03
-3.228783398571217731e+03
-3.228808971482482775e+03
-3.228442250785833494e+03
-3.228685043429390134e+03
-3.228392300967026586e+03
-3.225751880212262222e+03
-3.228642411704548977e+03
-3.228159975288882379e+03
-3.226774210481506088e+03
-3.227241550146482950e+03
-3.227223532423826327e+03
-3.228555777891734579e+03
-3.226648474293115214e+03
-3.228449423461688639e+03
-3.225240336656112959e+03
-3.225962924868780647e+03
-3.228828734290018474e+03
-3.228411733672593073e+03
-3.227074911186844020e+03
-3.228827465119386034e+03
-3.227885728763533280e+03
-3.228439829313508653e+03
-3.228287985586037394e+03
-3.228765118588607947e+03
-3.228852466691876543e+03
-3.226289145432584974e+03
-3.227179680583978552e+03
-3.228450900262415416e+03
-3.228808899991900944e+03
-3.228788336661051289e+03
-3.228551947549132819e+03
-3.228353867598142642e+03
-3.228828499040504084e+03
-3.227397049411961234e+03
-3.228809883934132813e+03
-3.228142038402284015e+03
-3.228359049144332403e+03
-3.224666217382936793e+03
-3.228719260648181262e+03
-3.226493374905414839e+03
-3.228829824449236639e+03
-3.223837210051214242e+03
-3.226525431212576677e+03
-3.227581925952604252e+03
-3.228841281324790998e+03
-3.228473736819495571e+03
-3.227304741387749800e+03
-3.228273792495704583e+03
-3.228647446589763149e+03
-3.228722399615383893e+03
-3.228847709216210205e+03
-3.228852614245673067e+03
-3.227805741285322256e+03
-3.228702149077538706e+03
-3.228821982512454724e+03
-3.228853430002400273e+03
-3.228391838644703967e+03
-3.228539498345604443e+03
-3.228638614427084576e+03
-3.228587737641066724e+03
-3.227794802370348407e+03
-3.228753241848387006e+03
-3.225637669112986259e+03
-3.226157439994046854e+03
-3.228594156164835567e+03
-3.228850722578781188e+03
-3.228852368674602076e+03
-3.228167275881975911e+03
-3.228428122915751828e+03
-3.228293202599130836e+03
-3.228718288152804234e+03
-3.221697686026327574e+03
-3.226221461177112360e+03
-3.228788576899083637e+03
-3.228759757201269167e+03
-3.228196645898004135e+03
-3.228752836474888682e+03
-3.228812604997912786e+03
-3.225145706700340725e+03
-3.228559431166310787e+03
-3.227548766876738227e+03
-3.226068974917805463e+03
-3.227552266119547312e+03
-3.228811245832460372e+03
-3.228840140704452097e+03
-3.228823685345802005e+03
-3.228559268951999911e+03
-3.228852547694316399e+03
-3.228852828631198463e+03
-3.228239158934013631e+03
-3.225205926119971991e+03
-3.227688706861935316e+03
-3.228500761676294587e+03
-3.228375227231927965e+03
-3.228425278416106266e+03
-3.228620858832615340e+03
-3.228398616085444701e+03
-3.228405687834296259e+03
-3.228788986123459836e+03
-3.228190243446571458e+03
-3.228023246986544109e+03
-3.227848381404916836e+03
-3.226520235775974925e+03
-3.228814991246636964e+03
-3.227888729577311551e+03
-3.228087418563349729e+03
-3.228218022369280789e+03
-3.228776727514606137e+03
-3.224380799627178931e+03
-3.227713405441400027e+03
-3.228699375185898134e+03
-3.227761151618703025e+03
-3.228852829790955184e+03
-3.227114830312951199e+03
-3.227806944594525248e+03
-3.226280984978340712e+03
-3.227406699504511380e+03
-3.227862304714546553e+03
-3.228323884443621864e+03
-3.228596712110545013e+03
-3.228485921357715597e+03
-3.228852143724230700e+03
-3.228347358635465753e+03
-3.228539841690769208e+03
-3.227252573953911451e+03
-3.228500518086525062e+03
-3.228850238641231499e+03
-3.228408085815161030e+03
-3.226622865419439222e+03
-3.226371404558844006e+03
-3.228727183789714218e+03
-3.228607829806002883e+03
-3.223000287915052468e+03
-3.226542880311723366e+03
-3.227982872004179171e+03
-3.228849986625524252e+03
-3.228279993889696016e+03
-3.225057602592872627e+03
-3.225960297078965596e+03
-3.222029597120589642e+03
-3.228338436917748368e+03
-3.228768672880273243e+03
-3.228777525338903615e+03
-3.224166068169118716e+03
-3.228629099100467101e+03
-3.225929314625019742e+03
-3.228757340938676862e+03
-3.228745833569083061e+03
-3.228745721841738487e+03
-3.227858975964036745e+03
-3.228298866153602376e+03
-3.227767615255640976e+03
-3.228797080441119761e+03
-3.227520623695027098e+03
-3.226684733678948305e+03
-3.228544084794366427e+03
-3.227667790286676791e+03
-3.228779331499395084e+03
-3.228467731579841711e+03
-3.223150408128204617e+03
-3.228819000892077838e+03
-3.225433209972646182e+03
-3.228116625221452523e+03
-3.227955300567036829e+03
-3.227938190125852088e+03
-3.228770438287856450e+03
-3.227090908478568053e+03
-3.228729958554173209e+03
-3.227326489820948154e+03
-3.226850349887439279e+03
-3.227741300906886863e+03
-3.227908206197701475e+03
-3.228601914545299223e+03
-3.228144280989796698e+03
-3.227229038834708263e+03
-3.228230428775122618e+03
-3.226808144242599155e+03
-3.227371679928240155e+03
-3.227786263263806632e+03
-3.228525793855475968e+03
-3.228477889620180576e+03
-3.228549786917445999e+03
-3.228848503486614391e+03
-3.228025561199986441e+03
-3.228733965914208056e+03
-3.228727329577614910e+03
-3.225221051469101440e+03
-3.228141048999834311e+03
-3.228810676858533498e+03
-3.228846165056949758e+03
-3.228629400710907248e+03
-3.228853288222207084e+03
-3.228846775007142242e+03
-3.228803192607157143e+03
-3.228750958990055551e+03
-3.225074432249346501e+03
-3.228058873775331449e+03
-3.225915157658417229e+03
-3.228846289430037814e+03
-3.228839890367028147e+03
-3.228769140715822687e+03
-3.228837417197948525e+03
-3.228424116350760414e+03
-3.228536648880599842e+03
-3.228809292943504715e+03
-3.228317462047601111e+03
-3.228640919831609608e+03
-3.227548108691061316e+03
-3.228842377184126235e+03
-3.228794815603743700e+03
-3.227520614480489712e+03
-3.228850521886462957e+03
-3.226659136017807668e+03
-3.228027246738368376e+03
-3.228317841733673049e+03
-3.228086289375041815e+03
-3.228851839884616766e+03
-3.228678283954927792e+03
-3.228758749049040489e+03
-3.227816986572068345e+03
-3.228620731740180872e+03
-3.228812593561331596e+03
-3.228227557627799797e+03
-3.225973734074786080e+03
-3.228365790621327506e+03
-3.228849803720017917e+03
-3.228717180940867820e+03
-3.223885227108713480e+03
-3.228848688767307067e+03
-3.228245395144218492e+03
-3.228689433877278134e+03
-3.227847543014727762e+03
-3.225461749991992292e+03
-3.228531394487496527e+03
-3.228469962116145325e+03
-3.228789010518128634e+03
-3.228853438970648767e+03
-3.227663552515909942e+03
-3.228650656372476988e+03
-3.227016628424335067e+03
-3.228813002697526827e+03
-3.226928314462682465e+03
-3.225653672317502696e+03
-3.228846126967077907e+03
-3.227296142102974954e+03
-3.227964775927658593e+03
-3.228425082773895156e+03
-3.228692879830294714e+03
-3.228188852055882307e+03
-3.228654333313052121e+03
-3.228422757246440142e+03
-3.228843837282018740e+03
-3.228717521774932720e+03
-3.228853316745257871e+03
-3.226995290606627350e+03
-3.228690352028046618e+03
-3.227236039397525474e+03
-3.228706046645764218e+03
-3.226445434424828363e+03
-3.228805922770658526e+03
-3.228825060256373945e+03
-3.228702580729217971e+03
-3.228681417802873511e+03
-3.228835954749501070e+03
-3.228602317313490403e+03
-3.228780511958791976e+03
-3.228724027863058836e+03
-3.227541617623384809e+03
-3.228602397118405861e+03
-3.223875890480618182e+03
-3.228818170472332895e+03
-3.228849054749033712e+03
-3.228066364347142553e+03
-3.228764968369412145e+03
-3.228673920396582616e+03
-3.228835992546391026e+03
-3.228844485227568839e+03
-3.228339542209037063e+03
-3.228751203326008181e+03
-3.227487251348159134e+03
-3.226382431540784637e+03
-3.228636940497357500e+03
-3.228555193005428919e+03
-3.228364475584047341e+03
-3.226547821165316691e+03
-3.228851209583016043e+03
-3.228520793637152565e+03
-3.228737755177389772e+03
-3.228800447111009817e+03
-3.228070105872859131e+03
-3.228520665782468313e+03
-3.227294070652134451e+03
-3.228645098286516713e+03
-3.227815031914692554e+03
-3.226383155285549947e+03
-3.228850624617341964e+03
-3.228280224199748773e+03
-3.227840426225772717e+03
-3.225161039779155089e+03
-3.228426879698677112e+03
-3.228761304198504149e+03
-3.228329743341981157e+03
-3.228418576562238741e+03
-3.228594734767632872e+03
-3.221553097789294952e+03
-3.228340696602274875e+03
-3.224446218951173250e+03
-3.228712899755869330e+03
-3.226850946126087820e+03
-3.228621370572442174e+03
-3.227879343515645360e+03
-3.228518768242805436e+03
-3.227261306811110444e+03
-3.225447327802268774e+03
-3.228635250830531731e+03
-3.228591188257820249e+03
-3.228643651620459423e+03
-3.224064101791734174e+03
-3.227974942945343173e+03
-3.228819001537614440e+03
-3.228843951300792469e+03
-3.227269800469085112e+03
-3.227432319058961639e+03
-3.226563223474408915e+03
-3.228527101950444376e+03
-3.228491705023893701e+03
-3.227826564206782678e+03
-3.228736561868498484e+03
-3.228753900273040927e+03
-3.227424519673312261e+03
-3.228837987691235867e+03
-3.225460589053640433e+03
-3.228836034967595879e+03
-3.228852308549430290e+03
-3.228630456160943140e+03
-3.228840071390382946e+03
-3.228777406744466134e+03
-3.228847900983884756e+03
-3.227932761248060615e+03
-3.227864013397222607e+03
-3.226620076909810450e+03
-3.228372701678199519e+03
-3.227851217926976005e+03
-3.228800845197707531e+03
-3.228109709318265232e+03
-3.228816941655658411e+03
-3.228376267816314794e+03
-3.228184960513308397e+03
-3.227587324686043303e+03
-3.228039445538740438e+03
-3.228600008249904022e+03
-3.228427331158064590e+03
-3.228226009197329404e+03
-3.228030772585309933e+03
-3.228818903324834082e+03
-3.227909105803959392e+03
-3.227914853053474417e+03
-3.228674971658387676e+03
-3.225933825856030126e+03
-3.227879952321753990e+03
-3.227768351964405610e+03
-3.228843621493140290e+03
-3.228434702300033678e+03
-3.228836844012828351e+03
-3.223894784144637015e+03
-3.228851807803303018e+03
-3.224988473005701053e+03
-3.227526234287656735e+03
-3.228759371432033731e+03
-3.227953717353215779e+03
-3.228312209857485414e+03
-3.228041796142696967e+03
-3.228852341670578426e+03
-3.228689421363999827e+03
-3.225625249140866799e+03
-3.226851288541369286e+03
-3.228763062671909211e+03
-3.228741454606079969e+03
-3.226663101601927337e+03
-3.227764758560217615e+03
-3.225295614016971285e+03
-3.228747905990764593e+03
-3.226584911862677927e+03
-3.228644172695636826e+03
-3.228708602959166910e+03
-3.228241268277413383e+03
-3.228636984987226697e+03
-3.228779804744574903e+03
-3.227808826715206123e+03
-3.226764120149489372e+03
-3.228395288232456096e+03
-3.228776970723919476e+03
-3.228616070047706671e+03
-3.228852025491078621e+03
-3.228847557897694969e+03
-3.227391957682613793e+03
-3.228621962792289196e+03
-3.228289043446017786e+03
-3.227977919580463094e+03
-3.226650909541383044e+03
-3.228852641882818716e+03
-3.228635939643434540e+03
-3.228177099773049122e+03
-3.228726019034665114e+03
-3.228523004865080111e+03
-3.227545324323282784e+03
-3.227812834490408022e+03
-3.228712984171516382e+03
-3.228268024125229658e+03
-3.228643954792603836e+03
-3.228626484646859353e+03
-3.228806895142051417e+03
-3.228656995737679608e+03
-3.227653875895372494e+03
-3.228733895464853958e+03
-3.227958171677267273e+03
-3.227818899860656984e+03
-3.228600218825325101e+03
-3.228400566554646957e+03
-3.227896156706364309e+03
-3.228692608888614814e+03
-3.228820456001171806e+03
-3.227865431423341761e+03
-3.228655353210772773e+03
-3.227905497202405513e+03
-3.228414799309617592e+03
-3.227270837593806391e+03
-3.228358865884042189e+03
-3.225376212008119182e+03
-3.228025098958091803e+03
-3.228852580486334773e+03
-3.227014311772233214e+03
-3.228841918210572658e+03
-3.228661420789118893e+03
-3.228774439241668915e+03
-3.227472131465895473e+03
-3.228448000602520096e+03
-3.228849081520618711e+03
-3.228034195696493498e+03
-3.228213549072645947e+03
-3.228340658028120743e+03
-3.228127679314286979e+03
-3.228331412773448392e+03
-3.228821569398245629e+03
-3.222601246463908865e+03
-3.228853368469941415e+03
-3.228842186899581520e+03
-3.228586590435220387e+03
-3.228371443471784914e+03
-3.228848923793248559e+03
-3.225916837296205813e+03
-3.225915770529509246e+03
-3.228688232247148335e+03
-3.228517415755582988e+03
-3.225999670626471925e+03
-3.228816337295505491e+03
-3.228766390095851420e+03
-3.228701678520442329e+03
-3.226671610191065156e+03
-3.228089785927732009e+03
-3.228784229139633226e+03
-3.228792331619265042e+03
-3.228844672237728446e+03
-3.228765810831915587e+03
-3.228802219835386950e+03
-3.227508523424892246e+03
-3.228655499784652420e+03
-3.225845695758428519e+03
-3.227914310079171628e+03
-3.226909892207138910e+03
-3.228301439297291836e+03
-3.227070370422417000e+03
-3.228119191328554734e+03
-3.228104370785514220e+03
-3.228392125357026998e+03
-3.228810315655389786e+03
-3.228849046600032125e+03
-3.223883527345868060e+03
-3.228852236586655636e+03
-3.228836940494426926e+03
-3.228811911686051189e+03
-3.228754131603049245e+03
-3.227802653585922599e+03
-3.225075717881651144e+03
-3.228849979263036403e+03
-3.228424261804949310e+03
-3.228714683369548766e+03
-3.228600255798759463e+03
-3.227805511535544611e+03
-3.228558768940492428e+03
-3.228231312257718855e+03
-3.225492788133450176e+03
-3.227305792994409785e+03
-3.228468305304089881e+03
-3.227942425301182539e+03
-3.226832958428258280e+03
-3.228283092260924604e+03
-3.228852739364564968e+03
-3.228841045560848215e+03
-3.228554355391634090e+03
-3.228775019540377798e+03
-3.228085879168746033e+03
-3.228108724549422732e+03
-3.227411624242101425e+03
-3.226692816147532994e+03
-3.228266319199040481e+03
-3.227237747147716163e+03
-3.225268875559958815e+03
