# Variable: A
# Sample shape: (2500,)
# Date: 2018-11-21 08:56:52.025574
1.771948997570238760e+01
1.752512534396119648e+01
1.757932713474072628e+01
1.758033436905669333e+01
1.758963520917083656e+01
1.764655146120353990e+01
1.764844245410236923e+01
1.766453396717429314e+01
1.756127494126798538e+01
1.768269702486739803e+01
1.778920194865832016e+01
1.758763714326530803e+01
1.756533912752514581e+01
1.758402239511397980e+01
1.753842548851626049e+01
1.762568649547494104e+01
1.757644567656366519e+01
1.764231370391472353e+01
1.762635233650087585e+01
1.757556824261352801e+01
1.748963487150512108e+01
1.763058124203276122e+01
1.755191906228596466e+01
1.750290242815078656e+01
1.756027549406254096e+01
1.763026765693308562e+01
1.769394302820228404e+01
1.757214710832415250e+01
1.761313047274301269e+01
1.766630093275771785e+01
1.761412227174129796e+01
1.746623821369169605e+01
1.758159747486477187e+01
1.773788052053263087e+01
1.761560716914014080e+01
1.761643501460770977e+01
1.758110402176259157e+01
1.750085754358079271e+01
1.753047084802326339e+01
1.756406728181303123e+01
1.753263159961115392e+01
1.765051228977759834e+01
1.754814714469513959e+01
1.753718655856377140e+01
1.757212299975308056e+01
1.770771662392697365e+01
1.760537384690553608e+01
1.753790562348426363e+01
1.754170297656063227e+01
1.754207251659667222e+01
1.763765045365511241e+01
1.771451861618889367e+01
1.751146145736631965e+01
1.769641688630521159e+01
1.763676623980407854e+01
1.767035920975013852e+01
1.747035469525310347e+01
1.757019481673998840e+01
1.747612300724041035e+01
1.759088910355608704e+01
1.761235886548182350e+01
1.762086255180183514e+01
1.761868880608070498e+01
1.767053292775585049e+01
1.753876427653997894e+01
1.749300910983628299e+01
1.758644913371824359e+01
1.762288730266748615e+01
1.768941219941251219e+01
1.760256953612593378e+01
1.763815036373061318e+01
1.761798801835965378e+01
1.768032179395667214e+01
1.760915665802402685e+01
1.773513336049359168e+01
1.765682597734528869e+01
1.768063152175769304e+01
1.765872486996863344e+01
1.764435903662310423e+01
1.753905106769489919e+01
1.753858881240365264e+01
1.758601531482214497e+01
1.759876703102792561e+01
1.757863643650293994e+01
1.757145037252394815e+01
1.771398943540976489e+01
1.755246840146788756e+01
1.746631681097751354e+01
1.751662075225694437e+01
1.755905736947465812e+01
1.764819158223528817e+01
1.768327907310765923e+01
1.757198810591115290e+01
1.782597036389686807e+01
1.754387447888562335e+01
1.758797555469910989e+01
1.763613231996079733e+01
1.752502646680527576e+01
1.748374617052070690e+01
1.766059792085564339e+01
1.758027568531569784e+01
1.759096548388102832e+01
1.765627582040936971e+01
1.763165631270605971e+01
1.756487683204447592e+01
1.754660308369865263e+01
1.769194962906223623e+01
1.750520237521332234e+01
1.776078313527465369e+01
1.765896815701757916e+01
1.769034851774380002e+01
1.762686988473681993e+01
1.754901894692972775e+01
1.756668540400399081e+01
1.763019077984414196e+01
1.763306585931751513e+01
1.758040697639229677e+01
1.749967586303874256e+01
1.767174825658236514e+01
1.752826039314714279e+01
1.760280050174801403e+01
1.763159053083486683e+01
1.782744819308659245e+01
1.753830098332602105e+01
1.779505065179093037e+01
1.767616772504164047e+01
1.763093940729686082e+01
1.753229679125834650e+01
1.756413473936695979e+01
1.767398207966077095e+01
1.758909498288175399e+01
1.765899533632572016e+01
1.776256441628141758e+01
1.748674700957318606e+01
1.768764048897251584e+01
1.760303065462595740e+01
1.755992368448529817e+01
1.757488474247078969e+01
1.768207717347592123e+01
1.763981992337233606e+01
1.759145215741479618e+01
1.749853544361598523e+01
1.750360937951003493e+01
1.755882179670916798e+01
1.754662385162725613e+01
1.760534309883518134e+01
1.762465631225164131e+01
1.761036878720739551e+01
1.757854724247567901e+01
1.764399899414909356e+01
1.753628386063783751e+01
1.759941768229498393e+01
1.773353482843830520e+01
1.760353921593704740e+01
1.760247697439838888e+01
1.782656298681780527e+01
1.745392550372921292e+01
1.755911491320244266e+01
1.750674689698707454e+01
1.763607848787523835e+01
1.757384677286461283e+01
1.747911316910021284e+01
1.763192492947832690e+01
1.765378739865151303e+01
1.770071759093133323e+01
1.766254580426821263e+01
1.741534945461932438e+01
1.751140704514755342e+01
1.768896688824858288e+01
1.754591092326420565e+01
1.758681276442945318e+01
1.749895092776541716e+01
1.761667446931068071e+01
1.766638526345957416e+01
1.765468994816270865e+01
1.755093797656685339e+01
1.753458720967219264e+01
1.760160701611022205e+01
1.758933279092693525e+01
1.769044961533657556e+01
1.755034527035907033e+01
1.766621473913738782e+01
1.757472986913031576e+01
1.772408205584972407e+01
1.759940475354295941e+01
1.764758711777546196e+01
1.770046376202927618e+01
1.760717793617143556e+01
1.773578846831795985e+01
1.763050556547601033e+01
1.762562051976797051e+01
1.758158367401303934e+01
1.762325348162611860e+01
1.765658307024160223e+01
1.769513991381383988e+01
1.765687846330364508e+01
1.750157386423158457e+01
1.753093526743722919e+01
1.748280272329126817e+01
1.754275818110874852e+01
1.768252017785710350e+01
1.771086214082782817e+01
1.760277256927586720e+01
1.755353925874096177e+01
1.761232782228085014e+01
1.748405755222883329e+01
1.756507514502749245e+01
1.766445789952243217e+01
1.749570641481115629e+01
1.758162643861860630e+01
1.748284131787902496e+01
1.758615546843949318e+01
1.763947263669484045e+01
1.753363878135473186e+01
1.764308442723893933e+01
1.754960301195472994e+01
1.767405903485524021e+01
1.771772853409044401e+01
1.762246074281345187e+01
1.760380298351227069e+01
1.756815419949297663e+01
1.754530835898891894e+01
1.764569841749251822e+01
1.748549953461446194e+01
1.755635919359221830e+01
1.736588479115691541e+01
1.769292370905623457e+01
1.753007605913693467e+01
1.750824239474932753e+01
1.767006761961002681e+01
1.771445968834430218e+01
1.765899062886585824e+01
1.766916211307151130e+01
1.756458507619512943e+01
1.758167283097660061e+01
1.762730011608752889e+01
1.758552399882440298e+01
1.755333611977651742e+01
1.777246142492408509e+01
1.749564185467733068e+01
1.766793625953751246e+01
1.764120073497401364e+01
1.754311453019839462e+01
1.766151567454281945e+01
1.753313879110439188e+01
1.750562011037208521e+01
1.738240628196093240e+01
1.749239703422647096e+01
1.758053824490487926e+01
1.750248721908029381e+01
1.748024413350069395e+01
1.755711917552029888e+01
1.755353306903238675e+01
1.770729800508369678e+01
1.753921930164851872e+01
1.763272587330315844e+01
1.755119093975805100e+01
1.752876546156858240e+01
1.755145021232316793e+01
1.763296508007410424e+01
1.751428242221516385e+01
1.754121203281780694e+01
1.777941520352101890e+01
1.744973544731216819e+01
1.753274376092925735e+01
1.774619105658559448e+01
1.751728196521104408e+01
1.771404436094033485e+01
1.766074132639450767e+01
1.758541101554853725e+01
1.743613318215144048e+01
1.752959757803486340e+01
1.768859623093237943e+01
1.745689856493454428e+01
1.758214385629769083e+01
1.760995533846250893e+01
1.782415467617147442e+01
1.770955801175610844e+01
1.764350688621751928e+01
1.744201929288542985e+01
1.780666752331215719e+01
1.757597841519200443e+01
1.757307727087896154e+01
1.747361402203135228e+01
1.763265102588207611e+01
1.739717194341911366e+01
1.757332337398644029e+01
1.761295153080545361e+01
1.745214330833646699e+01
1.756216498888938560e+01
1.746902517203800898e+01
1.771264594631534806e+01
1.772625624239766040e+01
1.755472118549301896e+01
1.754393996345381623e+01
1.740232125980731581e+01
1.758520691439443695e+01
1.757762319773036097e+01
1.755040817082084459e+01
1.768385648066976046e+01
1.757333284250424299e+01
1.757030631296036560e+01
1.773426794408111817e+01
1.762222215734282571e+01
1.764833341276405676e+01
1.757232799996428696e+01
1.769540577787877922e+01
1.747496398331290379e+01
1.758822060260920850e+01
1.752702450456930094e+01
1.761615574878138446e+01
1.773972442727450982e+01
1.758665857303720159e+01
1.759019023140749027e+01
1.768230294307232597e+01
1.759314722549848753e+01
1.752773298869889018e+01
1.750596536200871611e+01
1.774173889422968742e+01
1.762813639137231192e+01
1.768419980326405394e+01
1.746282776000564496e+01
1.764307163829991865e+01
1.763958397676847056e+01
1.762459412007685700e+01
1.762279144329365721e+01
1.776123081165419748e+01
1.755588752103869865e+01
1.755938091180199834e+01
1.762675843245147789e+01
1.764469336936772592e+01
1.761527398881626638e+01
1.764374866253534080e+01
1.756325189775852635e+01
1.778357890856247181e+01
1.753898007594871444e+01
1.778866580957856414e+01
1.751567785793215748e+01
1.769803423274711918e+01
1.750134476461282418e+01
1.773273161189056069e+01
1.754892513475197191e+01
1.761029201865627059e+01
1.765228668089425312e+01
1.764026356566491671e+01
1.769801079446128256e+01
1.756850038772916633e+01
1.758031926994028993e+01
1.761747330194784666e+01
1.767288294875103816e+01
1.763753683874312372e+01
1.737419435713700011e+01
1.757965503368043514e+01
1.771045500776232018e+01
1.758493400516156768e+01
1.754922571931585651e+01
1.757628150254751631e+01
1.753820405954353134e+01
1.758509918572609365e+01
1.766524209695252523e+01
1.755035908770753394e+01
1.748954180088530563e+01
1.761506591305749225e+01
1.749290310441735485e+01
1.760162528925429726e+01
1.759275974239441709e+01
1.759159800732953371e+01
1.766463224371754492e+01
1.774228027128288687e+01
1.747346158143410122e+01
1.760023145078404383e+01
1.764788931494690516e+01
1.759365678378432918e+01
1.755822547939644096e+01
1.754351893770487791e+01
1.744034931780596764e+01
1.761153346855845925e+01
1.767082302495328250e+01
1.755806198986240929e+01
1.767669547290289600e+01
1.762525809262813326e+01
1.754940459828125654e+01
1.753280720603822829e+01
1.758224530417319187e+01
1.754639371882320020e+01
1.743093607181330995e+01
1.752327136420514009e+01
1.759220328479391426e+01
1.761547344558868744e+01
1.768345657042937091e+01
1.764938981442042021e+01
1.768614508869117685e+01
1.752149174233742102e+01
1.768681252197001186e+01
1.753460708922915856e+01
1.762931799444201530e+01
1.758920663688210340e+01
1.754077084204802972e+01
1.759470193546286509e+01
1.749777740975875773e+01
1.743809402103860862e+01
1.757733832381494921e+01
1.757525883314142945e+01
1.765901124564574687e+01
1.770119687247145635e+01
1.754719519204030220e+01
1.754848469635152242e+01
1.751465383347461824e+01
1.766634328180542113e+01
1.752742663846820648e+01
1.754566609448221826e+01
1.763122220241547211e+01
1.739336546461624522e+01
1.761628039468750018e+01
1.765900653369734741e+01
1.774625342772420922e+01
1.760118709710060614e+01
1.764107342871098183e+01
1.757063515328693626e+01
1.759631921730689541e+01
1.746260684036677446e+01
1.757474584747452440e+01
1.766178297549826581e+01
1.769051826226140989e+01
1.754115464734386975e+01
1.750996378633670147e+01
1.743907766751922850e+01
1.754492949164197668e+01
1.753410379022936993e+01
1.774202548838111326e+01
1.764287317219338647e+01
1.749176953378205823e+01
1.758661954117790671e+01
1.763989326210374387e+01
1.758223333041366132e+01
1.760689912897354859e+01
1.757999279225898803e+01
1.771520261929012108e+01
1.754129178858408622e+01
1.761112991652638371e+01
1.764122366850052970e+01
1.762136614770118115e+01
1.756265926045038483e+01
1.762964801146609162e+01
1.764655527427656523e+01
1.752759512547304155e+01
1.753823096453572106e+01
1.757429530915283067e+01
1.754532315091353212e+01
1.764658143037046401e+01
1.748447680278194838e+01
1.764597794344986426e+01
1.763794420406614449e+01
1.764696352435097992e+01
1.757695232005280772e+01
1.761873736342310082e+01
1.764447501434834820e+01
1.761859546326716597e+01
1.761255998117212584e+01
1.769619372730393181e+01
1.747379755488151787e+01
1.761637363244052779e+01
1.766411742469945878e+01
1.751513120149747849e+01
1.774785037090938289e+01
1.749820452649024460e+01
1.762074368404530489e+01
1.743846431719918755e+01
1.764696535188220494e+01
1.760113140006781052e+01
1.770947703776809234e+01
1.747043676264731715e+01
1.755007827088708083e+01
1.772320369259563932e+01
1.757504297742858768e+01
1.748540196325145502e+01
1.765394541135689721e+01
1.749194684207626693e+01
1.744985668972926618e+01
1.779797290688372868e+01
1.764745808387561254e+01
1.758991213210495985e+01
1.754827188004010097e+01
1.756241132125759563e+01
1.753447101651994799e+01
1.775103661001232780e+01
1.740398515457261297e+01
1.756481163746079233e+01
1.748433674099403845e+01
1.748707009158216508e+01
1.762695578372409599e+01
1.755787395794029138e+01
1.758396039670245870e+01
1.768949734053132161e+01
1.776935559816967114e+01
1.761477351519471313e+01
1.770486169338212079e+01
1.746812563310966837e+01
1.754896772174184960e+01
1.762839879929929765e+01
1.757605736353642811e+01
1.768979609610152792e+01
1.758755994260663158e+01
1.757954217229107030e+01
1.749718974208215272e+01
1.745248527117824011e+01
1.756024427069952054e+01
1.762256325412115032e+01
1.766871393923378974e+01
1.748407921202189286e+01
1.760714586175371466e+01
1.766703926437340400e+01
1.761065141317421023e+01
1.758645530554398562e+01
1.767288907767296635e+01
1.750290701346933631e+01
1.753474635821224581e+01
1.760937888248779615e+01
1.770467825044242716e+01
1.754629424881867905e+01
1.753624511103224748e+01
1.757443346305044329e+01
1.768911106135265499e+01
1.769994204117172387e+01
1.763261016985533303e+01
1.762139562873687026e+01
1.755248670112433018e+01
1.740589989693480533e+01
1.758712085957678539e+01
1.752139950533701906e+01
1.758632605113517755e+01
1.747291526177250631e+01
1.748632523113148096e+01
1.767704260439080599e+01
1.759400682272192640e+01
1.759332726522033141e+01
1.765591856413116290e+01
1.760409459369535767e+01
1.768160313199982170e+01
1.755055609717447496e+01
1.762691136245335244e+01
1.758869320005149106e+01
1.770282219228989007e+01
1.761735042579026000e+01
1.758321866476047290e+01
1.760167622451107761e+01
1.763932245062958160e+01
1.774557501024276363e+01
1.748647532344047661e+01
1.771936721208200893e+01
1.771101271927697951e+01
1.760676141788410121e+01
1.764695038165768537e+01
1.759398118655440157e+01
1.744451499218701329e+01
1.753534196445400184e+01
1.752226400881227875e+01
1.759927234066958590e+01
1.758898560795898902e+01
1.772755964270602647e+01
1.743404064196721492e+01
1.750563959902720867e+01
1.748384268407940922e+01
1.757485506360863781e+01
1.769332522049031908e+01
1.748462171621176253e+01
1.752828252879065829e+01
1.761244775954313013e+01
1.760876884262983211e+01
1.771938553207994005e+01
1.748078039252572680e+01
1.758745327229487998e+01
1.763620217351156327e+01
1.763400829324823604e+01
1.765495700156545666e+01
1.744737540923023289e+01
1.757682375845373812e+01
1.761968102206164488e+01
1.768447833518300172e+01
1.761780058364656654e+01
1.757119496035871009e+01
1.762189725023574383e+01
1.757004613265214488e+01
1.757258844048688573e+01
1.772569488188473130e+01
1.773026989355801319e+01
1.744749953328583558e+01
1.750128976480317178e+01
1.767273141599650188e+01
1.763774579223893113e+01
1.750175670542879658e+01
1.775317532803058640e+01
1.768170064044785761e+01
1.776844425167084651e+01
1.766868142006440578e+01
1.773483743816277070e+01
1.752302492574772685e+01
1.750028288341268023e+01
1.764827800488232512e+01
1.754508551942292272e+01
1.759510780632744087e+01
1.754932051394904846e+01
1.757602244034258732e+01
1.761641155594979580e+01
1.753410529132862905e+01
1.773004752339043577e+01
1.765295897857732044e+01
1.760233408900161933e+01
1.758468502976697323e+01
1.747310711163831698e+01
1.756743934841716381e+01
1.759107599748970685e+01
1.770188448344987719e+01
1.769130473286454830e+01
1.758641273476241551e+01
1.743691355210798122e+01
1.761746932097917551e+01
1.752501927722276065e+01
1.755062466569881963e+01
1.752857659839722260e+01
1.754329917131374827e+01
1.763157292342999583e+01
1.748623954165038086e+01
1.741742829058211939e+01
1.771021036434672880e+01
1.767248852888618060e+01
1.766371947294621947e+01
1.769886727438524687e+01
1.764183874497629034e+01
1.766393482972637941e+01
1.752416221809277630e+01
1.758050797411811317e+01
1.761687196943666223e+01
1.768126666365202482e+01
1.773202522859878627e+01
1.769017905101637211e+01
1.755024079056829933e+01
1.745157993957763765e+01
1.757720426289103344e+01
1.749687110817352931e+01
1.748993800620460348e+01
1.756087548316691738e+01
1.751998382099469254e+01
1.764895271206762217e+01
1.765969508965645929e+01
1.751839309568804737e+01
1.766203357166324039e+01
1.763689242739199514e+01
1.756447221535810499e+01
1.754800037880920627e+01
1.753325170808182421e+01
1.771886950757328449e+01
1.773102879987634495e+01
1.753500573297392862e+01
1.760079107481703531e+01
1.773197181624254526e+01
1.749571674017904144e+01
1.768666171500301232e+01
1.755619766723014763e+01
1.765346814389698693e+01
1.758605365575998647e+01
1.766398785611521305e+01
1.753201877485268056e+01
1.745218882937799165e+01
1.753564765515423929e+01
1.762709305204898058e+01
1.761684755701442739e+01
1.766483352424920739e+01
1.765939490697868308e+01
1.764864440560276648e+01
1.766721092715380692e+01
1.764358796501177196e+01
1.772822766483204049e+01
1.776074875676748022e+01
1.760692182976758602e+01
1.750136211906984585e+01
1.761286437257227888e+01
1.763183413991935211e+01
1.766058474904402686e+01
1.764310305916912114e+01
1.763840033333148227e+01
1.774372859720186923e+01
1.757368282469936815e+01
1.774435946526600105e+01
1.758496345857737353e+01
1.768151003365045426e+01
1.752371822725558559e+01
1.763420428236601367e+01
1.759360712410400751e+01
1.765102973399754660e+01
1.753841194999365527e+01
1.753527174631957308e+01
1.759989573283599995e+01
1.777553990611342272e+01
1.763802397626628604e+01
1.755858125351348420e+01
1.761134008777076687e+01
1.749603850024775298e+01
1.764334561673245716e+01
1.772464756899567462e+01
1.757165083672277461e+01
1.757930128317087437e+01
1.755146155583219070e+01
1.759424553895798837e+01
1.771698320465524645e+01
1.763038161457395958e+01
1.759615811303399369e+01
1.770901617494534008e+01
1.765032997289185701e+01
1.752866711782592191e+01
1.750267291904298972e+01
1.766413855075755279e+01
1.772960151873289902e+01
1.754512184808582376e+01
1.760629618386771256e+01
1.754116117799160079e+01
1.752019160188460489e+01
1.755493009483471667e+01
1.755458360349275893e+01
1.772026638251398722e+01
1.771954903328803965e+01
1.753470864223350745e+01
1.757531850003368490e+01
1.755853070005438710e+01
1.757791431771081747e+01
1.759032885979783245e+01
1.765896859333947688e+01
1.766672560680583359e+01
1.769397753199151069e+01
1.761527782835090861e+01
1.762170502479814616e+01
1.746995176147416018e+01
1.756908799838511115e+01
1.754504645846237665e+01
1.753906957444737813e+01
1.750856650747413212e+01
1.754099470587913956e+01
1.776482594592792807e+01
1.739781876822980067e+01
1.768213398801919212e+01
1.759050605865278527e+01
1.766605845712154377e+01
1.754548377492694300e+01
1.761007092285994702e+01
1.760128052893112383e+01
1.756050590519722832e+01
1.778327404335905371e+01
1.773904781669164876e+01
1.778368459644929089e+01
1.759021196742074622e+01
1.768623331651890140e+01
1.755924148788735195e+01
1.757334229886401999e+01
1.758754647141723382e+01
1.772777219641351110e+01
1.745491924865151034e+01
1.751670794393610464e+01
1.759981913104290996e+01
1.759321998894825967e+01
1.750861919993932503e+01
1.763230412470328190e+01
1.757171409191931843e+01
1.760648023298947606e+01
1.768638351510297468e+01
1.755645810627516212e+01
1.758325706373419450e+01
1.736034324730353973e+01
1.760901792475041105e+01
1.762423119344981970e+01
1.761149586872255668e+01
1.771103054641905317e+01
1.745828549730467572e+01
1.767135445977987018e+01
1.749087724162162871e+01
1.753410125718069779e+01
1.746806739156185984e+01
1.746321626334217214e+01
1.773859020463508429e+01
1.754540951365050816e+01
1.752557176571771436e+01
1.760196187241838572e+01
1.754760717664806080e+01
1.744794302712823963e+01
1.756891756488409229e+01
1.769378821035864391e+01
1.751790613218181392e+01
1.748979769050920652e+01
1.749220940952389824e+01
1.766663512831187077e+01
1.768905268321024948e+01
1.754606225330551439e+01
1.764819738988221332e+01
1.759023447653698113e+01
1.739813159161864320e+01
1.756786275694638988e+01
1.761692773191721173e+01
1.764624175796518202e+01
1.746479463920425346e+01
1.753458654104775860e+01
1.746611784042443460e+01
1.762111236197789665e+01
1.757056096588069494e+01
1.764741140381170581e+01
1.760200531307196670e+01
1.752153777061998596e+01
1.757168756139073906e+01
1.762412922878666777e+01
1.749799561716258012e+01
1.759417834631015509e+01
1.760982703425083429e+01
1.763827461596878265e+01
1.755357415325112314e+01
1.748771319484759346e+01
1.753113038058922157e+01
1.736981999296698831e+01
1.770697818322257788e+01
1.757614401765631484e+01
1.753794772157879933e+01
1.759356888808586916e+01
1.755098097995438167e+01
1.757022242257697542e+01
1.757866493335196978e+01
1.764396485078720289e+01
1.760702337528305961e+01
1.758825715491478903e+01
1.751563054250941676e+01
1.748081164567868484e+01
1.757484269945058841e+01
1.760743675771309213e+01
1.763224130443147075e+01
1.752787985898403278e+01
1.767230089592473519e+01
1.754991830718827117e+01
1.752296101183587496e+01
1.759075585000325503e+01
1.751462831421649113e+01
1.761478209087789182e+01
1.772772661642698822e+01
1.765931456161430546e+01
1.765980831278806917e+01
1.742346913902584760e+01
1.744707466002848406e+01
1.761979606316682379e+01
1.756769448499694519e+01
1.747488885228362676e+01
1.760348048964746681e+01
1.740370107764837115e+01
1.756261028173480909e+01
1.760049816644268361e+01
1.757851629838538443e+01
1.748117185929586270e+01
1.766217942126830920e+01
1.759812609240698578e+01
1.744235549918403194e+01
1.757926501854184664e+01
1.758212083614135679e+01
1.764847937894838736e+01
1.756315603315897889e+01
1.755182848943027807e+01
1.762551457259399612e+01
1.754084733657722950e+01
1.744782161649547803e+01
1.756996472363180928e+01
1.755846181615978097e+01
1.780091123939249087e+01
1.758382480307513163e+01
1.742424372971980873e+01
1.759927149492528642e+01
1.765017446469860118e+01
1.763599549914859566e+01
1.758312542539354340e+01
1.761821754837404086e+01
1.756831761160119854e+01
1.763141027821731299e+01
1.770086291365408826e+01
1.758955730075738799e+01
1.764650320530348537e+01
1.756595525746550024e+01
1.759311755835718927e+01
1.756289231796829142e+01
1.764368029874750476e+01
1.774534850632631944e+01
1.760599179561902261e+01
1.756536440379333541e+01
1.760407716917016785e+01
1.766390350322482306e+01
1.760057302431757620e+01
1.750839983952883117e+01
1.756922761410516287e+01
1.763775068045268313e+01
1.752546914786089616e+01
1.762021613102515971e+01
1.742015818755001177e+01
1.752438179054482958e+01
1.761233623744092114e+01
1.759641040019061009e+01
1.757344438676022236e+01
1.751416747872821489e+01
1.766005148738850750e+01
1.775909701840184596e+01
1.753329911068856717e+01
1.746824122791871403e+01
1.773441392829198548e+01
1.755987905912495606e+01
1.749016499884769260e+01
1.751795772937091655e+01
1.769274495553450421e+01
1.760899602903960570e+01
1.751806512893144685e+01
1.748489702213106867e+01
1.756097006991411291e+01
1.765416178961814353e+01
1.750463197639144752e+01
1.756721273165987185e+01
1.752570534196303242e+01
1.748711909348907056e+01
1.743394823674099570e+01
1.755528532333693903e+01
1.756315470351525931e+01
1.767041596509817225e+01
1.754138353551455864e+01
1.757270396982608318e+01
1.770328346050017032e+01
1.764428731320919397e+01
1.740485122601629442e+01
1.763726686458047510e+01
1.757104907130231197e+01
1.766273630575765097e+01
1.766312642782006748e+01
1.759237789514203243e+01
1.762386223249380279e+01
1.757091030181709002e+01
1.780480722743638822e+01
1.745869404637282329e+01
1.771177454461222567e+01
1.766898757287940214e+01
1.748554930507356531e+01
1.759701798731098421e+01
1.772642319487520979e+01
1.754267758229972429e+01
1.743277466447174362e+01
1.762077182103863748e+01
1.752096849469793938e+01
1.758839550555296327e+01
1.763082986586501733e+01
1.764253038505487581e+01
1.745903170928529491e+01
1.757861624714067261e+01
1.757162752584704180e+01
1.750102772771679227e+01
1.755808847463059053e+01
1.743320062260169578e+01
1.759999672360606127e+01
1.758938320795285648e+01
1.750726651161540204e+01
1.751428164418509326e+01
1.756930538768503425e+01
1.747570910832867597e+01
1.739151075998962526e+01
1.749401312582625678e+01
1.759958558907424120e+01
1.757909247185273927e+01
1.765272590000977715e+01
1.740591716838920533e+01
1.764228579535047459e+01
1.758583647582534937e+01
1.750268868862184135e+01
1.764415888369283536e+01
1.744806242341878288e+01
1.765850737835374673e+01
1.752254204446926167e+01
1.771639251224637945e+01
1.755116338140955534e+01
1.757434091831048306e+01
1.762868433639285826e+01
1.765235937526879795e+01
1.763095810428257693e+01
1.756820979626024837e+01
1.764893558525035999e+01
1.758165149481827783e+01
1.757251111969787871e+01
1.772061445404471769e+01
1.759549463686711945e+01
1.763068732552101636e+01
1.754611513623920516e+01
1.744916425208714017e+01
1.746734073841660262e+01
1.746622929245975797e+01
1.752190701246322035e+01
1.763216026707921458e+01
1.767272219692613078e+01
1.755813933855874254e+01
1.764351324652465891e+01
1.762914527322337577e+01
1.755547775691392687e+01
1.760588935344754447e+01
1.773537702656090786e+01
1.763486976950916940e+01
1.767825328390456363e+01
1.765662534190865429e+01
1.772286318426133178e+01
1.756373255455349991e+01
1.770513052027826717e+01
1.766570724087628719e+01
1.761326562653898264e+01
1.757435802987303575e+01
1.756310234835203232e+01
1.777137371179181358e+01
1.750373988124984592e+01
1.766081317361783576e+01
1.751669192396214925e+01
1.773342243446684563e+01
1.756561443257254851e+01
1.756237200014628996e+01
1.751019660128836009e+01
1.772237439417651572e+01
1.753293423426452691e+01
1.758671388790572365e+01
1.774644901956884624e+01
1.758205019816655579e+01
1.766872485102681978e+01
1.763072918567814185e+01
1.759890150884549698e+01
1.756096048559565759e+01
1.754206229472351097e+01
1.749907237317732367e+01
1.754164124517571466e+01
1.755499518552022309e+01
1.770587218734996782e+01
1.753850833289781264e+01
1.752174604198623697e+01
1.762446418422355165e+01
1.768795129906094488e+01
1.764911250888912164e+01
1.762673616346896566e+01
1.770565023611608879e+01
1.768677268193263785e+01
1.766499123529400705e+01
1.767423844504119401e+01
1.746908041054628313e+01
1.764706397290903439e+01
1.760001069680109964e+01
1.748845967837019089e+01
1.764734304608154858e+01
1.783351016127808109e+01
1.758968354767937470e+01
1.765345266706675176e+01
1.780163198140190772e+01
1.756582529462420439e+01
1.759537628098575013e+01
1.762082116200798154e+01
1.764172329766440583e+01
1.766420597763531219e+01
1.767009902214655170e+01
1.748447351417291173e+01
1.755227801047170644e+01
1.765847951100698410e+01
1.759932948629734284e+01
1.764804525607227248e+01
1.744196357430187660e+01
1.762998222080340938e+01
1.765772222322166130e+01
1.765090087284982445e+01
1.764410045338088295e+01
1.761040036567581879e+01
1.752729229881867568e+01
1.752386687100046458e+01
1.750805514236158444e+01
1.754993968221922174e+01
1.762551215336885946e+01
1.762236592231750265e+01
1.757058822685118571e+01
1.758501292295264307e+01
1.759108036759415583e+01
1.762457900740892924e+01
1.765435319029693417e+01
1.763954168644758269e+01
1.765876788812107989e+01
1.760596380223498514e+01
1.754114851298048094e+01
1.759301081457757121e+01
1.769413088681661250e+01
1.757406538711253674e+01
1.753409434521291033e+01
1.750538376764981408e+01
1.768235842687116133e+01
1.753135676055287462e+01
1.762931989673792543e+01
1.756500317099386876e+01
1.773291901852384811e+01
1.759525420891173297e+01
1.754954519214199848e+01
1.748605303032925917e+01
1.768015152700307624e+01
1.759104691373004670e+01
1.748064411277598751e+01
1.764635269217327007e+01
1.748176251706929563e+01
1.760065082406685377e+01
1.764809894668119838e+01
1.757203894602458405e+01
1.767982538226048916e+01
1.754180582343457573e+01
1.760545332479072300e+01
1.757586645198603748e+01
1.750576246401484681e+01
1.765050015489881474e+01
1.759044150387698480e+01
1.748139375591163613e+01
1.734721721404026695e+01
1.761135146715299982e+01
1.757697094963868878e+01
1.768133372529446135e+01
1.755823400392926814e+01
1.747908895956184949e+01
1.767049297285712228e+01
1.760493829388708775e+01
1.768525199115975965e+01
1.761127566787877541e+01
1.746278194026906050e+01
1.763836736076660117e+01
1.761903497936845753e+01
1.760131403544087192e+01
1.754891421189407197e+01
1.765988398314607366e+01
1.772898685067831082e+01
1.747420083068901064e+01
1.750172614810927740e+01
1.774122523214046154e+01
1.758297112849572841e+01
1.756133306370093550e+01
1.772452780833888397e+01
1.763920925159989395e+01
1.765518056783916379e+01
1.765107881584428640e+01
1.764733416116329678e+01
1.745219565408389428e+01
1.779409762848611010e+01
1.752907732369356708e+01
1.761368986952080817e+01
1.752812750018003030e+01
1.764921025356953521e+01
1.764644951652356752e+01
1.770456321312381576e+01
1.765818588107548237e+01
1.770792246583590313e+01
1.757092374186224859e+01
1.758649401706076176e+01
1.754643891569202552e+01
1.758291248759586978e+01
1.759558134823236131e+01
1.750726908794318959e+01
1.761395655436748697e+01
1.752887240753442555e+01
1.769453134488554369e+01
1.762152076564705894e+01
1.760107536414378515e+01
1.765627616761138796e+01
1.749195861901672444e+01
1.761957179009801067e+01
1.748675839440051760e+01
1.756009428844924614e+01
1.751313549363790401e+01
1.749374510329181120e+01
1.748428345274790274e+01
1.765039201137637903e+01
1.755304114548150096e+01
1.765851996982627625e+01
1.763777155032060051e+01
1.754665503898757706e+01
1.748008372328374094e+01
1.763927146709243132e+01
1.763828411027170517e+01
1.765209478241370533e+01
1.755559535798739290e+01
1.771472658820564305e+01
1.752742632962159419e+01
1.747738936938449328e+01
1.761264444215972347e+01
1.758753349158007140e+01
1.760464527130208978e+01
1.746160223465708583e+01
1.763017335184295931e+01
1.754749527052207725e+01
1.747954938249294443e+01
1.750684425667749267e+01
1.761502294756862952e+01
1.761495780341622108e+01
1.765043219481214365e+01
1.750798159236520490e+01
1.754978431266666661e+01
1.756639702366145528e+01
1.754622724689778934e+01
1.758968091908336717e+01
1.748199900161209897e+01
1.753158324426861014e+01
1.759846554026126952e+01
1.775145475076766743e+01
1.746316601241110433e+01
1.767260535131795862e+01
1.742041964601175508e+01
1.769374560632485682e+01
1.764683250513815338e+01
1.762805540549593530e+01
1.756515693925987165e+01
1.757367862043211915e+01
1.759993685487164328e+01
1.759207902003460688e+01
1.759406705461913134e+01
1.765789320502901205e+01
1.761092103502713613e+01
1.759285915830756863e+01
1.748822747841436964e+01
1.771823834289670074e+01
1.769132752354395421e+01
1.758116390120049033e+01
1.763703318709981360e+01
1.763078012547451934e+01
1.768102001467175910e+01
1.751601703850583291e+01
1.756089470323416535e+01
1.761501329565983909e+01
1.767230115873103813e+01
1.771488958520703250e+01
1.766699501358937141e+01
1.742105238841137549e+01
1.760649932874943957e+01
1.752425010645927017e+01
1.766491828570399392e+01
1.760956531597360808e+01
1.778193335773031691e+01
1.770389954770994123e+01
1.765017870716910764e+01
1.770552924719054744e+01
1.747969986471333925e+01
1.761904480551996954e+01
1.751976345865562124e+01
1.756381484445709518e+01
1.768751515263644691e+01
1.751573586133648419e+01
1.749662158660256850e+01
1.757322944931291175e+01
1.761148834451956091e+01
1.752183555417543559e+01
1.745949862119480045e+01
1.762523751749080247e+01
1.758480135451715398e+01
1.756456854263905853e+01
1.751830321948175495e+01
1.753689029169323987e+01
1.755390059143988779e+01
1.761869849738572569e+01
1.753888359640975736e+01
1.755480538736996365e+01
1.751899161628637813e+01
1.759664036369789386e+01
1.751422456798864502e+01
1.752732429680547455e+01
1.759292862373482080e+01
1.760989818207073654e+01
1.760268527767922464e+01
1.772737361496092845e+01
1.763308268025443226e+01
1.768481851149568485e+01
1.758119212169378187e+01
1.750606986319575853e+01
1.751327696019473379e+01
1.772082837959927915e+01
1.761086782731455358e+01
1.760796197490617843e+01
1.765631844360698821e+01
1.770236113184432369e+01
1.764754942410829841e+01
1.755318113119944101e+01
1.745524589637631152e+01
1.759048293172001465e+01
1.757857602092647298e+01
1.753467574756141545e+01
1.743538340181290636e+01
1.772701374505961169e+01
1.768435393840034919e+01
1.757600867378655707e+01
1.756374798620582567e+01
1.749545085759917384e+01
1.757437679788122153e+01
1.755476751817104031e+01
1.750325790971504958e+01
1.763262762376440307e+01
1.764640242751668708e+01
1.765497725564178566e+01
1.757130947081317629e+01
1.754068050135468937e+01
1.758884069679723794e+01
1.760523225047236195e+01
1.754801896720127985e+01
1.765665252171533339e+01
1.760180186243943723e+01
1.765585947997588789e+01
1.767154809290788364e+01
1.752529039342369543e+01
1.766651091925958639e+01
1.752186695838211605e+01
1.756023695518917904e+01
1.763695115282429882e+01
1.764352680602113210e+01
1.769179766962665212e+01
1.747445483299851077e+01
1.752917303754783163e+01
1.761207285763859076e+01
1.758438390292262099e+01
1.760828019403371414e+01
1.769019149242973299e+01
1.761692969413951460e+01
1.761004194073280260e+01
1.757259556257863764e+01
1.761079001610460892e+01
1.759244560131635282e+01
1.764024940804763730e+01
1.752345279528516997e+01
1.752106613144544056e+01
1.756390601147594666e+01
1.768435586849545160e+01
1.754187529145150748e+01
1.763460803283308209e+01
1.777035729668303787e+01
1.764242518135237248e+01
1.755968957431714017e+01
1.751809651157858383e+01
1.754359971693171261e+01
1.748996459247699065e+01
1.755795064298954600e+01
1.753635451926408706e+01
1.750759671178008148e+01
1.762378305610569384e+01
1.762510123269247231e+01
1.757538490695133859e+01
1.759668226735763952e+01
1.773130335658152390e+01
1.763105638303425593e+01
1.758595316188024782e+01
1.769199449487697606e+01
1.774713723069361038e+01
1.763435968456826686e+01
1.771236596759923643e+01
1.762572125506617837e+01
1.754353335408558934e+01
1.762890853845565431e+01
1.750538550897008960e+01
1.758135880603837009e+01
1.758433087338700673e+01
1.771097044730952774e+01
1.759284884916520753e+01
1.761631718848116535e+01
1.763216684605620443e+01
1.755581278642649323e+01
1.770188747809037721e+01
1.760755661596493837e+01
1.756183078302657563e+01
1.752969104854491178e+01
1.754413107853767428e+01
1.764739500388147775e+01
1.763686957086319751e+01
1.759389288095139037e+01
1.756419835008986041e+01
1.746284998032773217e+01
1.759094599903959377e+01
1.753551267858835772e+01
1.766236281492547278e+01
1.764172215919605691e+01
1.763798198226264446e+01
1.757928412895588011e+01
1.749850525748010099e+01
1.766365950463096368e+01
1.760512212598259296e+01
1.770851788251934522e+01
1.745898028312410233e+01
1.761055198851503079e+01
1.756272417189406454e+01
1.754457726836165676e+01
1.748949858498919951e+01
1.751879903541984262e+01
1.767715360558274185e+01
1.754372015421471076e+01
1.753896730814155447e+01
1.761318168155004926e+01
1.757930969392513632e+01
1.756052415219785345e+01
1.753194612471952496e+01
1.772965917222361298e+01
1.753868437662820767e+01
1.770312580572305805e+01
1.768177863038546604e+01
1.781809600061427545e+01
1.761237347120411556e+01
1.742181871734307919e+01
1.771186476944944843e+01
1.756945777833503541e+01
1.765615950038953841e+01
1.763038653336898776e+01
1.768721116435911256e+01
1.755885359872591422e+01
1.766144953657433447e+01
1.763610494674984253e+01
1.766753691146088201e+01
1.768844414318970948e+01
1.769214189262304515e+01
1.761212561449228176e+01
1.754130009290110692e+01
1.761601551164594426e+01
1.754210203483205888e+01
1.765381371395674748e+01
1.764576057844149659e+01
1.759041976656387618e+01
1.761025027698397949e+01
1.756019810573256379e+01
1.758038235398480253e+01
1.763655386708111550e+01
1.761652281441561385e+01
1.760867783199872960e+01
1.742692051939458153e+01
1.761381044538579843e+01
1.755339157964951013e+01
1.760660711488316110e+01
1.753919439127355062e+01
1.761888869315800221e+01
1.751560087975260416e+01
1.772223102962958308e+01
1.758205062720517731e+01
1.748568188992090811e+01
1.753727440787962877e+01
1.758063266658913903e+01
1.746134462814084642e+01
1.757206158678497587e+01
1.771265371463773874e+01
1.747941822345462981e+01
1.752252517936778631e+01
1.752006941700441445e+01
1.759966330573646331e+01
1.762499636627032018e+01
1.766466624835050681e+01
1.754082337145644388e+01
1.738270635696202859e+01
1.755709450346800438e+01
1.766223576791087169e+01
1.756723140392604421e+01
1.762308578482834776e+01
1.768336790272898895e+01
1.749428905618593788e+01
1.762248856199847324e+01
1.763976298441106749e+01
1.761616038051759148e+01
1.757057300901603014e+01
1.759552765480266956e+01
1.766353496621138675e+01
1.758817454266002045e+01
1.774918828851991748e+01
1.757058381153158066e+01
1.764907706833271206e+01
1.762737962244422718e+01
1.761267022427570694e+01
1.754998225728984806e+01
1.763786294164655288e+01
1.760356187870005584e+01
1.739921963492569290e+01
1.741745360486088501e+01
1.758098152512141255e+01
1.757063252453106372e+01
1.754428423925226355e+01
1.758377303290276927e+01
1.747027352874473749e+01
1.753974876044756570e+01
1.760848220485599214e+01
1.756201814292401764e+01
1.759557570605479171e+01
1.764894654911374872e+01
1.754857178217551095e+01
1.760223720869371533e+01
1.763822387407705605e+01
1.761301514275070801e+01
1.749584274028060804e+01
1.771557548350517663e+01
1.753965113916667207e+01
1.742080156603899255e+01
1.757574561464141638e+01
1.769237896923196729e+01
1.764928523602106125e+01
1.769028030688859943e+01
1.756374497893847675e+01
1.757742031212241685e+01
1.755722472668209377e+01
1.762736213675415087e+01
1.756450736391786194e+01
1.752664858633445277e+01
1.747632268749298490e+01
1.760835272553451247e+01
1.756037290594270317e+01
1.761686543469211585e+01
1.755110518174767975e+01
1.756584933610237798e+01
1.757116572022488654e+01
1.771210062918848038e+01
1.758397849392803991e+01
1.758297058485074871e+01
1.769050478742150645e+01
1.760818359959571922e+01
1.761537082116732833e+01
1.758434279729431893e+01
1.751869781583566876e+01
1.767918483370303306e+01
1.764374652677711097e+01
1.760432693824317951e+01
1.752969297253232739e+01
1.753445875590840330e+01
1.755048799906726842e+01
1.758164408556934433e+01
1.759930347795609151e+01
1.768395766033015093e+01
1.752747385527217361e+01
1.761844913939320634e+01
1.765086817299112099e+01
1.764094499228619028e+01
1.761759595024208025e+01
1.752247126319077353e+01
1.763721315110629817e+01
1.755126726716799013e+01
1.759797880518449276e+01
1.745767754901203617e+01
1.754353600411866054e+01
1.753795499728732565e+01
1.771223112059850635e+01
1.770731694945703438e+01
1.754409113415901089e+01
1.765871245525655553e+01
1.759976936717344742e+01
1.758486957266273620e+01
1.758523139314868189e+01
1.748534508363639617e+01
1.765964103917238859e+01
1.778084645574639211e+01
1.763533616537608495e+01
1.761761696239836894e+01
1.767071051262207604e+01
1.781694629712894340e+01
1.764722397946130883e+01
1.744461292056882229e+01
1.749921001937451592e+01
1.762494782597748255e+01
1.753940421533270566e+01
1.762411242321245197e+01
1.765752859237499450e+01
1.753504282948933479e+01
1.767490730533726051e+01
1.758479853291228778e+01
1.766055819004746041e+01
1.758442121362767097e+01
1.755757107863870914e+01
1.764113850379474613e+01
1.759413516628351459e+01
1.764087707909032332e+01
1.763119131803435735e+01
1.745134740371264570e+01
1.758692057542532439e+01
1.761633535366315328e+01
1.769308025926166650e+01
1.759605512091750157e+01
1.748087540766032077e+01
1.765270270850626844e+01
1.775235117115909844e+01
1.767559708377964611e+01
1.754750248457526141e+01
1.764839712158253349e+01
1.752597278394344116e+01
1.752611014752858765e+01
1.766855408252267878e+01
1.758231745629158738e+01
1.754968227801989045e+01
1.753951806902911059e+01
1.764591280000514573e+01
1.765846570520221448e+01
1.761445266548972199e+01
1.752956485048520463e+01
1.754708219602523300e+01
1.771317279260572164e+01
1.773036104504036103e+01
1.758743212350817942e+01
1.768279317531589712e+01
1.760621741195230783e+01
1.748567868421186944e+01
1.766456970145124217e+01
1.761030974191445253e+01
1.754642091325928277e+01
1.745678346851243035e+01
1.761122258904365268e+01
1.756443855838935164e+01
1.770032398008466146e+01
1.749601696234424608e+01
1.759194263682140402e+01
1.760645806320497542e+01
1.765462359683212767e+01
1.750064532017622199e+01
1.764946645951779658e+01
1.759806053901839462e+01
1.764465052609093121e+01
1.770437051690041486e+01
1.772531687015129265e+01
1.766864411912901289e+01
1.763666967115009143e+01
1.758370214575059975e+01
1.758342715028301839e+01
1.763027413303530366e+01
1.755970379565739492e+01
1.739079364839273723e+01
1.754945366838931164e+01
1.761914265173548344e+01
1.742278741025831934e+01
1.767559977751214362e+01
1.734526243630188347e+01
1.766472561697516852e+01
1.765479445945032921e+01
1.752385944235502180e+01
1.767388106716092366e+01
1.760820421244189404e+01
1.755523625558077327e+01
1.771567174475520545e+01
1.758365756204037922e+01
1.754344550607470055e+01
1.759958348048796495e+01
1.756413372094725034e+01
1.764299457518972858e+01
1.749670818399627237e+01
1.756871164135386820e+01
1.769789016307199958e+01
1.756262200386585093e+01
1.764385737484308692e+01
1.771563730660863811e+01
1.756039651478294061e+01
1.770032691261978997e+01
1.753361206697638153e+01
1.765834541222687903e+01
1.757316190145343171e+01
1.751626514959360037e+01
1.771862924783717474e+01
1.753287328780609045e+01
1.764197843282122236e+01
1.759512761679696524e+01
1.758409753795834263e+01
1.753002399667059663e+01
1.763009300744161223e+01
1.757076015651307799e+01
1.766713433105537590e+01
1.747220713544674808e+01
1.760892427468589716e+01
1.758896790336825333e+01
1.757226576102929982e+01
1.765949412836937427e+01
1.774229796790914193e+01
1.757149247055152230e+01
1.767566080497806524e+01
1.766486900294416174e+01
1.779045050873797251e+01
1.761173517622750140e+01
1.755449432443300140e+01
1.774266661000555345e+01
1.753342758398674306e+01
1.757535907038944956e+01
1.749760327095595969e+01
1.763882470211033393e+01
1.773512980854346921e+01
1.767258558349385211e+01
1.756976630910187964e+01
1.763327837899597839e+01
1.755299703940296752e+01
1.753604396215940397e+01
1.754718221129750688e+01
1.749751756280987181e+01
1.777028716569703093e+01
1.765935832580943554e+01
1.746223475243983358e+01
1.771698042073617785e+01
1.761363432950837193e+01
1.775900011632963782e+01
1.766825392421400664e+01
1.774740288449623549e+01
1.759629414199464037e+01
1.761427757446140774e+01
1.732338358634460107e+01
1.760930730078871420e+01
1.758717199952818433e+01
1.759121770955273334e+01
1.778098463468970536e+01
1.771855603592415562e+01
1.753141675526681809e+01
1.763685903868080018e+01
1.755718309359463447e+01
1.761038340429753291e+01
1.755671010344207161e+01
1.760915586538110489e+01
1.755932399273923750e+01
1.763171395020160048e+01
1.765181373014398858e+01
1.764709921052924457e+01
1.760811366391696708e+01
1.751083115269598878e+01
1.762152753162252594e+01
1.760187283718926921e+01
1.764827544401919113e+01
1.752678702793721754e+01
1.764242886546266575e+01
1.759696479182766282e+01
1.750999015321578511e+01
1.760478332064562679e+01
1.754154491785273606e+01
1.755497084466784941e+01
1.766863626806413023e+01
1.752229529828079535e+01
1.763782498407370980e+01
1.761052458501533380e+01
1.757724194539779106e+01
1.747455316005373049e+01
1.755226237290497338e+01
1.765925508752950890e+01
1.759717574005543028e+01
1.764008072133366056e+01
1.755377087161462057e+01
1.748963708975307441e+01
1.746964682111346434e+01
1.751546371985775963e+01
1.749242135738321835e+01
1.749732455794787711e+01
1.763609924783149552e+01
1.768214400070852221e+01
1.751879031729936287e+01
1.753559124993644147e+01
1.758068891373266496e+01
1.746470105188011601e+01
1.758027207825897165e+01
1.751650507373824794e+01
1.761555666244275642e+01
1.769960698146024214e+01
1.773144083652895375e+01
1.758106750120482786e+01
1.752626511326920422e+01
1.756362377246776063e+01
1.773987606342899781e+01
1.739952028663357453e+01
1.763355954058630815e+01
1.762708426882159785e+01
1.766921676908221883e+01
1.758567891988771237e+01
1.751679520912639276e+01
1.767044491740809775e+01
1.761996699418882528e+01
1.762569865985949846e+01
1.774141760117220556e+01
1.758312195343409456e+01
1.752801825421857629e+01
1.758189714640694490e+01
1.762817180587093802e+01
1.754580836952107248e+01
1.758830136879906192e+01
1.760758677685078766e+01
1.756454273844249414e+01
1.759642725502604677e+01
1.753962808611836977e+01
1.753262200250112812e+01
1.769357692803375315e+01
1.766515106268396806e+01
1.756278765999901381e+01
1.762183767770720522e+01
1.763593834338082900e+01
1.753321134834031980e+01
1.761901859560142825e+01
1.764414865512344122e+01
1.744644585055388220e+01
1.765863988925140049e+01
1.750021001551272448e+01
1.765378753772649034e+01
1.756562179717811745e+01
1.756430884182227459e+01
1.766865497516083749e+01
1.743573354364096417e+01
1.769043124910292519e+01
1.760715783469694884e+01
1.747003516411408341e+01
1.755991617385841508e+01
1.772041821675433582e+01
1.756584601444676252e+01
1.750224169157771215e+01
1.759988977287785161e+01
1.755202664285782177e+01
1.753504584532392485e+01
1.750734954733101389e+01
1.761708300190361953e+01
1.757709749119783993e+01
1.756830312893181301e+01
1.758936602249771752e+01
1.763330482427990731e+01
1.761037178380948731e+01
1.758077984113757708e+01
1.766906816708159766e+01
1.763875218215866525e+01
1.745613499546446334e+01
1.754902448962310757e+01
1.766037257944034877e+01
1.753900802300123019e+01
1.765962808073187418e+01
1.763963765513906523e+01
1.759950933153038832e+01
1.762775510254353151e+01
1.751429002419721925e+01
1.763183261376428490e+01
1.767248711119683691e+01
1.751852289399107576e+01
1.762867036813058164e+01
1.747659395912630842e+01
1.763124835069996976e+01
1.767352285590021310e+01
1.750729659262595561e+01
1.762409820232083391e+01
1.757684182700659647e+01
1.749467688027167256e+01
1.779358352115844610e+01
1.756102926271183406e+01
1.746660855923059330e+01
1.750322996820732513e+01
1.762990728631138282e+01
1.750255628059484536e+01
1.753062578987244535e+01
1.769224660346461775e+01
1.753541000559954455e+01
1.779525893168877815e+01
1.750920362389144813e+01
1.765716873656608144e+01
1.764139201692610115e+01
1.762609640776608089e+01
1.756860511043415940e+01
1.754364698688784685e+01
1.757608415655148448e+01
1.766909928116773187e+01
1.754316665271319309e+01
1.758914939543580758e+01
1.764324081941431643e+01
1.762234495358013575e+01
1.751054061848235222e+01
1.760219499572104951e+01
1.752242080857745066e+01
1.758798489361733530e+01
1.768803968238263025e+01
1.756973316970900356e+01
1.764995413263779511e+01
1.760615144290814982e+01
1.773557537185285682e+01
1.766382544649331621e+01
1.755701886199033623e+01
1.761436903339149396e+01
1.749058140613898971e+01
1.753041845505510565e+01
1.737255175593073986e+01
1.763380635152226006e+01
1.755571495815036798e+01
1.754517480860004852e+01
1.766575432889031205e+01
1.758923304719706593e+01
1.766035314099935860e+01
1.742801969150328034e+01
1.754032206564379948e+01
1.757372512503128803e+01
1.761559461838754714e+01
1.761187047814815543e+01
1.756578844166789466e+01
1.754479599610345275e+01
1.762330731184373889e+01
1.762570174317707128e+01
1.750123749305953780e+01
1.760448938809455655e+01
1.766999726707454599e+01
1.769133294708075610e+01
1.753109333813644000e+01
1.754309899983774201e+01
1.757378545907435452e+01
1.750657364421267559e+01
1.755235599842550087e+01
1.754481790066601121e+01
1.746198686921726306e+01
1.763617545127009478e+01
1.749517582313488973e+01
1.768482748135303950e+01
1.768847282417165090e+01
1.751877805368128804e+01
1.769791372963983633e+01
1.755199027234856857e+01
1.766673440884986235e+01
1.754517543959857306e+01
1.758013268656905126e+01
1.776123756695702482e+01
1.752290860102904446e+01
1.752862150052769508e+01
1.765163553304938304e+01
1.758522163175258513e+01
1.768933452003974338e+01
1.748016609932822263e+01
1.762228771870371347e+01
1.773314074633286097e+01
1.757509591078982680e+01
1.759144521744581979e+01
1.757423843317786805e+01
1.738023294893458370e+01
1.762367350430170276e+01
1.762224635870547829e+01
1.768937270896262604e+01
1.762688948362297481e+01
1.741473847792925156e+01
1.752803298190177017e+01
1.760884414903251383e+01
1.763352249926027682e+01
1.751942768902115333e+01
1.772891413251227277e+01
1.751942727004617240e+01
1.751127078699646233e+01
1.752714357974203807e+01
1.757764872204062456e+01
1.748513321084510252e+01
1.758392389040666615e+01
1.745199202345318312e+01
1.772938006805047806e+01
1.766243854241453448e+01
1.758050771388670341e+01
1.759205850419187911e+01
1.735821126934747483e+01
1.763387524325087696e+01
1.763835182275236590e+01
1.757806971577156219e+01
1.756396375997104897e+01
1.756937421818947342e+01
1.755015102421173623e+01
1.757267209855950085e+01
1.759346861962665187e+01
1.759298839994252361e+01
1.758336559010866296e+01
1.750022599166815240e+01
1.752806144408718936e+01
1.764124290554756058e+01
1.756275562075908070e+01
1.757819006099774484e+01
1.764052265891621118e+01
1.766428501586305444e+01
1.753417448670469625e+01
1.738765650013788999e+01
1.749491477160533748e+01
1.747963249581640710e+01
1.777092037184852558e+01
1.759994131935249229e+01
1.757039166120461715e+01
1.747470256909809905e+01
1.772258182465744980e+01
1.759909073450329586e+01
1.748165864162783478e+01
1.758092371669929932e+01
1.764860017748624088e+01
1.759068297640697409e+01
1.766251098579037304e+01
1.761481085719184136e+01
1.762818723533183629e+01
1.771195592471496383e+01
1.762882239156358466e+01
1.764430922817187408e+01
1.769014879937679652e+01
1.766824393737480747e+01
1.771262414713151756e+01
1.762999098974993828e+01
1.752000511845282560e+01
1.759800372158956705e+01
1.752495901260912348e+01
1.759225577586602185e+01
1.767522434260850162e+01
1.753115107427455044e+01
1.749307839452769286e+01
1.764887565566163019e+01
1.777184438397424060e+01
1.757197809618601880e+01
1.761139934112008021e+01
1.748091885275166746e+01
1.750837936119914673e+01
1.750103087866743934e+01
1.760845298662184533e+01
1.750573385692456796e+01
1.770551568842603984e+01
1.758829070254452986e+01
1.771367828651106535e+01
1.759878170698422650e+01
1.754610684786184649e+01
1.772760233504726557e+01
1.753702201494996160e+01
1.767620720144234880e+01
1.754194176043472453e+01
1.752320390073300160e+01
1.773062525384327159e+01
1.766519597702533417e+01
1.757800030257890000e+01
1.761229888157638612e+01
1.757423555439690688e+01
1.760799334430938856e+01
1.754943770759641097e+01
1.751180325622307876e+01
1.765765290947106791e+01
1.746686944455220569e+01
1.759577618735573523e+01
1.778189360386509676e+01
1.748260265537613023e+01
1.767901962612551969e+01
1.769722349433096653e+01
1.767496278029954482e+01
1.758152610110830594e+01
1.762091161503214209e+01
1.762145496306249015e+01
1.774275831518779611e+01
1.764626323634842109e+01
1.752991146774633791e+01
1.759125994725702569e+01
1.766340572252172691e+01
1.757782363268013981e+01
1.758400098355834729e+01
1.762517675306618159e+01
1.770183103100147193e+01
1.762852600422213101e+01
1.767553337437790972e+01
1.754047737971905718e+01
1.747107024852863688e+01
1.764899986853106029e+01
1.746606823932675923e+01
1.779648994741236834e+01
1.751109965208166841e+01
1.752781170996590276e+01
1.761413751742931311e+01
1.762489356706939247e+01
1.752145222054805984e+01
1.757505331887274735e+01
1.757007046902229774e+01
1.767334352779456452e+01
1.749681460321969695e+01
1.779078989577780945e+01
1.750923570549107566e+01
1.776802251161930357e+01
1.765340198562756768e+01
1.757968218308516128e+01
1.761775142803499250e+01
1.763617897596918738e+01
1.764452006540391693e+01
1.760726052336553948e+01
1.760187579472097852e+01
1.744210102028519671e+01
1.760904854152726529e+01
1.760257363835092903e+01
1.764608443853071762e+01
1.754976476796165841e+01
1.757537083292709923e+01
1.750314618101960562e+01
1.760980244683497276e+01
1.757537268922920148e+01
1.759451099291234044e+01
1.759777172244846710e+01
1.766585810948359736e+01
1.767653947303920248e+01
1.757083240952390568e+01
1.762143998449354498e+01
1.766351722899732835e+01
1.755008054574276954e+01
1.771125743910894812e+01
1.776659783537565929e+01
1.752926864940075902e+01
1.735816660095711939e+01
1.762361096303725105e+01
1.759039244097716193e+01
1.751777312806438403e+01
1.758919753044112610e+01
1.768713314370474166e+01
1.733293182935951648e+01
1.766208506186102767e+01
1.766467871425615144e+01
1.762268986472021837e+01
1.756828001743888024e+01
1.754140416269047620e+01
1.749176822110917229e+01
1.770714739989495357e+01
1.765645159871408154e+01
1.759928297438544575e+01
1.761546529543609552e+01
1.751552748502356849e+01
1.753352623776401842e+01
1.753643935412581811e+01
1.762269582901092235e+01
1.772001357225371976e+01
1.763499742790418168e+01
1.763597336593834797e+01
1.765187338983998089e+01
1.747403423958543200e+01
1.757768926615907290e+01
1.747617803026977512e+01
1.767487602951284842e+01
1.762231662227985396e+01
1.763433606836391832e+01
1.762036424679666524e+01
1.761187870608864969e+01
1.766910775917913057e+01
1.761899914504184039e+01
1.759579745095098602e+01
1.769518954258374066e+01
1.754019200034979775e+01
1.770172578126741669e+01
1.760187904286079430e+01
1.768776344676174972e+01
1.754601315422716823e+01
1.768879479804217070e+01
1.757404796647422174e+01
1.764070078888778781e+01
1.760866695252381220e+01
1.766374782453743109e+01
1.753691734108697986e+01
1.765404382753859025e+01
1.764101113219179595e+01
1.767478587584651706e+01
1.765810312995972353e+01
1.759466355080122213e+01
1.769939590546484354e+01
1.753980731859961750e+01
1.753812249977848836e+01
1.754528697168004214e+01
1.766122294582326546e+01
1.755199312978719206e+01
1.757434463759644316e+01
1.755588731274872316e+01
1.761645210892289271e+01
1.751492335730785754e+01
1.752365362903131185e+01
1.747775353985630176e+01
1.767084108293015277e+01
1.761108699502193176e+01
1.760499609381812647e+01
1.769793588896385828e+01
1.756897305836494283e+01
1.757196099654226629e+01
1.753091611174072284e+01
1.761332533284414126e+01
1.754943302025266760e+01
1.742180719456619897e+01
1.748197766179158563e+01
1.763287103274782552e+01
1.748385855333274108e+01
1.751976753594930614e+01
1.743036958634024813e+01
1.762791030393666603e+01
1.755533951085831035e+01
1.753265224948728473e+01
1.753801464660764964e+01
1.774888402500852536e+01
1.759277387078315869e+01
1.760532610353180871e+01
1.757547562215975390e+01
1.764459130437693446e+01
1.751724899699364002e+01
1.752309617313341406e+01
1.772845632602227894e+01
1.778419244009239364e+01
1.765486978890069025e+01
1.756508811148150784e+01
1.759906367993879783e+01
1.766330058952874538e+01
1.770664585042234762e+01
1.757828899108567455e+01
1.750628609285648096e+01
1.761903447596278127e+01
1.762923711721082043e+01
1.772062315016158962e+01
1.738675397001751222e+01
1.754704820950692223e+01
1.754768338776186454e+01
1.765795843446801427e+01
1.761420271000591597e+01
1.754724298276185479e+01
1.766847485368702309e+01
1.765790595701303189e+01
1.757020177600605138e+01
1.747985102879116326e+01
1.771068852520712156e+01
1.754987940160092563e+01
1.756813422166263550e+01
1.755707903502206335e+01
1.762758848042726356e+01
1.765651609650464948e+01
1.759751360219314265e+01
1.755582151049899409e+01
1.752616992389933159e+01
1.758914503228244897e+01
1.763216388194687667e+01
1.763072826245681313e+01
1.765481015220900929e+01
1.762385054640281723e+01
1.754654033584202466e+01
1.758630905332698546e+01
1.756763551996708017e+01
1.759519264868165678e+01
1.760564865518667332e+01
1.742064935374447643e+01
1.753943656241364835e+01
1.765514225550668925e+01
1.759453553245626267e+01
1.766257110516338358e+01
1.748547017682301075e+01
1.765192801582099591e+01
1.763664431768504315e+01
1.763920051866617911e+01
1.753142622061855604e+01
1.754220028804772014e+01
1.761018066417961236e+01
1.743691207241712959e+01
1.759768655297693485e+01
1.749682575862269474e+01
1.759513420507340697e+01
1.774226887423887433e+01
1.759655065864221513e+01
1.762390565852064839e+01
1.773227805086085951e+01
1.769774058901169056e+01
1.754103268629164702e+01
1.754570003904915865e+01
1.761678838028611338e+01
1.766538183358308345e+01
1.764684353219699631e+01
1.764635134777087444e+01
1.758083947108834266e+01
1.753242778600171548e+01
1.765956751771341615e+01
1.761742795386361493e+01
1.765629014440445133e+01
1.746102937617144946e+01
1.752100286899607440e+01
1.748470441636007777e+01
1.747439243846718426e+01
1.751069615225226528e+01
1.763220328311908958e+01
1.745263640182162135e+01
1.777564814594407849e+01
1.769739842648288786e+01
1.746994725659966363e+01
1.757827250874634828e+01
1.770207943446590093e+01
1.745829905510768398e+01
1.767891206656486602e+01
1.752544904851013641e+01
1.758944036051365600e+01
1.755231756539386012e+01
1.751196097434807086e+01
1.747588880963797564e+01
1.748150718836383888e+01
1.745115071053803391e+01
1.761518598799897362e+01
1.762879795795822346e+01
1.755231267199158296e+01
1.753292663505101245e+01
1.758736292647584065e+01
1.760454638588922904e+01
1.756560649681206243e+01
1.753142687582107229e+01
1.754937589160969580e+01
1.751713750312850593e+01
1.751997535726106392e+01
1.762730395903469116e+01
1.747214694383508515e+01
1.755268283215588099e+01
1.747137592232456882e+01
1.753074325966032632e+01
1.756933110848953916e+01
1.762313584096848018e+01
1.756728509741125421e+01
1.753121444417262254e+01
1.764795609171133250e+01
1.774621937159103524e+01
1.760518571529291876e+01
1.757718952560005832e+01
1.759345954251401523e+01
1.764153471358201486e+01
1.757770204711849971e+01
1.758092914444414490e+01
1.771748680964150680e+01
1.766254347871962693e+01
1.752300100301869534e+01
1.764065769405918260e+01
1.769391278309203130e+01
1.761562974102719892e+01
1.766647320369895979e+01
1.757826741026837070e+01
1.755334292008975083e+01
1.757678339817642055e+01
1.757067430629283677e+01
1.757214593034986905e+01
1.758595166842892965e+01
1.769007584822632495e+01
1.758123270954254735e+01
1.753296225763816452e+01
1.756365396117507416e+01
1.757895760664077045e+01
1.761236552661226895e+01
1.755124503620063692e+01
1.745623061541940046e+01
1.744932997552327336e+01
1.748802018692395066e+01
1.753307934525514611e+01
1.753029115697852447e+01
1.772660552207988260e+01
1.764053849049953726e+01
1.757903981641693747e+01
1.769584613293719144e+01
1.759103606809465248e+01
1.759172532232848596e+01
1.760645090758745823e+01
1.763206076719966831e+01
1.768198538621459548e+01
1.758789207505846974e+01
1.754962292810525781e+01
1.755980578460786390e+01
1.751757853414191146e+01
1.764579188856124503e+01
1.746217036243413290e+01
1.744816745103675260e+01
1.758229659667161471e+01
1.764981258259387431e+01
1.753037407153012595e+01
1.756626583674237096e+01
1.747975452897967230e+01
1.755288892173731696e+01
1.754222766566414649e+01
1.753148199157463338e+01
1.758439837344031531e+01
1.766773302624386943e+01
1.748998706825349103e+01
1.763531007263631523e+01
1.767084706770930325e+01
1.756579793671797063e+01
1.749675522991009302e+01
1.762067644247471421e+01
1.759859268947969824e+01
1.764309874371095077e+01
1.763149182627177680e+01
1.761517503287312536e+01
1.764338357286960246e+01
1.763223797686961092e+01
1.767980515573173861e+01
1.768513830489138172e+01
1.745386776130384376e+01
1.762576826669148033e+01
1.765565553470501925e+01
1.750641136898260442e+01
1.775048569491385209e+01
1.750961246388557768e+01
1.759213339163229151e+01
1.752921486643086268e+01
1.754893257963669839e+01
1.761358063627958259e+01
1.742537068006350154e+01
1.770044905180066408e+01
1.756884056499671232e+01
1.764157259376206355e+01
1.757929932276309160e+01
1.763202499644773269e+01
1.765134914387852305e+01
1.757538438797254088e+01
1.746025938418934587e+01
1.771753671729398150e+01
1.753098175199576758e+01
1.759977943518115495e+01
1.756778787238134498e+01
1.759625778788888084e+01
1.759336251538690021e+01
1.762100034562227791e+01
1.764168672027470564e+01
1.761797282119708186e+01
1.766961384943120095e+01
1.756860479002326514e+01
1.780288133530567762e+01
1.754933255224326416e+01
1.757193365977659383e+01
1.756764923895722319e+01
1.755219307660479444e+01
1.748500278512049633e+01
1.762214234874873853e+01
1.774564746638733936e+01
1.737916379702508962e+01
1.760984129622657690e+01
1.754303144464164887e+01
1.758677535094914290e+01
1.756451184805471399e+01
1.749478371228883589e+01
1.750626286518939523e+01
1.764656100713341047e+01
1.751937180874749345e+01
1.763443732884135784e+01
1.756371899191770325e+01
1.770399099360777839e+01
1.759362861755071705e+01
1.761245939763912460e+01
1.756651666082986196e+01
1.750939758775207622e+01
1.772281898530616218e+01
1.764751977736008115e+01
1.757378445375685772e+01
1.763077808094211463e+01
1.756670239143814527e+01
1.758638485054938272e+01
1.747957351184214758e+01
1.760662611218620910e+01
1.758977570091367326e+01
1.767210232942891324e+01
1.749796819305300843e+01
1.754594707536992360e+01
1.768639657932990872e+01
1.755481908442225958e+01
1.742232549926846730e+01
1.756915837061415786e+01
1.755383688031859890e+01
1.754895141167986594e+01
1.757006634067959183e+01
1.756866133849047173e+01
1.748543505599534598e+01
1.757786416770558446e+01
1.766151340069320952e+01
1.755407717172196413e+01
1.751802273211108130e+01
1.766576761739143109e+01
1.761444704870008948e+01
1.769554970557591034e+01
1.766992540635813569e+01
1.761017527007460970e+01
1.760703976067825849e+01
1.763444901219786942e+01
1.768344657881591075e+01
1.771842654064260003e+01
1.756986868149559555e+01
1.752095335608618143e+01
1.760293861027460238e+01
1.763999487638776742e+01
1.762155596888856479e+01
1.753659111033618245e+01
1.751811066701675301e+01
1.761814616284224400e+01
1.753272675772127798e+01
1.760944000751848648e+01
1.771766488525688032e+01
1.766357954293509280e+01
1.776438102141828779e+01
1.752974365378614863e+01
1.754380391553114649e+01
1.766067350191637786e+01
1.755788751332862319e+01
1.756680288125351197e+01
1.749367018790843531e+01
1.770926720422959377e+01
1.767117922848163403e+01
1.745992475913164910e+01
1.739795692230249102e+01
1.750263346213342430e+01
1.759855543830853364e+01
1.757396996415919332e+01
1.767623947725380162e+01
1.758889038246395131e+01
1.762432882208644003e+01
1.768888602867177440e+01
1.760599954815317503e+01
1.750891440122087772e+01
1.765216611738901520e+01
1.762735726232601152e+01
1.768702677276315427e+01
1.758864252429846786e+01
1.766447733712346846e+01
1.770386904697640773e+01
1.767289841473575152e+01
1.758336378338936257e+01
1.751072167957778447e+01
1.760479748664995725e+01
1.755774546689072935e+01
1.762629766816957044e+01
1.748901760541370010e+01
1.758987599715210592e+01
1.756797094703936679e+01
1.767121653077367682e+01
1.761053438493278378e+01
1.755496890618973183e+01
1.752801642851459718e+01
1.748773322663926777e+01
1.761756066763607009e+01
1.757333110594413483e+01
1.758982986269202087e+01
1.769045871750762799e+01
1.753659080068526777e+01
1.755530106050697370e+01
1.757549395093647604e+01
1.772367114421031786e+01
1.758468950808655507e+01
1.744379835808778623e+01
1.755772830558725772e+01
1.754124452448578353e+01
