# Variable: A
# Sample shape: (2500,)
# Date: 2018-11-20 13:59:46.855645
1.869848120085845267e+01
1.839957830748415901e+01
1.854821036637765985e+01
1.849161938986940967e+01
1.853080577435137499e+01
1.860069623524159610e+01
1.848227384377666738e+01
1.859111451275050797e+01
1.851782546451047295e+01
1.851695300930892074e+01
1.850082623196185239e+01
1.854760457160783105e+01
1.837814099067645301e+01
1.847220355285821825e+01
1.853533853635615003e+01
1.839966058378869462e+01
1.858123635015004993e+01
1.849279239955887988e+01
1.858562803254083917e+01
1.855047910359133922e+01
1.847549603032506127e+01
1.854565051221284477e+01
1.844825418425513419e+01
1.850316675971127012e+01
1.853872228498511987e+01
1.848330418066652925e+01
1.848253049559089689e+01
1.845810463514263589e+01
1.849784620715268701e+01
1.852484494134995785e+01
1.843776594782722000e+01
1.838871778346772601e+01
1.856400152257221237e+01
1.843955526146767809e+01
1.857696813366231936e+01
1.858553457145519161e+01
1.841513025706042228e+01
1.848847821272392267e+01
1.848076666020362779e+01
1.853308057243472717e+01
1.855970210362763950e+01
1.860246933262241242e+01
1.841206972867630398e+01
1.857971195975356338e+01
1.871708015067230946e+01
1.861041143835883460e+01
1.848029440267718826e+01
1.852488259314008801e+01
1.865916002713226618e+01
1.845163018450523751e+01
1.860490807271808933e+01
1.853456304160046386e+01
1.868951475582904109e+01
1.858788123528308134e+01
1.843925276953651249e+01
1.844704461825349284e+01
1.846345916023764744e+01
1.850153760273390446e+01
1.846604789881131126e+01
1.847496870662449098e+01
1.860854834977133265e+01
1.839246645673790681e+01
1.851818471515156972e+01
1.849189490601871100e+01
1.842496642793590667e+01
1.851194457412323402e+01
1.833364529689029609e+01
1.856973950004201868e+01
1.849030806975839525e+01
1.872244269491709900e+01
1.863934993255037043e+01
1.855824313648931323e+01
1.860497049747256426e+01
1.862196881129636239e+01
1.838205353839918033e+01
1.865073240743671334e+01
1.844305402991406240e+01
1.853338731431277964e+01
1.858740706307574797e+01
1.848332517047134615e+01
1.848399747780889868e+01
1.840410928980807981e+01
1.843046257936519083e+01
1.835380280272574183e+01
1.851261682167430678e+01
1.856047347768341282e+01
1.842612399592729489e+01
1.859660993631104375e+01
1.857412691264265447e+01
1.855985624188530281e+01
1.846362425400931073e+01
1.849319926174094775e+01
1.838832080225681054e+01
1.864734192523543044e+01
1.854180384138987847e+01
1.852275712478661873e+01
1.853712369200975374e+01
1.841982504847218394e+01
1.848425632033093535e+01
1.851447819787817295e+01
1.861514663058801489e+01
1.854785558725787453e+01
1.835155376716143039e+01
1.848889265837626894e+01
1.852835717107672409e+01
1.856902941983675959e+01
1.851235297738996266e+01
1.851951053021127436e+01
1.848471180413726600e+01
1.854774364783732565e+01
1.859683814823265990e+01
1.851321282164343529e+01
1.850797207730641603e+01
1.847749917755921345e+01
1.850004939906861878e+01
1.850859038314424865e+01
1.843539811064773204e+01
1.846666153791805343e+01
1.851677778275342945e+01
1.863363644955653342e+01
1.857315584324229718e+01
1.852311194010317408e+01
1.853252316306050318e+01
1.852693185196860171e+01
1.861806260332661367e+01
1.853139089557033969e+01
1.867991272522372270e+01
1.840073755662645993e+01
1.860444318036899958e+01
1.830861269875561703e+01
1.846084129295891785e+01
1.849621184295592968e+01
1.854496269357204952e+01
1.853442945308676926e+01
1.843048492252481196e+01
1.845572252793657952e+01
1.863870393556602068e+01
1.844911233309574783e+01
1.860047334610746006e+01
1.860035498188562286e+01
1.866114362464567478e+01
1.851871504323215589e+01
1.840585975393613083e+01
1.848270507785761652e+01
1.853733975949403145e+01
1.852955701688426871e+01
1.871098847498751283e+01
1.841005583124374922e+01
1.863547246069540719e+01
1.845394583047978543e+01
1.839974208967660374e+01
1.839936610444193121e+01
1.861433678094260458e+01
1.877548675084058161e+01
1.851375937283116357e+01
1.848050036695313381e+01
1.857463681149924639e+01
1.848331724738554982e+01
1.858028627790207565e+01
1.866839820141156991e+01
1.850230801804634950e+01
1.852918555447531546e+01
1.849229113347131914e+01
1.851561793502085607e+01
1.852802795604875641e+01
1.857122902911644147e+01
1.838369335244625447e+01
1.841246843839242686e+01
1.846253158357339430e+01
1.841760135844410584e+01
1.856559864648785663e+01
1.845168789820574773e+01
1.847894006316820636e+01
1.845029568449859170e+01
1.858599349751615293e+01
1.837745902963320077e+01
1.856404159511997420e+01
1.846937677442934245e+01
1.844565886286606826e+01
1.853006561425467780e+01
1.851609838783777917e+01
1.845964776603566548e+01
1.855972130005903153e+01
1.849243743502012549e+01
1.849803168292722688e+01
1.844444424567403473e+01
1.849757114637366584e+01
1.855304905662548265e+01
1.844446335234088252e+01
1.859302129386606239e+01
1.854513798555201376e+01
1.874263340420327850e+01
1.847735307689350748e+01
1.867306342880176828e+01
1.854399179320866509e+01
1.850422487936327443e+01
1.860615067742111961e+01
1.845561808754569100e+01
1.861101784833553907e+01
1.841602461437021532e+01
1.840263661857379418e+01
1.844443495526800092e+01
1.845266180286735391e+01
1.831904069543377034e+01
1.847203164458606039e+01
1.847179554618671915e+01
1.847983481957027863e+01
1.847394091932067539e+01
1.867763556102818612e+01
1.851768036709892584e+01
1.850713687188446954e+01
1.858296804504046662e+01
1.837693153793769696e+01
1.833863361770671929e+01
1.857495276666118755e+01
1.851256296132423884e+01
1.846593480786515684e+01
1.853674705328528916e+01
1.826348397251350875e+01
1.849825121113680382e+01
1.846691880819491871e+01
1.850989530441858832e+01
1.861959392392486023e+01
1.857883707209058954e+01
1.847796116466191307e+01
1.846623681692501862e+01
1.846261012067357044e+01
1.851202313929972476e+01
1.855877254568499879e+01
1.855451587707116801e+01
1.826681005533509605e+01
1.855984522453195851e+01
1.848375737459330637e+01
1.847960684039939849e+01
1.841255230707151469e+01
1.846871758644466865e+01
1.851277289057718889e+01
1.851650524082090143e+01
1.844886723205203083e+01
1.851707797850857062e+01
1.840467319434817739e+01
1.854347830490029381e+01
1.861245192304583540e+01
1.867881314688463235e+01
1.852727188018033289e+01
1.848575714605207310e+01
1.844608665071474007e+01
1.830229861897955956e+01
1.848457920112006292e+01
1.852444424250064969e+01
1.841651012661212405e+01
1.842286735209309256e+01
1.852916203277417040e+01
1.859712662415335416e+01
1.844354856609385607e+01
1.851395490839704649e+01
1.858375276941984211e+01
1.859645554112770682e+01
1.852146801174442814e+01
1.849486992082150039e+01
1.851075499387359002e+01
1.861473202916230818e+01
1.843632348466953985e+01
1.860479970536564309e+01
1.853099776332850723e+01
1.838150978527120216e+01
1.848251080117788447e+01
1.836735574554134942e+01
1.845571456503773433e+01
1.859611825936799789e+01
1.853577151087064578e+01
1.834241966172245597e+01
1.858828975499527303e+01
1.858028984584424492e+01
1.840500990044424867e+01
1.844311689410415767e+01
1.846137944263230324e+01
1.876071776368384292e+01
1.839691233826155070e+01
1.859563152586875034e+01
1.865243556971743644e+01
1.855747855439484084e+01
1.847872867048953793e+01
1.857673737268398284e+01
1.846131781626185386e+01
1.856494037969575217e+01
1.854537763877538836e+01
1.864488352253196268e+01
1.852351878286703979e+01
1.839527937927122991e+01
1.861190806235904915e+01
1.859415682112634727e+01
1.849406758020595376e+01
1.842091862789719769e+01
1.845934199302116596e+01
1.835571478644527588e+01
1.847389000301314965e+01
1.853236441292389358e+01
1.852524077005725545e+01
1.844620495428910090e+01
1.851999945972291073e+01
1.831321872248503269e+01
1.847029140395114410e+01
1.857506416660229576e+01
1.841945544126503620e+01
1.858442182933739417e+01
1.862138911357202176e+01
1.849842243114772344e+01
1.838978736488925492e+01
1.842797003735018180e+01
1.845370933913226352e+01
1.835599336305453022e+01
1.845957746434869762e+01
1.849351894289487674e+01
1.848033330416157227e+01
1.861879591105588716e+01
1.840781799610178737e+01
1.857075631385162495e+01
1.857316395132274778e+01
1.857092444618727356e+01
1.848946598958363907e+01
1.855362167219609404e+01
1.841838356661012810e+01
1.845164934569568516e+01
1.836595040668369450e+01
1.855255328399722359e+01
1.848762531976026224e+01
1.858545872304082636e+01
1.860809688597528577e+01
1.841439179974137375e+01
1.855236510474963296e+01
1.845574208636501012e+01
1.860248779682177656e+01
1.835758844298812065e+01
1.842030875294000225e+01
1.851985360028232108e+01
1.843885271173784801e+01
1.847130130506194234e+01
1.862487109395225104e+01
1.832147638707613524e+01
1.847168144810060753e+01
1.854238312232149610e+01
1.850748594458975305e+01
1.845218633190511781e+01
1.856699773969609168e+01
1.852853944335793557e+01
1.844871015662797475e+01
1.845491898111817264e+01
1.842925389356434351e+01
1.857093266975500256e+01
1.846379905752112904e+01
1.844390554069455490e+01
1.863830018749763440e+01
1.847562380346245092e+01
1.851301024753869839e+01
1.846870210322548189e+01
1.844653644261877190e+01
1.848977524917563997e+01
1.849820446933922824e+01
1.842680835233490910e+01
1.858877469119528669e+01
1.845788042620595704e+01
1.853446049287768105e+01
1.841663268462239955e+01
1.827692872591702056e+01
1.852295255181477884e+01
1.843713612972765503e+01
1.848007157609501050e+01
1.868761492393203127e+01
1.836279568252282246e+01
1.850676193280131798e+01
1.865324316267911442e+01
1.858520029284452590e+01
1.850704694422979557e+01
1.851307511998123445e+01
1.839750902628707863e+01
1.846976052609522512e+01
1.841260579001388464e+01
1.844812560030073101e+01
1.850897414708660804e+01
1.850407526653995660e+01
1.845482593543227168e+01
1.853325042452109273e+01
1.850193181617836302e+01
1.845163202797052904e+01
1.858439205563010432e+01
1.846444087479137508e+01
1.862712611559872400e+01
1.848971225386128836e+01
1.854414523317791463e+01
1.827052643465146531e+01
1.835231608420874139e+01
1.863323116148814051e+01
1.845215022695225571e+01
1.843136957341852167e+01
1.839710300793880293e+01
1.849433690384869067e+01
1.855458993771202003e+01
1.848420788506715695e+01
1.840078055237617605e+01
1.852159878652710390e+01
1.846983876705400007e+01
1.842473736385699468e+01
1.852043239398776464e+01
1.854132731030577830e+01
1.865051867780843509e+01
1.840700379810436260e+01
1.840050271674614280e+01
1.852198986434958528e+01
1.851300901493149453e+01
1.843795053186294197e+01
1.857791202049978452e+01
1.848123768211714335e+01
1.862787985933127644e+01
1.845950639273259242e+01
1.846395895832977629e+01
1.838349119719334723e+01
1.858012557116194330e+01
1.842762714164269511e+01
1.845231637608926789e+01
1.842944074517163244e+01
1.845357158354591576e+01
1.851321724590063766e+01
1.839547779212320577e+01
1.845047341449207323e+01
1.844990143377389913e+01
1.859615811937382546e+01
1.843428744726957902e+01
1.864617047944612693e+01
1.849683951374770885e+01
1.852874509322073493e+01
1.853741829839564303e+01
1.849068335597168655e+01
1.845121872893970050e+01
1.848054654674364627e+01
1.846582035991054838e+01
1.860808249309976503e+01
1.846914397312784928e+01
1.837553523895717689e+01
1.856703410193672710e+01
1.855786996066557748e+01
1.852909947882373842e+01
1.853493184424084816e+01
1.844090656474568135e+01
1.838614687224146849e+01
1.851335187867937648e+01
1.849281263008537834e+01
1.843062780284857638e+01
1.843973993893975205e+01
1.838830191812046877e+01
1.847496734264463569e+01
1.848290796770762512e+01
1.834423349650462853e+01
1.856339106741615907e+01
1.840373947360781770e+01
1.840683884948030880e+01
1.841013812002803363e+01
1.863755167530209178e+01
1.846567489188021227e+01
1.858681301714236511e+01
1.842871148762074185e+01
1.844306690306308028e+01
1.851807346329772841e+01
1.860844572389188656e+01
1.851239244401154593e+01
1.856512295938352253e+01
1.855855992752107397e+01
1.841820000709731886e+01
1.834084063056847569e+01
1.854886096353497749e+01
1.850154070877123402e+01
1.844240822187931528e+01
1.852647329065599280e+01
1.851361717804356388e+01
1.852458655876904103e+01
1.834074548772381164e+01
1.836764627706157782e+01
1.845934855802227403e+01
1.854399270366111807e+01
1.847520162275794675e+01
1.852426206432054201e+01
1.837446569351497772e+01
1.861528694238709036e+01
1.837735793347623670e+01
1.841675792091636765e+01
1.841048060460418867e+01
1.862163050941092379e+01
1.852898925785240536e+01
1.847108798340576996e+01
1.849051409005835822e+01
1.845678420935720254e+01
1.866324135157549691e+01
1.851895238535053423e+01
1.856686348209091975e+01
1.837923504359437388e+01
1.847899939080616605e+01
1.854399974545080809e+01
1.829232224210175772e+01
1.855712657062047910e+01
1.848227067626758569e+01
1.829481316368562815e+01
1.852184023021559156e+01
1.851639419830177502e+01
1.853468418239094007e+01
1.846975899253571285e+01
1.849076505813582472e+01
1.830342115222211419e+01
1.856582913766449394e+01
1.847980872043426004e+01
1.844852037588974625e+01
1.843137752869015955e+01
1.853319747980451027e+01
1.846562067525463036e+01
1.854356355293350944e+01
1.852263677678325138e+01
1.838089270855247648e+01
1.849010970299257650e+01
1.854417244182408098e+01
1.848157107879656991e+01
1.858064146483392420e+01
1.842122314846966447e+01
1.855352823126503026e+01
1.856967704952646514e+01
1.845039719625905761e+01
1.871296650874323220e+01
1.839684988277958411e+01
1.853292428366937017e+01
1.853936797960605887e+01
1.863261623921615850e+01
1.849210338357785588e+01
1.848391783022883672e+01
1.868223387630706966e+01
1.842698300203326411e+01
1.841231165254737689e+01
1.835928089385805251e+01
1.838786182213221920e+01
1.850335728697557514e+01
1.856937976224967457e+01
1.852511627082032319e+01
1.842884295320914134e+01
1.863895782950500291e+01
1.859178128012175435e+01
1.865663863094317421e+01
1.849489988877576607e+01
1.853078577043334363e+01
1.835705726107556046e+01
1.851604302748130948e+01
1.852106742989299448e+01
1.864424933418455765e+01
1.853415472713424705e+01
1.848880125450602208e+01
1.842790335849310424e+01
1.858894507501391047e+01
1.845654632288292163e+01
1.836762876592101179e+01
1.842218261446764771e+01
1.843068765492173711e+01
1.846118956090760932e+01
1.832715301276462583e+01
1.865714573035152313e+01
1.837719724807280386e+01
1.860544865277281801e+01
1.858555248123060721e+01
1.843433724983670885e+01
1.831022475187948828e+01
1.853963456977898971e+01
1.854895508109720481e+01
1.839969256827815158e+01
1.839145651073824794e+01
1.858616378427217342e+01
1.828942188497785892e+01
1.848705713658980088e+01
1.855958189292485727e+01
1.852365826841688801e+01
1.851528763303986125e+01
1.846644473805067221e+01
1.858741514157227215e+01
1.846341525727770616e+01
1.843311667311684232e+01
1.852513331487211801e+01
1.840270287796563053e+01
1.847945394894966853e+01
1.845694000729588424e+01
1.835736179571433979e+01
1.852509730832857215e+01
1.855375648679642353e+01
1.847400520402818813e+01
1.843518568679031944e+01
1.852440047755826669e+01
1.852749076024154462e+01
1.853730041559492037e+01
1.847552630149011321e+01
1.847304338018111736e+01
1.846626641993568896e+01
1.852134721440092235e+01
1.845913539694506866e+01
1.828107134405596668e+01
1.858462871035790442e+01
1.846342651320943062e+01
1.844511026803882103e+01
1.846971777385048341e+01
1.849858689285057878e+01
1.849611525846427185e+01
1.846195021535369207e+01
1.845171551710475555e+01
1.846612878900557320e+01
1.842291128388331245e+01
1.846755667292164915e+01
1.846677732277558093e+01
1.837216369932055215e+01
1.854478577837539888e+01
1.857215524412492869e+01
1.866420720900336150e+01
1.867878660270285707e+01
1.855963028593131270e+01
1.842352139351808304e+01
1.856409502150404478e+01
1.852174296961601030e+01
1.856696581955447911e+01
1.843192472247179126e+01
1.839628913713250213e+01
1.847858363706847484e+01
1.832132195807959363e+01
1.844657503133167253e+01
1.843361150156547268e+01
1.848090117832317603e+01
1.853262883353568924e+01
1.826469626221947706e+01
1.837152606407518007e+01
1.853727448965666724e+01
1.841939815018340809e+01
1.857206954328676218e+01
1.853442787386419610e+01
1.832237166250990867e+01
1.842787739953215365e+01
1.864731828319929363e+01
1.858314391552341149e+01
1.842511831227917796e+01
1.835169154932504298e+01
1.865939569028168066e+01
1.848996743164460455e+01
1.842088732916306171e+01
1.858255041905885108e+01
1.857383423333017802e+01
1.848929472712321953e+01
1.831063886173551936e+01
1.842750532387883666e+01
1.854038606534938793e+01
1.845883437284835438e+01
1.859046566705141856e+01
1.866471972891202924e+01
1.837191532291117824e+01
1.844463902657148324e+01
1.856598309673680447e+01
1.860092176241190032e+01
1.837639789692244463e+01
1.839970496234900565e+01
1.859994384045334215e+01
1.842855341909326938e+01
1.852809267794229342e+01
1.862583596770657834e+01
1.842053568920202622e+01
1.860262354721691835e+01
1.857820354213136937e+01
1.855296143593426450e+01
1.846159404559611872e+01
1.855984164557110105e+01
1.837683424960926004e+01
1.854512208014918073e+01
1.856313758378880507e+01
1.859103975945781073e+01
1.844991259907673253e+01
1.834384248091818037e+01
1.861204001553555187e+01
1.840433891393007215e+01
1.841691900923006031e+01
1.844546754580330372e+01
1.860780774408378591e+01
1.842780723544985122e+01
1.852162061278372818e+01
1.845829246270559310e+01
1.838602376708606556e+01
1.856532110837299854e+01
1.857207604727237182e+01
1.848205323091120889e+01
1.842249334430134056e+01
1.846546376383201249e+01
1.858624527020329964e+01
1.845974209811674527e+01
1.852803936862232703e+01
1.828685207896962339e+01
1.852786959079563189e+01
1.846055076025197650e+01
1.850585464854476214e+01
1.836398685458300761e+01
1.854410593736997370e+01
1.847375623210436402e+01
1.849870445382661543e+01
1.861798004994858857e+01
1.837324185131024734e+01
1.860040741076198501e+01
1.845524414131346447e+01
1.845112452683249060e+01
1.845624877445829171e+01
1.855624469415347733e+01
1.864336786252727052e+01
1.851681581914336761e+01
1.844767008618279647e+01
1.854018609454807631e+01
1.839329944979455078e+01
1.846988449720133474e+01
1.851777517385625771e+01
1.836608196894241729e+01
1.832800131723372772e+01
1.848134786525636741e+01
1.838018422927433804e+01
1.847728546427369167e+01
1.841289484785013641e+01
1.849839600943024109e+01
1.858375216861648838e+01
1.855630658462096960e+01
1.850597763955921948e+01
1.856961210613135194e+01
1.850153260912395226e+01
1.853139653223816197e+01
1.850742662095047564e+01
1.847649353363970803e+01
1.845951486501861893e+01
1.845617782423203579e+01
1.844116993808658478e+01
1.853929951954162192e+01
1.849654338538046261e+01
1.841741541734047161e+01
1.842882778156203827e+01
1.831956525272967085e+01
1.867443909985700401e+01
1.858052726486697992e+01
1.833958648913626277e+01
1.845249029344375913e+01
1.846334516936634884e+01
1.838158591984473134e+01
1.873413174028907235e+01
1.851726606607476810e+01
1.841718988781062905e+01
1.841983475026460226e+01
1.862685342577865200e+01
1.847085314455928184e+01
1.849101330197936122e+01
1.850723743360378393e+01
1.843130227922330278e+01
1.835288554747548417e+01
1.852106192226817782e+01
1.850982704705175053e+01
1.853444322759203189e+01
1.856009124721837367e+01
1.852173704813999677e+01
1.864359904957138525e+01
1.840005237975174879e+01
1.852291160318995722e+01
1.838163087742515600e+01
1.841214239563030830e+01
1.844091798686594075e+01
1.851880833514139724e+01
1.852300374026862428e+01
1.860038373367400055e+01
1.851338549993836935e+01
1.840712655063945391e+01
1.859344689904137127e+01
1.853150438851776727e+01
1.840892256795564208e+01
1.847037278716077680e+01
1.847823953804817521e+01
1.829433661396658550e+01
1.854765393061278900e+01
1.851879677617916187e+01
1.852089972187190270e+01
1.848408270117707275e+01
1.844231987514910998e+01
1.843095957988214550e+01
1.846284975526339167e+01
1.853042325104892996e+01
1.840034496326326874e+01
1.845816932550360789e+01
1.842265412437190619e+01
1.853187107941364076e+01
1.856212375083611832e+01
1.844654587225132403e+01
1.851402609389069198e+01
1.854780182840708846e+01
1.847323972308679529e+01
1.852877867805949919e+01
1.842139239350790803e+01
1.835002413262085952e+01
1.859238396087714307e+01
1.855670870557682406e+01
1.851539306910457583e+01
1.854476544767597090e+01
1.848079942279290222e+01
1.863339121455948799e+01
1.843360345462694383e+01
1.839523719296921911e+01
1.857823222345567160e+01
1.843342947751454020e+01
1.851346344054262971e+01
1.839445383999476036e+01
1.841913700987612401e+01
1.856019620292639871e+01
1.852944697357493098e+01
1.833255788349001136e+01
1.839254954022868560e+01
1.855591023916786142e+01
1.837837215598737117e+01
1.867416483481074252e+01
1.854348301543361899e+01
1.840048701857129032e+01
1.855099106120637487e+01
1.848611001217794225e+01
1.848062262831589564e+01
1.844841045215408926e+01
1.840814440933223750e+01
1.852717889448642552e+01
1.831927033209343136e+01
1.855630696276736202e+01
1.831488573257474783e+01
1.865907363541709074e+01
1.845461115985965606e+01
1.847367889311697908e+01
1.859714622936436257e+01
1.839338870323284425e+01
1.835823645904067547e+01
1.829236624164633085e+01
1.855109049565917800e+01
1.846216154137323429e+01
1.837291078369797859e+01
1.853350810512282010e+01
1.838767915186701174e+01
1.841441493984575573e+01
1.842398017724146086e+01
1.826188625752689987e+01
1.853484265409044696e+01
1.849372948355482293e+01
1.852909204630564588e+01
1.854805651658459098e+01
1.854683957726461685e+01
1.851962632807603981e+01
1.828845969225188739e+01
1.831215900128067986e+01
1.856614075530132268e+01
1.848274057563508777e+01
1.843275206704376856e+01
1.854756461135158219e+01
1.859527850663650028e+01
1.857297757600844079e+01
1.835563563375837148e+01
1.827634432115087648e+01
1.842153832766253529e+01
1.842732729315061135e+01
1.849209199172763007e+01
1.841113905843624465e+01
1.848401085867841687e+01
1.858871969868894780e+01
1.848876033013516818e+01
1.840925065132950422e+01
1.852707799242834596e+01
1.857286472899069096e+01
1.837716728112757991e+01
1.839149182531727433e+01
1.847027866742671520e+01
1.848606905289242874e+01
1.846949014334981598e+01
1.858120600641786524e+01
1.839912705597133424e+01
1.841024175486323244e+01
1.842778405375318229e+01
1.844328796323260278e+01
1.855052552617146588e+01
1.854590699362087847e+01
1.851846189644330565e+01
1.847302764958332588e+01
1.843990316181130140e+01
1.861708011770912563e+01
1.845069785251356365e+01
1.861779962991825599e+01
1.843566825349305205e+01
1.842366194605946461e+01
1.860447339898073338e+01
1.841665694791418417e+01
1.849266385288510861e+01
1.845752447628697368e+01
1.846840830326449279e+01
1.849246626570804608e+01
1.850670773702613658e+01
1.835914267912216147e+01
1.839561117999069850e+01
1.857877702697409816e+01
1.853133771414760389e+01
1.856797124178749669e+01
1.844310695737969752e+01
1.846128660399021726e+01
1.855072852541715278e+01
1.843161032118576159e+01
1.857124635171853555e+01
1.850594679573629975e+01
1.859708587546118252e+01
1.858886334380979122e+01
1.868500966418617182e+01
1.854613903306841394e+01
1.834419709251986674e+01
1.859895389443101976e+01
1.851782134168993821e+01
1.865483503601211979e+01
1.860739187439775577e+01
1.846521167204515379e+01
1.857266751126853777e+01
1.844499059542349428e+01
1.854164268518148972e+01
1.848790515574626525e+01
1.853643249811382177e+01
1.841714993202501560e+01
1.841531334198095138e+01
1.846723952398811264e+01
1.844077076852027730e+01
1.852253723659994122e+01
1.851965162613791449e+01
1.858039710212386453e+01
1.855270737391548863e+01
1.846385103287165208e+01
1.839560647875219601e+01
1.838073310418299400e+01
1.844583535606804503e+01
1.845199118276759975e+01
1.843445585224143457e+01
1.842353212592091083e+01
1.849555741485821159e+01
1.830916431503261776e+01
1.844959856936240783e+01
1.849156281621548459e+01
1.832997633540734839e+01
1.854793924000493632e+01
1.856614677042535533e+01
1.856047403237893434e+01
1.856878396442751011e+01
1.842929388048372275e+01
1.855613269963488321e+01
1.857875478859815388e+01
1.848820765982459946e+01
1.872012552944037367e+01
1.849589517530815996e+01
1.821384122326115929e+01
1.853996802113295672e+01
1.859537780047980959e+01
1.862188105511143377e+01
1.850084863153748671e+01
1.839505223921546317e+01
1.846643560287628461e+01
1.847585969150341967e+01
1.834048917409099744e+01
1.848646290751167598e+01
1.858683656438747889e+01
1.840189969347109766e+01
1.840774347322615867e+01
1.844403584511950811e+01
1.843865963615537495e+01
1.837742335792113835e+01
1.864516182789717647e+01
1.845374112412829604e+01
1.847674888296970508e+01
1.848419306694093223e+01
1.853923025682662740e+01
1.838818633267634439e+01
1.857056371647760074e+01
1.836514576711742919e+01
1.849936710504564275e+01
1.855680141016881990e+01
1.849887322327299088e+01
1.834805994469618895e+01
1.846241671006870533e+01
1.857032348716042236e+01
1.850376182058938213e+01
1.851939724161986334e+01
1.852941240483368901e+01
1.841850629716776666e+01
1.871885608488147668e+01
1.848043512017567380e+01
1.855509723705160496e+01
1.853591258935951913e+01
1.827903237776473944e+01
1.845610805204483285e+01
1.835900700643615124e+01
1.848821175965471042e+01
1.841726393852090737e+01
1.850824502943459038e+01
1.851847641325121785e+01
1.844190914758300437e+01
1.855221227376032900e+01
1.836875992069837338e+01
1.836226103567165779e+01
1.850734284245248773e+01
1.845370845891615730e+01
1.836138528546341320e+01
1.849105825403796644e+01
1.851403666477509802e+01
1.852840776234757669e+01
1.839314765779878513e+01
1.845252032117958052e+01
1.849867952429463713e+01
1.862594783771980644e+01
1.849390655999667032e+01
1.844785016794572741e+01
1.850723007761263261e+01
1.848988712848325378e+01
1.864539924048229125e+01
1.828262279011741853e+01
1.855933540178912367e+01
1.851795144490857581e+01
1.878893749415379588e+01
1.844488251165545378e+01
1.833655329318117921e+01
1.863740393573746346e+01
1.852753132962613236e+01
1.855502287989930821e+01
1.851367370203050555e+01
1.849470862845761232e+01
1.850437733163020582e+01
1.850083220223602254e+01
1.838032802314174674e+01
1.848306662242366016e+01
1.849748591614885740e+01
1.850236789979314267e+01
1.853082367323885293e+01
1.851958191838326329e+01
1.845361968739711855e+01
1.849097177984683071e+01
1.846540245491360821e+01
1.837092225674429002e+01
1.839961148945383229e+01
1.842615954560097435e+01
1.853120710078030697e+01
1.856285324751527455e+01
1.851100576859899505e+01
1.848757895143287655e+01
1.853144122409547379e+01
1.859642196183239804e+01
1.843138868670860475e+01
1.847517084399370901e+01
1.851185111281213835e+01
1.863238347043510146e+01
1.858869363022824572e+01
1.859562560203265491e+01
1.847522650840344838e+01
1.850789988236405392e+01
1.845574608556169238e+01
1.857831627771227190e+01
1.848965664700542177e+01
1.853436361867893112e+01
1.844421873686797397e+01
1.845847120551024290e+01
1.860122876760646093e+01
1.852263205910369592e+01
1.849091849713653701e+01
1.839163105329784287e+01
1.854492217705709933e+01
1.853641886222471058e+01
1.838751339703421905e+01
1.840804672390942187e+01
1.855124579623215553e+01
1.843735926739996955e+01
1.843239634612404032e+01
1.846920637073429816e+01
1.861816671554706915e+01
1.861498622209234810e+01
1.851525382081442217e+01
1.860036059274505504e+01
1.864171482512909250e+01
1.853677000517290452e+01
1.853807325035390008e+01
1.858210264587955862e+01
1.826393065761384449e+01
1.840805358751463316e+01
1.836263975626554057e+01
1.845755438900972223e+01
1.849978815530723608e+01
1.849956044545183786e+01
1.851439580094762505e+01
1.828609823407638757e+01
1.844061630710574207e+01
1.856639118706884162e+01
1.854760501613851531e+01
1.824354550553491805e+01
1.845728838828067708e+01
1.844315585394948087e+01
1.841201071006035050e+01
1.843908121357048202e+01
1.850097644002519104e+01
1.831669803771986693e+01
1.854803378449913254e+01
1.853003139938007138e+01
1.844847277657566664e+01
1.846701634473958364e+01
1.840066160696554576e+01
1.855188603264237202e+01
1.843021953671017954e+01
1.859628509176896216e+01
1.849721164663557715e+01
1.846619917917933051e+01
1.859447744404593550e+01
1.853986926128373014e+01
1.844949589789630906e+01
1.851185667831890669e+01
1.849213884827754839e+01
1.851017626360598101e+01
1.841999560045318418e+01
1.844206663048900907e+01
1.856323227162624079e+01
1.847675806748432947e+01
1.848369279300654711e+01
1.832566268681883059e+01
1.840069881109550565e+01
1.858738733438742230e+01
1.840950468825963782e+01
1.849368683252706447e+01
1.844757030578205104e+01
1.866496248299938188e+01
1.843122569290544988e+01
1.843860177216998153e+01
1.852488995560394969e+01
1.856471764666967417e+01
1.837068217672552350e+01
1.860360263888751930e+01
1.854950545166429166e+01
1.837603084789951779e+01
1.845509058639686018e+01
1.851470700159177696e+01
1.844658196630270908e+01
1.841131747741982494e+01
1.845883002944330542e+01
1.848114512424530176e+01
1.856748642478524047e+01
1.851566064791872179e+01
1.852086561930789443e+01
1.847933047576164967e+01
1.844514139403304043e+01
1.843397484616776794e+01
1.857710144413050557e+01
1.854753742801380412e+01
1.864379214656450401e+01
1.864100426423801338e+01
1.851536762474879794e+01
1.846075805595794606e+01
1.843963427877821459e+01
1.845494140254159632e+01
1.847908691631974776e+01
1.842031900910354381e+01
1.839184054434157289e+01
1.849519666236786009e+01
1.856416163334056080e+01
1.836798687719293355e+01
1.841165334973896606e+01
1.856254449662518269e+01
1.851827049154586646e+01
1.852148002026063978e+01
1.858850617486000445e+01
1.856375263796540054e+01
1.857503159206528309e+01
1.834652572081990130e+01
1.860007874386255011e+01
1.858293817598899977e+01
1.860586661769163541e+01
1.857633536141948838e+01
1.856376254625406119e+01
1.859678302718153020e+01
1.841207168766061031e+01
1.842609516598834318e+01
1.846040445200941704e+01
1.847204906815262859e+01
1.857203557981976871e+01
1.843366145130238465e+01
1.849351642528112905e+01
1.841859544373688706e+01
1.834055745561447992e+01
1.845780891441249238e+01
1.848486064460057321e+01
1.849924599597883557e+01
1.855968543892891987e+01
1.855743357414962702e+01
1.844695297223687547e+01
1.848694933922602956e+01
1.857785697885979559e+01
1.867193887388476270e+01
1.846103767777037064e+01
1.849787316344565369e+01
1.843363445439269910e+01
1.844870553637134591e+01
1.855943297162846051e+01
1.852059513985029682e+01
1.849738782012010674e+01
1.837476103382040193e+01
1.833959450866057139e+01
1.863035112189735543e+01
1.861868294887037578e+01
1.830500744895036291e+01
1.861794945818667557e+01
1.847345122696948749e+01
1.840103893850411509e+01
1.835029167481588885e+01
1.844093718361645529e+01
1.849430260885426947e+01
1.839816938485693498e+01
1.851299167271623958e+01
1.851762915733580783e+01
1.848128514976956538e+01
1.846155833870885488e+01
1.844501288845403408e+01
1.850886548229275519e+01
1.841999722776779080e+01
1.839527837252458298e+01
1.854101000036839508e+01
1.844034441100823685e+01
1.850230288506063303e+01
1.845453058567505522e+01
1.843488523728972694e+01
1.846847137156104424e+01
1.850348522696297238e+01
1.854732922473438350e+01
1.844571870301781402e+01
1.838448377074961115e+01
1.855264971590678513e+01
1.843304722155216524e+01
1.843073972204418354e+01
1.847787762674865419e+01
1.852646431654702042e+01
1.847763212940320798e+01
1.842625131607881528e+01
1.863805960444712895e+01
1.857743863855780120e+01
1.870376236152775817e+01
1.849956067973003826e+01
1.858123071953758298e+01
1.842617190187194609e+01
1.851849538412557905e+01
1.855794668119128943e+01
1.832150677647366166e+01
1.843018795176710256e+01
1.860390628762450405e+01
1.861943677815730425e+01
1.842281889968162290e+01
1.858051941844568589e+01
1.859712541472176639e+01
1.837204784443198946e+01
1.852380404040147610e+01
1.841990752435715706e+01
1.835520930338105927e+01
1.842568833911641590e+01
1.847431923688201749e+01
1.856014039082218403e+01
1.858367584380811621e+01
1.841298134900213412e+01
1.836341997841219253e+01
1.855749917332116894e+01
1.838141994653523525e+01
1.845452369539188453e+01
1.844099478945991777e+01
1.853700561937331059e+01
1.841694551063095275e+01
1.831632869654193030e+01
1.848343459539751876e+01
1.842780788097589806e+01
1.844271237205490266e+01
1.847181566187854429e+01
1.852474194003982788e+01
1.863549672677002889e+01
1.855815494247979203e+01
1.853521240171550488e+01
1.851731815854309104e+01
1.855857804472193351e+01
1.855531506472572190e+01
1.857548984267085501e+01
1.850846681716196684e+01
1.846251446832624055e+01
1.845409818330362128e+01
1.847571786257945448e+01
1.836177631925920650e+01
1.850493548858988291e+01
1.854264367070467756e+01
1.863275281533467975e+01
1.859338186693561923e+01
1.835419899526989340e+01
1.840934928950821714e+01
1.845557379155870592e+01
1.856844845493420237e+01
1.846610230750134818e+01
1.852595936770471496e+01
1.844800414260762622e+01
1.850685102045153485e+01
1.847351145623266078e+01
1.855499044764291128e+01
1.858974290098367277e+01
1.834802542871635822e+01
1.847579035755583376e+01
1.853725016723804941e+01
1.855340678897725937e+01
1.844681654743618893e+01
1.834370971625398639e+01
1.847173509078853115e+01
1.862547640863153120e+01
1.835515864826920662e+01
1.858307993239348477e+01
1.853497481293873861e+01
1.833886222439386771e+01
1.840478696389350333e+01
1.855503351578458293e+01
1.853767162932522439e+01
1.842412127071441930e+01
1.843577669326392865e+01
1.848995354895658849e+01
1.863661077701397417e+01
1.867413701608782972e+01
1.869462427880263178e+01
1.850034804869699556e+01
1.852515532454702551e+01
1.862774695569197903e+01
1.853025987139965380e+01
1.845414451115584953e+01
1.842978086106076319e+01
1.857854670594621638e+01
1.846566905817275384e+01
1.847654772655480926e+01
1.839568761795500507e+01
1.837082569531987630e+01
1.851898844880551920e+01
1.847281743517695674e+01
1.840808923638741490e+01
1.846208657272001830e+01
1.841310045129656814e+01
1.852219425818307030e+01
1.846958848840736067e+01
1.845903319939300502e+01
1.851301794198802497e+01
1.852020802220387452e+01
1.855095118481040117e+01
1.849076211728581498e+01
1.851536036225563464e+01
1.860007476815516725e+01
1.857517327702678145e+01
1.854494917797441644e+01
1.866496710616160115e+01
1.842879679654973302e+01
1.840334041523692221e+01
1.862863849397596283e+01
1.848042357878126651e+01
1.852559273394296824e+01
1.846976451655098828e+01
1.848013433391719573e+01
1.844354192805834103e+01
1.856233453441167569e+01
1.856541846181739075e+01
1.861054675369099343e+01
1.843583428764039667e+01
1.852304557248042371e+01
1.831247351947885704e+01
1.849255182958871302e+01
1.832256900397355537e+01
1.842786801672421149e+01
1.860986715141368464e+01
1.847380563966855149e+01
1.847922296454887459e+01
1.841756624391542729e+01
1.843164749545385206e+01
1.852745742600818346e+01
1.854339737148492162e+01
1.853869750865482047e+01
1.838100242700880926e+01
1.846140295386996044e+01
1.848085968291515613e+01
1.834617521463418299e+01
1.865874292530135037e+01
1.860176230993821989e+01
1.846880500929928459e+01
1.834237347748712565e+01
1.846085101221246205e+01
1.841538180452083040e+01
1.844017713654619683e+01
1.837838934655614409e+01
1.845230725099355595e+01
1.847773966845688420e+01
1.851330496584381891e+01
1.847228227083945029e+01
1.846932413044849852e+01
1.845518329297939886e+01
1.860900998625286817e+01
1.846225014921409979e+01
1.845719235672218517e+01
1.856317823148843971e+01
1.847065754306063212e+01
1.858319618192526690e+01
1.849598720848986133e+01
1.836318638147788818e+01
1.848855305183822040e+01
1.853036187425034953e+01
1.833101337136003295e+01
1.853949192423500136e+01
1.857171448524174551e+01
1.854032281071849653e+01
1.836961748414528728e+01
1.844640763146680840e+01
1.856905704623676101e+01
1.846483656100796011e+01
1.853783975471584355e+01
1.869488693548238345e+01
1.845609662720260857e+01
1.852828278669079509e+01
1.845334163265982141e+01
1.855262764876442105e+01
1.850658493274685412e+01
1.843538271182672972e+01
1.849882436667227381e+01
1.852452098201022679e+01
1.863071587214837166e+01
1.834702145366783910e+01
1.848420042016872245e+01
1.832973287752017200e+01
1.854652018605915487e+01
1.848718616432669037e+01
1.855928233448642573e+01
1.853710992822133719e+01
1.853878239993258248e+01
1.863129710328648514e+01
1.835989496278959621e+01
1.850171981982830616e+01
1.841712241429617336e+01
1.849099362638877153e+01
1.853978852466598326e+01
1.845364639881711000e+01
1.856597048086442570e+01
1.854046381155690071e+01
1.860809808690722633e+01
1.844351062001010888e+01
1.836156743418318982e+01
1.850011907502725705e+01
1.844863623149929310e+01
1.839327912617708805e+01
1.839089661510531215e+01
1.841909673317753260e+01
1.851194375823565252e+01
1.850533946137359109e+01
1.856890465118674527e+01
1.853279318433925127e+01
1.855944163071487196e+01
1.842004569444572581e+01
1.858438676892804509e+01
1.844503864089249490e+01
1.852969219236724641e+01
1.836646474338015622e+01
1.861521700161856074e+01
1.842853124767260908e+01
1.853374291069901858e+01
1.844333144323089968e+01
1.851735828158894392e+01
1.865428647609356361e+01
1.842202990121471018e+01
1.836423684604592665e+01
1.852908416436615369e+01
1.841973031041982267e+01
1.846329152809712681e+01
1.835496826782572555e+01
1.855046479161270057e+01
1.846803358266510386e+01
1.854518696620685603e+01
1.859563345217205566e+01
1.860213526806481354e+01
1.858100910020331753e+01
1.850563280466270299e+01
1.855978822289611330e+01
1.838028907289391611e+01
1.845282940474533717e+01
1.836489591181793912e+01
1.843835855651784073e+01
1.844622377421096360e+01
1.858961264585753881e+01
1.843403280031206393e+01
1.848456588844514670e+01
1.844768589531825143e+01
1.840631103721842265e+01
1.835028739272370046e+01
1.836688961931653097e+01
1.852788597973921014e+01
1.846627682392720970e+01
1.840387397900866162e+01
1.840061032715327727e+01
1.833661078192026395e+01
1.848704886731423613e+01
1.846202642712921005e+01
1.854561902946992191e+01
1.853270730296247493e+01
1.861239525409408557e+01
1.868023375377424600e+01
1.848303481898086176e+01
1.865509772339181538e+01
1.864156448338955840e+01
1.843168517124946959e+01
1.835202208734926543e+01
1.858565262365501525e+01
1.856369610631351463e+01
1.842905558282259904e+01
1.849664227541005701e+01
1.870553052659075988e+01
1.847418523837897908e+01
1.846063683880700879e+01
1.855272895284723234e+01
1.845678580823093284e+01
1.841917278194658536e+01
1.827323810265721704e+01
1.861145231852895776e+01
1.844573290386597009e+01
1.833772819818425859e+01
1.839841771442359786e+01
1.842511674785654563e+01
1.848795969218449287e+01
1.839154644462080412e+01
1.837997575924889659e+01
1.843380587172725527e+01
1.852980612509900382e+01
1.856495120706325963e+01
1.858067040007588488e+01
1.840065169333442441e+01
1.843883078048454394e+01
1.847992927067948798e+01
1.856760209704021847e+01
1.856737634930160397e+01
1.851144476782338444e+01
1.862526236057250628e+01
1.845650568132103331e+01
1.857908028305492110e+01
1.856982160665257453e+01
1.841435685223127905e+01
1.842604598018813888e+01
1.854272158355755451e+01
1.857301410934865871e+01
1.848095304157809338e+01
1.845692221255528409e+01
1.850604517031496954e+01
1.844605047139332044e+01
1.841243319856270233e+01
1.859669535851887545e+01
1.842651148535588845e+01
1.864534780682880921e+01
1.855272114109440551e+01
1.858891636774132294e+01
1.848566726841174201e+01
1.850277804870432163e+01
1.833342186336939150e+01
1.855334751962560702e+01
1.846191666816380206e+01
1.854663987862893748e+01
1.847414824807191280e+01
1.844798879203925068e+01
1.843007341386971731e+01
1.849622397798173168e+01
1.841996037244096485e+01
1.852047236428314037e+01
1.841816534576678066e+01
1.844788915108498983e+01
1.853856169783576391e+01
1.844499595949708493e+01
1.852128878449112648e+01
1.845450720387159649e+01
1.847160194780074249e+01
1.851939621736486785e+01
1.843334905695094506e+01
1.847381154683685978e+01
1.850064055819872877e+01
1.840179914880389234e+01
1.850010387389465194e+01
1.864547423274841265e+01
1.849346040141745817e+01
1.837806271875149733e+01
1.847292885004050689e+01
1.845823294599618336e+01
1.840288273466348912e+01
1.847321650973049145e+01
1.843815090825968994e+01
1.857914603012620347e+01
1.850710737090693314e+01
1.849815424307886857e+01
1.859950580487113925e+01
1.868809578459051934e+01
1.866580754620995819e+01
1.838796349720238155e+01
1.858732315960613590e+01
1.852039172427428326e+01
1.851221559197445288e+01
1.861609271911293106e+01
1.865605717817722464e+01
1.840753146761487713e+01
1.860425203349270262e+01
1.850909503416299628e+01
1.849569532479002021e+01
1.846988887798961088e+01
1.839834432494172134e+01
1.861130112211933607e+01
1.846224451342819250e+01
1.856795901363557633e+01
1.854226798791792419e+01
1.841197526305845855e+01
1.850069044131831575e+01
1.843331663888439920e+01
1.854484895391422228e+01
1.855619341585858351e+01
1.825095632851211747e+01
1.851470516906250552e+01
1.853213328197540832e+01
1.854913434476433309e+01
1.868002236846396258e+01
1.862907414410043216e+01
1.828555680147136542e+01
1.855414005566072078e+01
1.847373404960694998e+01
1.835578431873306116e+01
1.850159432398770676e+01
1.856526536247859838e+01
1.838030602529846647e+01
1.834979796386353001e+01
1.855791854041844147e+01
1.837945159196581812e+01
1.856338196554594688e+01
1.839220504609779638e+01
1.835666740277739706e+01
1.850630093092465245e+01
1.864336700763328025e+01
1.851538646865151705e+01
1.845767540038606924e+01
1.856117815890500111e+01
1.835923859609351894e+01
1.843464127312770984e+01
1.851983722556194678e+01
1.841243856747961871e+01
1.855382358983172963e+01
1.844495645649667637e+01
1.846958597742536057e+01
1.855373581243116377e+01
1.849331089029108455e+01
1.851360639406774311e+01
1.855298204325602640e+01
1.850292348500825312e+01
1.856103981110351953e+01
1.848174752485061134e+01
1.859774729808302851e+01
1.844497674337162607e+01
1.842821582912133138e+01
1.846841744866269863e+01
1.836260145912046227e+01
1.836375190159187554e+01
1.845689139876981599e+01
1.844143715797510197e+01
1.850223999126816921e+01
1.841694018788367870e+01
1.848421542136775386e+01
1.831523832416758779e+01
1.866871479616879270e+01
1.839355784246840031e+01
1.848685699270943772e+01
1.845349320997523179e+01
1.862767296891597724e+01
1.864651195573750542e+01
1.862967904551283382e+01
1.850442570083397342e+01
1.845050925392387597e+01
1.854046903567413551e+01
1.852097954464342067e+01
1.853263656916391966e+01
1.831367753596556369e+01
1.838878612652974809e+01
1.848229176842242438e+01
1.838406536268374580e+01
1.848634552946001364e+01
1.851138332664527297e+01
1.847814999427463079e+01
1.844154283082071899e+01
1.840496723693987491e+01
1.845800603854547717e+01
1.842718065817587103e+01
1.846679032672844301e+01
1.850771922230078204e+01
1.836788740147220267e+01
1.854676024766672882e+01
1.850833846315541109e+01
1.852132881825558997e+01
1.840124996950657277e+01
1.850663881988698378e+01
1.853153452258013800e+01
1.841769328627087532e+01
1.856308214967049253e+01
1.832081586340054713e+01
1.835503062913252492e+01
1.850785752008886220e+01
1.848402134166500943e+01
1.856238926207785411e+01
1.855448781462539642e+01
1.833472558835849497e+01
1.836683839139833196e+01
1.844079209335018277e+01
1.858541139228131556e+01
1.846735619879202162e+01
1.854542801148913256e+01
1.836698326846569174e+01
1.856069794931351424e+01
1.858849124559234767e+01
1.863345504113607731e+01
1.855425469821663853e+01
1.839271756562673943e+01
1.850104095688849881e+01
1.852372318295971354e+01
1.848949643512638374e+01
1.839112250492800982e+01
1.844187460168226877e+01
1.843032624695584687e+01
1.849582455944964821e+01
1.850996519956754582e+01
1.851364296838623602e+01
1.845087407352620801e+01
1.857425260826550328e+01
1.856875407590475291e+01
1.851875602535810117e+01
1.854423401310035047e+01
1.849877169674704902e+01
1.838082649005212943e+01
1.862704679763832161e+01
1.836940239194109381e+01
1.853077206642943509e+01
1.854131653016822767e+01
1.836768499779922337e+01
1.855030972677071688e+01
1.861930083219085219e+01
1.836997842231000178e+01
1.859888787478845984e+01
1.840978824795807967e+01
1.847347719005814071e+01
1.835809166749128352e+01
1.865068062937659121e+01
1.839224512839069092e+01
1.864132507622877100e+01
1.851768887278205256e+01
1.863274674292230770e+01
1.847851144134401835e+01
1.857296116154125087e+01
1.851288801466094824e+01
1.850512063722002765e+01
1.840633697963493276e+01
1.848783426849402289e+01
1.858990265895400640e+01
1.864527385566569961e+01
1.846302087612902554e+01
1.848526486622425580e+01
1.849477711962289916e+01
1.845092136569392594e+01
1.847670144037690321e+01
1.866579812916314651e+01
1.859948259636431800e+01
1.836730718247239835e+01
1.840918643463293591e+01
1.840531925960510051e+01
1.859616506093617616e+01
1.867454036854555355e+01
1.854865978824353334e+01
1.836586888284145047e+01
1.837578824287322377e+01
1.847560450699824841e+01
1.852420774746612864e+01
1.846998773272690642e+01
1.850623436517166809e+01
1.844813062119655811e+01
1.853188775206783134e+01
1.842919849802013488e+01
1.859094020192752339e+01
1.858845944832111030e+01
1.846693554586044428e+01
1.864757456922941259e+01
1.857221679623732769e+01
1.840108723504025079e+01
1.846808960168016611e+01
1.847689797081373442e+01
1.853950045287484727e+01
1.849920803695346905e+01
1.857663183609819058e+01
1.846201753691519087e+01
1.855497495640761230e+01
1.850575048252857258e+01
1.845698371266988147e+01
1.860169467211292016e+01
1.852164215486214616e+01
1.842436804212772117e+01
1.851488010406297846e+01
1.847779279185768431e+01
1.859614485331577072e+01
1.845124985079540281e+01
1.862119592459577788e+01
1.867790865953119805e+01
1.859666556611101740e+01
1.857181858949077480e+01
1.849816884890203994e+01
1.840637271745944403e+01
1.862339309734082349e+01
1.839395368432465361e+01
1.860915792716421180e+01
1.852524101554903169e+01
1.857441804871869451e+01
1.857358086340801151e+01
1.844877568509014409e+01
1.840770158678188650e+01
1.842307238265388847e+01
1.862050373576228779e+01
1.851857676954159615e+01
1.855566185965832204e+01
1.853263121887371767e+01
1.838911088970764851e+01
1.840365904593375745e+01
1.836851252560025216e+01
1.865328952673391782e+01
1.866081438396791725e+01
1.844630967997183646e+01
1.842900786491443199e+01
1.833055133758081112e+01
1.860410306782090473e+01
1.866846243349675305e+01
1.833109122560380655e+01
1.848221181978593108e+01
1.836955418358200021e+01
1.863820080961044923e+01
1.862784489524369747e+01
1.864011997185251346e+01
1.857393530707840767e+01
1.848516020639169000e+01
1.846407689660372498e+01
1.851213308129380053e+01
1.856133241700527492e+01
1.847142968092443027e+01
1.835592505437549349e+01
1.854634906961043583e+01
1.854118609338619450e+01
1.862717905805433816e+01
1.854754125866392300e+01
1.854946569986828209e+01
1.831593547092830576e+01
1.842785605648064973e+01
1.855435294596759732e+01
1.857821012565777963e+01
1.860003621045098043e+01
1.845876809000968777e+01
1.851872790033918648e+01
1.856030480865806354e+01
1.855266541574363259e+01
1.841588355283795053e+01
1.861474521503847157e+01
1.847421780086456522e+01
1.848140018058313316e+01
1.860417441205886391e+01
1.837068442350456721e+01
1.838155658995895791e+01
1.846597113812882540e+01
1.850795204157430618e+01
1.846866351712208854e+01
1.833223566974070451e+01
1.853995135991603149e+01
1.832896231896846118e+01
1.844642423052626867e+01
1.866564191588604871e+01
1.853085099777800338e+01
1.842152007984739370e+01
1.852556628914432579e+01
1.871050624315937227e+01
1.854172187836309860e+01
1.851525096005246596e+01
1.838272831862458290e+01
1.839554197543059644e+01
1.839050664378234856e+01
1.868211312591383688e+01
1.832928171905552617e+01
1.850196717292945792e+01
1.846091547516869724e+01
1.852675937476900359e+01
1.850847306884121224e+01
1.833166903262844372e+01
1.850710764886163062e+01
1.855936063385203738e+01
1.849816981829349416e+01
1.845722361190313876e+01
1.857528569043810762e+01
1.851238061536545843e+01
1.832993118148511513e+01
1.850441710030991160e+01
1.840181938961872632e+01
1.864227637261808823e+01
1.854206323968463366e+01
1.863402534117412301e+01
1.856462803907255221e+01
1.852913830015712193e+01
1.852912506984035801e+01
1.851735799808957950e+01
1.853039572373976895e+01
1.851788101654501872e+01
1.843905522299442623e+01
1.866206105012315675e+01
1.844819834178623097e+01
1.852174099828369691e+01
1.840950813731783597e+01
1.858951067017533276e+01
1.860794288154921006e+01
1.836986325843965417e+01
1.845723397925946685e+01
1.850719552367262111e+01
1.844237141154166082e+01
1.852099745912132889e+01
1.841158925707373228e+01
1.845053181629882744e+01
1.850548962407029663e+01
1.845125164158017128e+01
1.857561741880457262e+01
1.837190252072617014e+01
1.843735771871212137e+01
1.841825848725509474e+01
1.854992551985377958e+01
1.841568070565697468e+01
1.833575949924630422e+01
1.855901032569347109e+01
1.845689070145296640e+01
1.837947505321563213e+01
1.868035743982736108e+01
1.848518165966547500e+01
1.860572294529505655e+01
1.859282195591112341e+01
1.847655188704678508e+01
1.860313190785637971e+01
1.852741747111710424e+01
1.846334805326648976e+01
1.833691054820899069e+01
1.853446363198200686e+01
1.851741241267026084e+01
1.850933202075758643e+01
1.852592657821011812e+01
1.856586601380187673e+01
1.861101420056871447e+01
1.851789225000200645e+01
1.864779282235628699e+01
1.840686682761271342e+01
1.859201531138456787e+01
1.839894688275647994e+01
1.838811002478806955e+01
1.854675236287750550e+01
1.846119892881664271e+01
1.841852956621564630e+01
1.832571106692210705e+01
1.850340583345627010e+01
1.854802891736149562e+01
1.852802188664520600e+01
1.849499822804175508e+01
1.844191166580021957e+01
1.862433739435270397e+01
1.846928340338341812e+01
1.851202230421138850e+01
1.837385234740883888e+01
1.852875664980445336e+01
1.860118472524040811e+01
1.846923853932715431e+01
1.843091013284263724e+01
1.863788429356290521e+01
1.855938942486933740e+01
1.851828008731060748e+01
1.838435776046780035e+01
1.846541288443219386e+01
1.844138806588097168e+01
1.843863712200189653e+01
1.861204488993576689e+01
1.849813886243691385e+01
1.865772337968157046e+01
1.847277240769897588e+01
1.853410122420802963e+01
1.846855846259046530e+01
1.843068988179853918e+01
1.858304900722965414e+01
1.833826728978128173e+01
1.841911646956416604e+01
1.850886182026399851e+01
1.858032538222272478e+01
1.848868995407777049e+01
1.845340480728759047e+01
1.854287045497785513e+01
1.851933015280373240e+01
1.842828143409133190e+01
1.861564783703888892e+01
1.848719077002863642e+01
1.850013651822929717e+01
1.842329688513702735e+01
1.863999257023435163e+01
1.861063800915357547e+01
1.849399372988317936e+01
1.853739494481479255e+01
1.858645057521816568e+01
1.839576248580926432e+01
1.848930793665368100e+01
1.855261317712459856e+01
1.830026066464169432e+01
1.864084526867242175e+01
1.851298757769645675e+01
1.843904486083009786e+01
1.842564507124421169e+01
1.851779934183686294e+01
1.858094337789823669e+01
1.851314257700322230e+01
1.847471154286555617e+01
1.849182444369392542e+01
1.859360079533520960e+01
1.849857887366229292e+01
1.845478607596227150e+01
1.843308376720600350e+01
1.856726769557283063e+01
1.844457655044587341e+01
1.861784069118272100e+01
1.841825546361800292e+01
1.857597679668919710e+01
1.852726219587340850e+01
1.844782004944000420e+01
1.866637514514331997e+01
1.846572008842609236e+01
1.850249521798808061e+01
1.844129641606285830e+01
1.849171649336904011e+01
1.859785357239672621e+01
1.860648992364524901e+01
1.856943389259806665e+01
1.852882922628982243e+01
1.843896570147242286e+01
1.843726702895096992e+01
1.850749109976522178e+01
1.860617123409469187e+01
1.845916245957098312e+01
1.849515805618571562e+01
1.854597674133393426e+01
1.843317659728458580e+01
1.840883188499369894e+01
1.845357285263029112e+01
1.851051325466358577e+01
1.848450715062541860e+01
1.849675212098602017e+01
1.840677695018350946e+01
1.848056634510213669e+01
1.847555062342281929e+01
1.848642099431040720e+01
1.851197617741168244e+01
1.858505711648076897e+01
1.838121294447179110e+01
1.847054562446225034e+01
1.857931981710336444e+01
1.846308036208789005e+01
1.852329747192453979e+01
1.843335925831516064e+01
1.854768573650396490e+01
1.843821672696443770e+01
1.850655103285810199e+01
1.855014481408570148e+01
1.869459320777835387e+01
1.851450932029032614e+01
1.842716451206148065e+01
1.856035023872086143e+01
1.841413254243877162e+01
1.854881779901272409e+01
1.862223620860985562e+01
1.850246698851907112e+01
1.852814969862435390e+01
1.851284350855128480e+01
1.848420956865161813e+01
1.860621600296371980e+01
1.834910878225883835e+01
1.844737547887025286e+01
1.839055100022531875e+01
1.842429382205721922e+01
1.866297182806125576e+01
1.836954540151438664e+01
1.854620360371465537e+01
1.858318243320115215e+01
1.857443667241365404e+01
1.854373245456729791e+01
1.865410336611809328e+01
1.849988092969545761e+01
1.841821234108913075e+01
1.857882319643864122e+01
1.841845742517752882e+01
1.850245033012077656e+01
1.846672021539798081e+01
1.850439935803137814e+01
1.839281403830035444e+01
1.851656509983851251e+01
1.848468505056781908e+01
1.831384971014623630e+01
1.841724855861829724e+01
1.844024782591174372e+01
1.854904114843946772e+01
1.865273507151879429e+01
1.836443052587221558e+01
1.849735830300299710e+01
1.841984589842740405e+01
1.840280025907467731e+01
1.853257024381263562e+01
1.839005814502632319e+01
1.843457030612108127e+01
1.847097058144283821e+01
1.854865764247703552e+01
1.851528673036489536e+01
1.846340732351360359e+01
1.842808009108658851e+01
1.844254335546548873e+01
1.853236143932354096e+01
1.840897525171572724e+01
1.848929883362865567e+01
1.853706125455873632e+01
1.851138300126296699e+01
1.856813252204617370e+01
1.851131988296134878e+01
1.862525863005118154e+01
1.854115835551018776e+01
1.842716818512066013e+01
1.846283916282807169e+01
1.851010698286162537e+01
1.864972960585531681e+01
1.849802794896902824e+01
1.859381777838627414e+01
1.840108533281319225e+01
1.839414237919627482e+01
1.858517456636080212e+01
1.854001244457053232e+01
1.845708296501164725e+01
1.853358539446470488e+01
1.847081722802091974e+01
1.842383558561595791e+01
1.850932296919440745e+01
1.843335593129133798e+01
1.857317827484686390e+01
1.852769514525989081e+01
1.850387291350676833e+01
1.850902795336696727e+01
1.856718233379147520e+01
1.843485683837877431e+01
1.839750566448814340e+01
1.852208149413466742e+01
1.857335937586321606e+01
1.847074265871582099e+01
1.857688553285475663e+01
1.854787251667543657e+01
1.857481648706936284e+01
1.844238310783236656e+01
1.843306552278475152e+01
1.856464836767590043e+01
1.840680201572170915e+01
1.851659934572214183e+01
1.862144586525079859e+01
1.861178413775161999e+01
1.851581726350774915e+01
1.856546832414414894e+01
1.844531944228961606e+01
1.849112002166760504e+01
1.843672937746934082e+01
1.856499361807658488e+01
1.839597435739121423e+01
1.842859017151550916e+01
1.832824193795218548e+01
1.846286611698418056e+01
1.852372333186063713e+01
1.846935025827555066e+01
1.852094272878749592e+01
1.858775990672361189e+01
1.843342863645043295e+01
1.848951460491426246e+01
1.847270053886037999e+01
1.852130699687827331e+01
1.848689664216504269e+01
1.858268985463846334e+01
1.839883755487286976e+01
1.848361398339860173e+01
1.854351885324557614e+01
1.846918899321589080e+01
1.851438988170048106e+01
1.849046402840341941e+01
1.836174358497038384e+01
1.860483080374273257e+01
1.854125024934730703e+01
1.841579486413887068e+01
1.852575830494321707e+01
1.849800808067194779e+01
1.843412695923595379e+01
1.840931924508316797e+01
1.856196438645123337e+01
1.844303223115072043e+01
1.831360887823217709e+01
1.842767077034690359e+01
1.845189155001457593e+01
1.844892959706276869e+01
1.845572697341531665e+01
1.866716299321934969e+01
1.836926240674693744e+01
1.837639731044398772e+01
1.849090231950261654e+01
1.843898251600643690e+01
1.854276441776258366e+01
1.867706827687511506e+01
1.855187077165918907e+01
1.850515944701114179e+01
1.839284905625415689e+01
1.848570313420954392e+01
1.846114300799067465e+01
1.855753697944151170e+01
1.836972274495054336e+01
1.847374280731525076e+01
1.846339281733985160e+01
1.831444751255462933e+01
1.838723619859980118e+01
1.830148185594054766e+01
1.846383947859860797e+01
1.836046554371873185e+01
1.832448379064817345e+01
1.865219375140146596e+01
1.828434939608034071e+01
1.852326941137637206e+01
1.857702166015261369e+01
1.845149041769540332e+01
1.841179605527514340e+01
1.850672896585531646e+01
1.855622465682071009e+01
1.838395591643390148e+01
1.847002840974306181e+01
1.848035597630983418e+01
1.847172892023753832e+01
1.856550439540231423e+01
1.854054059695064893e+01
1.843922589332137107e+01
1.832728303947604687e+01
1.851335697989682316e+01
1.862654630012466583e+01
1.845902179603121596e+01
1.843537682673488831e+01
1.836450290394867935e+01
1.866909504281492005e+01
1.844072710518815938e+01
1.845588099627364542e+01
1.846298613582072790e+01
1.852301978754284306e+01
1.852516931155314595e+01
1.840411507305449845e+01
1.858732803932643662e+01
1.848612922694914218e+01
1.844941098669961832e+01
1.848002974760331796e+01
1.860009920688158047e+01
1.842640281694492899e+01
1.839749500589288900e+01
1.849545131565583489e+01
1.850679380693485498e+01
1.842311326029579988e+01
1.863847816968998572e+01
1.848313264231491360e+01
1.847458867844165553e+01
1.852039632281026726e+01
1.853576431266824898e+01
1.842199747020749001e+01
1.853726008241715206e+01
1.849937852169772512e+01
1.851129019441709289e+01
1.851244575917174728e+01
1.845730378855174436e+01
1.849888030693990615e+01
1.841396769183617366e+01
1.849085222366666414e+01
1.839918891159448222e+01
1.847933726886306260e+01
1.841595818596510625e+01
1.864444502581674357e+01
1.847758725786048828e+01
1.852548378454613598e+01
1.844164912670884249e+01
1.852748523148974513e+01
1.851640175784710607e+01
1.851822618620813898e+01
1.844842148117634650e+01
1.847703147241624322e+01
1.840120795721236391e+01
1.855721274020685740e+01
1.844789518403646866e+01
1.844455624879639544e+01
1.846620787730816104e+01
1.855121040434304902e+01
1.832412367053346003e+01
1.847699010100306793e+01
1.844774136052397751e+01
1.842145722801139840e+01
1.846382155291149729e+01
1.847961780856120839e+01
1.867107430543165236e+01
1.833177524730295715e+01
1.847045438175501531e+01
1.844240459005260391e+01
1.849543829577134701e+01
1.832238448939416386e+01
1.842894000365872742e+01
1.851084149373622267e+01
1.859440923603540696e+01
1.849616492026166625e+01
1.843088920487842586e+01
1.860256259463281125e+01
1.838715304256631455e+01
1.833544218892592426e+01
1.849311021046479553e+01
1.847493775747348366e+01
1.848775929148521513e+01
1.843433782884054395e+01
1.848198678279884533e+01
1.849449968909057063e+01
1.834949195587857318e+01
1.851412298292648373e+01
1.857642088043352402e+01
1.858318339317303014e+01
1.834825290091714223e+01
1.856768918494642406e+01
1.841445716110048636e+01
1.851296439669704696e+01
1.857365164960630111e+01
1.859452466228324852e+01
1.846460014017091922e+01
1.851711881669269388e+01
1.847962827602409774e+01
1.847930098060353288e+01
1.838061107132969241e+01
1.850000449179854911e+01
1.860738649290131619e+01
1.843012799714488636e+01
1.844093604834069566e+01
1.860533096502126327e+01
1.849235973298527824e+01
1.860606875135636429e+01
1.846482066219710561e+01
1.849555098154692701e+01
1.859710410862923169e+01
1.843334499864790743e+01
1.840046953948672837e+01
1.833750127192280033e+01
1.851230581489479121e+01
1.845839022026954979e+01
1.852551871436457276e+01
1.852901657526662049e+01
1.849842730629264764e+01
1.853981631342666603e+01
1.852564522351907073e+01
1.852733910325586209e+01
1.852287608288717280e+01
1.860617456267213399e+01
1.836779392507807529e+01
1.840402809665105011e+01
1.841316963812110075e+01
1.844322882841673916e+01
1.837864322394721484e+01
1.862386426943642803e+01
1.856948379502586377e+01
1.842552977524937319e+01
1.846373284039658103e+01
1.859850422955798166e+01
1.843033083932633431e+01
1.843009357183636965e+01
1.857193113998785705e+01
1.835435781002236055e+01
1.852512226424055086e+01
1.845638453455340056e+01
1.842801305708974979e+01
1.848816221970511364e+01
1.838996663487124295e+01
1.855111957290947799e+01
1.850414354135506656e+01
1.858731858662049774e+01
1.866993844027251725e+01
1.851723797092194346e+01
1.849287754822671914e+01
1.853711592028896860e+01
1.839644495931335655e+01
1.858033118239873005e+01
1.840453826814158234e+01
1.857428018751996035e+01
1.848091887156820334e+01
1.858571782986342313e+01
1.852712343416534324e+01
1.853271514242412721e+01
1.845993541347850808e+01
1.825730119712186550e+01
1.838152591727476803e+01
1.848932891474589724e+01
1.853151647998438278e+01
1.859542752093204498e+01
1.847645421163605306e+01
1.845879024782034250e+01
1.841623934451854439e+01
1.858170236882647686e+01
1.852228506698135035e+01
1.847346394654227097e+01
1.844490114773831024e+01
1.856604818395027223e+01
1.859693240020628480e+01
1.864730054294269834e+01
1.850994356750759096e+01
1.846986297606114391e+01
1.868030424927511035e+01
1.856283297703610202e+01
1.843227668533396013e+01
1.850160544386018557e+01
1.842729602913227893e+01
1.854433399680875993e+01
1.852910220619448367e+01
1.863984435984907861e+01
1.842263336336291246e+01
1.857337077343286680e+01
1.849308339251610889e+01
1.857071991600800231e+01
1.849805869009581727e+01
1.848698748184561325e+01
1.845217004285614237e+01
1.843710945159554271e+01
1.851890085020167476e+01
1.843132955161971864e+01
1.843224269777100943e+01
1.874885327158957438e+01
1.841510513417538419e+01
1.853080719647385877e+01
1.856074984276377648e+01
1.844845975443288921e+01
1.852855012064749829e+01
1.850985995146620056e+01
1.837371529580238416e+01
1.859011666028121468e+01
1.837641617201424538e+01
1.853883479068705142e+01
1.847176943125603543e+01
1.855638949095980195e+01
1.862875413908901834e+01
1.849098150433192700e+01
1.840392221283559238e+01
1.855085427527418673e+01
1.843054232484998778e+01
1.857007579342640824e+01
1.856568746704975226e+01
1.856474956876220617e+01
1.857557702632541563e+01
1.855415315593121051e+01
1.847468440037797421e+01
1.844632388506568788e+01
1.847392823419818342e+01
1.857626155892662467e+01
1.866469787454125040e+01
1.850000226892390032e+01
1.855844707516232006e+01
1.860663551290431883e+01
1.851013003996086681e+01
1.853111078909728349e+01
1.849842964871833573e+01
1.841467730008645987e+01
1.841402009335765655e+01
1.849449513301233594e+01
1.849832257849388029e+01
1.853824592104632885e+01
1.844487058736557472e+01
1.851825513471380091e+01
1.845302149423318383e+01
1.856053883604526078e+01
1.843426469989577043e+01
1.859455994696659786e+01
1.863402373862121664e+01
1.853695009667496763e+01
1.839830410480816525e+01
1.847716510570444370e+01
1.851532356987249983e+01
1.836924495880554531e+01
1.856066423879527250e+01
1.843329152604590249e+01
1.841683034417268061e+01
1.846245840058760379e+01
1.862286406528752636e+01
1.855034248872455649e+01
1.843469761654310091e+01
1.848898643387019902e+01
1.858873522189457006e+01
1.852893377383351492e+01
1.854731589690296545e+01
1.837320533665231181e+01
1.842901719560981277e+01
1.844664589716756709e+01
1.856704835837478029e+01
1.866244751018007975e+01
1.862180272093468858e+01
1.843140388840476263e+01
1.863009640127378219e+01
1.845407302023707885e+01
1.859889834350050819e+01
1.855027351922572265e+01
1.847897071955752679e+01
1.849725705639823659e+01
1.844449992030471819e+01
1.860897068091073336e+01
