# Variable: B
# Sample shape: (2500,)
# Date: 2018-11-20 13:59:46.864437
7.723866915957878776e-01
7.852924443582146585e-01
7.595539740498061798e-01
7.596027695729811180e-01
7.692212778104328130e-01
7.544593145455823491e-01
7.616342915397897873e-01
7.709178411875178272e-01
7.586412923129940422e-01
7.512230159240284033e-01
7.639731494398924738e-01
7.691283564817888996e-01
7.691100604664986573e-01
7.622980319796616167e-01
7.553551867931181940e-01
7.763674308174060013e-01
7.559229980609920574e-01
7.731270561155829668e-01
7.604272074104104773e-01
7.693365932682342256e-01
7.513703557769342289e-01
7.756551720164966968e-01
7.714787320836088425e-01
7.453080687978473895e-01
7.558212437677820361e-01
7.543626304699182494e-01
7.595515267358168288e-01
7.587339147766199998e-01
7.508235799609300765e-01
7.537082904013846507e-01
7.649748010178841762e-01
7.598642652305261924e-01
7.686830946914711138e-01
7.537900870385301211e-01
7.781277318350446892e-01
7.669611164151559635e-01
7.686072758152050488e-01
7.566028305753547123e-01
7.648287706376732942e-01
7.725715449179785255e-01
7.573652691044978624e-01
7.740707556596118089e-01
7.378201591634678813e-01
7.616353906063437762e-01
7.664834003989151601e-01
7.541181769349212249e-01
7.466044447311328547e-01
7.637282091962797059e-01
7.640099598205023490e-01
7.735377373408933721e-01
7.494060515607745554e-01
7.748539030392098681e-01
7.676734443550133902e-01
7.538985525729582360e-01
7.534057026295123416e-01
7.712042019432543416e-01
7.600226940308055790e-01
7.597089212383528745e-01
7.612518355087452004e-01
7.492120712627442503e-01
7.626414234763853051e-01
7.488430035303024201e-01
7.484362080736204348e-01
7.764790509016350484e-01
7.675968984792188587e-01
7.594125526052141195e-01
7.464106871922795428e-01
7.407667841711244039e-01
7.642907269295848849e-01
7.696923459414265478e-01
7.816533200363000589e-01
7.554801799182220279e-01
7.696498173816247457e-01
7.591674103595775769e-01
7.521537253396654021e-01
7.646236867446435381e-01
7.665556684070983229e-01
7.676783442546735170e-01
7.672570913370326817e-01
7.803362989487723222e-01
7.682066886091549751e-01
7.501268246622260216e-01
7.574866848868321290e-01
7.631969035834572646e-01
7.696987884950978742e-01
7.348730391364368675e-01
7.507110987543645919e-01
7.848115862246897168e-01
7.526653107687881761e-01
7.520066995795137155e-01
7.521780116818103101e-01
7.498091146695843312e-01
7.741064811605659068e-01
7.532618177486259947e-01
7.620808311268409962e-01
7.773506190188971265e-01
7.720058724056886312e-01
7.631686009786123881e-01
7.681661420649124050e-01
7.538673198455049240e-01
7.606112578417836279e-01
7.485738180553286325e-01
7.543457091429731642e-01
7.596749940676429391e-01
7.595377514372531058e-01
7.574817636086750294e-01
7.509392916233726956e-01
7.542859885978782097e-01
7.611269076827938962e-01
7.542690700011307481e-01
7.832200874151497016e-01
7.751216418149572407e-01
7.689514638804102464e-01
7.602883101728125093e-01
7.519188941374048696e-01
7.605840065067619449e-01
7.671174150159775218e-01
7.711030727242099703e-01
7.595726580414740026e-01
7.525256961730211192e-01
7.728374362963023048e-01
7.511352804077868761e-01
7.696168592844324641e-01
7.773446514699563492e-01
7.645415263616183177e-01
7.642684580580846321e-01
7.685513286762782892e-01
7.720092386842066778e-01
7.654494126142666888e-01
7.610969872717173734e-01
7.821994005756556234e-01
7.579358870164480955e-01
7.527417520338870460e-01
7.688550417914020718e-01
7.540894245147892194e-01
7.609736558606662316e-01
7.488944235064222132e-01
7.506809000885791283e-01
7.584964714332075308e-01
7.741418147457196364e-01
7.605374351765361585e-01
7.659454104502918526e-01
7.478360760503632854e-01
7.622150762355606179e-01
7.632700965830943041e-01
7.648049968339826199e-01
7.566223052843461527e-01
7.426394486781840998e-01
7.616945484346273609e-01
7.680601978314489653e-01
7.588092617277287788e-01
7.536302813243883625e-01
7.589794275114311040e-01
7.507463084482884907e-01
7.697869441686494563e-01
7.672169965836890260e-01
7.574905872037279719e-01
7.736162870766041255e-01
7.539144205768933960e-01
7.648128880638195293e-01
7.725167416441761636e-01
7.564090418500768465e-01
7.742877506499474816e-01
7.691784086120130315e-01
7.723323607050961437e-01
7.596682897545334878e-01
7.676456284675258201e-01
7.849401619637097482e-01
7.609920182897570440e-01
7.645893010775905996e-01
7.726812686857125190e-01
7.641585472453938932e-01
7.727330813791609687e-01
7.740371420150891080e-01
7.652763749187725395e-01
7.533122038504357354e-01
7.661457435766718671e-01
7.645955393199173056e-01
7.697771218504616542e-01
7.727894912599028165e-01
7.563768647996382821e-01
7.630659211267516451e-01
7.575849770180294041e-01
7.491767754028427762e-01
7.550634318150726276e-01
7.522913880896298089e-01
7.558886856330035986e-01
7.634299424595371031e-01
7.545202485100779288e-01
7.651115054587550590e-01
7.770185570536893849e-01
7.829820771352492548e-01
7.542688381550025634e-01
7.617594403997097752e-01
7.482926457290545175e-01
7.622772435193930773e-01
7.741544854348576532e-01
7.611568362969605150e-01
7.621828306772772121e-01
7.555010511605194656e-01
7.550301013772714454e-01
7.723926985485167762e-01
7.687296063398447732e-01
7.471329021897532563e-01
7.669937709645652246e-01
7.529323346643047588e-01
7.683320799800985590e-01
7.766850435354603066e-01
7.720388366158752458e-01
7.565228166620081574e-01
7.624059104866589553e-01
7.652356073265360603e-01
7.534601719615207083e-01
7.701008663627944006e-01
7.561284694575973742e-01
7.785217857863707680e-01
7.638468360327744788e-01
7.642730943072366667e-01
7.581965455337773552e-01
7.734435213474665227e-01
7.632223643396164325e-01
7.389845642285045590e-01
7.731945645712033910e-01
7.731993041330535998e-01
7.646832086880880341e-01
7.731379293854766521e-01
7.626165069169468236e-01
7.493586394996821776e-01
7.648899957212169642e-01
7.602376798898442534e-01
7.648331175106470869e-01
7.512852461618855227e-01
7.745220554523243317e-01
7.600712141499633701e-01
7.690554382455616622e-01
7.578138014395411348e-01
7.798424160807956307e-01
7.593750535108126920e-01
7.651342263222994378e-01
7.715982314918493623e-01
7.682053277010244541e-01
7.717847267282562651e-01
7.562541312473002320e-01
7.510373305503789121e-01
7.657368821017085381e-01
7.657738231479751523e-01
7.639491842798254995e-01
7.640670730248075859e-01
7.513587896018323331e-01
7.504389788632238600e-01
7.534799323150681571e-01
7.665394028775677215e-01
7.679603005827435602e-01
7.643550882469000163e-01
7.667337705261005887e-01
7.523468889426184747e-01
7.653642471065718045e-01
7.729169978976344613e-01
7.810457424369242618e-01
7.576991953539717883e-01
7.623005281066235206e-01
7.743165662801523297e-01
7.443598740843309081e-01
7.577665555006569686e-01
7.624131213192539835e-01
7.702024525357359375e-01
7.630483778555972041e-01
7.578387888293491859e-01
7.816432081082902439e-01
7.811793654650232011e-01
7.563972532167179130e-01
7.499141759144547503e-01
7.566894190094058947e-01
7.783366136187455098e-01
7.639413107435096828e-01
7.446168978749183598e-01
7.508200843464356566e-01
7.648891541837240515e-01
7.677717239126252702e-01
7.614254823971436936e-01
7.679234284886716777e-01
7.504716499440408084e-01
7.648419008891402804e-01
7.771869855128047400e-01
7.739376284105013992e-01
7.588094791187748323e-01
7.540792116882926166e-01
7.613378566403771197e-01
7.710147452663358436e-01
7.633933631945072351e-01
7.637296304660186053e-01
7.584622143751916790e-01
7.763937059003898078e-01
7.670641426117127404e-01
7.724570153939711581e-01
7.431047174428244695e-01
7.591171549911864824e-01
7.594310473653959059e-01
7.618386892741878524e-01
7.578785887180156111e-01
7.586415029254132136e-01
7.499493213874435238e-01
7.706080461725012265e-01
7.668225078013110041e-01
7.755308173343220535e-01
7.559515079524643522e-01
7.656471032957998801e-01
7.624962061686469950e-01
7.557180905845094498e-01
7.672936379261096063e-01
7.505546614192999400e-01
7.450189741796410248e-01
7.629515616431703506e-01
7.518318881716994362e-01
7.714738793708882936e-01
7.723559105988759832e-01
7.533613663783668146e-01
7.687461557769877940e-01
7.657147511357953462e-01
7.638509578758428953e-01
7.609012113967777990e-01
7.587163990511477385e-01
7.743066419358400898e-01
7.557862126472674191e-01
7.693171046886930764e-01
7.633933385068457644e-01
7.572881640185052943e-01
7.540067983205507307e-01
7.609197650566362769e-01
7.684242815925653725e-01
7.615802085095744189e-01
7.692759526636202549e-01
7.695653172968363043e-01
7.376282472693151959e-01
7.590259295437501441e-01
7.591937065254921180e-01
7.689614453412717543e-01
7.551893800009271684e-01
7.537665766179151294e-01
7.594955900692412776e-01
7.422402352868615605e-01
7.567082373183969812e-01
7.628995743926876294e-01
7.507062367009265103e-01
7.554700633213655703e-01
7.616888507740339209e-01
7.697806854783142416e-01
7.675214299007968588e-01
7.682107729849129152e-01
7.644136942929358192e-01
7.601113292438109736e-01
7.736251606090182031e-01
7.672031518622474122e-01
7.754805174736313367e-01
7.443383574525062052e-01
7.441442730852194654e-01
7.643870442561948586e-01
7.523594373697193305e-01
7.690743200185319317e-01
7.545838868451077985e-01
7.597944793459936452e-01
7.592151618786239231e-01
7.618171768821793144e-01
7.794822956507559963e-01
7.716252574945272613e-01
7.722954623360281934e-01
7.735206342424251202e-01
7.821277773847308268e-01
7.675036499609634300e-01
7.597681422204350943e-01
7.684269542742884207e-01
7.619621118349924060e-01
7.730165086655841344e-01
7.619757666858425482e-01
7.656106132049167456e-01
7.627613150642078566e-01
7.540390709770954381e-01
7.674676555161022984e-01
7.670735813164983874e-01
7.818042135486080735e-01
7.552662339966630389e-01
7.547983365349791862e-01
7.652252658798444074e-01
7.680952665931337631e-01
7.642483952786521817e-01
7.759418880747559477e-01
7.686417334361658193e-01
7.649282234516135981e-01
7.543643425246088219e-01
7.501687066484957755e-01
7.628720708925789129e-01
7.646438132901153262e-01
7.582650269292871004e-01
7.480698108613937913e-01
7.738643882638099880e-01
7.596583568771680950e-01
7.558810724272804205e-01
7.618129705804184137e-01
7.573127340199007351e-01
7.693211396515314826e-01
7.543123977001054969e-01
7.578728475017642019e-01
7.624524818738463994e-01
7.620137369803209326e-01
7.451047708366189681e-01
7.678018753325078771e-01
7.538195673986284318e-01
7.580789507550825812e-01
7.586428282127536393e-01
7.525644315530702899e-01
7.598385056200644971e-01
7.563578058481096322e-01
7.624361407263791079e-01
7.495389854086773607e-01
7.702246002500430233e-01
7.574480691925578046e-01
7.523201288733276648e-01
7.702950173468974260e-01
7.496163193553727622e-01
7.609535461474020712e-01
7.679113566041386729e-01
7.797129242399479798e-01
7.636448453123562130e-01
7.500350254858019206e-01
7.647001231126188125e-01
7.531066065175119340e-01
7.690372984353286423e-01
7.634375066989337322e-01
7.777458385486184511e-01
7.724529787066769515e-01
7.655863549457149198e-01
7.589201960743257036e-01
7.703949490107264708e-01
7.436785787214826859e-01
7.575469958183332908e-01
7.788963219134793503e-01
7.708221359629170433e-01
7.490258040554448327e-01
7.716902668967261514e-01
7.489888121936235654e-01
7.533066007224394900e-01
7.763263628280615558e-01
7.712317695655720451e-01
7.623933257067184721e-01
7.641459650517270497e-01
7.655864310493355473e-01
7.558704704042445988e-01
7.616499986287759150e-01
7.739459286464750454e-01
7.657274926592455566e-01
7.656316176133851625e-01
7.504605064029132855e-01
7.608773382235565208e-01
7.623406756526499573e-01
7.606639538164245984e-01
7.688310424327982062e-01
7.640019651159839498e-01
7.596663972280878196e-01
7.542061576032356163e-01
7.667397240369814293e-01
7.507731799909700410e-01
7.584203014500519036e-01
7.618958849326998850e-01
7.580309184867778383e-01
7.572738448485214491e-01
7.611864829263619292e-01
7.597422835266437469e-01
7.570122493678261844e-01
7.503462470070003665e-01
7.618540589905941074e-01
7.696762668945722474e-01
7.634963573904570699e-01
7.548569570204324286e-01
7.478935874559219377e-01
7.661619395831447132e-01
7.616126446032643882e-01
7.728279858871272001e-01
7.721748809589895624e-01
7.616998735712730006e-01
7.664360787611593784e-01
7.618706592751739448e-01
7.680556174642051426e-01
7.672207194966950139e-01
7.787222534946427466e-01
7.791053519752554335e-01
7.621099033349920671e-01
7.621119571336458787e-01
7.514904111697948697e-01
7.636325600630462507e-01
7.440437381480957679e-01
7.607924648962174352e-01
7.753396854738924260e-01
7.551486909584063101e-01
7.612399015477584463e-01
7.524177897356139066e-01
7.550280274743318421e-01
7.487534221138139046e-01
7.613121791089062507e-01
7.357234253873236041e-01
7.639152309791050754e-01
7.575946096636777538e-01
7.762999664382523868e-01
7.746904597857912078e-01
7.524259925644652958e-01
7.681349134163821812e-01
7.566308133918929757e-01
7.512066750065853338e-01
7.623893618491808244e-01
7.678700818778443349e-01
7.705343060516822717e-01
7.563482797119757128e-01
7.564482653256251465e-01
7.649945211309906457e-01
7.726452118095459287e-01
7.506017907656752364e-01
7.587187025278530061e-01
7.598781929947191482e-01
7.687568502496665568e-01
7.545270289610586101e-01
7.706953167983379149e-01
7.634258950279290135e-01
7.626006412244503707e-01
7.667991006563149581e-01
7.525497299419952046e-01
7.640101308237972066e-01
7.605166705835711971e-01
7.573798542776598586e-01
7.644913863334095172e-01
7.566287429852169844e-01
7.655474814148828244e-01
7.453005743694900431e-01
7.605858664975752026e-01
7.719654746704676107e-01
7.491892750854430849e-01
7.445858205959532405e-01
7.606648946484266816e-01
7.600020180341389153e-01
7.642759349305641159e-01
7.609228112812695954e-01
7.540535907290197848e-01
7.566550318106790574e-01
7.607079075340442698e-01
7.656016293661200844e-01
7.553892893544374987e-01
7.604413274691398383e-01
7.588498051464226402e-01
7.685770488561917135e-01
7.697519247019563027e-01
7.703921988328105153e-01
7.613439596242005392e-01
7.622247884940244189e-01
7.599792861366231334e-01
7.577739999270675098e-01
7.802603267876302429e-01
7.731369374458663124e-01
7.477237460845516104e-01
7.668161624337986870e-01
7.598951053407709821e-01
7.683695531688696789e-01
7.603717005067743839e-01
7.501752588939104571e-01
7.613103745566871527e-01
7.566898740888615693e-01
7.611182832507226159e-01
7.629535881207892833e-01
7.738168740949439295e-01
7.573597184867499887e-01
7.667699307998533387e-01
7.643484659514676594e-01
7.581612265817607721e-01
7.437832368128519667e-01
7.663787847027698774e-01
7.596011318574329430e-01
7.563841866719615004e-01
7.702858030837577141e-01
7.652516040765235950e-01
7.545903484619921331e-01
7.611270112347980898e-01
7.551007413693187065e-01
7.608378515217515403e-01
7.688411799748575692e-01
7.638831752026123967e-01
7.674206887436419988e-01
7.466966236844055915e-01
7.715522486931999380e-01
7.545306181521584943e-01
7.708840073892024858e-01
7.653866948299645756e-01
7.637455125753467300e-01
7.541191618310827405e-01
7.459298062910382221e-01
7.560361538466562337e-01
7.781336301072397932e-01
7.603475668192567483e-01
7.581325361326751722e-01
7.546038476520947613e-01
7.553187707858716182e-01
7.767731310803206446e-01
7.558492488690794486e-01
7.677454534913121798e-01
7.454100692423265562e-01
7.655025666081519686e-01
7.611799241394139326e-01
7.595068794725254868e-01
7.642878134748457564e-01
7.628271176574792367e-01
7.760674032920994447e-01
7.690597241741156109e-01
7.526808805693633309e-01
7.710652717201501583e-01
7.733465370142331707e-01
7.759731385828069206e-01
7.544678986568873480e-01
7.504119340014112627e-01
7.557386898859816959e-01
7.742714305020501619e-01
7.556174137289151105e-01
7.692488718422897387e-01
7.681710564282666631e-01
7.679094022824813903e-01
7.620734332713993142e-01
7.675739110977611857e-01
7.688484327397832052e-01
7.599024097534674560e-01
7.532183591947757550e-01
7.497694842442315100e-01
7.577167199806855713e-01
7.529393412708889066e-01
7.757708356935671956e-01
7.526162668753885177e-01
7.674178357626065816e-01
7.675297568352928979e-01
7.596659274332594469e-01
7.579198180285776631e-01
7.649107008835703825e-01
7.665805054263643559e-01
7.743423563669853404e-01
7.711242627157207652e-01
7.601611442325050261e-01
7.434850781156311372e-01
7.661578730489446709e-01
7.716573800017202389e-01
7.697877677093338811e-01
7.597442902941976550e-01
7.646965981548664582e-01
7.702903996370913386e-01
7.580582590763307316e-01
7.570902979523498333e-01
7.549250129630601380e-01
7.671937038732515868e-01
7.647665782201632512e-01
7.556252583866738259e-01
7.516267537856025083e-01
7.557777444858033711e-01
7.591101508356654648e-01
7.685060956005579369e-01
7.516765280717863096e-01
7.653520303198670938e-01
7.590085310811486297e-01
7.540951561921889201e-01
7.588545099639305569e-01
7.607423034428252295e-01
7.568959217253883320e-01
7.783816698704068004e-01
7.708348070276797026e-01
7.671734242836890649e-01
7.555800576435371951e-01
7.656069191610652691e-01
7.736513249247816137e-01
7.749682427912047977e-01
7.693067139825432443e-01
7.565735813789368214e-01
7.690997969184744099e-01
7.798072245005392977e-01
7.516214421942136736e-01
7.557547493827204699e-01
7.639316345100282124e-01
7.673856542486185983e-01
7.578268725442041109e-01
7.508014150711435075e-01
7.677551022067428121e-01
7.706108881123771015e-01
7.683878350283291914e-01
7.649143089934570261e-01
7.686363131514996061e-01
7.654374450894668724e-01
7.541885571983967251e-01
7.586603115407795084e-01
7.641851918239616070e-01
7.689354032382113013e-01
7.862060422262119319e-01
7.652694803258737188e-01
7.524443132692036906e-01
7.414901635074119257e-01
7.593016295457828413e-01
7.616112490024583570e-01
7.670320562654714402e-01
7.526265222842717373e-01
7.595766458719773739e-01
7.613769585205787394e-01
7.598505460200261075e-01
7.665822346334382198e-01
7.551375317458487446e-01
7.553022732021048569e-01
7.601166362961472300e-01
7.603773561659127322e-01
7.582949634296554109e-01
7.486007678673382015e-01
7.557403256148450543e-01
7.688075413888755261e-01
7.521368943186325096e-01
7.639195510555821800e-01
7.584321255754437052e-01
7.619048953794498313e-01
7.576631931186802449e-01
7.473693845726201435e-01
7.551447131476588526e-01
7.695505906420646580e-01
7.600700116769434356e-01
7.582568266305981242e-01
7.489208125132474914e-01
7.608077094832855769e-01
7.565275625712707397e-01
7.498688442425741618e-01
7.637959962820399795e-01
7.676360379006109680e-01
7.546090363455540961e-01
7.725443501874142971e-01
7.664676940340359179e-01
7.378084263628644779e-01
7.578052858720543128e-01
7.604085549443158065e-01
7.564153985732502417e-01
7.604377206764767472e-01
7.571139237911197473e-01
7.652050108013612739e-01
7.529713809015561310e-01
7.582208994056098827e-01
7.609607726726964616e-01
7.693064266483795599e-01
7.545114361695862693e-01
7.598103286732899031e-01
7.550491595715450588e-01
7.625898891447026040e-01
7.635362447743467840e-01
7.497708611455773386e-01
7.717456934188777762e-01
7.582940656612641162e-01
7.704783793026539485e-01
7.677357776340537621e-01
7.549068122569172479e-01
7.800404602040237334e-01
7.605419755901686729e-01
7.524404053269594383e-01
7.620631897211073147e-01
7.597356798338521511e-01
7.530739994127924053e-01
7.511909865394507113e-01
7.440538401795520063e-01
7.696211685696565663e-01
7.585447886229054193e-01
7.562653740492584209e-01
7.597451131939849667e-01
7.571086090122743917e-01
7.622194941898839948e-01
7.673578682304127430e-01
7.668854580969726165e-01
7.629126781310681116e-01
7.678892315876559849e-01
7.780787682808731898e-01
7.453985054106722075e-01
7.527107864044405572e-01
7.570146872366264601e-01
7.706156516394681022e-01
7.556289898606673994e-01
7.701665918710464132e-01
7.575906089311394975e-01
7.829763667988405285e-01
7.494893204475051585e-01
7.627102138851090674e-01
7.635359409589462798e-01
7.647231780893918307e-01
7.505638589954198858e-01
7.778254077379839204e-01
7.533590459287027308e-01
7.607191263323186403e-01
7.614179853047426949e-01
7.655934308341124650e-01
7.714243982004680422e-01
7.670158704317755483e-01
7.490429984498205851e-01
7.654048990200951197e-01
7.671925907308347892e-01
7.593493185009262403e-01
7.687289849115344076e-01
7.619956110140319039e-01
7.602113788493397584e-01
7.639829931840066424e-01
7.453181384159279776e-01
7.670400370506087473e-01
7.704008094136227669e-01
7.651200890869985782e-01
7.685406533512982863e-01
7.754443542686100255e-01
7.612457483605132857e-01
7.567839977749420965e-01
7.506017370858242277e-01
7.739380985349640918e-01
7.540337205626446160e-01
7.625220197557521784e-01
7.726689843904582800e-01
7.670301185415395739e-01
7.636517629510146676e-01
7.903210881832908319e-01
7.522745282099896347e-01
7.719389398360685384e-01
7.611207165084755699e-01
7.629153648596573856e-01
7.622889566823002339e-01
7.463228276747204681e-01
7.470873010233990419e-01
7.605864006968475755e-01
7.711396093172840915e-01
7.733561933634998109e-01
7.559780404659314224e-01
7.777141460533617545e-01
7.596670773783377184e-01
7.633920360293612317e-01
7.783913293783305543e-01
7.557114053981128787e-01
7.638967635338854700e-01
7.472316239809261296e-01
7.624162454234526543e-01
7.536210342638420823e-01
7.622246600367392766e-01
7.685630801315275207e-01
7.582612888864591616e-01
7.504196315753850488e-01
7.578650853135746601e-01
7.715852750593168441e-01
7.661614980399261698e-01
7.739949139381919752e-01
7.562684945062394526e-01
7.751300177250627366e-01
7.569905138406092249e-01
7.676688436249692327e-01
7.666668317945029010e-01
7.581630104463314979e-01
7.438957124508182028e-01
7.582300555005040410e-01
7.501205921513687258e-01
7.568984986238470603e-01
7.562317365658938195e-01
7.608582135077383013e-01
7.700698162512626954e-01
7.523247850310279539e-01
7.681641485839816319e-01
7.663445263615074055e-01
7.829404708043711247e-01
7.792381408237788465e-01
7.557822535738926151e-01
7.421262211644974460e-01
7.628163621702935826e-01
7.707628930062292438e-01
7.554078696468577991e-01
7.647295699828529081e-01
7.559810582876536067e-01
7.759643150275531420e-01
7.732421167046275023e-01
7.598131119663030786e-01
7.623463928727575167e-01
7.550899960684891443e-01
7.620483454898846487e-01
7.790710322978111613e-01
7.575066927307865239e-01
7.796053964622862154e-01
7.719492955888258567e-01
7.757044223934835836e-01
7.682250887621496771e-01
7.622548398098406564e-01
7.492170090079047773e-01
7.550283456459662146e-01
7.632659529139165233e-01
7.643066151771394923e-01
7.560933882931258898e-01
7.717278861824262703e-01
7.636597567312605195e-01
7.683123066390350475e-01
7.567027144489325563e-01
7.739850322273115202e-01
7.577447246452572172e-01
7.601760775323417318e-01
7.536857677794100985e-01
7.747927045065575724e-01
7.587778491837663397e-01
7.595446731126422879e-01
7.619671273965004099e-01
7.658090348935304714e-01
7.622682139754229924e-01
7.600888617709561368e-01
7.627851263199127985e-01
7.625560009061398414e-01
7.716950594113018980e-01
7.618702609690410910e-01
7.504269537796343092e-01
7.581727776439473043e-01
7.536475888478553209e-01
7.708914735450745903e-01
7.559853465623436186e-01
7.562379508364291958e-01
7.673083901664798923e-01
7.634474802344385358e-01
7.633297553545772551e-01
7.724594779496167796e-01
7.663673020348765741e-01
7.567781098388128846e-01
7.436663447298931251e-01
7.622041411498514663e-01
7.554424474210956753e-01
7.656847994985341854e-01
7.629589375285297237e-01
7.694123707936099121e-01
7.639149829811895387e-01
7.623450339984794155e-01
7.760306654390981551e-01
7.552039565007301336e-01
7.566308659629995548e-01
7.650447517284367782e-01
7.737279249101655099e-01
7.647184433789695479e-01
7.686950487425081580e-01
7.746497044416471578e-01
7.676291586591510452e-01
7.536152192856436782e-01
7.506948785367056898e-01
7.600558830640345986e-01
7.639875558546881384e-01
7.648713199797263496e-01
7.618555571611947963e-01
7.712699427587997869e-01
7.704331990074398950e-01
7.586717590548269774e-01
7.654542261973174000e-01
7.732477964160306971e-01
7.589869889530338476e-01
7.540264387468716967e-01
7.604046494647431764e-01
7.621813631717299087e-01
7.803396305545434730e-01
7.556166053784327818e-01
7.645586456750959048e-01
7.704719831650186368e-01
7.486259159884264269e-01
7.476768735953093215e-01
7.629542951918345528e-01
7.661769313239672474e-01
7.506602517942466690e-01
7.452521355904708766e-01
7.623544002089247540e-01
7.734115861595950436e-01
7.670991123819416169e-01
7.611960463265395882e-01
7.765418495731627457e-01
7.797984507813733313e-01
7.720346815395707774e-01
7.540663357820293067e-01
7.646174890248662592e-01
7.597313155395533091e-01
7.479898650994136755e-01
7.530141487250981980e-01
7.646108817666922297e-01
7.731891713913393582e-01
7.763749413447647019e-01
7.681163839267104443e-01
7.527301719973332750e-01
7.622565629084716576e-01
7.671091620520272825e-01
7.512792520591845546e-01
7.714072080318976621e-01
7.611507088899965856e-01
7.794815362257078162e-01
7.644472536705133603e-01
7.567945768931620965e-01
7.466514331402248628e-01
7.645408471275539908e-01
7.484240549998746328e-01
7.500707989681062449e-01
7.621564949791735932e-01
7.519677304222330827e-01
7.549334841093627846e-01
7.661181216158207130e-01
7.665683265101510546e-01
7.638241793803753898e-01
7.486495889985325114e-01
7.735043869257595128e-01
7.591669049573873673e-01
7.549645005876376436e-01
7.467771457530268941e-01
7.748185171734649490e-01
7.741098828633743434e-01
7.493557881606458526e-01
7.617302736488971160e-01
7.674752775032802621e-01
7.681617660159629768e-01
7.529341970823631991e-01
7.513580906867400877e-01
7.602661443801028707e-01
7.690699285362445625e-01
7.671392356058589490e-01
7.593490200077326335e-01
7.753509191044556381e-01
7.434658714470455676e-01
7.733495434805572888e-01
7.665969219706812998e-01
7.403822543274620749e-01
7.674824454611441915e-01
7.540910354354664058e-01
7.559898600359563625e-01
7.615418255297765615e-01
7.528553661677908071e-01
7.547641108368823293e-01
7.615478768511875218e-01
7.595912801520604551e-01
7.592304987094653512e-01
7.650408754182134174e-01
7.788677910763940337e-01
7.632395345111998575e-01
7.696041203512072881e-01
7.544652792560195831e-01
7.674883948039450399e-01
7.775231641177938746e-01
7.505396997147143479e-01
7.608986554735654995e-01
7.591608612313286431e-01
7.661184845192851034e-01
7.748562412104014197e-01
7.611178951085761923e-01
7.508452048637747067e-01
7.761871347424775802e-01
7.634185878508175094e-01
7.522693555480551852e-01
7.774948682927174115e-01
7.584206853896898748e-01
7.673829563224258132e-01
7.519208230541205573e-01
7.620801232917503443e-01
7.562174898950154711e-01
7.688352595483933793e-01
7.699683575138084324e-01
7.600585972180420313e-01
7.555987605970888588e-01
7.601401709881911994e-01
7.700178003173399066e-01
7.644625510791901446e-01
7.535286781753940399e-01
7.598523443253705212e-01
7.708549956923661517e-01
7.629960808616365053e-01
7.373745872281771696e-01
7.621604887682861262e-01
7.658042059225957932e-01
7.603301227660572703e-01
7.396707806857109047e-01
7.658343912766604200e-01
7.782744095425794262e-01
7.515028243082954029e-01
7.789696603872022784e-01
7.491101107837239148e-01
7.738375103700404489e-01
7.673496604119164344e-01
7.659626328941827600e-01
7.540947506082501528e-01
7.463747743891652187e-01
7.527499069757978001e-01
7.620214951088996047e-01
7.842261829145651397e-01
7.632440523340503491e-01
7.573316615864558177e-01
7.744209508013641940e-01
7.677098682438324717e-01
7.778817908750033094e-01
7.653496312034224758e-01
7.451275124619280987e-01
7.472333480091716273e-01
7.510265728869727209e-01
7.800327588646480681e-01
7.504007975036843803e-01
7.629344456159696808e-01
7.407263846369085414e-01
7.708190813023333421e-01
7.525534529862181188e-01
7.670402648478620300e-01
7.561541630103452150e-01
7.611873932083889072e-01
7.648432827494214825e-01
7.537262425297411861e-01
7.664764034061538611e-01
7.627983632633824618e-01
7.669393400956984186e-01
7.615802415563663885e-01
7.618870399459168885e-01
7.718366950722416187e-01
7.552438242626693388e-01
7.674684529956498080e-01
7.734750870537819845e-01
7.516563266519227238e-01
7.650607149274453178e-01
7.578692352346626526e-01
7.665787690982907021e-01
7.639688817090535267e-01
7.552315509495434176e-01
7.698126526629737176e-01
7.689922173721300824e-01
7.630805146814543249e-01
7.558299411789625166e-01
7.691961944126972650e-01
7.455638111975430027e-01
7.601933865436021343e-01
7.666891833982415472e-01
7.745500386478507693e-01
7.644042956879696371e-01
7.764982293704948413e-01
7.719865063730692034e-01
7.529673653332024097e-01
7.504854224011144881e-01
7.514556293859029346e-01
7.460447006716810492e-01
7.606211694208731000e-01
7.549019512098816831e-01
7.550767435287258911e-01
7.574485619803320580e-01
7.762705075343956374e-01
7.776164040883153383e-01
7.588253593310673173e-01
7.591431879550839534e-01
7.620675249412476315e-01
7.746458411353560614e-01
7.522265642436620769e-01
7.632050824236199515e-01
7.715290149534650421e-01
7.579129129110020457e-01
7.394023136818337338e-01
7.555526296191216185e-01
7.637338516223979301e-01
7.460018467429403444e-01
7.674277692913191729e-01
7.669335911090902069e-01
7.643294428908752325e-01
7.593610118226233885e-01
7.623520816363046348e-01
7.608916057048215054e-01
7.553825660700846933e-01
7.564023737214261578e-01
7.619390683526510166e-01
7.646476442977616639e-01
7.668517403774872676e-01
7.595966057100992375e-01
7.564488007856986496e-01
7.561783181389319930e-01
7.708525375373493915e-01
7.795945298441480098e-01
7.589990886022155436e-01
7.564709887718719106e-01
7.729655389393039755e-01
7.550809838718632871e-01
7.501567807908027241e-01
7.533149556242190181e-01
7.496189875975182160e-01
7.613824300526874644e-01
7.551743507494710350e-01
7.621136303707989335e-01
7.557199517048764914e-01
7.497679287136774784e-01
7.671224094845362496e-01
7.495134689782361193e-01
7.592972771438357693e-01
7.561069898076347995e-01
7.576113887411047854e-01
7.684926088460568572e-01
7.604306326383130088e-01
7.528718265744387406e-01
7.739584216805204253e-01
7.654159961819743119e-01
7.698803829108208374e-01
7.636944160693489581e-01
7.442616117823295241e-01
7.707185861209687738e-01
7.645685399219720457e-01
7.530045749731445470e-01
7.762902529423022502e-01
7.615021859452217878e-01
7.521246119180262646e-01
7.677582346221903942e-01
7.620355312444297979e-01
7.579687477867422807e-01
7.695059184681292130e-01
7.735349022458914980e-01
7.585918051330223788e-01
7.476245953409630385e-01
7.408670316638340525e-01
7.699469853475768844e-01
7.639239137140688696e-01
7.629280438872951819e-01
7.544363100016698853e-01
7.659604633375060034e-01
7.696662110108809518e-01
7.602015822612976370e-01
7.598433645693764005e-01
7.630485814568681580e-01
7.620159021201567962e-01
7.763454871965435045e-01
7.722161297432716953e-01
7.540988237130926697e-01
7.609456718216661697e-01
7.583642704484913066e-01
7.580934731920222491e-01
7.709923715338077299e-01
7.606811553124899206e-01
7.517760890937595919e-01
7.570436126459012538e-01
7.669340830137175713e-01
7.729605960386710661e-01
7.598014511148003525e-01
7.519486180679590959e-01
7.622120239459366786e-01
7.611564606687477585e-01
7.616794331674908713e-01
7.739392128797359938e-01
7.595148126880053585e-01
7.518606704821807485e-01
7.644707007946464072e-01
7.549286026289417917e-01
7.678498121194806680e-01
7.617694456130865710e-01
7.662392477037073268e-01
7.829254800816195514e-01
7.767637497527180024e-01
7.510575356418163206e-01
7.595813378640677849e-01
7.677559556523891882e-01
7.480737026451673710e-01
7.557322112135079761e-01
7.663749588551711511e-01
7.680265830178371056e-01
7.600152927937634528e-01
7.775836216958105229e-01
7.739875321353330007e-01
7.656553516712039098e-01
7.657388471277102315e-01
7.592646981491589786e-01
7.419655583571301838e-01
7.687311247277789361e-01
7.607559448700921267e-01
7.790787776387021468e-01
7.624678830860450729e-01
7.548669799275635750e-01
7.739577518748994578e-01
7.738496275342481301e-01
7.799347605811932649e-01
7.522489233568175893e-01
7.540172007266534582e-01
7.773598667904583204e-01
7.587053605266788070e-01
7.646445687350614806e-01
7.632700137699672815e-01
7.646174589713486958e-01
7.639704586301008238e-01
7.664323867347236918e-01
7.630472678080391091e-01
7.553574103553318819e-01
7.824833523542350511e-01
7.355856231853408200e-01
7.396247377096661912e-01
7.579275455750017487e-01
7.570661993290326297e-01
7.641449880751283175e-01
7.535078724721709920e-01
7.687235338488210834e-01
7.642793568864895137e-01
7.576599313567548011e-01
7.735794916485574380e-01
7.579398680548850020e-01
7.529206314703695835e-01
7.535118978397710165e-01
7.564623976972959518e-01
7.626467536305824302e-01
7.527692522259304964e-01
7.479457864543624934e-01
7.554463074904581577e-01
7.721478305812371490e-01
7.759941394608979026e-01
7.574582189867784532e-01
7.527377816869942340e-01
7.753431888085451362e-01
7.483285728195773201e-01
7.584581481265565417e-01
7.550045315651617850e-01
7.621977756948581373e-01
7.580774957316893659e-01
7.603729829170855492e-01
7.433927320745771228e-01
7.624318782361420022e-01
7.544386378566960705e-01
7.715894069220213813e-01
7.622865766364448348e-01
7.752986535017970526e-01
7.608079258534351519e-01
7.524845647107779589e-01
7.547530309513416080e-01
7.642329417029117833e-01
7.631500144138974040e-01
7.571424445866874464e-01
7.530721268149873637e-01
7.601451907184058054e-01
7.594135706356640592e-01
7.516054300996465320e-01
7.749418587460646934e-01
7.661962631926724221e-01
7.651246499099680909e-01
7.672076384069810295e-01
7.598523106349321932e-01
7.573912824258433041e-01
7.595516648747347999e-01
7.732454871693809073e-01
7.614096212511622941e-01
7.676867380104820393e-01
7.491186841232664317e-01
7.529259024942859257e-01
7.624383920436845763e-01
7.547124164975734795e-01
7.786182337484385263e-01
7.697121214334738948e-01
7.700102776394687210e-01
7.577174673346340761e-01
7.614925818616884445e-01
7.539298191374901315e-01
7.420621025688070027e-01
7.667387197282573563e-01
7.700199962935038167e-01
7.617609442334257741e-01
7.528083457120385846e-01
7.712918605480925116e-01
7.513291509813957436e-01
7.580147772919479943e-01
7.537658850445168035e-01
7.491504582755199593e-01
7.693696577115102242e-01
7.626071324817981223e-01
7.641896471211099273e-01
7.588354628376173805e-01
7.671131894963852949e-01
7.466819954477407206e-01
7.688281479585424849e-01
7.655621604075172337e-01
7.524796368769909316e-01
7.703474441704931674e-01
7.585151600710369202e-01
7.723514373846085412e-01
7.660651094007392414e-01
7.701879475164463695e-01
7.557702738415071897e-01
7.416725886358607189e-01
7.498680095142150615e-01
7.600435515264333253e-01
7.684925649504531497e-01
7.482805427145867716e-01
7.638592751584482032e-01
7.672233849453098387e-01
7.613563153216819090e-01
7.591553143362936851e-01
7.649120679825027747e-01
7.612434459335241099e-01
7.550015351736940605e-01
7.446158510616012194e-01
7.444856655363675246e-01
7.732317755053663699e-01
7.642787990580101054e-01
7.544638389253468524e-01
7.798161674384114228e-01
7.703391556080647629e-01
7.696345387396485993e-01
7.514036976703972748e-01
7.515657981890211392e-01
7.660871227293662988e-01
7.657148241226319207e-01
7.655089990998208416e-01
7.616217531117417394e-01
7.594079757963607680e-01
7.624839924555714132e-01
7.783244438244936170e-01
7.595109560838222418e-01
7.707318482701064344e-01
7.545298270903302296e-01
7.617575731208690026e-01
7.677749349184864736e-01
7.591994747065060611e-01
7.570748818058149476e-01
7.844153286891539789e-01
7.742456611768301356e-01
7.661904318097104705e-01
7.531386216513313858e-01
7.494243988775389775e-01
7.635091636254613956e-01
7.671968935905064679e-01
7.735158189393820383e-01
7.691025424178171699e-01
7.514166633105878734e-01
7.577147691158118148e-01
7.691734107771811546e-01
7.552074879283604547e-01
7.531641287406062313e-01
7.566925432395625872e-01
7.719458438906848796e-01
7.502314946750329172e-01
7.643029806843202323e-01
7.665735615601368957e-01
7.766460737584652829e-01
7.483114536073468548e-01
7.592555317322761121e-01
7.527552805089361421e-01
7.658197381269774562e-01
7.543668498742912565e-01
7.655600939669535698e-01
7.475256803277549045e-01
7.759539381874100972e-01
7.636296863168963167e-01
7.540187529173255632e-01
7.596828845399437036e-01
7.660431022248382904e-01
7.553226893206000936e-01
7.597204417246647967e-01
7.813096915305351997e-01
7.653092810440813576e-01
7.681692197735604521e-01
7.658137765203735237e-01
7.778697801593541516e-01
7.503063710402041453e-01
7.623646174458068581e-01
7.584377330884847224e-01
7.605001159000690514e-01
7.504044215736238588e-01
7.543366392855415103e-01
7.653979802845617408e-01
7.510599093313941044e-01
7.514187648194607938e-01
7.473805497001356768e-01
7.631721176667929374e-01
7.424867824793091042e-01
7.701330538906172585e-01
7.698331004674313638e-01
7.730869173231027514e-01
7.616439790333283666e-01
7.558831512598405133e-01
7.654490181672506388e-01
7.722368328478836919e-01
7.542535456223312673e-01
7.603571947623918303e-01
7.739165758326156386e-01
7.552397323093003045e-01
7.608641312678651181e-01
7.681792301479947183e-01
7.742173531173182077e-01
7.477756545811736766e-01
7.731779818839542573e-01
7.599584091136097896e-01
7.668819832226008160e-01
7.573594487279439180e-01
7.649227060483249074e-01
7.614215735411069552e-01
7.486222857939774933e-01
7.617196759115995031e-01
7.769420471348094104e-01
7.895685207935220218e-01
7.443331219785616071e-01
7.519848466624579064e-01
7.666821467577062954e-01
7.618897648979592319e-01
7.606548711420562103e-01
7.536391006564235884e-01
7.540201062354378037e-01
7.770995128804244478e-01
7.670036256060903668e-01
7.679897972712246279e-01
7.544355240012152741e-01
7.576044280065051817e-01
7.586980171987472987e-01
7.627834904199580768e-01
7.630790187067706398e-01
7.714641342579540151e-01
7.606367372660446380e-01
7.606642177795978066e-01
7.518453053944637032e-01
7.449000154509467508e-01
7.512498883877606337e-01
7.567708868913589626e-01
7.643340297050147392e-01
7.507230731701804993e-01
7.566818306169215136e-01
7.563544576805659725e-01
7.542468155079810055e-01
7.716184368817262662e-01
7.514125808571422427e-01
7.429939953497718408e-01
7.659222669500970193e-01
7.631996336796005309e-01
7.499753895958118921e-01
7.640070225909811885e-01
7.618228955597564633e-01
7.686743689415002079e-01
7.668312813588331611e-01
7.402701081364461144e-01
7.511368386382282214e-01
7.615191056007453163e-01
7.526993368303733778e-01
7.706961220208878860e-01
7.748348018020201344e-01
7.575512124248823254e-01
7.492881182872711543e-01
7.629350917020504275e-01
7.754060750842209915e-01
7.605612876944650713e-01
7.512534266210831868e-01
7.661435909876029848e-01
7.636964241879048432e-01
7.684152733164882898e-01
7.612455692400472707e-01
7.532609356000828926e-01
7.449034735719460842e-01
7.548765952667956247e-01
7.785930032152167390e-01
7.701966831035991223e-01
7.685434444489150918e-01
7.528538766543190208e-01
7.500908023896508681e-01
7.669380889790708977e-01
7.730173997540537023e-01
7.732887819499240090e-01
7.744136893057191884e-01
7.681887927171120456e-01
7.652061607820017652e-01
7.690351762303433425e-01
7.646939135984989200e-01
7.620558360431438638e-01
7.601629919774367528e-01
7.689978252528659741e-01
7.567700810096331665e-01
7.741940854539308692e-01
7.595618557682365379e-01
7.838156323930106639e-01
7.822326396975396445e-01
7.682980427124928013e-01
7.669755752568930829e-01
7.447651502737190343e-01
7.561189932458715068e-01
7.737419705105959000e-01
7.669399819781650418e-01
7.640641729240043034e-01
7.664726246927223707e-01
7.742733596945381436e-01
7.696857275921066277e-01
7.783819111395229307e-01
7.650901872099531431e-01
7.483443088528238807e-01
7.632645810266696085e-01
7.525754668435754580e-01
7.615881031193637574e-01
7.509028478357303582e-01
7.746824774947044245e-01
7.467569501720893177e-01
7.537211600942960166e-01
7.503905836990281131e-01
7.672413512430775739e-01
7.488980110822029967e-01
7.568966227596678475e-01
7.501367681567839840e-01
7.520804298554473188e-01
7.607832805343611726e-01
7.549335196825515126e-01
7.694425040002160765e-01
7.444496158307341016e-01
7.784783585080028434e-01
7.685660528707748407e-01
7.511484376029635701e-01
7.602411851516148733e-01
7.668388100911880390e-01
7.643898784107511224e-01
7.684134799575752517e-01
7.573454430761680234e-01
7.536310707536406639e-01
7.602854309762326901e-01
7.578696910757231064e-01
7.774399847934093666e-01
7.475323461631361299e-01
7.597008827905664674e-01
7.717949674578016284e-01
7.458313194237745636e-01
7.764135101591607135e-01
7.749018883596153762e-01
7.706383841549433455e-01
7.626805921801382837e-01
7.643694764858594004e-01
7.573758494983100498e-01
7.474158114457378765e-01
7.631768948075933201e-01
7.757403276574192930e-01
7.641259068474545169e-01
7.680548814541098279e-01
7.561616698743733878e-01
7.704330940085256652e-01
7.887944948814832324e-01
7.480993414525317631e-01
7.617274323663979496e-01
7.756271550402014103e-01
7.677819553345354153e-01
7.797240637627282922e-01
7.587116827777140582e-01
7.788413849252322496e-01
7.665142991518562043e-01
7.662944021876608724e-01
7.662702451954619409e-01
7.604797522898669726e-01
7.549912350069161171e-01
7.582372818332457909e-01
7.562615108962247312e-01
7.488272322161184658e-01
7.567255580137827176e-01
7.706783137072272805e-01
7.618167895369668541e-01
7.765784645853173185e-01
7.619730905634047868e-01
7.816163437802239322e-01
7.490394264199845553e-01
7.438693906234606912e-01
7.527655848372284408e-01
7.654490049985962496e-01
7.699510094023480633e-01
7.649170090872330352e-01
7.644156302476734499e-01
7.619096990581871731e-01
7.755267764829545385e-01
7.538424360656282852e-01
7.450144233624196310e-01
7.726889905073136555e-01
7.662960215129469566e-01
7.704446581575571384e-01
7.432650751454934479e-01
7.520952028708616233e-01
7.693820571796392560e-01
7.514905671857368130e-01
7.738809395871630858e-01
7.561271285551589560e-01
7.662536136264567199e-01
7.678860222987676787e-01
7.684542917649909155e-01
7.563397522300110420e-01
7.753415091237989554e-01
7.631427643778661007e-01
7.424024850409758347e-01
7.653283459363602326e-01
7.652676529545228146e-01
7.622704686246259964e-01
7.510111650278631368e-01
7.746308546948780238e-01
7.561868330992034259e-01
7.572259153314501168e-01
7.757282055049027347e-01
7.545577767962161619e-01
7.601147126354501626e-01
7.570153614164160105e-01
7.632160705074971796e-01
7.599884025380362340e-01
7.570687840969693161e-01
7.558362839785882636e-01
7.479873098436897738e-01
7.561165739803875629e-01
7.489773908380354950e-01
7.747020969357105713e-01
7.674127953763354437e-01
7.562273406051163160e-01
7.627628803872319452e-01
7.659871336778961703e-01
7.596633175853615416e-01
7.480943464597730186e-01
7.596234815254520045e-01
7.447726027618204458e-01
7.665543595062657145e-01
7.613104861766786247e-01
7.684919307144637557e-01
7.533094011488720154e-01
7.558027971519569732e-01
7.560028319545548658e-01
7.569985784929591510e-01
7.603217373182356020e-01
7.545927615708927227e-01
7.660566198628691037e-01
7.594487886206015004e-01
7.591795808576762283e-01
7.824040442682859142e-01
7.561143142586090882e-01
7.515477250590198999e-01
7.545961841412460736e-01
7.568603792321690893e-01
7.525045439984838769e-01
7.609547044518429892e-01
7.633633522181315634e-01
7.661362339701351942e-01
7.620617727393692586e-01
7.695343809222211506e-01
7.561660947822487211e-01
7.586668729842049874e-01
7.742307514486186371e-01
7.651879041556901573e-01
7.672572503672594468e-01
7.659613543977528138e-01
7.433888345645343065e-01
7.727187856122498255e-01
7.484658844680496248e-01
7.609589545761726859e-01
7.566326971527901346e-01
7.622961854766080458e-01
7.520273663258303376e-01
7.742893848227309084e-01
7.515311749842038536e-01
7.632009717639645086e-01
7.449762815896322499e-01
7.632456082584619939e-01
7.654173417096107324e-01
7.484235517097618251e-01
7.665604249475546084e-01
7.595626695339509071e-01
7.806427488268548043e-01
7.657050393924499376e-01
7.587645358969491438e-01
7.660320515383607365e-01
7.536540309796018189e-01
7.634939132349860547e-01
7.481769112454420556e-01
7.817680082891900195e-01
7.567738493659500465e-01
7.549254459840141207e-01
7.721653290110407353e-01
7.576320431265902711e-01
7.387472086490999290e-01
7.627540004033356302e-01
7.484458919060189563e-01
7.558881185522546842e-01
7.619764184221604619e-01
7.683481787337197444e-01
7.669836770335757281e-01
7.681935259967203056e-01
7.660754747899154449e-01
7.784452458646368145e-01
7.603540617933330914e-01
7.573707994571101665e-01
7.635587556644748419e-01
7.544286951231798932e-01
7.628849455839074034e-01
7.577053425270464659e-01
7.636645722143950987e-01
7.581833841024424592e-01
7.626575418782909344e-01
7.623394728779288032e-01
7.577731175151720677e-01
7.426894520577338454e-01
7.638355631409227131e-01
7.703053663275709617e-01
7.515974923254569173e-01
7.516542586398544668e-01
7.554536096829819192e-01
7.631153952913439786e-01
7.726964271790033312e-01
7.609806642591835368e-01
7.456893665422562600e-01
7.557893971442148917e-01
7.645017302906051970e-01
7.642400316075848021e-01
7.607333316958636571e-01
7.595686619488162261e-01
7.478659328654201355e-01
7.534999926543530790e-01
7.700788628555158555e-01
7.534689043767396344e-01
7.643621282994939037e-01
7.410135395593271390e-01
7.636895822667513212e-01
7.694302252509458429e-01
7.646658154134425844e-01
7.526799977875695546e-01
7.650474747055466818e-01
7.666506438222723263e-01
7.473163667224117512e-01
7.646213600494624618e-01
7.469267739259990435e-01
7.693457178852144418e-01
7.561283715428744889e-01
7.578197176940105750e-01
7.504774689406256138e-01
7.624149948144175459e-01
7.584852520068559034e-01
7.647854595394658617e-01
7.593799725954368807e-01
7.600926904996093691e-01
7.608582418965340599e-01
7.668258900190342287e-01
7.677686532912515460e-01
7.678557274086633688e-01
7.490645637555186642e-01
7.502243057564094153e-01
7.461655490730472184e-01
7.488956725907344181e-01
7.689872570006327512e-01
7.589824094530160936e-01
7.559117911851627181e-01
7.725900175589710539e-01
7.671296293080361872e-01
7.593981860223604219e-01
7.661155527189532632e-01
7.590494287316127409e-01
7.639884096079130327e-01
7.434554106871615886e-01
7.729704938129041691e-01
7.537380026011786249e-01
7.588191525361123180e-01
7.562812707110879717e-01
7.708639238967791574e-01
7.728853098927989107e-01
7.637616760711298802e-01
7.540052867766641187e-01
7.729633181925095187e-01
7.556752573295476560e-01
7.614525415366015793e-01
7.647964007542731313e-01
7.718979328051742694e-01
7.639098053779320718e-01
7.878374216156844856e-01
7.565422239085167755e-01
7.621474127698578682e-01
7.400958922011098284e-01
7.666218466644260099e-01
7.717379712439343953e-01
7.648495515690210134e-01
7.578836587678585701e-01
7.724636586517595882e-01
7.652005567321634727e-01
7.679285458582363333e-01
7.522025817940271031e-01
7.771567543107289477e-01
7.732627011481516544e-01
7.520692268204052233e-01
7.573932316557460132e-01
7.718505441415070001e-01
7.560035774675137876e-01
7.661670144808355731e-01
7.647487415521866394e-01
7.573119802530510203e-01
7.642749245604547603e-01
7.710541376465035457e-01
7.615253754927002738e-01
7.693058915937930342e-01
7.669544207652485568e-01
7.500994841512503841e-01
7.531686675104271034e-01
7.630275197213011174e-01
7.695275683453826066e-01
7.611511967737527584e-01
7.629541537634342285e-01
7.664401324213832023e-01
7.567053796326977944e-01
7.473473414272188142e-01
7.601007454392482154e-01
7.684981101592295305e-01
7.583763259206984797e-01
7.578454574959601064e-01
7.595348645884568706e-01
7.598282936240764451e-01
7.555976952579817052e-01
7.679477380377749407e-01
7.640244154748346839e-01
7.505117739366712337e-01
7.520238439332759262e-01
7.663864808157514474e-01
7.699292710857608135e-01
7.673317739183960207e-01
7.582066321657042751e-01
7.711403821338866926e-01
7.696941007777440280e-01
7.702216925777323198e-01
7.645307353875256950e-01
7.630559872912738850e-01
7.698151404628762462e-01
7.676689945195865894e-01
7.631018470789137087e-01
7.619754626574620771e-01
7.683292407523732992e-01
7.739894681291030754e-01
7.548411453185920328e-01
7.476650667516996362e-01
7.643470372136269564e-01
7.634126823890081681e-01
7.449286216705945929e-01
7.634964653390906575e-01
7.578215484857616646e-01
7.729508876874785495e-01
7.654757262995403044e-01
7.525354792286370609e-01
7.624924365009444482e-01
7.556758629541870942e-01
7.488718187026025541e-01
7.808185445282117554e-01
7.580700671552820236e-01
7.611795353483887805e-01
7.769372095206334983e-01
7.595709350682174898e-01
7.682315523035053717e-01
7.642273135124939554e-01
7.662767370204169870e-01
7.561068785599356357e-01
7.504317817247810884e-01
7.489280219819957063e-01
7.558892399813853524e-01
7.484840126781022729e-01
7.561115809220620987e-01
7.587132622736085796e-01
7.615869524216044573e-01
7.661576301069987771e-01
7.621033821776725947e-01
7.540424680223153375e-01
7.593166867334186776e-01
7.723727908272088882e-01
7.634520653218868080e-01
7.622907224161381556e-01
7.634056619974735058e-01
7.552451455622042342e-01
7.664147083348583633e-01
7.792504353534094319e-01
7.533568248134028256e-01
7.725502556547975130e-01
7.604221446427371633e-01
7.545898130684024485e-01
7.550732406008761055e-01
7.633747945542160851e-01
7.581815954323324336e-01
7.588694720389043136e-01
7.597565021344852010e-01
7.507649942570661095e-01
7.684916450104547492e-01
7.625604421073297612e-01
7.553863578861365058e-01
7.616093509319031840e-01
7.670199769446583993e-01
7.512771759775568325e-01
7.701749888659730203e-01
7.552855922015414558e-01
7.718681819346014938e-01
7.528203886951647661e-01
7.567587763004633983e-01
7.615538983580939503e-01
7.640290411950718674e-01
7.448715209759846356e-01
7.649071616788355454e-01
7.585591762542606142e-01
7.721211898505524474e-01
7.697648673172179379e-01
7.555942375557079815e-01
7.711992825206094304e-01
7.678327196008594147e-01
7.783433399118084850e-01
7.418606961492685281e-01
7.618717356333566393e-01
7.574335845543688217e-01
7.494988481308092476e-01
7.606247098620287916e-01
7.570805173054867554e-01
7.565252740430700173e-01
7.739769186131225664e-01
7.613017376883705056e-01
7.682275112528049732e-01
7.639749488825670065e-01
7.533708029708299225e-01
7.668118858392928283e-01
7.667662229690886955e-01
7.755924233892216302e-01
7.706538928291063462e-01
7.590358032546346001e-01
7.681590499910202485e-01
7.545165243853284576e-01
7.571257761361100957e-01
7.737710366077530377e-01
7.582566660944783932e-01
7.537737487899857092e-01
7.438644130867750892e-01
7.547369928546947548e-01
7.673593537163428957e-01
7.672573117949920141e-01
7.542991082408977421e-01
7.664345058350549023e-01
7.382962951230500614e-01
7.595182767411112756e-01
7.576749934227627881e-01
7.618814383091864206e-01
7.547817568379366904e-01
7.699000889469350684e-01
7.538213203569928966e-01
7.439476905789909056e-01
7.555283517135866767e-01
7.572319414303971818e-01
7.433995569998943509e-01
7.748385122397917213e-01
7.653005331459989957e-01
7.453252708848618902e-01
7.590329372841638778e-01
7.634975970517910993e-01
7.631987787741946194e-01
7.646266217816756194e-01
7.523860840322958987e-01
7.581990672300367162e-01
7.753334583549889025e-01
7.476678564322933873e-01
7.711055140200061553e-01
7.797191930124232062e-01
7.578842596796825370e-01
7.518475616872396516e-01
7.751543808966026017e-01
7.579415759725466328e-01
7.702617860435626573e-01
7.693468815232935576e-01
7.665473911352632674e-01
7.741344408859265336e-01
7.618924336836249145e-01
7.652116138622780950e-01
7.642243432203399411e-01
7.804092091416470200e-01
7.668106562516388003e-01
7.597975229710000056e-01
7.433220682615806485e-01
7.588936062355251533e-01
7.677372443914695088e-01
7.768219119530557215e-01
7.509044769494535032e-01
7.666312036512206163e-01
7.647968303993862849e-01
7.716236343107011342e-01
7.426115664091996749e-01
7.585083062351440919e-01
7.545431213755658950e-01
7.560374927835474823e-01
7.641151301245603378e-01
7.647929249504183957e-01
7.492857093812184122e-01
7.669159310457134282e-01
7.772487434111154947e-01
7.632797422976089763e-01
7.498650738749635947e-01
7.861587729156757076e-01
7.682796478898339387e-01
7.546247258224679788e-01
7.553672947724783260e-01
7.705121473964680057e-01
7.670855322642630147e-01
7.537181511213180141e-01
7.595525928241497748e-01
7.588315014346380671e-01
7.656210572569253081e-01
7.573641566884029563e-01
7.557659442205097999e-01
7.744028593707630304e-01
7.683195183231705805e-01
7.597610217224719520e-01
7.784334779716060027e-01
7.513343365561642173e-01
7.666895460025561215e-01
7.753778014206123004e-01
7.637968475656078393e-01
7.704162924482655939e-01
7.654432354889365575e-01
7.706060847499498490e-01
7.493823488590388715e-01
7.481432098575777623e-01
7.447257329120517966e-01
7.650815036865264984e-01
7.497353629764059724e-01
7.572994385289838482e-01
7.642247928880872010e-01
7.550325926787166964e-01
7.605322816188981871e-01
7.531181370581757628e-01
7.639356073101701838e-01
7.666006980258821546e-01
7.526927762557814594e-01
7.476463435323547069e-01
7.584348830519693774e-01
7.558650434503262350e-01
7.758955778766497557e-01
7.530619231284686466e-01
7.500865673844600012e-01
7.674577299266500674e-01
7.699810628908493326e-01
7.669412497940415463e-01
7.629085692078713121e-01
7.453843221072177228e-01
7.598632759516930069e-01
7.728818991043409081e-01
7.682506396716661801e-01
7.553355580338715347e-01
7.615897690618250726e-01
7.620924802895083783e-01
7.624682534896426445e-01
7.421753569906581749e-01
7.539438511668367093e-01
7.674391309724609700e-01
7.661385028014854326e-01
7.498554749937315078e-01
7.594998983998878517e-01
7.703008550314853764e-01
7.708639226011304579e-01
7.445039176300342065e-01
7.664014120299958988e-01
7.662981445311642936e-01
7.571498007578125744e-01
7.651024878178492861e-01
7.672752243046175868e-01
7.708688475219194203e-01
7.589900301152969764e-01
7.612253706659326546e-01
7.529591641839687988e-01
7.675670497821553973e-01
7.410600372108852030e-01
7.793464502549165562e-01
7.610865100014752027e-01
7.706610607287397441e-01
7.578863670216248183e-01
7.574327312292677972e-01
7.589391315333416932e-01
7.608287761878640421e-01
7.668161212552716544e-01
7.746351881908184467e-01
7.770842942801234887e-01
7.584085895405811018e-01
7.568194156557987995e-01
7.443097260104019064e-01
7.675160348636272944e-01
7.536231316815691361e-01
7.692517314666057482e-01
7.684356180340291553e-01
7.561558556955870758e-01
7.606405386582344441e-01
7.660730688285574130e-01
7.544483716159475772e-01
7.509816598846147384e-01
7.617715658638203324e-01
7.468817042440132337e-01
7.697953486745866547e-01
7.584315332954376654e-01
7.810741787213699716e-01
7.642288114284079281e-01
7.551214076820446097e-01
7.599179527564000614e-01
7.718177665874160764e-01
7.580670221935684738e-01
7.821911156399161680e-01
7.623802870879752280e-01
7.563724281950353623e-01
7.621237152329239928e-01
7.447254252517860884e-01
7.446844633770424160e-01
7.787742745636161423e-01
7.553310993372204241e-01
7.624973260565103272e-01
7.657609921018598831e-01
7.663367876231413911e-01
7.536732372839426430e-01
7.664675916856644733e-01
7.577310169876687596e-01
7.590682208022928590e-01
7.662663564601065458e-01
7.751020570298167156e-01
7.536472051471536648e-01
7.528867158807770466e-01
7.577856856605458269e-01
7.746287339604409627e-01
7.808174434809246334e-01
7.463002891904906289e-01
7.663146326588737844e-01
7.568592699076216457e-01
7.666203642509207272e-01
7.599098685482393867e-01
7.454817406817757508e-01
7.632645521541147060e-01
7.564410240852742495e-01
7.692919041629343591e-01
7.613384240755810550e-01
7.510063059650944339e-01
7.570080285506471940e-01
7.740688407861572307e-01
7.761536049561819084e-01
7.563046451675845550e-01
7.505508952537771616e-01
7.511912492270865771e-01
7.591336176404843705e-01
7.303069119816132382e-01
7.478263261863413724e-01
7.559905184423658664e-01
7.625735426467523670e-01
7.567936986902010776e-01
7.709045961057722218e-01
7.434232173659069964e-01
7.873547185410803007e-01
7.709894950221175547e-01
7.635868027365457777e-01
7.596390201193522485e-01
7.636472267753774412e-01
7.483471864089812353e-01
7.666080322755309817e-01
7.856295172551256423e-01
7.688292011196732334e-01
7.536856058380488887e-01
7.753591379476647560e-01
7.589324984058047896e-01
7.629081504173319539e-01
7.637998216908482574e-01
7.756770846194562807e-01
7.564133065291243074e-01
7.499108023110303556e-01
7.700503484023291101e-01
7.465696262951871942e-01
7.615771339470306378e-01
7.708733184144387351e-01
7.458150520575499431e-01
7.603343289192665555e-01
7.601533384905001522e-01
7.689304165909708333e-01
7.693140246511392943e-01
7.667447819301528300e-01
7.599867215276306931e-01
7.534003476777277886e-01
7.850743104154216390e-01
7.547382791018426573e-01
7.509581664751048269e-01
7.600290459224355866e-01
7.530922385592792034e-01
7.512473880725607511e-01
7.519122672311668865e-01
7.486629557982750205e-01
7.653571875785996070e-01
7.552263943595638462e-01
7.583914346262424777e-01
7.679610549031251621e-01
7.731673558601550589e-01
7.438171800947572798e-01
7.668188083188028914e-01
7.500088085546287031e-01
7.595331162119393076e-01
7.492259506016603066e-01
7.699349259951631108e-01
7.796566160246584110e-01
7.606071338966333695e-01
7.591087269203874444e-01
7.541937998075590732e-01
7.630225318586160155e-01
7.639641520605856551e-01
7.522241529295617957e-01
7.634277230467774178e-01
7.658962102956716755e-01
7.772238972745888486e-01
7.623853947234204842e-01
7.682572325718940442e-01
7.848703064624635850e-01
7.582461087444110071e-01
7.662956034396425364e-01
7.762180540052473487e-01
7.575806395154218720e-01
7.696080948683039491e-01
7.671308134581900084e-01
7.657645079538435429e-01
7.643354218291410485e-01
7.338269711593415900e-01
7.690612395698581683e-01
7.740167227552943174e-01
7.742047981513937582e-01
7.515743692040871560e-01
7.590862201721387814e-01
7.573846270333030040e-01
7.737584736074877290e-01
7.601880285319863040e-01
7.625510270355967402e-01
7.588174609811398907e-01
7.466026977822843858e-01
7.741862937342528506e-01
7.439245783352503860e-01
7.706055685905280894e-01
7.541895913398340978e-01
7.538252906304552248e-01
7.531269254876012953e-01
7.672314729777085507e-01
7.782894606483518052e-01
7.600860691562829619e-01
7.537340509202783423e-01
7.531102131200694272e-01
7.605538577505915887e-01
7.766131163595332287e-01
7.570391025773594018e-01
7.750582384671658165e-01
7.711243573222227310e-01
7.638832252578683368e-01
7.648325512760516531e-01
7.643489719762187606e-01
7.691446503607913820e-01
7.617477195081316932e-01
7.631922382737476029e-01
7.571160402443019022e-01
7.602335021307230489e-01
7.838250302892135757e-01
7.477527028737951387e-01
7.605042080287717221e-01
7.506254834224584949e-01
7.674090920196419141e-01
7.653940093674523881e-01
7.588141556425156420e-01
7.521200456550416469e-01
7.578534479501516374e-01
7.597705630819158173e-01
7.578633919008297415e-01
7.467821437926231987e-01
7.676402199257745806e-01
7.547842439186377428e-01
7.637313953417800283e-01
7.607663654690427490e-01
7.503087418576420697e-01
7.662277395370976629e-01
7.664343928508718928e-01
7.535097226607028187e-01
7.702630228516417210e-01
7.472640646763414329e-01
7.616105899208440722e-01
7.527771770095916803e-01
7.652861701708717490e-01
7.645430557382777437e-01
7.652699748128799495e-01
7.666533122920911048e-01
7.684861170035144351e-01
7.504819059557389371e-01
7.537165088367689947e-01
7.562492688159002663e-01
7.667248857807427154e-01
7.783397406216638892e-01
7.716155681968567270e-01
7.670368454002308711e-01
7.377894015764683289e-01
7.483430292887583990e-01
7.645222642485149933e-01
7.668369468768106989e-01
7.528960951230647680e-01
7.567588112983846260e-01
7.541560071808360854e-01
7.456164535049392139e-01
7.700223484595950518e-01
7.446733171465980128e-01
7.536667555826475073e-01
7.453690980966104496e-01
7.585729898022744999e-01
7.439850119584143773e-01
7.547849019681917015e-01
7.512878964790792313e-01
7.711609415636929699e-01
7.570780245074071324e-01
7.573302895152863590e-01
7.654582998406080918e-01
7.665271390950801900e-01
7.724307149756346469e-01
7.664043326411168477e-01
7.669397564821486268e-01
7.454139348022670308e-01
7.566376567597643543e-01
7.543735902106543101e-01
7.748269957128443020e-01
7.577560838464323378e-01
7.515518690436906457e-01
7.723685763016169270e-01
7.755057225533353860e-01
7.645549322663445224e-01
7.564635812725466479e-01
7.706083064394089188e-01
7.711406223442286434e-01
7.650556048169657730e-01
7.564681236560205635e-01
7.629172029813442446e-01
7.674339915482318863e-01
7.566281453758980646e-01
7.603044746013090105e-01
7.653079402185088975e-01
7.412213507693738990e-01
7.470277559191971228e-01
7.641679568785904042e-01
7.490604486190298728e-01
7.698652408991403240e-01
7.586820582195072937e-01
7.567000952000435543e-01
7.504072738450499047e-01
7.570855434394966332e-01
7.541775739475033991e-01
7.610676917899873439e-01
7.600792834630200057e-01
7.477728303619415318e-01
7.652055838664247878e-01
7.651376431885653639e-01
7.445743343309716433e-01
7.694948672842896187e-01
7.735895324935321282e-01
7.657355815187348869e-01
7.634059649465221309e-01
7.565312995840406396e-01
7.678720111553453131e-01
7.596565956380407769e-01
7.649186246269797929e-01
7.596520431019261332e-01
7.589757155108767250e-01
7.771340788028339164e-01
7.579368702279727366e-01
7.664052253016387928e-01
7.628709740065638956e-01
7.756940345204166309e-01
7.487621408303403170e-01
7.645094816186234210e-01
7.471439865815574510e-01
7.569269620614826888e-01
7.509019556880203172e-01
7.648093610271686771e-01
7.688538339281864031e-01
7.651281244503674861e-01
7.715763215668801633e-01
7.500835247542602113e-01
7.696674609275884205e-01
7.583641554166872245e-01
7.706839924936037534e-01
7.520355898507363746e-01
7.584810117392928319e-01
7.648528587279360691e-01
7.477894198646792834e-01
7.723793979625029893e-01
7.619009500459615891e-01
7.629172447942728086e-01
7.728931277425077351e-01
7.562795608205096221e-01
7.717361094700896373e-01
7.621713877557281247e-01
7.700623616013270167e-01
7.674249175185536842e-01
7.711654060106264419e-01
7.599650377456524941e-01
7.527191407679759694e-01
7.590465417593790232e-01
7.534981852196918073e-01
7.628945303988252657e-01
7.667456829183447731e-01
7.659356446727030310e-01
7.620430403580846779e-01
7.627316548502145466e-01
7.607898649195742324e-01
7.663643024782422764e-01
7.528353366859518170e-01
7.617940406171453960e-01
7.549390635378013803e-01
7.709845646824580179e-01
7.462171063208922206e-01
7.702804781658816324e-01
7.436102794795889093e-01
7.660444521063155543e-01
7.475255908997756604e-01
7.654694524283933710e-01
7.559355185427668600e-01
7.584390684124496795e-01
7.641857217997924945e-01
7.617583308543677267e-01
7.716891048474099346e-01
7.642454849031661279e-01
7.539844492421244881e-01
7.739406230518874885e-01
7.677956530316782935e-01
7.679205395175940918e-01
7.635455190087586663e-01
7.534252983239935197e-01
7.565531609248646872e-01
7.632989463537067643e-01
7.630210909877019887e-01
7.691523241337686612e-01
7.704715321665011052e-01
7.580636470774525515e-01
7.861694794210175585e-01
7.438553028147841806e-01
7.753283555578031061e-01
7.616665103591124808e-01
7.746347265903308354e-01
7.579398277018019048e-01
7.654880190825211761e-01
7.692066078101186255e-01
7.636894682088541941e-01
7.526911261524334984e-01
7.601032319022571482e-01
7.756174252528500457e-01
7.556206941426955037e-01
