# Variable: B
# Sample shape: (2500,)
# Date: 2018-11-20 13:05:35.494006
7.610722870002136764e-01
7.448545058161143428e-01
7.477224027322608713e-01
7.397120147355185082e-01
7.499151595645755508e-01
7.411056871160756065e-01
7.461401164198924185e-01
7.474016212617580202e-01
7.513556541185097970e-01
7.466693926860858976e-01
7.408469696871560206e-01
7.420017732655775911e-01
7.491625452536335716e-01
7.565408891431371075e-01
7.217229028728968654e-01
7.190755780191173674e-01
7.471797341872686848e-01
7.553344957270123894e-01
7.391151968794376081e-01
7.600546466614855889e-01
7.421633981176064543e-01
7.337171467165441996e-01
7.473759467546619017e-01
7.418756110016302419e-01
7.402719931695727063e-01
7.629064286052593680e-01
7.527508544975910487e-01
7.310130492448496664e-01
7.404410445564011400e-01
7.607836261206577522e-01
7.404438219313498326e-01
7.447464705802642193e-01
7.556524741191870120e-01
7.363757646527190337e-01
7.681130867703848120e-01
7.626869455797101738e-01
7.465852517609825600e-01
7.423451437615272708e-01
7.471484351300403670e-01
7.309560717593163170e-01
7.428605122435213426e-01
7.444994107695794838e-01
7.505233753957049059e-01
7.384514564453508179e-01
7.450086421922649249e-01
7.394000312413132603e-01
7.489200328704666010e-01
7.407600162486772666e-01
7.359527770985787587e-01
7.414596125552774808e-01
7.527359989333555212e-01
7.598325659069629090e-01
7.437745855021810071e-01
7.375999181001804406e-01
7.296726257715537844e-01
7.379444528440651796e-01
7.412472521332496012e-01
7.324994708154600742e-01
7.442996386989946256e-01
7.530162193254977820e-01
7.201363916754361938e-01
7.519315290742559776e-01
7.591118878519231838e-01
7.381533902028842853e-01
7.391435917486534057e-01
7.508312123975866559e-01
7.510746824016931722e-01
7.373793248642372955e-01
7.576183331495645046e-01
7.402854282095366889e-01
7.346912111366288300e-01
7.437275254963152671e-01
7.521439555076705474e-01
7.441458481576707085e-01
7.545278965069290855e-01
7.512449778566654413e-01
7.339385304526451215e-01
7.468091839334706217e-01
7.629399704579360453e-01
7.303601620741502209e-01
7.556582412075720789e-01
7.483061907850152572e-01
7.530517940374260588e-01
7.300544907051673693e-01
7.475934047599519516e-01
7.507748310966684269e-01
7.463076178854494147e-01
7.472087654574619542e-01
7.422874533964842758e-01
7.378915909538382722e-01
7.436718862998287216e-01
7.309103385561664945e-01
7.541949511168820619e-01
7.476742247864783808e-01
7.608646331456436762e-01
7.361211087430037381e-01
7.489847472516644178e-01
7.628408445362613310e-01
7.518105192807205128e-01
7.469412809083458837e-01
7.430440162213896027e-01
7.482886432600148741e-01
7.491100125749063920e-01
7.343517155340345548e-01
7.470942172246943791e-01
7.430696656662455490e-01
7.429148340847664400e-01
7.358876025496652318e-01
7.482352687581215189e-01
7.438519358399418024e-01
7.594411844756610019e-01
7.354106058036555815e-01
7.455440187349327008e-01
7.608527443779155019e-01
7.406301314586096751e-01
7.491518016358241772e-01
7.397508034089429474e-01
7.527205469003992455e-01
7.527487579430519604e-01
7.457741349019698651e-01
7.421637266405614053e-01
7.516536540020233303e-01
7.317481973078344692e-01
7.471465442819680280e-01
7.445512226648780540e-01
7.367364770662606643e-01
7.497024659518921608e-01
7.254502233949500223e-01
7.608317341178402193e-01
7.477678440608506172e-01
7.522356911483264463e-01
7.403968010305553848e-01
7.543079060232654731e-01
7.342404971281792925e-01
7.607846063822363281e-01
7.471606441174359903e-01
7.469592532016688935e-01
7.406043414355157894e-01
7.516248223917995075e-01
7.482065617063978769e-01
7.410271395887790824e-01
7.437482457790337564e-01
7.535976818280897271e-01
7.420036884607913441e-01
7.453082326530922064e-01
7.348794564107101746e-01
7.494525374067956269e-01
7.524483584670124126e-01
7.278519006912848033e-01
7.482429479840573272e-01
7.448587803417934250e-01
7.326415676591541137e-01
7.384227128758288350e-01
7.681856474305178706e-01
7.479482717634750033e-01
7.597898118569957893e-01
7.467965556195529375e-01
7.544127112288924186e-01
7.290836024561242468e-01
7.419251115219320791e-01
7.512297885482082105e-01
7.378945761972369732e-01
7.306745296603954776e-01
7.508158600987301368e-01
7.507615484908726211e-01
7.491363894546247959e-01
7.515117957818361338e-01
7.448669429044552093e-01
7.502970999958222809e-01
7.583020164244108630e-01
7.327130338770059259e-01
7.368490374316869485e-01
7.368138778431079228e-01
7.171989282401494137e-01
7.500161148072778117e-01
7.492208049806727832e-01
7.369717442064683821e-01
7.379533903493035174e-01
7.410678914141584084e-01
7.323923568602510592e-01
7.632736915439171099e-01
7.477487808910314726e-01
7.400627074329755306e-01
7.311562951516695774e-01
7.404768922129455477e-01
7.480328960612087075e-01
7.439181264087680878e-01
7.558406200402033592e-01
7.320031369180464154e-01
7.506345061948963560e-01
7.572646122840712701e-01
7.535687816694536245e-01
7.446274449069898438e-01
7.381900222359804031e-01
7.463160383164435530e-01
7.350424701350134482e-01
7.411846424109309606e-01
7.435611651549670631e-01
7.479835173929278991e-01
7.443135387587901386e-01
7.541319501262642166e-01
7.433399486621564689e-01
7.410579918293233037e-01
7.415650415383957528e-01
7.417421160509494182e-01
7.473226303977023033e-01
7.401390851389731962e-01
7.482531584703110417e-01
7.365471806843637559e-01
7.406302836107365728e-01
7.460651114212835111e-01
7.481334147334859352e-01
7.566128104005580557e-01
7.525016363617430537e-01
7.529570574861784715e-01
7.479284411554364409e-01
7.282864494626037910e-01
7.407727387623797011e-01
7.478704123042504426e-01
7.331749268632725691e-01
7.492848097079490843e-01
7.343936762628503478e-01
7.434513805064695280e-01
7.425784820744443238e-01
7.665205484785140300e-01
7.452316556629808852e-01
7.324604428173587811e-01
7.399421902537601792e-01
7.449384431554819663e-01
7.473663406620163485e-01
7.658937521021422778e-01
7.446389676363296406e-01
7.429897166064172165e-01
7.582575530715999212e-01
7.474917758738593987e-01
7.373587253527924545e-01
7.538552415596323497e-01
7.605188489350287462e-01
7.499233859267434577e-01
7.564016967218099019e-01
7.394027045512291396e-01
7.499430160488764763e-01
7.395506490076451112e-01
7.572600515360280449e-01
7.379589579088885465e-01
7.489411956548661653e-01
7.493342224510097793e-01
7.327725833053732041e-01
7.541806569895390666e-01
7.517903646403050200e-01
7.630025456084924551e-01
7.576468788095592766e-01
7.535000010417675087e-01
7.399459425352291619e-01
7.446647791299356722e-01
7.383206403658632011e-01
7.564204398614078340e-01
7.362081544591574378e-01
7.697770629237199458e-01
7.414898305841283177e-01
7.511390438912629586e-01
7.487249828716825428e-01
7.544531561188202451e-01
7.476115452568369291e-01
7.466914012385882371e-01
7.471538564004767125e-01
7.249804689826856441e-01
7.570756770402593538e-01
7.484949412007826375e-01
7.379476272321553454e-01
7.539753816224594729e-01
7.470916248437744489e-01
7.512809454420684707e-01
7.448351363361794819e-01
7.367896580212123236e-01
7.250252010086972732e-01
7.518392814164008842e-01
7.459322430854200547e-01
7.496258770714422370e-01
7.653899948529547803e-01
7.541566959220890043e-01
7.593068742968750451e-01
7.366283624421137155e-01
7.576613807073480089e-01
7.675163520013554841e-01
7.242631750584603845e-01
7.448952777417714444e-01
7.531323946487081811e-01
7.496182001224507285e-01
7.474946728205844604e-01
7.597638045511632132e-01
7.497129756206725171e-01
7.420700915472903114e-01
7.456790457783259995e-01
7.465287608837739564e-01
7.534793651512072810e-01
7.373339219686004808e-01
7.490833056193776374e-01
7.319276535729571931e-01
7.404836086011262752e-01
7.455945631027283138e-01
7.478372431260208453e-01
7.562458385203429945e-01
7.484453737764003023e-01
7.437155961789309044e-01
7.549755186719290245e-01
7.471561514021152206e-01
7.359122103515571833e-01
7.554463905293922199e-01
7.460582103465114301e-01
7.516292404571787156e-01
7.386588996523195672e-01
7.438112435821176982e-01
7.299688347521169351e-01
7.429251642448611026e-01
7.444210134093209863e-01
7.434310927280785020e-01
7.574408447958341783e-01
7.491140725329171746e-01
7.259851040407651057e-01
7.327358832198073157e-01
7.483544872587660768e-01
7.444405152935477110e-01
7.427479909159949711e-01
7.434463096373185031e-01
7.350891342339332946e-01
7.396395223516967210e-01
7.484027814342536500e-01
7.428608096221558377e-01
7.422606529534593323e-01
7.645343929384778026e-01
7.396381489401634424e-01
7.470947509084812088e-01
7.505207372871448568e-01
7.423975080480842426e-01
7.435909628664142401e-01
7.433541360093746109e-01
7.363192586148412655e-01
7.428911986206767626e-01
7.552166286530275219e-01
7.434903537034487364e-01
7.444812246463231586e-01
7.369152758199065678e-01
7.501823766873850774e-01
7.629991556110317097e-01
7.405011511130743518e-01
7.582473173157717738e-01
7.602830367060126049e-01
7.528327702108671415e-01
7.412862079334530119e-01
7.629111856002828151e-01
7.461031858991630239e-01
7.667723355673099483e-01
7.466624656226290568e-01
7.432454379182077409e-01
7.611215803061771590e-01
7.476659480111511602e-01
7.478596782523224684e-01
7.418764721130087780e-01
7.489219841872812866e-01
7.320867016340321110e-01
7.625941888101608335e-01
7.478577279860497695e-01
7.548995571430759943e-01
7.436381925856950792e-01
7.402505113359771904e-01
7.499981779290403328e-01
7.469335917930074453e-01
7.498105789958630085e-01
7.455910781096923845e-01
7.541096941190457148e-01
7.597413966945624209e-01
7.608890070288034657e-01
7.395505888755899981e-01
7.581969303810361938e-01
7.447316589319684654e-01
7.472969475146007401e-01
7.545710605946921445e-01
7.395914764147958342e-01
7.473299098657044670e-01
7.479607462540377449e-01
7.544309946891367691e-01
7.348327138260469793e-01
7.395188878731878690e-01
7.402387725936903085e-01
7.357890080368805208e-01
7.379971898962087717e-01
7.524960349705546170e-01
7.390646747272493489e-01
7.455622860319410794e-01
7.360062572175398721e-01
7.459077044775900278e-01
7.473616266407920872e-01
7.307413189856459823e-01
7.209363646269374426e-01
7.437654398395209254e-01
7.412236041370015016e-01
7.419669695748666305e-01
7.375809091678834362e-01
7.506107978816973780e-01
7.276632146992052519e-01
7.499898817903773995e-01
7.420434509834671344e-01
7.614365777857626805e-01
7.590470483027124127e-01
7.572150198091948115e-01
7.478647338650835641e-01
7.563595388072117398e-01
7.349699274203304045e-01
7.574295903636344418e-01
7.452578682645926156e-01
7.669088228075023883e-01
7.338039708634603864e-01
7.420309989305984288e-01
7.580707955055498992e-01
7.471844122381166020e-01
7.450196110724922605e-01
7.553258593439289292e-01
7.358125230955979701e-01
7.296196799260822319e-01
7.562551879647901876e-01
7.574569096129202261e-01
7.501464585344196356e-01
7.474744856692744355e-01
7.344827313460401408e-01
7.373764795652809623e-01
7.200572189243131804e-01
7.362514049094263102e-01
7.506025957417522543e-01
7.553624348564579316e-01
7.590357256967771304e-01
7.429792731270348227e-01
7.382419594721970624e-01
7.363030683091082995e-01
7.507533430699233623e-01
7.382645577233348799e-01
7.358475604254082203e-01
7.585347222452941685e-01
7.594675004470529123e-01
7.551132811005663026e-01
7.520524802478411042e-01
7.474705534988952405e-01
7.585918855984965514e-01
7.558586728652919584e-01
7.533270523927441120e-01
7.654495662493695507e-01
7.420608527924736908e-01
7.420610223236155933e-01
7.603585263690050278e-01
7.558526481776997041e-01
7.571624309182019008e-01
7.506175155828455070e-01
7.458444273253957979e-01
7.311484358065963862e-01
7.444371105352139972e-01
7.622379908963026196e-01
7.401799204935561871e-01
7.504162393089206518e-01
7.426431416953753750e-01
7.565436462001760010e-01
7.537492925261233268e-01
7.376225978899966229e-01
7.586387801285018329e-01
7.416110478204550605e-01
7.521969173175446777e-01
7.458010013777931491e-01
7.392472478314811024e-01
7.399267284622690344e-01
7.472366981335871738e-01
7.361845139298838214e-01
7.332550119347770456e-01
7.300239517954136836e-01
7.552831253682369406e-01
7.480311805915119683e-01
7.491397131863116732e-01
7.482901738388680890e-01
7.510964089134770649e-01
7.524230766293485972e-01
7.415071857833097635e-01
7.541982601388189655e-01
7.408315269835313854e-01
7.463882501250120871e-01
7.460802603198800620e-01
7.391993921954017610e-01
7.596921660059926529e-01
7.368738450117547911e-01
7.585796533117474816e-01
7.551932131478644727e-01
7.469112368849196715e-01
7.442506133384023670e-01
7.353094297034661331e-01
7.450343588325366584e-01
7.421276469670591291e-01
7.424832423208463927e-01
7.352704999207757552e-01
7.546162436461024692e-01
7.585129780317090287e-01
7.341095362145779735e-01
7.514592361246380525e-01
7.423808750491427411e-01
7.469454774686330456e-01
7.377493137893166297e-01
7.387581408990144816e-01
7.483455978192588010e-01
7.412646569947946018e-01
7.191827855138289705e-01
7.653989706695789597e-01
7.504177179319435620e-01
7.414766359648202743e-01
7.590766676530906754e-01
7.502000322007308375e-01
7.463439861209556492e-01
7.539008335934036520e-01
7.458279375562221203e-01
7.433377033827104352e-01
7.533671364842843277e-01
7.477490109118255512e-01
7.390308363907017730e-01
7.369480347592309855e-01
7.521603734750889059e-01
7.473462606615223214e-01
7.371100345301675461e-01
7.457424815281118446e-01
7.518960863532637706e-01
7.440258396989780643e-01
7.493198426737620599e-01
7.537663899704925008e-01
7.672636552427509748e-01
7.395407010263105319e-01
7.477860895543038122e-01
7.443974217056374965e-01
7.403854569035273059e-01
7.503648817705265150e-01
7.571724403803364867e-01
7.151015175437505089e-01
7.608537692267519637e-01
7.231581842324744658e-01
7.431958355219910883e-01
7.443876632182058195e-01
7.563030060792005349e-01
7.549287007311490383e-01
7.470397068530052476e-01
7.319421995417725313e-01
7.530892455391859919e-01
7.377886546854648397e-01
7.494166362623625455e-01
7.555374660833438227e-01
7.299452987089063427e-01
7.387124657526411564e-01
7.398362404709869500e-01
7.523637500563565839e-01
7.530888276958169758e-01
7.439994798483851035e-01
7.373832497942298669e-01
7.392755570381244201e-01
7.500370488359042742e-01
7.468738065350015720e-01
7.542763238368340728e-01
7.519459752223227600e-01
7.419976017810582247e-01
7.516723129882673105e-01
7.337140511423883016e-01
7.402464473364304132e-01
7.374146359977756804e-01
7.461450610414380735e-01
7.462078017477212777e-01
7.546640157744235466e-01
7.413452652995597969e-01
7.608636822719107018e-01
7.529823088689130417e-01
7.399651084956597735e-01
7.269729056474567574e-01
7.353758501020871696e-01
7.421311873201410503e-01
7.273087640239270790e-01
7.551662707885152814e-01
7.241045941871906422e-01
7.313786248315983229e-01
7.406660396289487247e-01
7.371750569732432590e-01
7.463875822334895549e-01
7.574632938561095541e-01
7.454853779783070511e-01
7.484829084986482917e-01
7.473505997144070934e-01
7.491534792212853899e-01
7.464543716847639176e-01
7.403684620850869980e-01
7.328289064240218753e-01
7.272342312784936258e-01
7.441183796816996932e-01
7.369533619334169838e-01
7.583149979693399878e-01
7.475796621293087085e-01
7.656766070155037740e-01
7.370428133786228742e-01
7.467519464921630323e-01
7.526621064182551502e-01
7.422668747952855250e-01
7.553797566917116457e-01
7.362779818792413167e-01
7.427701248199158890e-01
7.423066064335538394e-01
7.332613270933756588e-01
7.472060866748501118e-01
7.522618146630121183e-01
7.390887856288406166e-01
7.510735815712116237e-01
7.440742308351483425e-01
7.500562458044354175e-01
7.357939578710926964e-01
7.492926405244412225e-01
7.497358416864895458e-01
7.517367248407860192e-01
7.502799322764139855e-01
7.358492206303373084e-01
7.445671617775152518e-01
7.554123219148519697e-01
7.576307914103498353e-01
7.250589371709984521e-01
7.350228318811731221e-01
7.590794557349982430e-01
7.496873238267882655e-01
7.653293061011354759e-01
7.453763490074548637e-01
7.472978767223333874e-01
7.527947552183089641e-01
7.464038944667233944e-01
7.544432822440446662e-01
7.501839980508901995e-01
7.234328204259731221e-01
7.420844366964056693e-01
7.629930683386424439e-01
7.609120075862915167e-01
7.475964503539126449e-01
7.409501845557282529e-01
7.518487743102172383e-01
7.416854753336888928e-01
7.420660573702497764e-01
7.490811277648330435e-01
7.512275055574606508e-01
7.396165365855967844e-01
7.481536654155365174e-01
7.534034667382240036e-01
7.443605510675659342e-01
7.516270352528313659e-01
7.500911206646885265e-01
7.482292858761656618e-01
7.389365846074545940e-01
7.562385100600091947e-01
7.605764660040619241e-01
7.445204991379528181e-01
7.505303187909927454e-01
7.498991943632217216e-01
7.205118230585981776e-01
7.282831934926112805e-01
7.483004605995438041e-01
7.553112359112232888e-01
7.480089812949842765e-01
7.522139624167749616e-01
7.440727087498603121e-01
7.413405407810905734e-01
7.450962637921925147e-01
7.394999947362002057e-01
7.649639962146774774e-01
7.467186898601807510e-01
7.487885501176632097e-01
7.556027921110982648e-01
7.582048778965001512e-01
7.364470182216876770e-01
7.392851437285993255e-01
7.463619050902898788e-01
7.538028801455864958e-01
7.647561443698567274e-01
7.339997618936200396e-01
7.401986355629154302e-01
7.534400577995222781e-01
7.494424451519438035e-01
7.423496744284859838e-01
7.473774775340211729e-01
7.369495866494222280e-01
7.643000262283137225e-01
7.428883998002888678e-01
7.513039049515805035e-01
7.495238528899268449e-01
7.487673628687028238e-01
7.337714885300652412e-01
7.380262722579817858e-01
7.390944865662739671e-01
7.458034765021953616e-01
7.586599468679926517e-01
7.515853403515428965e-01
7.598091342321273700e-01
7.657239241038127364e-01
7.471302371137592546e-01
7.566816480764591013e-01
7.471666538281052095e-01
7.361976417365528880e-01
7.521872962798568096e-01
7.702196664772010815e-01
7.340062698412866959e-01
7.411032447239195298e-01
7.576773675449816059e-01
7.403584626516690470e-01
7.358420757586966454e-01
7.421939459285006313e-01
7.536057361714048053e-01
7.431288514207741169e-01
7.402560187799454017e-01
7.565881037001771503e-01
7.423950565362258391e-01
7.448954392340998432e-01
7.401423706561010007e-01
7.385165961832196313e-01
7.387457354832197565e-01
7.516194979168425716e-01
7.418493107137478226e-01
7.495462366409157973e-01
7.383547251381933352e-01
7.460719731574049218e-01
7.483870475683811474e-01
7.651509590615952483e-01
7.521508569970346558e-01
7.397309157169735805e-01
7.404929281038796773e-01
7.395485573920845823e-01
7.537524016602034083e-01
7.628814904995793178e-01
7.386610325621029149e-01
7.456316805113948343e-01
7.516984089742008157e-01
7.469598459949235991e-01
7.377995339425966748e-01
7.385969203564201058e-01
7.327173397302393365e-01
7.437059614499319515e-01
7.430367498464999221e-01
7.558315089963583144e-01
7.320661685780766037e-01
7.367783580480492533e-01
7.353045478871931273e-01
7.485539555108178256e-01
7.410501171169079360e-01
7.411832538511233803e-01
7.437785920161537057e-01
7.360705453343260318e-01
7.313074062957992671e-01
7.339473921049242122e-01
7.489724734404614725e-01
7.583248580759623936e-01
7.523672646548960063e-01
7.388406077595344179e-01
7.414243877835785534e-01
7.587697874518335439e-01
7.421007778297915580e-01
7.493601132610049342e-01
7.522980082339524310e-01
7.603302747285866081e-01
7.474679109910401520e-01
7.514709539698412044e-01
7.442293201923075863e-01
7.502388305590301787e-01
7.438231751797372837e-01
7.483558936965587494e-01
7.523689892561218340e-01
7.586768998108033291e-01
7.376187068224919763e-01
7.394290716973697108e-01
7.423034208299846837e-01
7.470911123810987098e-01
7.474831622734230407e-01
7.585306991177228619e-01
7.401806599046026891e-01
7.500064242172652662e-01
7.554768843136508982e-01
7.513616538364439323e-01
7.448140433579056863e-01
7.628375454388911514e-01
7.358288833713858557e-01
7.396909481396282127e-01
7.327971778907037548e-01
7.473910620362531620e-01
7.504022015648375010e-01
7.367733530793717511e-01
7.440013395490333581e-01
7.414010643937816170e-01
7.567933088372956751e-01
7.382156930370549208e-01
7.462786821669379345e-01
7.370822646507105835e-01
7.557627799971948779e-01
7.525141645337339869e-01
7.569466744487232113e-01
7.352043700965004147e-01
7.450871494752459023e-01
7.517270630990178226e-01
7.549003827510847309e-01
7.520000265689467112e-01
7.499895318662971322e-01
7.451724852246843778e-01
7.360376717723505768e-01
7.629089371415438414e-01
7.285429079758751758e-01
7.488229585533896504e-01
7.466479494009705675e-01
7.431146140824305135e-01
7.336628281682174846e-01
7.327609156523235967e-01
7.449116259082528835e-01
7.478003012165842511e-01
7.405105249668838541e-01
7.448857363575760449e-01
7.331680550631933801e-01
7.480817831665590445e-01
7.590907562311163259e-01
7.431578017834651328e-01
7.484365512434266732e-01
7.440907026323481110e-01
7.467338472074188660e-01
7.545017547069916564e-01
7.535278510029707055e-01
7.581786213877456104e-01
7.536281345340083426e-01
7.663075623692661154e-01
7.263320374837179960e-01
7.438021963672574177e-01
7.425745868930559990e-01
7.674385698609301754e-01
7.547500783198645147e-01
7.321101560095013561e-01
7.436275014738734646e-01
7.342385194601370735e-01
7.525509238250015498e-01
7.530243765528371602e-01
7.500907092974451462e-01
7.372029395647821115e-01
7.469550627089159844e-01
7.428609608898714134e-01
7.331409219445762515e-01
7.294785636066122292e-01
7.518755234130800602e-01
7.423271384844181142e-01
7.398724887606795697e-01
7.410091590525766936e-01
7.402077364825805361e-01
7.483849466635636993e-01
7.439450355724734898e-01
7.350553089990721212e-01
7.459946239522627920e-01
7.430520597123919657e-01
7.506215908258330183e-01
7.457441193885687714e-01
7.357280843007053539e-01
7.563583500749263555e-01
7.585536634580600790e-01
7.404759398578313334e-01
7.440230135315734072e-01
7.414543084040776666e-01
7.472128078044291133e-01
7.677297423078188743e-01
7.486375009333336994e-01
7.322379868253142687e-01
7.424316647198109242e-01
7.447015873389380980e-01
7.271563433627342699e-01
7.255710801109864772e-01
7.427329220273665156e-01
7.323795884882238205e-01
7.414980603452259178e-01
7.531194234976370527e-01
7.568667032919607074e-01
7.555727889850756274e-01
7.409445995142605046e-01
7.506574158149262876e-01
7.422462487066890935e-01
7.337109447431987563e-01
7.526178818336698439e-01
7.432731237440891592e-01
7.526972875513626704e-01
7.491022094085094674e-01
7.314418686994536012e-01
7.405963965681126027e-01
7.495395685254701013e-01
7.496782845535008288e-01
7.626892340520761149e-01
7.348218864516118387e-01
7.655341942595150773e-01
7.431475589153284655e-01
7.489864274535518174e-01
7.415386956117622219e-01
7.371029750771500577e-01
7.511608175324137049e-01
7.506454226871011048e-01
7.469309652801815469e-01
7.360159180036029980e-01
7.277975751126860571e-01
7.385767666647691243e-01
7.460321525315843916e-01
7.344267085337727874e-01
7.505903582886811476e-01
7.663374372956373026e-01
7.444278318820899409e-01
7.413905390178638921e-01
7.603337817830082557e-01
7.444108895382124391e-01
7.410535481671218783e-01
7.314336405048781353e-01
7.438255665540908224e-01
7.456281571040969114e-01
7.388566861378360606e-01
7.565346373812453784e-01
7.547021867852048427e-01
7.411535199528077600e-01
7.444562732727265653e-01
7.489100836661258809e-01
7.410771860487482821e-01
7.336435483240080213e-01
7.457421032520148430e-01
7.315923430760622459e-01
7.486212229267945606e-01
7.449174375489724387e-01
7.514529915206118460e-01
7.431068122422641586e-01
7.435629852351172131e-01
7.602476381494109869e-01
7.558402701597709550e-01
7.520819026667475704e-01
7.509955772293859244e-01
7.494556097717401943e-01
7.548234361543705306e-01
7.493315585599512607e-01
7.409346416765709709e-01
7.543796465988850120e-01
7.476789098655658439e-01
7.394127326480951501e-01
7.420643853469138795e-01
7.379191290164727191e-01
7.296395776869640803e-01
7.514685126883228206e-01
7.448311547521492271e-01
7.384022364257069038e-01
7.616764983946148204e-01
7.391234106254369607e-01
7.388444739233880343e-01
7.466664484115936862e-01
7.641087283232984584e-01
7.356330079560993163e-01
7.281225986582877674e-01
7.468957029639642364e-01
7.390153743199598946e-01
7.440590794112410533e-01
7.518864583371058785e-01
7.469659903413679025e-01
7.401310996717986868e-01
7.436687557782220015e-01
7.454987141751978630e-01
7.462524541830077851e-01
7.502930301576982153e-01
7.486072883449644833e-01
7.520497300443922395e-01
7.416608782901963348e-01
7.386066727866873460e-01
7.467658716416659681e-01
7.423462720382361102e-01
7.553584289018530074e-01
7.473341066043951431e-01
7.490471883581206747e-01
7.488195320979519343e-01
7.501880454612618321e-01
7.516982014301044623e-01
7.578108857851122426e-01
7.628531304680319369e-01
7.385137630512165208e-01
7.445350902794098946e-01
7.474629965256890385e-01
7.371429933356996589e-01
7.304349063040297407e-01
7.538408299185944683e-01
7.339089030080605536e-01
7.391554947835391465e-01
7.431368463210376030e-01
7.391626300698489471e-01
7.519615114205401296e-01
7.508237986695875943e-01
7.397580475942612255e-01
7.446991029471364820e-01
7.519633395353607641e-01
7.635299422876722364e-01
7.370293903607492148e-01
7.596453168225584252e-01
7.356201554611159210e-01
7.474937453876275839e-01
7.443538494656992688e-01
7.515216547209854214e-01
7.443244651595822825e-01
7.594138764739571945e-01
7.504962111032449368e-01
7.352316301792081177e-01
7.627174353468049173e-01
7.376132680531838348e-01
7.515037806025917089e-01
7.426394989432651972e-01
7.374092585971555591e-01
7.379159732654095860e-01
7.391128829975150971e-01
7.437530968375924978e-01
7.469978137015471642e-01
7.521119318924550656e-01
7.468652421937098662e-01
7.313105208430646931e-01
7.486234565237437355e-01
7.392178707514095448e-01
7.279023479371997674e-01
7.492386874836761690e-01
7.467241752914450803e-01
7.464310974845419500e-01
7.414643844547493812e-01
7.417870974247260385e-01
7.523343781944940023e-01
7.414973359439945844e-01
7.396309000901256647e-01
7.380563250020194532e-01
7.408767147119291741e-01
7.640437706430376341e-01
7.440179707144228827e-01
7.464770164973344446e-01
7.490164878635545698e-01
7.393977643481008943e-01
7.247703191866927686e-01
7.419660531348664101e-01
7.448834953288110405e-01
7.521307866613626825e-01
7.555880811749497994e-01
7.647547145941029356e-01
7.277599579183730016e-01
7.543324301269259680e-01
7.443242820405869820e-01
7.431282577547609902e-01
7.486655151330636748e-01
7.569709077028922151e-01
7.430056620814770030e-01
7.531970056005961034e-01
7.573229237889405052e-01
7.253517848840053128e-01
7.343579340243396869e-01
7.350851620407016229e-01
7.436416309582305484e-01
7.478364150697548451e-01
7.521597631076245571e-01
7.554221309843944798e-01
7.389721744985568996e-01
7.271314052090931401e-01
7.463252573861578476e-01
7.304638479299843112e-01
7.475451628837902485e-01
7.458988681552034539e-01
7.592283036626472636e-01
7.499259572446836941e-01
7.536553479561556301e-01
7.511052121486406774e-01
7.454006946768318986e-01
7.532976528570252128e-01
7.488812612084557729e-01
7.505251164153246002e-01
7.329536689053988141e-01
7.528697673073754260e-01
7.418453235772691778e-01
7.370033106812211576e-01
7.464852361817452264e-01
7.547146637062839281e-01
7.313388487212085787e-01
7.211602029168607819e-01
7.526720226547535253e-01
7.274905188637506015e-01
7.340719706370830711e-01
7.560631911347923673e-01
7.561769094596142438e-01
7.437668589167857336e-01
7.342175492371212364e-01
7.416626744054785059e-01
7.426549552564171153e-01
7.441204531449918669e-01
7.558668851278743661e-01
7.418116601525103215e-01
7.439547244252618929e-01
7.441876196264596288e-01
7.283571644657911293e-01
7.516605067753843183e-01
7.480507971629900554e-01
7.563533582931075694e-01
7.417817808784324951e-01
7.571282232705756066e-01
7.499985000637392485e-01
7.470476085762670637e-01
7.412907953995475641e-01
7.449340435387418191e-01
7.392455653271421401e-01
7.354424571470404848e-01
7.392124250012941378e-01
7.475106046904703705e-01
7.625531387286429430e-01
7.473617024053018643e-01
7.145436148987641678e-01
7.523468057206932347e-01
7.507543018638002108e-01
7.533109390141825568e-01
7.418782863053569043e-01
7.453134273672744614e-01
7.547997230646013023e-01
7.371674417904905408e-01
7.484998585524593739e-01
7.434332843246960199e-01
7.455860519533205055e-01
7.499145856523055098e-01
7.358367297380502547e-01
7.402424062608321531e-01
7.422076705546544195e-01
7.438358465369644401e-01
7.273859875930135388e-01
7.548424437927763186e-01
7.308660239801394454e-01
7.556331400720384117e-01
7.534781948969765386e-01
7.297814924857614072e-01
7.287697297336980240e-01
7.481875634850682077e-01
7.306678513706904576e-01
7.488306411506032712e-01
7.477026181539927485e-01
7.440792782517676729e-01
7.674180712798919224e-01
7.474006664289696289e-01
7.525063414147239449e-01
7.376842453636663910e-01
7.682553239822176305e-01
7.564289011363286575e-01
7.641373450298291070e-01
7.421497137188575177e-01
7.476591133990865279e-01
7.548720354676886624e-01
7.394711885852340849e-01
7.528295414465745461e-01
7.464008518812714765e-01
7.402579052501961909e-01
7.513992676967212736e-01
7.272162835376809742e-01
7.413620947642304282e-01
7.431546066926368876e-01
7.521502080026803982e-01
7.426261624116671234e-01
7.625016037558486337e-01
7.596582687507821285e-01
7.286566715230899938e-01
7.569960222350818890e-01
7.517613595580852071e-01
7.488414398500234936e-01
7.507975519139681309e-01
7.323993129002760449e-01
7.442806049994985518e-01
7.533812107991345597e-01
7.493723917744413709e-01
7.484067147876755088e-01
7.659092924811845560e-01
7.497612059592884126e-01
7.561026600957423405e-01
7.406563198319688901e-01
7.285428944785606875e-01
7.454429794258590203e-01
7.537205138750178168e-01
7.282531738701312207e-01
7.491256155604947287e-01
7.478451385307227639e-01
7.424732966646874210e-01
7.480240750322705301e-01
7.304077287738107715e-01
7.616018532265599328e-01
7.484335748003345667e-01
7.670662098654954519e-01
7.536198636925913741e-01
7.289949293737940650e-01
7.563551882389419889e-01
7.554310887837240029e-01
7.322355063840906286e-01
7.567295727565868102e-01
7.493243276063175085e-01
7.475286954463105094e-01
7.458931339041605657e-01
7.475768665122546341e-01
7.386459895659553965e-01
7.564669465230211554e-01
7.485390609566717757e-01
7.543033014772642098e-01
7.453796078278006609e-01
7.511730880775494557e-01
7.340039367319067809e-01
7.408782125569081112e-01
7.460281770821004521e-01
7.443753024435298959e-01
7.356171778491029656e-01
7.404382272622578309e-01
7.415478027381589010e-01
7.420270742510580719e-01
7.418666803462216075e-01
7.391122091070363442e-01
7.516029169442322022e-01
7.466848539020725095e-01
7.453847847264928328e-01
7.413968491601060640e-01
7.465089201256288609e-01
7.499287656364350685e-01
7.452490652244107006e-01
7.446185175922053201e-01
7.597616190130285219e-01
7.423681782312349098e-01
7.438543048635934962e-01
7.468523586919973978e-01
7.471337798267138064e-01
7.425440574651537284e-01
7.404683649833764258e-01
7.561304551779324257e-01
7.559986868562753592e-01
7.494401520009760231e-01
7.339945566093901697e-01
7.643501598073446646e-01
7.529006537995946990e-01
7.442642863887003468e-01
7.416539824515705481e-01
7.416068341424634225e-01
7.428651483904025188e-01
7.333219003130156954e-01
7.494950167764423687e-01
7.525555638798664404e-01
7.557776307620460710e-01
7.354972761986674490e-01
7.500793806609061809e-01
7.358249749405941786e-01
7.511972617010350683e-01
7.484036703351369946e-01
7.420241157360016881e-01
7.673615123774075730e-01
7.342912357275664936e-01
7.469868532773049630e-01
7.432048769829718848e-01
7.531847583306859883e-01
7.438789804033932862e-01
7.520975544309498328e-01
7.390647698142052135e-01
7.494904614681331401e-01
7.354961942320139556e-01
7.392161140104461792e-01
7.398022635953044324e-01
7.467708143462324921e-01
7.403691237060023855e-01
7.406422002436623409e-01
7.504124219174893584e-01
7.519388261213029168e-01
7.600064024537871443e-01
7.416261796665984951e-01
7.453259827426904627e-01
7.556179344148113985e-01
7.552666313720336477e-01
7.396287352578027052e-01
7.336124148855104332e-01
7.512556782941831601e-01
7.494289464792546207e-01
7.523504508963388959e-01
7.583661474396770075e-01
7.526380049639188607e-01
7.308472709699546099e-01
7.430907138450049132e-01
7.234391076355281003e-01
7.424617807178582884e-01
7.389617839446678271e-01
7.517172374050170580e-01
7.622241030603299494e-01
7.495535388569488644e-01
7.450258927849516821e-01
7.340591760377352948e-01
7.543349223091263545e-01
7.392207570029851738e-01
7.528176859569717383e-01
7.464271478755311051e-01
7.448912235328513098e-01
7.368190914967678307e-01
7.426611749770755111e-01
7.606186902593002896e-01
7.507651218830485584e-01
7.588444722111034046e-01
7.567667695374103998e-01
7.386814560959065190e-01
7.355552499486739393e-01
7.279081140667484906e-01
7.594009060194194527e-01
7.315727606468607203e-01
7.431203132389111454e-01
7.461808059449055452e-01
7.546669664388910848e-01
7.494190981484128988e-01
7.377051899700590720e-01
7.426653330277550591e-01
7.415498856199529421e-01
7.458767591852424328e-01
7.279378335681448986e-01
7.602146300002803336e-01
7.705737051576381225e-01
7.516285803684997768e-01
7.360550092212045925e-01
7.474750476960043688e-01
7.631904776649558464e-01
7.387032743651158473e-01
7.514839307802027024e-01
7.426473575252847681e-01
7.411951400576065607e-01
7.593422219377954363e-01
7.464872016043925251e-01
7.379004333442144015e-01
7.449371398302458980e-01
7.540621314097164518e-01
7.553821982141327718e-01
7.401476307340257854e-01
7.473130666840750447e-01
7.523642394023934976e-01
7.748018644056625659e-01
7.601609665859917486e-01
7.516168185726489481e-01
7.400467013282439055e-01
7.400519913059180332e-01
7.724640838511888097e-01
7.354465982785868272e-01
7.454043918346241471e-01
7.446973031687643685e-01
7.505581737990620894e-01
7.507459527844536629e-01
7.522602560557390960e-01
7.600963825651617656e-01
7.354428111352226960e-01
7.467297285610323687e-01
7.423386004017891171e-01
7.397178465600653396e-01
7.407002962171981286e-01
7.539616882634249118e-01
7.540615339587136701e-01
7.650823034576951232e-01
7.450015153531388545e-01
7.540778443775796314e-01
7.452364173523333690e-01
7.447809055237810671e-01
7.417844736521082005e-01
7.545463938642081869e-01
7.303541242728790461e-01
7.421416963097889896e-01
7.528267671751190937e-01
7.459686179594667843e-01
7.499778190745578499e-01
7.210702584360073608e-01
7.439392840612017999e-01
7.283266757701798433e-01
7.260623372402736919e-01
7.455818326023074816e-01
7.501930108948008380e-01
7.508862124002071425e-01
7.472461988191472226e-01
7.373996671549012394e-01
7.420329350415908465e-01
7.364286673641131653e-01
7.191772877364215333e-01
7.452232557898416099e-01
7.533343279339006493e-01
7.472183879315351662e-01
7.388568257769853043e-01
7.286617917953629453e-01
7.547419589879716950e-01
7.341606473622562801e-01
7.512786146873215998e-01
7.344786460502300551e-01
7.505291301509988688e-01
7.523437532729465582e-01
7.425301678661345717e-01
7.364195125332854142e-01
7.347349805688652147e-01
7.347161483010080651e-01
7.399789616721024199e-01
7.354558819401549874e-01
7.433811319191971911e-01
7.496874610657732196e-01
7.348630308418691026e-01
7.505649909914059448e-01
7.595625670014343189e-01
7.499338609390535648e-01
7.525476706232284707e-01
7.363046965317152637e-01
7.421015196468329078e-01
7.600447393849402156e-01
7.423544588718669068e-01
7.270792362402630493e-01
7.403308746470793622e-01
7.452020264014220796e-01
7.512561822463711403e-01
7.337724737878453807e-01
7.433637030487404429e-01
7.495716078541930782e-01
7.436744611315041498e-01
7.376182151218285687e-01
7.648135766252569523e-01
7.520182201348468709e-01
7.487115319376665967e-01
7.568383958919261412e-01
7.450552793511835414e-01
7.337010972645963136e-01
7.502547441062007438e-01
7.443502235401158185e-01
7.406369041872957748e-01
7.506456910687814288e-01
7.430763603748496982e-01
7.470181133584078426e-01
7.427825221311462611e-01
7.404986523235186358e-01
7.363262260287328775e-01
7.323669912268016002e-01
7.524880998087544182e-01
7.352718522399275258e-01
7.303130672915482124e-01
7.532720140476433235e-01
7.458786262144383450e-01
7.520567052460044311e-01
7.429004569919354095e-01
7.587567228088916149e-01
7.441543390470447550e-01
7.583161718961016762e-01
7.319278050325183083e-01
7.440900947838930968e-01
7.474905264011653117e-01
7.379220673749699033e-01
7.458357396904707892e-01
7.398566711299315868e-01
7.468230447533852345e-01
7.562817834609790735e-01
7.267501952639264795e-01
7.280511827712130568e-01
7.582020372340119163e-01
7.418671968799902539e-01
7.534795755271672668e-01
7.381398908908863854e-01
7.537390053998678230e-01
7.335424023026564377e-01
7.395748647548585630e-01
7.604435669652352958e-01
7.548003495304489441e-01
7.517500805607350012e-01
7.460994560194644798e-01
7.454564918114754413e-01
7.437447019244424196e-01
7.584956567933430760e-01
7.483864859008066972e-01
7.547600765437679771e-01
7.580805740867342379e-01
7.561858917823864878e-01
7.455284285626959662e-01
7.365409081012269654e-01
7.444799339221860324e-01
7.396638374358124324e-01
7.521627494139820902e-01
7.567940334817799819e-01
7.602538672031339262e-01
7.561957367369460670e-01
7.477757181647491924e-01
7.381546513747896388e-01
7.496159443754399909e-01
7.253454479028732527e-01
7.342641300683895311e-01
7.378039863845023971e-01
7.489678040631146949e-01
7.395905910116437054e-01
7.352485850552115121e-01
7.465172208434623924e-01
7.438745658149058526e-01
7.303523404709805211e-01
7.404408352106962576e-01
7.492813369082870212e-01
7.344074573166129438e-01
7.518645945886003323e-01
7.517247363590231490e-01
7.412082764046830086e-01
7.230095490567777228e-01
7.427494183605177769e-01
7.403099205562727603e-01
7.387784998574807860e-01
7.417326840708619029e-01
7.450691680519589966e-01
7.631281325304387630e-01
7.604797246798792321e-01
7.430894228759175046e-01
7.533802090971987164e-01
7.322474377320188355e-01
7.443206411941966083e-01
7.425226950363605916e-01
7.559085393999944724e-01
7.454286162633467772e-01
7.496160893222473254e-01
7.295600034524343247e-01
7.528793027849762787e-01
7.657141303557740697e-01
7.600923139841081477e-01
7.509852736186324318e-01
7.420946899537833596e-01
7.356160470436995391e-01
7.478337644673788143e-01
7.418946978481772980e-01
7.467955895049859238e-01
7.440593881048470637e-01
7.415365258399441162e-01
7.501114630971588149e-01
7.399127217529146705e-01
7.508328332699764074e-01
7.575445274617315095e-01
7.354641871607540127e-01
7.511100028211181723e-01
7.363690142655123783e-01
7.431735053347384712e-01
7.399882475015833183e-01
7.516350813565181310e-01
7.508304297606221978e-01
7.444983205020128114e-01
7.444757788939088128e-01
7.391823911175976480e-01
7.463748899982314278e-01
7.481242130194388773e-01
7.513095214999366833e-01
7.535294853729351816e-01
7.403801047842913929e-01
7.677716440375874640e-01
7.433372920051454225e-01
7.569269529234760041e-01
7.371103201929241067e-01
7.460548670495961154e-01
7.442739863872213091e-01
7.667474847422929285e-01
7.530058544907899387e-01
7.621412570979280154e-01
7.412010125636916413e-01
7.569949852328358153e-01
7.598370160107248417e-01
7.371660263336963226e-01
7.337671162075621867e-01
7.555322455907388379e-01
7.463397845217230042e-01
7.543695432980279669e-01
7.536368882805031255e-01
7.475282256885890098e-01
7.273821725987849041e-01
7.427413202918290436e-01
7.585354739826579706e-01
7.466691811384065236e-01
7.711094961896155509e-01
7.524710359931412462e-01
7.453198430682319575e-01
7.437463022196005857e-01
7.400100633165767050e-01
7.335381980060261542e-01
7.483297485640401092e-01
7.522224518894177203e-01
7.451409918021432155e-01
7.341075226445669122e-01
7.385866939488777705e-01
7.531923227888860373e-01
7.620993408179519424e-01
7.448194782420536342e-01
7.362943472364924524e-01
7.573076048999923815e-01
7.384786053636193115e-01
7.472831878496709601e-01
7.326383170928927324e-01
7.396611645280189995e-01
7.466990998072804420e-01
7.489193287250699438e-01
7.391138705116000462e-01
7.478555868700278442e-01
7.343109975772608156e-01
7.423115181178301381e-01
7.344909779375541348e-01
7.416407820802810580e-01
7.373143582688650444e-01
7.423239492301531017e-01
7.555740724126753793e-01
7.630334734750564563e-01
7.425683388129139528e-01
7.432364470036836313e-01
7.494913805078717850e-01
7.447679072501838249e-01
7.377127380987669181e-01
7.543606050913584937e-01
7.357681314475994494e-01
7.601703668274027992e-01
7.359224923466182178e-01
7.394913576484141160e-01
7.489313824242099793e-01
7.475746674153415094e-01
7.437436337083599414e-01
7.386515494068872645e-01
7.367931280390045412e-01
7.421938361331112954e-01
7.352961207387019860e-01
7.340114345980595090e-01
7.430805183110174017e-01
7.305579353530564646e-01
7.510020797007460613e-01
7.611809679082683910e-01
7.454243474938452296e-01
7.410306824608310361e-01
7.522376343950389899e-01
7.255041034894772478e-01
7.503416525116952673e-01
7.615685432753631634e-01
7.610220916498688926e-01
7.476402178904746343e-01
7.468452428030789569e-01
7.317640889050047726e-01
7.517910331900440335e-01
7.462510416843659566e-01
7.491842623506775878e-01
7.493205245827109229e-01
7.318019596187642639e-01
7.354589981709321878e-01
7.517417539409564364e-01
7.477319930319231700e-01
7.553778600963313439e-01
7.424530705652111484e-01
7.361223031515139459e-01
7.425529351579546189e-01
7.507619675264297632e-01
7.275528968362833249e-01
7.463635876315480866e-01
7.339785463448806890e-01
7.594410407681738695e-01
7.414298363769192823e-01
7.411013003677935362e-01
7.313643435728788278e-01
7.449053621658744406e-01
7.592174294678019075e-01
7.444957328902785942e-01
7.418429532592895059e-01
7.562561748598665146e-01
7.583703237524490604e-01
7.293426243878670112e-01
7.533009578618475865e-01
7.635776885745517717e-01
7.426519946860284938e-01
7.514214844984543618e-01
7.517323237597082208e-01
7.395150796989656827e-01
7.392303231454870893e-01
7.630233683941208822e-01
7.426348098294733857e-01
7.569795772816546586e-01
7.430865270026234537e-01
7.430956802142874018e-01
7.514944504081789711e-01
7.529597679361084150e-01
7.616693991732379487e-01
7.511627533290307079e-01
7.385917164973440086e-01
7.369426073541135436e-01
7.587047415305447906e-01
7.415192731953208494e-01
7.450995951163443820e-01
7.523200618014782570e-01
7.583840465290565547e-01
7.486886682782976088e-01
7.436635255101120556e-01
7.472626780324942430e-01
7.549208890681364803e-01
7.472408702832220584e-01
7.395904417672510833e-01
7.461706858190751968e-01
7.434678680633381997e-01
7.412789617685864307e-01
7.213217744825947131e-01
7.413440518362113263e-01
7.366210303490106082e-01
7.430172907322019071e-01
7.451507316851844198e-01
7.442811381499284673e-01
7.518762215830432361e-01
7.706911943842496004e-01
7.604554373886522889e-01
7.496777149837724474e-01
7.489711751254994887e-01
7.420492235791104063e-01
7.484840245663310077e-01
7.364945474443735929e-01
7.276828646733808359e-01
7.529925401776405014e-01
7.407078187202417174e-01
7.403906999622740237e-01
7.517210618111681564e-01
7.397237265381483295e-01
7.511691305794350182e-01
7.527717689531958634e-01
7.513174011624427218e-01
7.457142753700979343e-01
7.315973410190114157e-01
7.495934266113484234e-01
7.471876499819249950e-01
7.420907277501075372e-01
7.402027948694239745e-01
7.298275230763731081e-01
7.444430769490592015e-01
7.383537682436736027e-01
7.404841333162701655e-01
7.521407171272552761e-01
7.500963931189198464e-01
7.459420910399043869e-01
7.451725647811797693e-01
7.360006366184519422e-01
7.510428016123675832e-01
7.543810257621188509e-01
7.584243218566644185e-01
7.433509570446759085e-01
7.499656056644924407e-01
7.381536154248392601e-01
7.425039750871592625e-01
7.362524363341852451e-01
7.552344508399719825e-01
7.581374393602823281e-01
7.449207288154934270e-01
7.539855037699410012e-01
7.407811929184204836e-01
7.425616424163724583e-01
7.456475591974234263e-01
7.345441723900243414e-01
7.464449733090687822e-01
7.491651040485582946e-01
7.394840487860714351e-01
7.578712031448758824e-01
7.417542335308099366e-01
7.442389810483371893e-01
7.519200841720568018e-01
7.337164191261763557e-01
7.350804542965629906e-01
7.547924361344675592e-01
7.463827069045692042e-01
7.439751768091577011e-01
7.434001166053079146e-01
7.575698872657374849e-01
7.395791151698550836e-01
7.453837584811761063e-01
7.490178395271519518e-01
7.282786126300776486e-01
7.518913967870833881e-01
7.614380559844834417e-01
7.485270684822198373e-01
7.327043329637278335e-01
7.613007582624542469e-01
7.469390460259270892e-01
7.673375556880474013e-01
7.558704159253029076e-01
7.507760188071187502e-01
7.501223236863248101e-01
7.386370597848465058e-01
7.610856760995244885e-01
7.390767170411608467e-01
7.499957249884235955e-01
7.643279208637480115e-01
7.378634926510975189e-01
7.456026418912240494e-01
7.446660650602455744e-01
7.368347906995527108e-01
7.376957770034437978e-01
7.347250731143825098e-01
7.325498294309567004e-01
7.302270422721933718e-01
7.455500377136231593e-01
7.501117163571219271e-01
7.519031539314171564e-01
7.519619240474463284e-01
7.467170321783395126e-01
7.485863998470582148e-01
7.433428635372135718e-01
7.286647807120932852e-01
7.566675297889355889e-01
7.416209387073831039e-01
7.583637345629999915e-01
7.540103684649055449e-01
7.443106866086998119e-01
7.474620605657267269e-01
7.395450211132024165e-01
7.437845883063869401e-01
7.382605678296055851e-01
7.490511144356593043e-01
7.398612267396901254e-01
7.669220164575994980e-01
7.484568587953863705e-01
7.528588948529876257e-01
7.485656493570577164e-01
7.509066191944208102e-01
7.339267551281890567e-01
7.338262815205366385e-01
7.600261376664853019e-01
7.485637896788354118e-01
7.368751406785055691e-01
7.464036030288101475e-01
7.455785931502114661e-01
7.580526470907429371e-01
7.582158258961637642e-01
7.395284383544850071e-01
7.425513920304602777e-01
7.444024181688398967e-01
7.346113356087138335e-01
7.409438191243040706e-01
7.422362140842733158e-01
7.346283982377270760e-01
7.457205543642521084e-01
7.433159499168914275e-01
7.507003499319634399e-01
7.476000001137849127e-01
7.459193761338602791e-01
7.563262216881782019e-01
7.405572768518023929e-01
7.429688359142199161e-01
7.507734707717129696e-01
7.392244140647593609e-01
7.330119555421046318e-01
7.379871120387927474e-01
7.535861951756559485e-01
7.516418124818953217e-01
7.514858159410592320e-01
7.324796270238158602e-01
7.581488615800601183e-01
7.388159242290228690e-01
7.430870701934354505e-01
7.360950869673675845e-01
7.439504786793491586e-01
7.511501265130630101e-01
7.315125662143783236e-01
7.376946382098533705e-01
7.358897875241400266e-01
7.391470265683839358e-01
7.376092600763025642e-01
7.450927463553608243e-01
7.451833614980135634e-01
7.394379197711868912e-01
7.331580334667445742e-01
7.412575562765307824e-01
7.411312976090160820e-01
7.300357723885567696e-01
7.384668364055816392e-01
7.478406103461685550e-01
7.521783700381579063e-01
7.468157958808956387e-01
7.654369837721340941e-01
7.519477878538560756e-01
7.251379328823863712e-01
7.326566073850533378e-01
7.451231951434158507e-01
7.567776892720294857e-01
7.432229968147934240e-01
7.544024486312572719e-01
7.453590155848546228e-01
7.654419611510029364e-01
7.611371537695659217e-01
7.490019054795475917e-01
7.324781276530299978e-01
7.694865518818886363e-01
7.278965024263196470e-01
7.361922036061799846e-01
7.402847745567536775e-01
7.566003631549547137e-01
7.433706371184473083e-01
7.529663257420419198e-01
7.512330759946362901e-01
7.336352132322603303e-01
7.405330009417132597e-01
7.473302890538646714e-01
7.386511451337310907e-01
7.419248809666810773e-01
7.430328568407731371e-01
7.596943077845759174e-01
7.498170384879134787e-01
7.501937839348610249e-01
7.376155259373342599e-01
7.360625611282531899e-01
7.402190654622557986e-01
7.341512318168983420e-01
7.376450929987405924e-01
7.300288782626407347e-01
7.457051482961662980e-01
7.559627100818370193e-01
7.592294635259366764e-01
7.686601431133539553e-01
7.413037280740016888e-01
7.383376196443874884e-01
7.383356643442030576e-01
7.375618729869586332e-01
7.532096891314146170e-01
7.423730847669477440e-01
7.474988626192528018e-01
7.472610909473210716e-01
7.410523277935732178e-01
7.516571422985485196e-01
7.472800522524499778e-01
7.501153162438520816e-01
7.417790144216013237e-01
7.396395741278953828e-01
7.462527287383143859e-01
7.297653862402371239e-01
7.548558609877773495e-01
7.353966980129791331e-01
7.525023491707967249e-01
7.526461437197002891e-01
7.420441027179622839e-01
7.539172431350149584e-01
7.499393708579182860e-01
7.324277020077931688e-01
7.697231133202363518e-01
7.467417052253491061e-01
7.453398102463789643e-01
7.388906283384197859e-01
7.388164932603807911e-01
7.402382885522929001e-01
7.544575808116209537e-01
7.408782997703046158e-01
7.371802174444102018e-01
7.463344290851410268e-01
7.438298500684171755e-01
7.505706868354226069e-01
7.477609036423198408e-01
7.325249744931688900e-01
7.469190074988628636e-01
7.501683827934881865e-01
7.228076888028678315e-01
7.269197621817879984e-01
7.480684866206482875e-01
7.415576612535789147e-01
7.567602038518482788e-01
7.332359639452383782e-01
7.354116100711464155e-01
7.419878845173475401e-01
7.465170032389172317e-01
7.490990847889277271e-01
7.403472693999192389e-01
7.564875437975797645e-01
7.554405965447276161e-01
7.605165412480506815e-01
7.325650762903892499e-01
7.341364956941455189e-01
7.421983476644834488e-01
7.496623825793887752e-01
7.438980535254818838e-01
7.380715668143281727e-01
7.363395091586933949e-01
7.355699433546416532e-01
7.518832648350246561e-01
7.500479709944488649e-01
7.420726865253759463e-01
7.417880226135440402e-01
7.574565734252788340e-01
7.481923360113617028e-01
7.473050997348110736e-01
7.457303436695593701e-01
7.485449174489523516e-01
7.284273608730452709e-01
7.521437487964468538e-01
7.496761868736617762e-01
7.523890468450323832e-01
7.320433468544804700e-01
7.650342189387147052e-01
7.316901239907197541e-01
7.484034432858862607e-01
7.408032371116378689e-01
7.496408370267024779e-01
7.437629353319040737e-01
7.501402578091218576e-01
7.508023959619561927e-01
7.501088518609092537e-01
7.589300974868710137e-01
7.431164681028902264e-01
7.349660021052818459e-01
7.414700277725245758e-01
7.428875563059351705e-01
7.488284083078863285e-01
7.463167728754005470e-01
7.488650678148598416e-01
7.422483768241792124e-01
7.428531857524579562e-01
7.412814100354795377e-01
7.410348056278263096e-01
7.363503414998678887e-01
7.449054008140889582e-01
7.400870790800168075e-01
7.626523025849559767e-01
7.348217668577035067e-01
7.398585410399447504e-01
7.326606426033656083e-01
7.413414120688612829e-01
7.316171417321409853e-01
7.281829848842721331e-01
7.498169414056865545e-01
7.462381116950127513e-01
7.510291315496115949e-01
7.363633761147547752e-01
7.351065357177776205e-01
7.419795755984255337e-01
7.436878814542225991e-01
7.451562230632032824e-01
7.340015436493322332e-01
7.357142045670768127e-01
7.508808589672830713e-01
7.452505957248626300e-01
7.422842388238350964e-01
7.417487975524268418e-01
7.533152987806952527e-01
7.495015514463417849e-01
7.446794424552731773e-01
7.460709932440504621e-01
7.249179792157763869e-01
7.310437230034249056e-01
7.441693648815301820e-01
7.488906268469796013e-01
7.464478058342269851e-01
7.423371280143521433e-01
7.455136581496413228e-01
7.378212947755901086e-01
7.322284817592483730e-01
7.604777099634788540e-01
7.429333378238507368e-01
7.556844220067860940e-01
7.507118791368483368e-01
7.415677224692220904e-01
7.456077256961614053e-01
7.337082686842916202e-01
7.334399583027313430e-01
7.426955069662235509e-01
7.577899985081764100e-01
7.390307348140741084e-01
7.517820912692251278e-01
7.559217651441375585e-01
7.490536901227096145e-01
7.450206334346390902e-01
7.388808175506427212e-01
7.380624710600405258e-01
7.446728250232532709e-01
7.474647990911585937e-01
7.553270389017151532e-01
7.476783503935559017e-01
7.580456532747974485e-01
7.573932001551074711e-01
7.469015341684286380e-01
7.398252244962888469e-01
7.476149207887216042e-01
7.405947237202428202e-01
7.586363171362278113e-01
7.502759484012001545e-01
7.614525008424616326e-01
7.471839547457156394e-01
7.474752082870022019e-01
7.411770067257710259e-01
7.478521714379230412e-01
7.456184607384457319e-01
7.339501091421273271e-01
7.506979346339754944e-01
7.495593411402868833e-01
7.413241114621482719e-01
7.587259820049080394e-01
7.427013322110845861e-01
7.546926292737133890e-01
7.545252756143124850e-01
7.452882884790045237e-01
7.411241940310884235e-01
7.509033668974831599e-01
7.410653363359789303e-01
7.527109642712820348e-01
7.442520828145939848e-01
7.454336082610721892e-01
7.496820701175517243e-01
7.497116358041481243e-01
7.224307993325329580e-01
7.608403404176206086e-01
7.365594417689390605e-01
7.430943971628696243e-01
7.371483827480268536e-01
7.555433790277350514e-01
7.533618198214379058e-01
7.397755295761153649e-01
7.471544523387079195e-01
7.510226390266551144e-01
7.485002551519349678e-01
7.376904296862984989e-01
7.362396705448673861e-01
7.290461728627757321e-01
7.514925793296833856e-01
7.508435203014204307e-01
7.310639272296072244e-01
7.581808300359783592e-01
7.498094213000663366e-01
7.314668088735878371e-01
7.535454761793748402e-01
7.599320873193839976e-01
7.360287532629785634e-01
7.424912179983358396e-01
7.420200629699230666e-01
7.416030695848989662e-01
7.523711625300020245e-01
7.348438672840766905e-01
7.381599041318041010e-01
7.530013097649213005e-01
7.547763959892552776e-01
7.462968559454200568e-01
7.436955446759523358e-01
7.433029971955554815e-01
7.546338502594482911e-01
7.462615907128209436e-01
7.377176881584078805e-01
7.483484413352269327e-01
7.481552255651667815e-01
7.441112028740473061e-01
7.431204012042201823e-01
7.457619268155961656e-01
7.480452516976995314e-01
7.513259764347790526e-01
7.533781538126010924e-01
7.568412527148349334e-01
7.361116479039117033e-01
7.510063015765469085e-01
7.537528534140764958e-01
7.342938856925590452e-01
7.502977499876539724e-01
7.476606704237571677e-01
7.452191144683036894e-01
7.484890565030890563e-01
7.400095177853988071e-01
7.381130149806179874e-01
7.518958863223882405e-01
7.449241406807836086e-01
7.500307824565206616e-01
7.314929552337796625e-01
7.481346326475818431e-01
7.444110896828793900e-01
7.545208046863661755e-01
7.400571102854656136e-01
7.509297041556413088e-01
7.500356700064859661e-01
7.463514321190771739e-01
7.364145662833984085e-01
7.504200477878142372e-01
7.410981390607457309e-01
7.490629857742191477e-01
7.344024004014365614e-01
7.421262186078710910e-01
7.337903913838003112e-01
7.535485575380592715e-01
7.286710487951166826e-01
7.430296230085079445e-01
7.582699128545999923e-01
7.469437257394839769e-01
7.599180331660815302e-01
7.501246310590875543e-01
7.490886498188644715e-01
7.421770889205553390e-01
7.581632282832959646e-01
7.477696863132415883e-01
7.395243552680973442e-01
7.521468712478017737e-01
7.529456266090455152e-01
7.548259167905226885e-01
7.476778214783581511e-01
7.515104270334423964e-01
7.551154807943324387e-01
7.555219878597138061e-01
7.539304210855066746e-01
7.375840380651371708e-01
7.433124220224043288e-01
7.458244955018386024e-01
7.451756038892631828e-01
7.403183909968489296e-01
7.316667197167138204e-01
7.464983677544841933e-01
7.563371263122707910e-01
7.474974001414482760e-01
7.456944664470147588e-01
7.413147545183099707e-01
7.407841199278889510e-01
7.494476417023793191e-01
7.575448849785290095e-01
7.485856800557768587e-01
7.469522699131883048e-01
7.449440644448330762e-01
7.473689195387255291e-01
7.530086004075383643e-01
7.545897574711171174e-01
7.357734536766770139e-01
7.391259121752714600e-01
7.432481564775539340e-01
7.494194470517108186e-01
7.283456902574400038e-01
7.499343072181964276e-01
7.497402939907293895e-01
7.515001826657401462e-01
7.604883230361206836e-01
7.472845145423490099e-01
7.485156056373281075e-01
7.426933088500476954e-01
7.330804059982694021e-01
7.461265553653217975e-01
7.561119955732387155e-01
7.443661150373956925e-01
7.432943328358474488e-01
7.516358449388718110e-01
7.414677879472537647e-01
7.577845176683567496e-01
7.579786393542337075e-01
7.502417283610643972e-01
7.465550671429329599e-01
7.454146462879981394e-01
7.450750776361596550e-01
7.415991291309461664e-01
7.474002352459309106e-01
7.398167120300296329e-01
7.380110003405534469e-01
7.302042633223272405e-01
7.421011808877990834e-01
7.367632000423590677e-01
7.580841325309076728e-01
7.380505779444569425e-01
7.469422430452700157e-01
7.597720424977367770e-01
7.321564364072101760e-01
7.497322399492070133e-01
7.476014957743076783e-01
7.366278404811767988e-01
7.426850529725327332e-01
7.493546520502417652e-01
7.371111504679994653e-01
7.400290497072795626e-01
7.584597333833240640e-01
7.491645657041234863e-01
7.454069499543010124e-01
7.384351950837565459e-01
7.503088112508489171e-01
7.478584201722162650e-01
7.515602000426584439e-01
7.460947858370459151e-01
7.316220282870385949e-01
7.334699318869878359e-01
7.411691096951243951e-01
7.432444796064381354e-01
7.293043519473756398e-01
7.469269362029293813e-01
7.428608082810699287e-01
7.366720577636106659e-01
7.484653821220965675e-01
7.395309366698666897e-01
7.558147957774726811e-01
7.474396076413964973e-01
7.482261785837989176e-01
7.501435217312402148e-01
7.386078270234871512e-01
7.472114064590456017e-01
7.370916887194525202e-01
7.599198599456474801e-01
7.545977574777708030e-01
7.548571023775483280e-01
7.480105852284713031e-01
7.486675734697411100e-01
7.464210849436658801e-01
7.390631866494643543e-01
7.379957564559821437e-01
7.518154473724949494e-01
7.373874230115089468e-01
7.348680355223016214e-01
7.486137651312845254e-01
7.593462642868445966e-01
7.430799784077275483e-01
7.302714293560300662e-01
7.464461173408183381e-01
7.462816130869684983e-01
7.390119265832038042e-01
7.351111654481844448e-01
7.549245404160053186e-01
7.436921543509088517e-01
7.473005068178958377e-01
7.649590310059753984e-01
7.426719788040774262e-01
7.321966357719406071e-01
7.437642487476650022e-01
7.434804438936272186e-01
7.576262064115368844e-01
7.518655887804805982e-01
7.361552424274891981e-01
7.400292930594387641e-01
7.489691143601318046e-01
7.523531796681224293e-01
7.575385268496255264e-01
7.251624889058544410e-01
7.500213276481827451e-01
7.436770171656992279e-01
7.427481207885489045e-01
7.500235858167161318e-01
7.397127244717608407e-01
7.319534775365251766e-01
7.490476806178658631e-01
7.580204502129793687e-01
7.534328655475623915e-01
7.376756268695184859e-01
7.557872647056426141e-01
7.473572246572380839e-01
7.460302125535547280e-01
7.478524861474046270e-01
7.513131047044111499e-01
7.687974880013114243e-01
7.608826744100545270e-01
7.554514808756964683e-01
7.565663360765932932e-01
7.574834189789968475e-01
7.253698349223510755e-01
7.679366068868748174e-01
7.637668871223705080e-01
7.387255135500445657e-01
7.426225671675013018e-01
7.634858574309739687e-01
7.404564486249920474e-01
7.527546151022963539e-01
7.419847577823990292e-01
7.367821539992033264e-01
7.475185641555666116e-01
7.533372198110570572e-01
7.501411258147275829e-01
7.450582398973707443e-01
7.499192871590852905e-01
7.316611884420699541e-01
7.382620524766934089e-01
7.579467521542875286e-01
7.354854816630800318e-01
7.508183669972615659e-01
7.396442449121430895e-01
7.434265169682024998e-01
7.417065188915831220e-01
7.385535325622275549e-01
7.493822764191876429e-01
7.614741104974658281e-01
7.430120312973789165e-01
7.517875767644718321e-01
7.432233311438321000e-01
7.487492816366519977e-01
7.459161108195625500e-01
7.415188614019591062e-01
7.404110488359612052e-01
7.499959102424345048e-01
7.445439433145520924e-01
7.482418095516528700e-01
7.285455203210644548e-01
7.408670317967461783e-01
7.541894386943973627e-01
7.454918599666155998e-01
7.472557277388496288e-01
7.356436368899530454e-01
7.512382149362802908e-01
7.443303721157940034e-01
7.476743288840995705e-01
7.316166207306162850e-01
7.522444055728232382e-01
7.319137532213277897e-01
7.591786255999685151e-01
7.629914082657571761e-01
7.400070280416195523e-01
7.549159144329748994e-01
7.384163777447739774e-01
7.279679944277160919e-01
7.412577326264535582e-01
7.309506771258963420e-01
7.485098516431589744e-01
7.318560182430916550e-01
7.428390406385456668e-01
7.507302795279637841e-01
7.613352133021242807e-01
7.412336461239891205e-01
7.494397203690581488e-01
7.268721491891380060e-01
7.317721889831004800e-01
7.515493670375136270e-01
7.495762037124803490e-01
7.519546464253683560e-01
7.375272666645329434e-01
7.414116430654580370e-01
7.445458766145123253e-01
7.458256028867350507e-01
7.360306542227242899e-01
7.535031951341155665e-01
7.526629062451094532e-01
7.439207285144182613e-01
7.334729483785307202e-01
7.356418026714000025e-01
7.471666500126005195e-01
7.598433436828444520e-01
7.493180392972841330e-01
7.541860089458054528e-01
7.457664174838709581e-01
7.349817845159659635e-01
7.454226514320895225e-01
7.365190534353828200e-01
7.544436070841010755e-01
7.535582009509435020e-01
7.509231823222396462e-01
7.441609348155159287e-01
7.461606375651814727e-01
7.474797460776122504e-01
7.472299342543385903e-01
7.506511081943053609e-01
7.545551530547048857e-01
7.448703012018785818e-01
7.360107556853753286e-01
7.371497825686074146e-01
7.387159270549501500e-01
7.381845546020122661e-01
7.171225283846266452e-01
7.482489213196474864e-01
7.493744897333739496e-01
7.418412733025511185e-01
7.369761415632750667e-01
7.267337460040378394e-01
7.456160576495785008e-01
7.629503333036697921e-01
7.391045685996862069e-01
7.446192473279305002e-01
7.424255338033873830e-01
7.315100857539851287e-01
7.559840395538883762e-01
7.475060867652010277e-01
7.396898050493455612e-01
7.514462525567591200e-01
7.537827159132306498e-01
7.479797174331437315e-01
7.506741171762822962e-01
7.469154654233982615e-01
7.356587183176667155e-01
7.317802030551098236e-01
7.496111582401291384e-01
7.542761253417309408e-01
7.527378488552280977e-01
7.331104201202632842e-01
7.380839367114718774e-01
7.541459413296415226e-01
7.663533600698906323e-01
7.499858547981554935e-01
7.566774053458235061e-01
7.271159300272327375e-01
7.430501770807417250e-01
7.589228768307390016e-01
7.475158032758918436e-01
7.451958926863614385e-01
7.548556312461404127e-01
7.283449086660918059e-01
7.318923039069951120e-01
7.463776956368231019e-01
7.386127491314650184e-01
7.358237627616550647e-01
7.575117156000525931e-01
7.370640456893915449e-01
7.354564013516796672e-01
7.565898083561820586e-01
7.373892543694849921e-01
7.478354304934927699e-01
7.533018173639857151e-01
7.416217444530637248e-01
7.398664876086493702e-01
7.645880763008578995e-01
7.472438119488905572e-01
7.505185191340095763e-01
7.453179368361372292e-01
7.440037210017708125e-01
7.400423479474701471e-01
7.457963057397044571e-01
7.330089603765962414e-01
7.383013479826522341e-01
7.495036102538314982e-01
7.311402528251063071e-01
7.480204940202856978e-01
7.355885591140541857e-01
7.385558222383935556e-01
7.499848251596142878e-01
7.532541377733047439e-01
7.428282809742280390e-01
7.388655483176078675e-01
7.613526569161482849e-01
7.388470849186786760e-01
7.530599986342695340e-01
7.405682291586779264e-01
7.393695587708712935e-01
7.391725487272712281e-01
7.490212278110215394e-01
7.422441191078837930e-01
7.498676896995413177e-01
7.544478766881691501e-01
7.382999110522511232e-01
7.575480826103966336e-01
7.543342263473907794e-01
7.569717658761008217e-01
7.524547420175052848e-01
7.458255393175644565e-01
7.458915895874332902e-01
7.643021758281378641e-01
