# Variable: deviance
# Sample shape: (2500,)
# Date: 2018-11-20 13:05:35.502106
-4.397299680902824548e+03
-4.400632621527382071e+03
-4.397121270360401468e+03
-4.396155179006682374e+03
-4.397745885528452163e+03
-4.399404448116999447e+03
-4.400787526076646827e+03
-4.394802018199610757e+03
-4.396631169483685881e+03
-4.400808325593910922e+03
-4.396677187149096426e+03
-4.400984883978811922e+03
-4.397405893886636477e+03
-4.398318711704540874e+03
-4.392288935898498494e+03
-4.391195177115645492e+03
-4.396984387201569007e+03
-4.399323335725293873e+03
-4.400548307447996194e+03
-4.391056177521933932e+03
-4.400329016676984793e+03
-4.395026933599157928e+03
-4.400993543798427709e+03
-4.395766901704514567e+03
-4.400675474440946346e+03
-4.396486878970174075e+03
-4.399361950179917585e+03
-4.394188718381266881e+03
-4.398471691919434306e+03
-4.396422574179100593e+03
-4.395475104888656460e+03
-4.400979636527090406e+03
-4.398130335005564120e+03
-4.399083257449721714e+03
-4.394218923671999619e+03
-4.392026647257498553e+03
-4.398178419936522914e+03
-4.400287673761773476e+03
-4.401053540214452369e+03
-4.397436357829874396e+03
-4.400948923321752773e+03
-4.396822033160576211e+03
-4.399719519750418840e+03
-4.399458038524755466e+03
-4.400807506450620167e+03
-4.400109904964621819e+03
-4.397393950102157760e+03
-4.400501519208216450e+03
-4.399654618171282891e+03
-4.399288038318189137e+03
-4.395777745795402552e+03
-4.396763854702199751e+03
-4.400383665806986755e+03
-4.399501905058526972e+03
-4.397816704260680126e+03
-4.399634669982601736e+03
-4.400729329814172161e+03
-4.399045032575187179e+03
-4.400757884353484769e+03
-4.399246821225927306e+03
-4.392828178115678384e+03
-4.394769937287775065e+03
-4.395766529591284780e+03
-4.396564986926874553e+03
-4.397241075515077682e+03
-4.398902259165721262e+03
-4.400407601735418211e+03
-4.393234091140502642e+03
-4.399144420212981458e+03
-4.393953557568686847e+03
-4.396497692872188054e+03
-4.397573543768668969e+03
-4.399127941290897070e+03
-4.399233383363550274e+03
-4.400160195818773900e+03
-4.399154709804302911e+03
-4.399197583248063893e+03
-4.400261975423592958e+03
-4.393552910251115463e+03
-4.396534915478958283e+03
-4.399510975059603879e+03
-4.400677132310975139e+03
-4.399253986704673480e+03
-4.395733972301871290e+03
-4.397725720693681069e+03
-4.399563448055791014e+03
-4.401043781035070424e+03
-4.400686064999526934e+03
-4.398267103489672081e+03
-4.397160352230075659e+03
-4.397839429502007988e+03
-4.395898354510014542e+03
-4.397729093150163862e+03
-4.399105285444191395e+03
-4.397588353268488390e+03
-4.399241331809167605e+03
-4.399741420349497275e+03
-4.396591472482830795e+03
-4.399354438739037505e+03
-4.394993536126509753e+03
-4.399385783570816784e+03
-4.400451853204724102e+03
-4.400236670607991073e+03
-4.398728240481865214e+03
-4.399076436057042883e+03
-4.399972882218144150e+03
-4.399408353904436808e+03
-4.398002772760617518e+03
-4.399969531521526733e+03
-4.397102675348171033e+03
-4.397556582793302368e+03
-4.398802724497578311e+03
-4.400379798933441634e+03
-4.398137841776610912e+03
-4.398869233229944257e+03
-4.398702437582238417e+03
-4.400024540927250200e+03
-4.395218954444168048e+03
-4.396619625116192765e+03
-4.396389522113349813e+03
-4.400166632059036601e+03
-4.400162982576641298e+03
-4.396796928418936659e+03
-4.398099449086323148e+03
-4.399535615020874502e+03
-4.399899113841224789e+03
-4.400453679195436052e+03
-4.396071448354454333e+03
-4.397863697388261244e+03
-4.398541984543671788e+03
-4.394474394738026604e+03
-4.400704516120450535e+03
-4.396477197357650766e+03
-4.397764354108917360e+03
-4.397411615210929085e+03
-4.400970829025442072e+03
-4.399680198224323249e+03
-4.398297429683896553e+03
-4.398931617765972987e+03
-4.400498475156698987e+03
-4.399651120847998754e+03
-4.397714887077078856e+03
-4.400194335938320364e+03
-4.400775553045140441e+03
-4.397227119991590371e+03
-4.397540936160783531e+03
-4.400985999472252843e+03
-4.400145446000604352e+03
-4.389148865172381193e+03
-4.399947350352700596e+03
-4.400170006063379333e+03
-4.398487403836832527e+03
-4.398107136585989792e+03
-4.394760151627745472e+03
-4.399752636280260049e+03
-4.394779662434458260e+03
-4.398156029458200464e+03
-4.396521394751382104e+03
-4.395709443900816041e+03
-4.395098514412175973e+03
-4.400605424252451485e+03
-4.398925523382287793e+03
-4.397732140613482443e+03
-4.400352238802288412e+03
-4.396126088210606213e+03
-4.399760463269811225e+03
-4.397560395524911655e+03
-4.399500484037447677e+03
-4.399679149607557520e+03
-4.397526981230191268e+03
-4.397983255174443912e+03
-4.400089336256742172e+03
-4.392226018068271514e+03
-4.388857259946711565e+03
-4.400339220224946075e+03
-4.399344505988792662e+03
-4.397237163066296489e+03
-4.400051709607283556e+03
-4.400848308755717881e+03
-4.398329906004128134e+03
-4.388160913068732043e+03
-4.399486722015004489e+03
-4.400203927839648713e+03
-4.397517795467227188e+03
-4.399324309262361567e+03
-4.397105939496720566e+03
-4.396725279991715070e+03
-4.399304085330611088e+03
-4.395777403273721575e+03
-4.397969698272077949e+03
-4.399365591999479875e+03
-4.400399970982432933e+03
-4.397795900085498943e+03
-4.394127077091407045e+03
-4.396324502052141725e+03
-4.399340290337011538e+03
-4.399643664853630071e+03
-4.399642478174917414e+03
-4.394831060032185633e+03
-4.400034000100543381e+03
-4.397856679386402902e+03
-4.399152450112181214e+03
-4.400882957209862070e+03
-4.400421910192181713e+03
-4.395932252147967120e+03
-4.401017163684564366e+03
-4.399920181174255049e+03
-4.397716835959896343e+03
-4.398070673354420251e+03
-4.397837180562471985e+03
-4.401101163783404445e+03
-4.400846253824927771e+03
-4.396989222910508033e+03
-4.396340731049110218e+03
-4.400253535821590958e+03
-4.397383976650322438e+03
-4.392600939358924734e+03
-4.396506776009335226e+03
-4.399537712935785748e+03
-4.398483191643873397e+03
-4.398350272917106849e+03
-4.398839089707122184e+03
-4.400467187469435885e+03
-4.400433649645035985e+03
-4.394453575636899586e+03
-4.396879128954295993e+03
-4.398879219318764626e+03
-4.399380556129563047e+03
-4.400313173543780067e+03
-4.398156424721530129e+03
-4.395857816039298086e+03
-4.393936588860064148e+03
-4.399722118921659785e+03
-4.397161037776580088e+03
-4.400662747295313238e+03
-4.399312383722073719e+03
-4.400035064949963271e+03
-4.397955809430113732e+03
-4.400892930006411916e+03
-4.399072678013519180e+03
-4.400326491017708577e+03
-4.400726896649602168e+03
-4.398690481670984809e+03
-4.399121725396089460e+03
-4.398246501498641919e+03
-4.400714016893983171e+03
-4.400910529633733859e+03
-4.396724859736102189e+03
-4.398850680676529919e+03
-4.398639526297352859e+03
-4.392648025676684483e+03
-4.399342488196467457e+03
-4.396864695670311448e+03
-4.399840297257991551e+03
-4.399985107408194381e+03
-4.399262737854140141e+03
-4.398832188782136654e+03
-4.399420704600552199e+03
-4.393696324282742353e+03
-4.395487637766627813e+03
-4.400280083907362496e+03
-4.398225796486979561e+03
-4.399528300885387580e+03
-4.400312083356435323e+03
-4.398255539543257328e+03
-4.400792646882161534e+03
-4.392841150012385697e+03
-4.399497057994794886e+03
-4.399484729850406438e+03
-4.397007605028746184e+03
-4.399650099431820308e+03
-4.399704609979668021e+03
-4.400770568850648488e+03
-4.397171381282411858e+03
-4.399974708733600892e+03
-4.394845024363778066e+03
-4.387440257185791779e+03
-4.400401828894599021e+03
-4.399896589468420643e+03
-4.393673366978500781e+03
-4.398403138658898570e+03
-4.398075692316531786e+03
-4.398437437932139801e+03
-4.395761448655687673e+03
-4.392612466918159043e+03
-4.394517278905338571e+03
-4.391795416566189488e+03
-4.400273330624427217e+03
-4.399869456654339047e+03
-4.400054418114848886e+03
-4.397851175793401126e+03
-4.395690418154703366e+03
-4.398500326495237459e+03
-4.401068042435254938e+03
-4.400670828496289687e+03
-4.397998825337961534e+03
-4.398818316551763019e+03
-4.400734470574522675e+03
-4.394811688963323832e+03
-4.395441220310199242e+03
-4.398510052837440526e+03
-4.399929720648722650e+03
-4.393850731378333876e+03
-4.396826404653713325e+03
-4.398312990672917294e+03
-4.398295427514762196e+03
-4.399942599757777316e+03
-4.397969884309036388e+03
-4.398980972868824210e+03
-4.399875947024705965e+03
-4.400501582501359735e+03
-4.400389591689441659e+03
-4.400339473642376106e+03
-4.396748458965525970e+03
-4.398259688260275652e+03
-4.400805131901795903e+03
-4.400035786239746812e+03
-4.398621167373806202e+03
-4.399222503741100809e+03
-4.394348957776697716e+03
-4.398709948281114521e+03
-4.400496581587761284e+03
-4.398996848312855946e+03
-4.400686112647550544e+03
-4.398558892255825413e+03
-4.399423740130618171e+03
-4.399436648584566683e+03
-4.398404444063635310e+03
-4.400643573942941657e+03
-4.400855834686515664e+03
-4.395381234936607143e+03
-4.397773539684754724e+03
-4.395875391150239011e+03
-4.399879813100616957e+03
-4.400061902754201583e+03
-4.400205704158737717e+03
-4.399678800424584551e+03
-4.398286629328365052e+03
-4.400661769072366951e+03
-4.398676121376493938e+03
-4.398172975309198591e+03
-4.399823698101077753e+03
-4.397188606084609091e+03
-4.398477879656209552e+03
-4.382430456754962506e+03
-4.396791414094430365e+03
-4.398609433210708630e+03
-4.397489603747393630e+03
-4.400408374274666130e+03
-4.397208258794858921e+03
-4.392438352401211887e+03
-4.398812160272405890e+03
-4.392991138007428162e+03
-4.400710397808439666e+03
-4.400300249533007445e+03
-4.397963528585399217e+03
-4.399261921966488444e+03
-4.400260406356570456e+03
-4.400513176851912249e+03
-4.399408150590465084e+03
-4.397733387292365478e+03
-4.396074113768152529e+03
-4.401068538033870936e+03
-4.397904960100408061e+03
-4.401084168038159078e+03
-4.399878595259192480e+03
-4.399817548341638030e+03
-4.401135679704668291e+03
-4.397544291304332546e+03
-4.401154792136960168e+03
-4.399386177049737853e+03
-4.395892115700684371e+03
-4.395006700477462800e+03
-4.400052280320335740e+03
-4.398671549989874620e+03
-4.398317501256693504e+03
-4.399360615059355041e+03
-4.399887348104216471e+03
-4.398874298122541404e+03
-4.400503275575763837e+03
-4.397724960248357092e+03
-4.398705734966738419e+03
-4.399548564452783467e+03
-4.399349081398708222e+03
-4.400409584933304359e+03
-4.398959335720057425e+03
-4.400408677158071441e+03
-4.400097194151981967e+03
-4.397123884999591610e+03
-4.401157813130986142e+03
-4.398001282196544707e+03
-4.399484023250577593e+03
-4.399968236232083655e+03
-4.397643144662879422e+03
-4.393651340559965320e+03
-4.393968799628419220e+03
-4.399049255014620030e+03
-4.400945101194691233e+03
-4.396242232156789214e+03
-4.394578454633290676e+03
-4.392660170153645595e+03
-4.399867212501259019e+03
-4.400826825356612062e+03
-4.396941874033778731e+03
-4.398333870731317802e+03
-4.399002501520102669e+03
-4.396649827532486597e+03
-4.398762464539135181e+03
-4.396418201983611652e+03
-4.393424983854509264e+03
-4.396457273119654928e+03
-4.390727309518335460e+03
-4.397314126302717341e+03
-4.399140747748682770e+03
-4.399133735026975046e+03
-4.400495315871277853e+03
-4.400879986461250155e+03
-4.397376001150074444e+03
-4.399073259444685391e+03
-4.397097683081918149e+03
-4.398903141885950390e+03
-4.397822176825617134e+03
-4.399098982917523244e+03
-4.398113243986709676e+03
-4.394075419997694553e+03
-4.394115782353600480e+03
-4.383709321277267009e+03
-4.398749470152308277e+03
-4.399261427702978835e+03
-4.399847527058505875e+03
-4.398623468016026891e+03
-4.400128808786033005e+03
-4.399105863952921027e+03
-4.395961800148715156e+03
-4.396430566980618096e+03
-4.398981715554230504e+03
-4.398777519842551555e+03
-4.398846096876875890e+03
-4.398294130731301266e+03
-4.390872967073932159e+03
-4.393885066264841953e+03
-4.399852624683999238e+03
-4.397059513895543205e+03
-4.397855429070656101e+03
-4.399075743285519820e+03
-4.395218722002130562e+03
-4.399652473568541609e+03
-4.400342913284676797e+03
-4.398148580296327054e+03
-4.398793034558934778e+03
-4.398351007495411977e+03
-4.400083331915743656e+03
-4.399477629887783223e+03
-4.394728492877363351e+03
-4.400592952915354545e+03
-4.397127225938779702e+03
-4.399943167931075550e+03
-4.400082428790688937e+03
-4.400430086056132495e+03
-4.392841501359314861e+03
-4.398669475110165877e+03
-4.394907631804152516e+03
-4.396261978261903096e+03
-4.398198445555750368e+03
-4.398194124356060456e+03
-4.400265619753773535e+03
-4.396618034643432111e+03
-4.394815655594995405e+03
-4.400651873768008954e+03
-4.399883288168803119e+03
-4.396324743047146512e+03
-4.397483443178909511e+03
-4.398506928064634849e+03
-4.400859011263033608e+03
-4.400811531795990049e+03
-4.400886437517585364e+03
-4.400694722881586131e+03
-4.394351856474881970e+03
-4.398471709449087029e+03
-4.394571829526107649e+03
-4.397631249362204471e+03
-4.398683520812731331e+03
-4.399716705032451500e+03
-4.399266967833202216e+03
-4.395536767500956557e+03
-4.399980837241058907e+03
-4.398995439599801102e+03
-4.399310868768556247e+03
-4.395930101687929891e+03
-4.398275795201267101e+03
-4.395771897312880355e+03
-4.399470476447887449e+03
-4.400721017822969770e+03
-4.393235608435970789e+03
-4.395053413668398207e+03
-4.398456725266611102e+03
-4.398479163539343062e+03
-4.397302633359428000e+03
-4.400470373448539249e+03
-4.399543841429367603e+03
-4.399520729400513119e+03
-4.397878800493948802e+03
-4.397150591430497116e+03
-4.400583929276634990e+03
-4.400556568839851025e+03
-4.391865049870686562e+03
-4.396330093317752471e+03
-4.400682696168842085e+03
-4.399724216809358040e+03
-4.397828963835059767e+03
-4.398078090952309140e+03
-4.400993379586597257e+03
-4.398365675688162810e+03
-4.396725540550438382e+03
-4.400835692727705464e+03
-4.399740004144681734e+03
-4.400394986789364339e+03
-4.399426536312880671e+03
-4.398815962751898041e+03
-4.396697262571995452e+03
-4.400216018554714537e+03
-4.398981084117474893e+03
-4.398109325186818751e+03
-4.399151554854621281e+03
-4.398197473109795283e+03
-4.399139409654702831e+03
-4.400133283914711683e+03
-4.395512206832309857e+03
-4.392544024379765688e+03
-4.399097947583361019e+03
-4.399374688140200305e+03
-4.399813463450482232e+03
-4.400447289432135221e+03
-4.397893087550251039e+03
-4.388469309634257115e+03
-4.398158693648605549e+03
-4.394007479218185836e+03
-4.397754081789547854e+03
-4.394083128577940442e+03
-4.397443180556482730e+03
-4.399633104811961857e+03
-4.400816316033437033e+03
-4.398657300529614076e+03
-4.396500139144401146e+03
-4.399158729785569449e+03
-4.396259650113581301e+03
-4.399657266096913190e+03
-4.397297139957796389e+03
-4.394782219853045717e+03
-4.392994867993647858e+03
-4.400179521721831406e+03
-4.398601686333478938e+03
-4.398646473100136063e+03
-4.396752666683122698e+03
-4.399501824322357606e+03
-4.398741949633318654e+03
-4.398544236403256946e+03
-4.399369799764244817e+03
-4.399674543851720955e+03
-4.400897308611048174e+03
-4.398332834095899671e+03
-4.399139646784799879e+03
-4.399216170315163254e+03
-4.398642267917021854e+03
-4.399760621994628309e+03
-4.399038794104181761e+03
-4.395913773530868639e+03
-4.399408162904465826e+03
-4.397112013787302203e+03
-4.397959673387021212e+03
-4.400046081486267212e+03
-4.396858746522026195e+03
-4.399525465026280472e+03
-4.400718588318314687e+03
-4.389367225903081817e+03
-4.397458922074241855e+03
-4.390891175520104298e+03
-4.393076464899890198e+03
-4.400484625921437328e+03
-4.397237906304588250e+03
-4.395461694036160225e+03
-4.397261505558881254e+03
-4.395224349435356089e+03
-4.400609801205709118e+03
-4.397705049564925503e+03
-4.397493908336711684e+03
-4.399429406526205639e+03
-4.397915787952346363e+03
-4.398464328205214770e+03
-4.396851188714235832e+03
-4.398170321288018386e+03
-4.398907226781990175e+03
-4.397963158836097136e+03
-4.399005177847038794e+03
-4.395969542435448602e+03
-4.399789185374687804e+03
-4.396406468417360884e+03
-4.398525361672212057e+03
-4.398601732647808603e+03
-4.399996863612905145e+03
-4.400042614386689820e+03
-4.399020835253110818e+03
-4.399287094299037562e+03
-4.396146251593050692e+03
-4.400132849881404582e+03
-4.398068435173621765e+03
-4.398656777551079358e+03
-4.399824019985298946e+03
-4.400844420494993756e+03
-4.394271853749895854e+03
-4.399169423087550967e+03
-4.399602905817821011e+03
-4.398516802876127258e+03
-4.400566229373216629e+03
-4.397446491812319437e+03
-4.399293505863751307e+03
-4.398415588384622424e+03
-4.398343207578460351e+03
-4.396128830303901850e+03
-4.395818428481931733e+03
-4.399067438119011968e+03
-4.396509894129786517e+03
-4.400778914745413203e+03
-4.395475399956186266e+03
-4.400258450652278952e+03
-4.399789888952896035e+03
-4.400118518916724497e+03
-4.400149529177590011e+03
-4.399069255659373084e+03
-4.398696098610789704e+03
-4.393519310150384626e+03
-4.400958554539558463e+03
-4.393218312782565590e+03
-4.396739348922856152e+03
-4.397636959539455347e+03
-4.399171662243452374e+03
-4.397264247173107833e+03
-4.400825930242562208e+03
-4.400656980001469492e+03
-4.400004330012890023e+03
-4.399297701894358397e+03
-4.400674503253238072e+03
-4.400678437861455677e+03
-4.399330851974508732e+03
-4.399857215944803102e+03
-4.399080895670695099e+03
-4.400264599065440052e+03
-4.400945577624967882e+03
-4.397364420760482062e+03
-4.396991371829265518e+03
-4.396770388701894262e+03
-4.399986892358003388e+03
-4.396054584451094343e+03
-4.400829797430177678e+03
-4.392765351291602201e+03
-4.393626356774918349e+03
-4.397320476827966559e+03
-4.399032221103334450e+03
-4.395122488186132614e+03
-4.397916152126133966e+03
-4.398309848562887964e+03
-4.400397213256255782e+03
-4.396756153245398309e+03
-4.400025526403514959e+03
-4.395978257318038231e+03
-4.400877870903931580e+03
-4.395967715680078982e+03
-4.397804172526655748e+03
-4.396360866744673331e+03
-4.398611044948029303e+03
-4.397693879697487318e+03
-4.396893534983065365e+03
-4.398513398182256424e+03
-4.395989162239350662e+03
-4.395246957078491505e+03
-4.398561035332308165e+03
-4.397373900648297422e+03
-4.398532447849316668e+03
-4.396449216884442649e+03
-4.399046498666874868e+03
-4.399239613838935838e+03
-4.394661591441858036e+03
-4.398236071070545222e+03
-4.397450154153028052e+03
-4.399341611973814906e+03
-4.399869755248362708e+03
-4.396928590235997945e+03
-4.399391433279180092e+03
-4.398315403359560150e+03
-4.399144566847791793e+03
-4.398281035370703648e+03
-4.398587407481897571e+03
-4.398688422738752706e+03
-4.394055261899726247e+03
-4.399100840318174960e+03
-4.399324431810277019e+03
-4.400927034714630281e+03
-4.397943164082367730e+03
-4.398075302415539227e+03
-4.393840539977263688e+03
-4.397699708161278977e+03
-4.396737878391540107e+03
-4.394374705770166656e+03
-4.399418271983789964e+03
-4.398184750814869403e+03
-4.394616909838914580e+03
-4.398761188652518285e+03
-4.400820959755641525e+03
-4.399119225897176875e+03
-4.399141017690211811e+03
-4.398471378795391502e+03
-4.401111087893174044e+03
-4.400246310651102249e+03
-4.396990057967536814e+03
-4.400115562626305291e+03
-4.400658316673643640e+03
-4.393756622347515076e+03
-4.400665191076254814e+03
-4.400236439889402391e+03
-4.399539201398206387e+03
-4.399675648774209549e+03
-4.396445824931955030e+03
-4.399150594256429031e+03
-4.394827469835532611e+03
-4.400619721372264394e+03
-4.398352854188693527e+03
-4.400249440479702571e+03
-4.396728663836394844e+03
-4.398549985697569355e+03
-4.401099035693006954e+03
-4.399848668182903566e+03
-4.401105197690862951e+03
-4.394957587923749088e+03
-4.400057743686555114e+03
-4.394360476464264138e+03
-4.395286896476920447e+03
-4.398377980793329698e+03
-4.399558911216314300e+03
-4.397948527231114895e+03
-4.397831117938814714e+03
-4.397278360419330056e+03
-4.398560707296404871e+03
-4.398029153169502024e+03
-4.400349248996542883e+03
-4.400383719805782675e+03
-4.399972369439787144e+03
-4.397057578628924603e+03
-4.397713700436077488e+03
-4.398858635101885739e+03
-4.398178968116116266e+03
-4.398625411657467339e+03
-4.400326110494968816e+03
-4.399687287420184475e+03
-4.397027059432473834e+03
-4.397121771563900438e+03
-4.398490296914105784e+03
-4.400568742130326427e+03
-4.396733751995574494e+03
-4.397845313745355270e+03
-4.396386960198882662e+03
-4.400527147710043209e+03
-4.400909968802329786e+03
-4.399427206364307494e+03
-4.401048885731959672e+03
-4.394514817527910054e+03
-4.398772858507672936e+03
-4.399073970121670754e+03
-4.400087483725192214e+03
-4.400802216860630324e+03
-4.400412381832972642e+03
-4.398083740471705823e+03
-4.396960481564129623e+03
-4.400150995306616096e+03
-4.399022752877871426e+03
-4.398990754136312717e+03
-4.399749970279769514e+03
-4.400045245087202602e+03
-4.396147078087781665e+03
-4.399051965824047329e+03
-4.398265646503667085e+03
-4.399092678296417944e+03
-4.392648702776819846e+03
-4.399830648069282688e+03
-4.400020190463108520e+03
-4.397651624655763953e+03
-4.400910218527825236e+03
-4.395101433045089834e+03
-4.399873186592622005e+03
-4.396473469693431070e+03
-4.399881198386523465e+03
-4.398496238797812111e+03
-4.398059762150324786e+03
-4.399071034476335626e+03
-4.398310605678152569e+03
-4.400168271258095956e+03
-4.398611492450480000e+03
-4.398947860335129008e+03
-4.398871149468204749e+03
-4.399043366301617425e+03
-4.398042244418037626e+03
-4.399824015999820404e+03
-4.396219223392225103e+03
-4.397161066247713279e+03
-4.399391203508649596e+03
-4.400485531776321295e+03
-4.399662460257803104e+03
-4.393118699497542366e+03
-4.397461261021090650e+03
-4.401064461884458069e+03
-4.400436114259575334e+03
-4.400760970633618854e+03
-4.400072308651835556e+03
-4.398646189560155108e+03
-4.399543277264581775e+03
-4.398086161140683544e+03
-4.400122375526437281e+03
-4.398831091538298097e+03
-4.400763036949538218e+03
-4.396540134733754712e+03
-4.397506671342700429e+03
-4.399674095215494162e+03
-4.399038488998749017e+03
-4.397940847252110871e+03
-4.394134167049785901e+03
-4.393579630973965322e+03
-4.400126226799571668e+03
-4.400319840992792706e+03
-4.394467824147528518e+03
-4.398874344357885093e+03
-4.393892102579152379e+03
-4.400226297573079137e+03
-4.398670155536405218e+03
-4.396885630951039275e+03
-4.398328299324473846e+03
-4.400792953398280588e+03
-4.400131941370669665e+03
-4.398651928144155136e+03
-4.400904812505013979e+03
-4.395601298944281552e+03
-4.397582573073842468e+03
-4.399964182218497626e+03
-4.399994788917126243e+03
-4.397621343576484833e+03
-4.400096963938563931e+03
-4.400552139281029667e+03
-4.400390003650587460e+03
-4.400485790431454006e+03
-4.399726462207748227e+03
-4.401143311889536562e+03
-4.400311351512934380e+03
-4.400263716821256821e+03
-4.397526548322194685e+03
-4.398639678423545774e+03
-4.398113967929803948e+03
-4.395189741556811896e+03
-4.399672779904607523e+03
-4.399859787936382418e+03
-4.400418321829778506e+03
-4.401059434646047521e+03
-4.394726353954858496e+03
-4.400715088982429734e+03
-4.398982104871767660e+03
-4.400640830316697247e+03
-4.400408531656521518e+03
-4.394530427252218942e+03
-4.395670195768332633e+03
-4.394844317602778574e+03
-4.397301729912956944e+03
-4.400265339122748628e+03
-4.397112619983970944e+03
-4.397291326672243486e+03
-4.398800506982091065e+03
-4.398911285739251980e+03
-4.396934182539103858e+03
-4.400679114535167173e+03
-4.398512215379414556e+03
-4.400332703707497785e+03
-4.400987766827149244e+03
-4.400190342048160346e+03
-4.400728889729745788e+03
-4.396033511832935801e+03
-4.399306617356376591e+03
-4.397354293966121077e+03
-4.394841001446476184e+03
-4.396670965357131536e+03
-4.398097715217327277e+03
-4.395712317601854011e+03
-4.400408730879478753e+03
-4.399596329543150205e+03
-4.400198967401171103e+03
-4.399991851120953470e+03
-4.400418333261562111e+03
-4.395986013013717638e+03
-4.395637936962482854e+03
-4.396861643748550705e+03
-4.396157507661100681e+03
-4.397817341486130317e+03
-4.400115410597926711e+03
-4.397867748052559364e+03
-4.393748309619140855e+03
-4.394920572029088362e+03
-4.396519733600710424e+03
-4.400008415562067057e+03
-4.397552502295538034e+03
-4.392333299256863938e+03
-4.400590943869335206e+03
-4.396528206629787746e+03
-4.400848729601781088e+03
-4.395877594469093310e+03
-4.399228614879798442e+03
-4.396963449493667213e+03
-4.399365869532224679e+03
-4.399134138533204350e+03
-4.397745456446019489e+03
-4.398730195025305875e+03
-4.399946656767409877e+03
-4.393136705060276654e+03
-4.401034865583897954e+03
-4.397607711359232781e+03
-4.399058944666297975e+03
-4.398138437852978313e+03
-4.400602840497998841e+03
-4.394429061297213593e+03
-4.399883573306286053e+03
-4.397879796916344276e+03
-4.395883029311428800e+03
-4.398444890908054731e+03
-4.400815048353082602e+03
-4.397106679517200973e+03
-4.397360119170549297e+03
-4.398771113438973771e+03
-4.397927752391626200e+03
-4.400053701032701611e+03
-4.400604236251406292e+03
-4.400634885246693557e+03
-4.400979914434288730e+03
-4.399076285479434773e+03
-4.397741623343981701e+03
-4.398566910767098307e+03
-4.400820872494250580e+03
-4.400235029393375953e+03
-4.398068993469104498e+03
-4.399661908824634338e+03
-4.400586397755698272e+03
-4.398452158814228824e+03
-4.396784099068524483e+03
-4.392342612628803181e+03
-4.396366989791396009e+03
-4.395766912259766286e+03
-4.398411765689226741e+03
-4.398096493182683844e+03
-4.399644525754650203e+03
-4.399420244861527863e+03
-4.400346571965467774e+03
-4.400632690463000472e+03
-4.401151529838570241e+03
-4.399867881623727953e+03
-4.400003431860628552e+03
-4.399804536629947506e+03
-4.400124730267425548e+03
-4.400887600306555214e+03
-4.400381040808725629e+03
-4.397614465314404697e+03
-4.398850467949753693e+03
-4.398166227734506720e+03
-4.400285063478367192e+03
-4.398199830259594819e+03
-4.395732373328393805e+03
-4.399455577420170812e+03
-4.399043051158148046e+03
-4.399103533110310309e+03
-4.396661654950910815e+03
-4.400399398020503213e+03
-4.393752168349189560e+03
-4.400752696610313251e+03
-4.399829081405041507e+03
-4.396831227136277448e+03
-4.396248097420242630e+03
-4.398684091560870002e+03
-4.396450164617985138e+03
-4.399362194654756422e+03
-4.400366079310133500e+03
-4.398619398842773990e+03
-4.400411032391361914e+03
-4.398209648782138174e+03
-4.399643045714524305e+03
-4.400642447230165089e+03
-4.395902019406146792e+03
-4.396400503832351205e+03
-4.398614060045540100e+03
-4.393605837696334675e+03
-4.399437305802068295e+03
-4.401137823085033233e+03
-4.399888827713699357e+03
-4.400747008010550417e+03
-4.398335689455439024e+03
-4.397510843314198610e+03
-4.394583766302175718e+03
-4.397612964363792344e+03
-4.398788520394316947e+03
-4.400698326941073901e+03
-4.397628137715180856e+03
-4.399926083130684674e+03
-4.398056456215915205e+03
-4.399264238592049878e+03
-4.400661047593280273e+03
-4.399450285550959961e+03
-4.399391153531058080e+03
-4.398814947723465593e+03
-4.396581062870068308e+03
-4.400112098121706367e+03
-4.400348445176512541e+03
-4.393385508717820812e+03
-4.396922038121527294e+03
-4.399791149073922497e+03
-4.398240603019659829e+03
-4.399114890556088540e+03
-4.399223639604795608e+03
-4.399566152358007457e+03
-4.397957854467753350e+03
-4.400400302484015810e+03
-4.395700162125853240e+03
-4.400702353341985145e+03
-4.396977131420297155e+03
-4.399864074002613052e+03
-4.400460889451745970e+03
-4.400558826323364883e+03
-4.399577729749658829e+03
-4.395758691119652212e+03
-4.399836667573905288e+03
-4.393073314992335327e+03
-4.399839107387026161e+03
-4.398362559988499925e+03
-4.389573224168992965e+03
-4.394792951163035468e+03
-4.398891007193966288e+03
-4.400837626498504505e+03
-4.398045715463448687e+03
-4.394515262178109879e+03
-4.398567917158123237e+03
-4.397832397506068446e+03
-4.399563506693778436e+03
-4.394662128669885533e+03
-4.394204665778826893e+03
-4.395977320143651923e+03
-4.396538093350472991e+03
-4.400985114265064112e+03
-4.398907693093235139e+03
-4.400539702840434984e+03
-4.399254535772875897e+03
-4.399824800159572078e+03
-4.394805446795320677e+03
-4.400997002568679818e+03
-4.395522509728543810e+03
-4.398740144529971076e+03
-4.395744752156696450e+03
-4.397685143572221932e+03
-4.398163306455358907e+03
-4.395681835421944015e+03
-4.400258371074862225e+03
-4.399404761651959234e+03
-4.399410728484662286e+03
-4.398087036801565773e+03
-4.400520317908143625e+03
-4.395137299968282605e+03
-4.397940523059656698e+03
-4.398149586990407442e+03
-4.399589474995487762e+03
-4.397502556613454544e+03
-4.392126936484764883e+03
-4.397477605478472469e+03
-4.384407966970402413e+03
-4.399198837902331434e+03
-4.390551236604225778e+03
-4.399391395597962401e+03
-4.392925437215968486e+03
-4.399459275511824671e+03
-4.400202363904681079e+03
-4.397144475860932289e+03
-4.400632763521583911e+03
-4.399271527463313760e+03
-4.390763782093785267e+03
-4.396202044445657521e+03
-4.399977695849345764e+03
-4.400115476346205469e+03
-4.398738036743063276e+03
-4.396428165494406130e+03
-4.400316358524925818e+03
-4.396013548732112213e+03
-4.396899460925272251e+03
-4.400261935417234781e+03
-4.398701774922970799e+03
-4.394469749119512926e+03
-4.398694397012210175e+03
-4.395419255064141907e+03
-4.396041120580515781e+03
-4.397485350407550868e+03
-4.398886019732695786e+03
-4.399174560540845050e+03
-4.400731396439226046e+03
-4.394478033463306019e+03
-4.400957569589874765e+03
-4.387132182792138337e+03
-4.400490771310805940e+03
-4.400197202958237540e+03
-4.399541749382357011e+03
-4.400229441269499148e+03
-4.398555890781568451e+03
-4.396425349716529126e+03
-4.398390651521716791e+03
-4.399860450832517017e+03
-4.398086153728960198e+03
-4.398450919181632344e+03
-4.400413445832353318e+03
-4.398437496637673576e+03
-4.400155052195272219e+03
-4.398790565862214862e+03
-4.399358807179920404e+03
-4.396117043979264054e+03
-4.399898246217562701e+03
-4.389823983283093185e+03
-4.385689889920553469e+03
-4.398570992891542119e+03
-4.394937755806675341e+03
-4.394403994022030020e+03
-4.400926259536448924e+03
-4.398164884236755825e+03
-4.396561473639260839e+03
-4.400206705693259210e+03
-4.400997186070606404e+03
-4.395153972550144317e+03
-4.399964764672603451e+03
-4.399744266437857732e+03
-4.397336128489282601e+03
-4.394938621663735830e+03
-4.397210202326059516e+03
-4.396407178151078369e+03
-4.399656908316045701e+03
-4.400528899153110615e+03
-4.399140458381736607e+03
-4.398677656152274722e+03
-4.395868994274087527e+03
-4.399538363236253645e+03
-4.397753207196578842e+03
-4.400146676405500330e+03
-4.395652933463641602e+03
-4.400876265503748982e+03
-4.399934066001908832e+03
-4.400237732588168910e+03
-4.400860212808191136e+03
-4.397699990130047809e+03
-4.397531144119065175e+03
-4.391013213331321822e+03
-4.397977170831622971e+03
-4.400149571832369475e+03
-4.397916002250198289e+03
-4.400340347691374518e+03
-4.397709315004383825e+03
-4.386120010148131769e+03
-4.400303727670252556e+03
-4.399463854100644312e+03
-4.399206392148336818e+03
-4.394953168270283641e+03
-4.400661884034275317e+03
-4.395473302099973807e+03
-4.400530548230382919e+03
-4.394108808044715261e+03
-4.399302502836853819e+03
-4.398757547658649855e+03
-4.394716478548972191e+03
-4.400785225823965447e+03
-4.400919483458951618e+03
-4.400884615804784517e+03
-4.400118337578904175e+03
-4.397616687571015973e+03
-4.394613100924390892e+03
-4.400815529036406588e+03
-4.393909483302913031e+03
-4.399982761766767908e+03
-4.394419732116186424e+03
-4.398410109366470351e+03
-4.398725625968805616e+03
-4.397912803832748978e+03
-4.396128769445207581e+03
-4.399555902161252561e+03
-4.399298853417112696e+03
-4.401056857288882384e+03
-4.398513380970162871e+03
-4.396452100059754230e+03
-4.398548479544121619e+03
-4.397541804254164163e+03
-4.400243331724289419e+03
-4.400532867683373297e+03
-4.397705950868036780e+03
-4.398083978514631781e+03
-4.399391479799440276e+03
-4.400940207023377297e+03
-4.399863049578993923e+03
-4.399176070108138447e+03
-4.399763735895147875e+03
-4.400241469342940945e+03
-4.399353442916854874e+03
-4.400350215722623943e+03
-4.397200218537717774e+03
-4.400043298266695274e+03
-4.400572860309675889e+03
-4.397334753565868596e+03
-4.399746575760334963e+03
-4.401037504464942685e+03
-4.400575241802711389e+03
-4.396281465696650230e+03
-4.396246610293512276e+03
-4.397157203882284193e+03
-4.398925803488948986e+03
-4.399376487909086791e+03
-4.399461275350337019e+03
-4.400327903915000206e+03
-4.399324817617818553e+03
-4.399489031904742660e+03
-4.398975353330966755e+03
-4.397915304697664396e+03
-4.400035712245877221e+03
-4.398671866155165844e+03
-4.395827704138627269e+03
-4.399111172289632123e+03
-4.400435760170372305e+03
-4.400695142017556464e+03
-4.400074433985313590e+03
-4.400695557729301072e+03
-4.392323178063343221e+03
-4.399501726158836391e+03
-4.397564888900662481e+03
-4.398350158932782506e+03
-4.394670955420291648e+03
-4.399228221688265876e+03
-4.399845002398533325e+03
-4.398857333303763880e+03
-4.397405601678205130e+03
-4.397950624925519151e+03
-4.395503309768661893e+03
-4.398887481348164329e+03
-4.399391694075858140e+03
-4.397686242301690072e+03
-4.400283158707541588e+03
-4.398519405673614528e+03
-4.399695255910657579e+03
-4.395149711402704270e+03
-4.400891944970897384e+03
-4.398790905399857365e+03
-4.398734438932466219e+03
-4.398956318008663402e+03
-4.400062106662138831e+03
-4.399441542744945764e+03
-4.396899451760442389e+03
-4.400698173924261937e+03
-4.400315721446572752e+03
-4.398325665239892260e+03
-4.400529893805270149e+03
-4.397737055220098227e+03
-4.397942576330505290e+03
-4.399679278829051327e+03
-4.397517065594294763e+03
-4.395581830829506544e+03
-4.398730884878327743e+03
-4.400288706281246050e+03
-4.398960998003720306e+03
-4.398122742535222642e+03
-4.400319676433509812e+03
-4.396662071526006912e+03
-4.396868952515773344e+03
-4.394555942415125173e+03
-4.398484135816755952e+03
-4.398735773721342412e+03
-4.398210287276480813e+03
-4.394205810160184228e+03
-4.396641780375048256e+03
-4.400799645196392703e+03
-4.398874039027103208e+03
-4.399000675779147059e+03
-4.396055234312229004e+03
-4.398216996104501959e+03
-4.398650075046955862e+03
-4.399333775487224557e+03
-4.400194411511723956e+03
-4.400951780833931480e+03
-4.398437300406935719e+03
-4.400036560067008395e+03
-4.393397747036926376e+03
-4.397109960637956647e+03
-4.400226398931392396e+03
-4.394278965059213078e+03
-4.397317294309456884e+03
-4.397639173742431012e+03
-4.398395068080923920e+03
-4.400348411599756218e+03
-4.400907725144478718e+03
-4.396893350039754296e+03
-4.400135953617496853e+03
-4.398410964496992165e+03
-4.400065538548131371e+03
-4.400825952813753247e+03
-4.396908141613525004e+03
-4.393322142307034483e+03
-4.393769084361578280e+03
-4.393243272985178010e+03
-4.399623028767213327e+03
-4.395445521165525861e+03
-4.399794739679759005e+03
-4.395972609946054035e+03
-4.399407103550381180e+03
-4.399433975894916330e+03
-4.398663517728034094e+03
-4.400310613984865995e+03
-4.391118571972512655e+03
-4.400804640030029077e+03
-4.387189564970080028e+03
-4.399067303697787793e+03
-4.390138740459269684e+03
-4.398983295217391969e+03
-4.399232486416340180e+03
-4.398705883048294709e+03
-4.396368737957689518e+03
-4.389189916922288830e+03
-4.398293925823349127e+03
-4.395665017702223849e+03
-4.397053422166642122e+03
-4.400391363438723602e+03
-4.388761127678882076e+03
-4.399874398990712507e+03
-4.401025233861180823e+03
-4.399978629056713544e+03
-4.398525369573791977e+03
-4.399553321563127611e+03
-4.400606553241703295e+03
-4.398418842959083122e+03
-4.396494672697508577e+03
-4.393796185265278837e+03
-4.400883890694561160e+03
-4.399596371729318889e+03
-4.396829738976141016e+03
-4.400117319401791974e+03
-4.398184160939967114e+03
-4.393516905709434468e+03
-4.395357745936068568e+03
-4.398001152143402578e+03
-4.399538093906230642e+03
-4.399065121572966746e+03
-4.399396604916678371e+03
-4.398721597534734428e+03
-4.397831970963083222e+03
-4.395932677755405166e+03
-4.400387523234272521e+03
-4.398367697306352056e+03
-4.396240716161871205e+03
-4.391622406864945333e+03
-4.400906980290144929e+03
-4.396197771036707309e+03
-4.394909983028992428e+03
-4.398909521976728684e+03
-4.400901788253981977e+03
-4.397678164887736784e+03
-4.399786509088356979e+03
-4.400247348111521205e+03
-4.400226563411169991e+03
-4.398767734970375386e+03
-4.391522659726500933e+03
-4.398638135739758582e+03
-4.399027171365909453e+03
-4.398024061813643129e+03
-4.399884552591895044e+03
-4.395309915058081970e+03
-4.399538738186669434e+03
-4.399212367030246241e+03
-4.397645453159153476e+03
-4.398495531510183355e+03
-4.400867045970964682e+03
-4.400186062161938025e+03
-4.400819316982464443e+03
-4.399222861848997127e+03
-4.392993015377360280e+03
-4.398701198929671591e+03
-4.400707916353089786e+03
-4.399728605797396085e+03
-4.399304289980421345e+03
-4.398039409705075741e+03
-4.397786591120302546e+03
-4.400485558011778267e+03
-4.391750436164826169e+03
-4.397488159677767726e+03
-4.398136193447383448e+03
-4.395100430569974378e+03
-4.400683260197348318e+03
-4.396947766403727655e+03
-4.399574023762235811e+03
-4.396002888761832764e+03
-4.399679731335125325e+03
-4.399933454867670662e+03
-4.400357612889869415e+03
-4.396359656409309537e+03
-4.397098711001574884e+03
-4.400128410142835492e+03
-4.398533730584495970e+03
-4.399331132368980434e+03
-4.394763552329284721e+03
-4.400447341192083513e+03
-4.399301234757901511e+03
-4.398844234548698296e+03
-4.400045728806127954e+03
-4.398279897612073910e+03
-4.400434821794450727e+03
-4.397373918430635968e+03
-4.396994592351457868e+03
-4.399761583204364797e+03
-4.401046520392696038e+03
-4.399276085514016813e+03
-4.395716675010155996e+03
-4.397480793674668348e+03
-4.399248146636357887e+03
-4.390043593432466878e+03
-4.398519498483241478e+03
-4.394914026837849633e+03
-4.395984399660348572e+03
-4.396365143238217570e+03
-4.396308057266985998e+03
-4.399769280406530015e+03
-4.400400752490388186e+03
-4.399067791864827086e+03
-4.395665653626034327e+03
-4.396554478291153828e+03
-4.398408837167159618e+03
-4.400281806581954697e+03
-4.400982528135358734e+03
-4.400047496180294729e+03
-4.400566940259237526e+03
-4.399905418366636695e+03
-4.399944333360675046e+03
-4.398689965994983140e+03
-4.396556146364498090e+03
-4.397009284988679610e+03
-4.398022786812717641e+03
-4.397731485175449052e+03
-4.399959732280996832e+03
-4.399245646559480519e+03
-4.399720541873102775e+03
-4.397951334229627719e+03
-4.399436360839763438e+03
-4.398279974192942973e+03
-4.396118820489293284e+03
-4.397372490220885993e+03
-4.400384893810806716e+03
-4.401001854962423749e+03
-4.397055475667112660e+03
-4.396509135721840721e+03
-4.400312259086354970e+03
-4.396925065925039235e+03
-4.398449946026736143e+03
-4.397242278771881502e+03
-4.399873904267605212e+03
-4.396859975182771450e+03
-4.399305768129293938e+03
-4.398032392956441981e+03
-4.400004129561448281e+03
-4.393493788009318450e+03
-4.397847428013736135e+03
-4.399248144664066785e+03
-4.400619372945047871e+03
-4.395427488341758362e+03
-4.400241755227145404e+03
-4.393010397711512269e+03
-4.397172023966887537e+03
-4.398388968195584312e+03
-4.400397144139401462e+03
-4.399523804725682567e+03
-4.399121674269308642e+03
-4.399024033417676037e+03
-4.399570674232024430e+03
-4.397695644571094817e+03
-4.400297723112067615e+03
-4.400298591094397125e+03
-4.399447316182897339e+03
-4.400201089884879366e+03
-4.399080018425530398e+03
-4.398353907648436689e+03
-4.394779181247576162e+03
-4.400925235273251019e+03
-4.393699785553788388e+03
-4.399736365250659219e+03
-4.393526431051122927e+03
-4.397345066748644967e+03
-4.397460429065700737e+03
-4.396726466206519035e+03
-4.397792141776721110e+03
-4.395720548863291697e+03
-4.397147059254873966e+03
-4.399180873194576634e+03
-4.397842365389578845e+03
-4.396793173963148547e+03
-4.399991889846554841e+03
-4.400531903882721963e+03
-4.395810414088401558e+03
-4.398895414214464836e+03
-4.395342369433848944e+03
-4.395398836744949222e+03
-4.399823865156998181e+03
-4.397872756904320340e+03
-4.399612426857048376e+03
-4.399420801186583958e+03
-4.399366692632432205e+03
-4.398808184839728710e+03
-4.400068121043866995e+03
-4.398844167593311795e+03
-4.395198337983343663e+03
-4.395733592977355329e+03
-4.399139752522463823e+03
-4.399001351651364530e+03
-4.397275379201252690e+03
-4.398837658590380670e+03
-4.397997089334086013e+03
-4.399425355777564619e+03
-4.400223144737186885e+03
-4.399881992283839281e+03
-4.398333047757034365e+03
-4.400054082665568785e+03
-4.396007806884892489e+03
-4.398722092478408740e+03
-4.400142918903402460e+03
-4.401090780138655646e+03
-4.400473384699123017e+03
-4.398562259730063488e+03
-4.397157506945535715e+03
-4.394824794058924454e+03
-4.400241629680600454e+03
-4.393463694862646662e+03
-4.392343131281634669e+03
-4.400895074511943676e+03
-4.398487905122935445e+03
-4.385826322976761730e+03
-4.399662050400104818e+03
-4.396494639611504681e+03
-4.394008461419227388e+03
-4.398121872196226832e+03
-4.396202419485773135e+03
-4.399764054197280529e+03
-4.398728169374253412e+03
-4.397972350441654271e+03
-4.399822497938218476e+03
-4.397759011957958137e+03
-4.398942266672421283e+03
-4.400987952199071515e+03
-4.396299943729185543e+03
-4.400757131726126318e+03
-4.399039804907284633e+03
-4.400500493013336381e+03
-4.392948540483905163e+03
-4.400298804577760166e+03
-4.400894062689733801e+03
-4.400464850280786777e+03
-4.396287076453138980e+03
-4.394921287842571473e+03
-4.398038891118903848e+03
-4.400641014238801290e+03
-4.398581974651753626e+03
-4.398898850633242546e+03
-4.398654852084184313e+03
-4.398610219481239255e+03
-4.397690963098597422e+03
-4.401129229330370435e+03
-4.397471940448753230e+03
-4.399410175646257812e+03
-4.399496980755218829e+03
-4.399991994150541359e+03
-4.399007413537980028e+03
-4.400355025204235972e+03
-4.400886180966552274e+03
-4.400813465359383372e+03
-4.398433072213865671e+03
-4.398364240341730692e+03
-4.395604352428271341e+03
-4.399740837198472946e+03
-4.396568258493694884e+03
-4.400946827850299087e+03
-4.399764485011892248e+03
-4.397275745314842425e+03
-4.398607806888006962e+03
-4.389844241950178912e+03
-4.400526192591283689e+03
-4.393721046775902323e+03
-4.400788170365030965e+03
-4.400866592603393656e+03
-4.399657360105062253e+03
-4.397971276666377889e+03
-4.397750025935692975e+03
-4.398376665016992774e+03
-4.397220018408650503e+03
-4.400140944073942592e+03
-4.400917306939174523e+03
-4.400945600271719741e+03
-4.399449202219696417e+03
-4.398791711909125297e+03
-4.398729581499172127e+03
-4.400302084631196522e+03
-4.399624175840282987e+03
-4.398773891161410575e+03
-4.399395053542808455e+03
-4.397302201720097401e+03
-4.400171517515886080e+03
-4.397495830485702754e+03
-4.397382182738137999e+03
-4.400557338874034031e+03
-4.397666501072088067e+03
-4.395636761986734200e+03
-4.397578232947757897e+03
-4.395513631599587825e+03
-4.397289312928336585e+03
-4.399102695923909778e+03
-4.398904238338073810e+03
-4.398044975605606851e+03
-4.400123833052150985e+03
-4.399329466167813735e+03
-4.398615090306403545e+03
-4.399645928238447596e+03
-4.398458489894534978e+03
-4.399270890255488666e+03
-4.396759382352548528e+03
-4.399456730338331909e+03
-4.393831403903153841e+03
-4.401012198471289594e+03
-4.399976083320977523e+03
-4.398557631015194602e+03
-4.399191992899584875e+03
-4.397064318338266276e+03
-4.399843171299625283e+03
-4.398184448020851050e+03
-4.397562973320149467e+03
-4.397167141846323830e+03
-4.399239215758244427e+03
-4.398632509497780120e+03
-4.395314947677396049e+03
-4.389625148305773109e+03
-4.399332869860499159e+03
-4.400656882394574495e+03
-4.395716237482669385e+03
-4.391403991047502132e+03
-4.393605931847434476e+03
-4.399069290844865463e+03
-4.396890446239225639e+03
-4.397496770134453072e+03
-4.400368195510320220e+03
-4.398231264104792899e+03
-4.397013158244018996e+03
-4.399395967793205273e+03
-4.396806855736989746e+03
-4.400310464969978057e+03
-4.397842996432560540e+03
-4.400407035504020314e+03
-4.398694664518722675e+03
-4.397240541179347019e+03
-4.390686954145880009e+03
-4.395505665740124641e+03
-4.400193871566914822e+03
-4.400337604683689278e+03
-4.399255818582317261e+03
-4.397425308499087805e+03
-4.400026863839511861e+03
-4.399546461969765005e+03
-4.399564656951954021e+03
-4.397207278114769906e+03
-4.398853547031838389e+03
-4.400910837701327182e+03
-4.395995090720944972e+03
-4.396334364267326237e+03
-4.400613835948182896e+03
-4.399152302396268169e+03
-4.400633310157272717e+03
-4.396691669103021923e+03
-4.400129194140925392e+03
-4.385835883626716168e+03
-4.399686321564882746e+03
-4.397531503609232459e+03
-4.399693451765529971e+03
-4.400036105230889007e+03
-4.400835253624544748e+03
-4.396932003726755283e+03
-4.393477437962735166e+03
-4.392255318822622939e+03
-4.399198710454780667e+03
-4.389837515463739692e+03
-4.399873967535480915e+03
-4.397365157417360024e+03
-4.400035355018095288e+03
-4.396611241401426923e+03
-4.398532618381593238e+03
-4.398099169169860033e+03
-4.399950042796523121e+03
-4.399824573487485395e+03
-4.399998895637746500e+03
-4.398944999351939259e+03
-4.400402374919502108e+03
-4.400427216112299902e+03
-4.400001901148585603e+03
-4.398722698291529923e+03
-4.400257923264761303e+03
-4.399704432640906816e+03
-4.400621497259405260e+03
-4.394220573779031838e+03
-4.395553805040630323e+03
-4.400107190256723698e+03
-4.396938078208312618e+03
-4.400375537319454452e+03
-4.395523790126808308e+03
-4.400302501583735648e+03
-4.397785460308090478e+03
-4.399549338181534040e+03
-4.399602958782155838e+03
-4.400462635605381365e+03
-4.399680929641788680e+03
-4.397985506614480983e+03
-4.397425451721110221e+03
-4.399987977118684285e+03
-4.400199826645113717e+03
-4.399971788113500224e+03
-4.399780325961462950e+03
-4.398135355107770010e+03
-4.398993473488555537e+03
-4.397286893000426062e+03
-4.396590313179793156e+03
-4.397735653202864341e+03
-4.400341522639552750e+03
-4.399364437795147751e+03
-4.393254154722256317e+03
-4.400291641602189884e+03
-4.400843256868169192e+03
-4.399922425648306671e+03
-4.396506306719809800e+03
-4.398688941599179998e+03
-4.400982428052128853e+03
-4.399851377115029209e+03
-4.398800505022270045e+03
-4.396703776297879813e+03
-4.399640257295968695e+03
-4.396395058844681444e+03
-4.400836524394328990e+03
-4.399665387074600403e+03
-4.396148597172479640e+03
-4.400315513726353856e+03
-4.400573296598144225e+03
-4.400235504892365498e+03
-4.393032207192541136e+03
-4.400097898904520662e+03
-4.397558953309726348e+03
-4.396443688731425027e+03
-4.398088374916706925e+03
-4.397686296030522499e+03
-4.400967489638124789e+03
-4.395463070226272976e+03
-4.399022407206784010e+03
-4.399618144197389483e+03
-4.391251437474231352e+03
-4.400159372578098555e+03
-4.397724254458285941e+03
-4.399672307518641901e+03
-4.400677593308239011e+03
-4.396856599558639573e+03
-4.398640465329073777e+03
-4.399390015796147054e+03
-4.399933065259288924e+03
-4.399836163920270337e+03
-4.398464585424109828e+03
-4.399039593063585016e+03
-4.393921524496890925e+03
-4.398138011772889513e+03
-4.400992184435588570e+03
-4.400807537392249287e+03
-4.399285831561773193e+03
-4.400622131750760673e+03
-4.400126047976087648e+03
-4.400973652016588858e+03
-4.400383728663266083e+03
-4.390933370267958708e+03
-4.393159941241824527e+03
-4.400711573030348518e+03
-4.398218087053818635e+03
-4.400175701315796687e+03
-4.399860522504302025e+03
-4.394363469363626791e+03
-4.399593348551203235e+03
-4.398881951022249268e+03
-4.394638263030456073e+03
-4.399010516961604480e+03
-4.399630350552761229e+03
-4.394799762965708396e+03
-4.395047627183141230e+03
-4.399636060575584452e+03
-4.396964146040038941e+03
-4.397889321031013424e+03
-4.398397508258538437e+03
-4.396487536377495417e+03
-4.397720281988527859e+03
-4.400724516584767116e+03
-4.396941701125621876e+03
-4.396370779880949158e+03
-4.398209669394623234e+03
-4.398384308261385740e+03
-4.397547905982402881e+03
-4.399092397869372689e+03
-4.399923341790436098e+03
-4.396293974729487672e+03
-4.397564870270802203e+03
-4.400180512460548016e+03
-4.398952344521871964e+03
-4.398429345862770788e+03
-4.399618030409410494e+03
-4.399719788538663124e+03
-4.393116333590706745e+03
-4.400504156821149081e+03
-4.398516599183556536e+03
-4.398756718010345139e+03
-4.400778813936572988e+03
-4.399533526105551573e+03
-4.398394517152455592e+03
-4.398713359311928798e+03
-4.398623989046154747e+03
-4.399493707802756035e+03
-4.390715017330522642e+03
-4.398339101444201333e+03
-4.397309651182746165e+03
-4.397866932488779639e+03
-4.396563438122850130e+03
-4.398912386926309409e+03
-4.400051290239442096e+03
-4.398484292297389402e+03
-4.401101905229788827e+03
-4.399543965020113319e+03
-4.390579913440717064e+03
-4.399541132160611596e+03
-4.399204137221749988e+03
-4.399617891547030922e+03
-4.398640286348660084e+03
-4.400787898741514255e+03
-4.400010697136347517e+03
-4.398859720801431649e+03
-4.397922998656253185e+03
-4.399409521367812886e+03
-4.398459475052619382e+03
-4.394290228133690107e+03
-4.396793455043791255e+03
-4.386933228988679730e+03
-4.398033813982639003e+03
-4.399529799246886796e+03
-4.395063786129232540e+03
-4.396138399786228547e+03
-4.395702962343289983e+03
-4.399035131054266458e+03
-4.399984086993779783e+03
-4.399141657351140566e+03
-4.400081153971377717e+03
-4.397058600670399755e+03
-4.399550192921053167e+03
-4.392582649122588919e+03
-4.398087376571292225e+03
-4.400684303456762791e+03
-4.395829279470812253e+03
-4.393906403931563545e+03
-4.397133552628503821e+03
-4.397109994731938059e+03
-4.400071021808691512e+03
-4.399732104120974327e+03
-4.398439005784605797e+03
-4.399735484990879741e+03
-4.399299498342632432e+03
-4.399216735457446703e+03
-4.390825310363063181e+03
-4.400447432286241565e+03
-4.398566243702318388e+03
-4.398183192094067635e+03
-4.398970549676079827e+03
-4.398539856436562332e+03
-4.399977105643925825e+03
-4.400383732727015740e+03
-4.398936245359920576e+03
-4.397331476035926244e+03
-4.399413291146994197e+03
-4.398254903276185360e+03
-4.397028486903540397e+03
-4.395796493220524098e+03
-4.396838664789427639e+03
-4.395224255022283614e+03
-4.397520573393145241e+03
-4.393482295595513278e+03
-4.398500947582573644e+03
-4.395873555684638632e+03
-4.398273906282323878e+03
-4.399933307101799073e+03
-4.394838387008556310e+03
-4.400040312997845831e+03
-4.399853463655001178e+03
-4.399813338125425616e+03
-4.398036272965657190e+03
-4.399738118009488971e+03
-4.400834767429856583e+03
-4.390934335660133911e+03
-4.399161470376891884e+03
-4.400189919257147267e+03
-4.400591797389774001e+03
-4.396792507098934948e+03
-4.396755907561417189e+03
-4.389929259018060293e+03
-4.399971742826915033e+03
-4.397783846510728836e+03
-4.400387334676915998e+03
-4.400140384328556138e+03
-4.399955834599621994e+03
-4.392525161613048112e+03
-4.393444433410405509e+03
-4.392854425930558136e+03
-4.400910513912732313e+03
-4.399226443682571698e+03
-4.398034906097245766e+03
-4.399794734719942426e+03
-4.398500071900006333e+03
-4.398029341589523938e+03
-4.398270859397927779e+03
-4.397926467638038957e+03
-4.396007053113446091e+03
-4.398304256301432360e+03
-4.398620192685640177e+03
-4.398232314625231083e+03
-4.401002090211195537e+03
-4.400395202275150950e+03
-4.392431077067050865e+03
-4.396187360729714783e+03
-4.400181508756835683e+03
-4.398779102230932040e+03
-4.395704474753763861e+03
-4.398177423039145651e+03
-4.395725912828364017e+03
-4.399472950650641906e+03
-4.400822375184578050e+03
-4.399002568983905803e+03
-4.395481668838050609e+03
-4.398815071026745500e+03
-4.399186545548164759e+03
-4.398451238887550062e+03
-4.398743475199345994e+03
-4.395213396849468154e+03
-4.400699303005646470e+03
-4.400082330246376841e+03
-4.395876035546787534e+03
-4.398951451807815829e+03
-4.399667942641117406e+03
-4.398787375534059720e+03
-4.398041829684505501e+03
-4.400233064748019387e+03
-4.398809643236798365e+03
-4.400923677437215702e+03
-4.396653098453603889e+03
-4.400526446828733242e+03
-4.400702876402579932e+03
-4.400820766975873994e+03
-4.400534448432696081e+03
-4.395022094325109720e+03
-4.398380493818038303e+03
-4.397302550124847585e+03
-4.400511377250050828e+03
-4.396404306863729289e+03
-4.396655537198802449e+03
-4.398104819466997469e+03
-4.400888186805437726e+03
-4.397396119408161212e+03
-4.397331289460404150e+03
-4.398916433749582211e+03
-4.398210665945631263e+03
-4.400538443739276772e+03
-4.400922475673185545e+03
-4.395704027614692677e+03
-4.400158031306611520e+03
-4.399291044139883525e+03
-4.397954360236417415e+03
-4.398956844096332134e+03
-4.400947407904026477e+03
-4.399184283691623932e+03
-4.398112448729335483e+03
-4.400116428392399030e+03
-4.400721665966341789e+03
-4.397631535284905112e+03
-4.399212082920681496e+03
-4.399332846271272501e+03
-4.396493775453774106e+03
-4.400042041127662742e+03
-4.395633273908322735e+03
-4.392676757988886493e+03
-4.399661009802091939e+03
-4.389363300373299353e+03
-4.396525599085250178e+03
-4.398184729404267273e+03
-4.394792615946069418e+03
-4.399678959256581948e+03
-4.389888979155239213e+03
-4.393473410111612793e+03
-4.398218564409606188e+03
-4.395092904557995098e+03
-4.399742143836057949e+03
-4.400222567440152488e+03
-4.400107155061336016e+03
-4.399228405907992055e+03
-4.399233371217835156e+03
-4.400348729774599633e+03
-4.399868601139818566e+03
-4.401003376914236469e+03
-4.397624425814190545e+03
-4.399192547428992839e+03
-4.398259753941400049e+03
-4.400696891932169819e+03
-4.399562714030227653e+03
-4.389945004133570365e+03
-4.398284576509618091e+03
-4.399669920171096237e+03
-4.399711498123817364e+03
-4.400843245171713534e+03
-4.400712036192890082e+03
-4.398947591073050717e+03
-4.399805491877152235e+03
-4.397858335169204111e+03
-4.397943385824284633e+03
-4.400401570368357170e+03
-4.398055296879605521e+03
-4.400219503047240323e+03
-4.398772686464928483e+03
-4.399506698397986838e+03
-4.398765027400622785e+03
-4.398016870040484719e+03
-4.398491056482885142e+03
-4.398019565638340282e+03
-4.400344886643443715e+03
-4.400222326620792956e+03
-4.399291548583954864e+03
-4.400741649526111360e+03
-4.400754593918863975e+03
-4.399827313628040429e+03
-4.397578104519837325e+03
-4.400699160562291581e+03
-4.400761394770031984e+03
-4.399812867110007574e+03
-4.397918490336434843e+03
-4.398869342500747734e+03
-4.396777293280985759e+03
-4.399518960406028782e+03
-4.398132079877261276e+03
-4.400617898747252184e+03
-4.400172015748234116e+03
-4.397967313322222253e+03
-4.400043287258755299e+03
-4.397770866569974714e+03
-4.398741313692335098e+03
-4.396591922188034005e+03
-4.400807649727606986e+03
-4.400477486308949665e+03
-4.399079330411455885e+03
-4.399318202608329557e+03
-4.399356223252776545e+03
-4.399965900660431544e+03
-4.399909720457994808e+03
-4.398604185832705298e+03
-4.399614198125509574e+03
-4.396530043999569898e+03
-4.399458105284182238e+03
-4.397673870455412725e+03
-4.400423080841338560e+03
-4.400669120111493612e+03
-4.399356040389073314e+03
-4.400188695536378873e+03
-4.398784028975271212e+03
-4.400483209102509136e+03
-4.400638018449260926e+03
-4.400397041118299967e+03
-4.389825556502557447e+03
-4.398161742653012880e+03
-4.397943267407950771e+03
-4.395851165831956678e+03
-4.398939240615071867e+03
-4.398402770719459113e+03
-4.396780141849295433e+03
-4.398508533907534002e+03
-4.399879437075421265e+03
-4.400749993702529537e+03
-4.400265337486546741e+03
-4.399774611815442768e+03
-4.398701741452454371e+03
-4.394987152556447654e+03
-4.399631074556480598e+03
-4.399653571295968504e+03
-4.391420669436493881e+03
-4.397053740065729471e+03
-4.400195034378102719e+03
-4.397492571914108339e+03
-4.395135068927722386e+03
-4.398261294141375402e+03
-4.399100587445700512e+03
-4.399991095031891746e+03
-4.399282778610426249e+03
-4.397159286285827875e+03
-4.397847344419948968e+03
-4.399085669779022282e+03
-4.396599000415633782e+03
-4.399610488079083552e+03
-4.399809815928532771e+03
-4.399561282500309972e+03
-4.400448320929570400e+03
-4.400109134803468805e+03
-4.399801753953603111e+03
-4.398199065376511498e+03
-4.400073677537009644e+03
-4.398483061333911792e+03
-4.401026800996587554e+03
-4.398535037661675233e+03
-4.400721192290578983e+03
-4.399693436202263911e+03
-4.400893277043914168e+03
-4.398005276137539113e+03
-4.400224590447287483e+03
-4.398660933204099820e+03
-4.399436559512371787e+03
-4.399754018902738608e+03
-4.398652818660444609e+03
-4.397471788682163606e+03
-4.395377658718396560e+03
-4.400868404567770085e+03
-4.397186123963485443e+03
-4.396559384172620412e+03
-4.399861225824297435e+03
-4.400423615480331136e+03
-4.399566204960857249e+03
-4.397982277790722947e+03
-4.397846765227352989e+03
-4.396609271772290413e+03
-4.400918656647232638e+03
-4.400830786326286216e+03
-4.400077939686458194e+03
-4.399736445237378575e+03
-4.400758568720873882e+03
-4.391526402111522657e+03
-4.399219379935198958e+03
-4.396469446746705216e+03
-4.399349596460744579e+03
-4.400152482687179145e+03
-4.398144632759562228e+03
-4.396224004816466731e+03
-4.399019871222367328e+03
-4.397761518492578034e+03
-4.397166141994919599e+03
-4.397305579333257811e+03
-4.399815387896376706e+03
-4.396353686394918441e+03
-4.400305099802841141e+03
-4.397276694599806433e+03
-4.398593828863176896e+03
-4.401021727588880822e+03
-4.400622952795217316e+03
-4.398921918035972340e+03
-4.400033877043868415e+03
-4.398999578186387225e+03
-4.398148991836727873e+03
-4.395549803674129180e+03
-4.396325405282383144e+03
-4.400954401589903682e+03
-4.394948706261011466e+03
-4.399925265370454326e+03
-4.398922739115225340e+03
-4.400253862208681312e+03
-4.400119458713935273e+03
-4.397589758717596851e+03
-4.399578994857058206e+03
-4.398689591695841955e+03
-4.396741985400147314e+03
-4.396916276835248937e+03
-4.397807280267251372e+03
-4.399615157019660728e+03
-4.396187794156076052e+03
-4.399451050744238273e+03
-4.399362495633230537e+03
-4.400704161980309436e+03
-4.396723688283446791e+03
-4.393740253203551219e+03
-4.399538516336914654e+03
-4.391785798908101242e+03
-4.398607174479613604e+03
-4.399968693303260807e+03
-4.400032568520116001e+03
-4.395747475564889100e+03
-4.393221000024973364e+03
-4.400116280848627866e+03
-4.399000573584341510e+03
-4.397267639556172071e+03
-4.397189382531693809e+03
-4.399109807749726315e+03
-4.397487507404288408e+03
-4.399636909003000255e+03
-4.396722799945649967e+03
-4.396804647548271532e+03
-4.399634913943944412e+03
-4.400807399248542424e+03
-4.397569716397481898e+03
-4.397831977256649225e+03
-4.398096762490822584e+03
-4.400683173935197374e+03
-4.394300609574375812e+03
-4.399897528090978994e+03
-4.400339161712335226e+03
-4.399387213135643833e+03
-4.398106041040027776e+03
-4.400503810152174083e+03
-4.399451125305757159e+03
-4.400811970885948540e+03
-4.399213959055658961e+03
-4.400270218038516759e+03
-4.397027801480154267e+03
-4.394697593837030581e+03
-4.394987298988140537e+03
-4.396007747869924060e+03
-4.400672882141245282e+03
-4.399927355606895617e+03
-4.395015332269464125e+03
-4.398831793154853585e+03
-4.396373298494128903e+03
-4.395727937183411086e+03
-4.398124776664947603e+03
-4.400621168844360000e+03
-4.400019966317453509e+03
-4.396640273712638191e+03
-4.396631849789529952e+03
-4.400297777168145331e+03
-4.398463800679634005e+03
-4.397054239802808297e+03
-4.397546829762108246e+03
-4.400215689452556035e+03
-4.398634010716537887e+03
-4.398491197661691331e+03
-4.396608010928222029e+03
-4.400708079804477165e+03
-4.397567514094675062e+03
-4.400819761432444466e+03
-4.398539108442691941e+03
-4.398896310452450052e+03
-4.396879808117397261e+03
-4.399855887851177613e+03
-4.397844394087880573e+03
-4.397569954944251549e+03
-4.398212690562272655e+03
-4.399363512169204114e+03
-4.400486087911325740e+03
-4.399592874346936696e+03
-4.394194794427713532e+03
-4.399131700641422867e+03
-4.398616925186166554e+03
-4.397312263904968859e+03
-4.395017723552869938e+03
-4.397371747987036542e+03
-4.400087864769575390e+03
-4.396324241884474759e+03
-4.398899933193724792e+03
-4.396773430761542841e+03
-4.397320736668148129e+03
-4.399196121164235592e+03
-4.400633279717292680e+03
-4.398238352257941187e+03
-4.399210320485611192e+03
-4.395815746696385759e+03
-4.400208952151307130e+03
-4.398667432643268512e+03
-4.395783523320691529e+03
-4.398472632776119099e+03
-4.397299879895695085e+03
-4.398059736100178270e+03
-4.399080485371854593e+03
-4.397186524850390924e+03
-4.400581607994237856e+03
-4.398662280178172296e+03
-4.397859729473683728e+03
-4.398952237374092874e+03
-4.401000068864414970e+03
-4.396604550013659718e+03
-4.399483977145090648e+03
-4.396808281990780415e+03
-4.400372231634457421e+03
-4.399332868861026327e+03
-4.395941941193001185e+03
-4.399641752274096689e+03
-4.398584705488694453e+03
-4.395572811721690414e+03
-4.400112359815331729e+03
-4.399268751229654299e+03
-4.398469917257398265e+03
-4.394152278681354801e+03
-4.398519677419120853e+03
-4.400024744058908254e+03
-4.397666772718603170e+03
-4.397442910023357399e+03
-4.400480938377462735e+03
-4.393515059491726788e+03
-4.400613011766923591e+03
-4.398119557346981310e+03
-4.398234245401504268e+03
-4.400115683269592409e+03
-4.399491036566053481e+03
-4.401077448513638046e+03
-4.400695371992913351e+03
-4.400438445277630308e+03
-4.399804722167340515e+03
-4.394195067295881017e+03
-4.395283137774029456e+03
-4.397083528032472714e+03
-4.399695769420047327e+03
-4.398475297044559738e+03
-4.394480988169851116e+03
-4.393531429696312443e+03
-4.394554498725621670e+03
-4.400575774043057208e+03
-4.400497686530725332e+03
-4.394807995428832328e+03
-4.399189692209165514e+03
-4.399208316487625780e+03
-4.394201581451839047e+03
-4.398678754060540086e+03
-4.396445805348239446e+03
-4.400367676298898914e+03
-4.396397772293511480e+03
-4.400134462832289501e+03
-4.398880459101986162e+03
-4.397958361044039520e+03
-4.399445322419300282e+03
-4.398428780417273629e+03
-4.394605368552018263e+03
-4.397150823937347013e+03
-4.392433862091760602e+03
-4.400796883580326721e+03
-4.399195428786562843e+03
-4.397871942999570820e+03
-4.399876789131331861e+03
-4.397364224427930822e+03
-4.401033559511364729e+03
-4.399103233099738645e+03
-4.399880069291584732e+03
-4.400010329115009881e+03
-4.399313022830499904e+03
-4.400867803990286120e+03
-4.399828246874643810e+03
-4.399568915633341021e+03
-4.399896253415923638e+03
-4.400759777334748833e+03
-4.397600611050940643e+03
-4.397782761417733127e+03
-4.400026918027913780e+03
-4.397877230884361779e+03
-4.395737532029207614e+03
-4.398459160844178768e+03
-4.397989231415639551e+03
-4.399299984957346169e+03
-4.400430653459748100e+03
-4.397500296419087135e+03
-4.400166377087680303e+03
-4.396665236478463157e+03
-4.396781588505822583e+03
-4.395562148330334821e+03
-4.397030717595470378e+03
-4.399027823785378132e+03
-4.392661409129012100e+03
-4.396499894918302743e+03
-4.393864100474318548e+03
-4.397356613306903455e+03
-4.399581253058344373e+03
-4.396581523318309337e+03
-4.399132688331237659e+03
-4.397423354997757087e+03
-4.398117300804045954e+03
-4.400219880953434767e+03
-4.400423347476113122e+03
-4.396568862716331751e+03
-4.398253126439805783e+03
-4.400539747674409227e+03
-4.397456146607642950e+03
-4.398584597131588453e+03
-4.399565824449395222e+03
-4.400257504197438720e+03
-4.399936873281764747e+03
-4.400202391523529514e+03
-4.399644369419476789e+03
-4.399851372310278748e+03
-4.400551530465070755e+03
-4.401062995334470543e+03
-4.396175971857445802e+03
-4.399455274787822418e+03
-4.400704251400019530e+03
-4.398275800639473346e+03
-4.396448911963596402e+03
-4.399343768982970687e+03
-4.400518076843974995e+03
-4.399198161008398529e+03
-4.396565908990443859e+03
-4.399777200457095205e+03
-4.400099104734959838e+03
-4.398974633341653316e+03
-4.400422307289310083e+03
-4.400925541238284495e+03
-4.400309663364912012e+03
-4.397869618340292618e+03
-4.400052201614056685e+03
-4.397598152987448884e+03
-4.392693677041832416e+03
-4.399797506255621556e+03
-4.396600962025689114e+03
-4.393124467681563146e+03
-4.400503298460405858e+03
-4.400056079535872414e+03
-4.387591302334767533e+03
-4.397102645320053853e+03
-4.399953662749151590e+03
-4.398411345559462461e+03
-4.399928699681790022e+03
-4.389961785484932079e+03
-4.396729277855974033e+03
-4.395815664545840264e+03
-4.400450568234135972e+03
-4.400027830859105961e+03
-4.400417063813894856e+03
-4.397102409062028528e+03
-4.399637193427319289e+03
-4.395946943974675378e+03
-4.399367617419285125e+03
-4.400557756762742429e+03
-4.400269971651972810e+03
-4.396244267484139527e+03
-4.391708486859057302e+03
-4.399955086399910215e+03
-4.399511630627015620e+03
-4.396621632974110980e+03
-4.399821741358776308e+03
-4.399078372543885052e+03
-4.399177809490336585e+03
-4.398308486155592618e+03
-4.397081632418359732e+03
-4.393862514829462270e+03
-4.395632835180033908e+03
-4.397443137037130327e+03
-4.398229382260416060e+03
-4.396472145883919438e+03
-4.399239201535578104e+03
-4.394986441050601570e+03
-4.399727221998620735e+03
-4.398020493015443208e+03
-4.399952936313244209e+03
-4.397418690908159078e+03
-4.396590868159376441e+03
-4.397342424098589618e+03
-4.400191056080777344e+03
-4.395470162851132045e+03
-4.397809934882881862e+03
-4.398895456521428969e+03
-4.399115140550613432e+03
-4.397966867712362728e+03
-4.399537653322417100e+03
-4.395484938682509892e+03
-4.399439105255737559e+03
-4.391863527941255597e+03
-4.397162579000213555e+03
-4.394735659454232518e+03
-4.400277020406254451e+03
-4.396467756034304330e+03
-4.398703319044911041e+03
-4.399607320511092439e+03
-4.392519394327761802e+03
-4.399427185902093697e+03
-4.398197260975090103e+03
-4.399378499754255245e+03
-4.395340218506841666e+03
-4.396373826511899097e+03
-4.400827226708122907e+03
-4.399099978973244106e+03
-4.398235933343243232e+03
-4.398554065953397185e+03
-4.396828058928073006e+03
-4.399348735936988305e+03
-4.399567329417085602e+03
-4.395615971093395274e+03
-4.397386415745208978e+03
-4.399664897770377138e+03
-4.399747162679424036e+03
-4.397156534871624899e+03
-4.399090940637117455e+03
-4.400891900839859773e+03
-4.395576341208173289e+03
-4.400016510908986675e+03
-4.399988320818156353e+03
-4.395551244523299829e+03
-4.398938008735765834e+03
-4.396870246895523451e+03
-4.398204984153459918e+03
-4.399618247587020051e+03
-4.400768906964844064e+03
-4.395583072263585564e+03
-4.395162478492380615e+03
