# Variable: A
# Sample shape: (3000,)
# Date: 2018-05-02 15:18:08.364367
1.589440578233610957e+01
1.588110816102810041e+01
1.581546537325720259e+01
1.627441592802533421e+01
1.637551390594121159e+01
1.610280374991059560e+01
1.577550338126765972e+01
1.613185069280753225e+01
1.619799631365953019e+01
1.612779593110656506e+01
1.565755697704468474e+01
1.619335213625720371e+01
1.596658854770553759e+01
1.620710208156351584e+01
1.548401222332624450e+01
1.574520309659266104e+01
1.529703531926791094e+01
1.574112607025109334e+01
1.633159286677374666e+01
1.578098250568671723e+01
1.584829853825894297e+01
1.628869228151256721e+01
1.603951170179263741e+01
1.628646495804048655e+01
1.607466937904517224e+01
1.571198070440265759e+01
1.583907829778839549e+01
1.593412051394168394e+01
1.619058778938777365e+01
1.571107666231962163e+01
1.534854434076648744e+01
1.585518502710237065e+01
1.590589511008474943e+01
1.578952228289220017e+01
1.644857130303568837e+01
1.644707276221812009e+01
1.640160684174759353e+01
1.651033196239256640e+01
1.577844556038778201e+01
1.541192893959906485e+01
1.582524079501784087e+01
1.568884896703557175e+01
1.587607634160439751e+01
1.618728737116632033e+01
1.587590780880420915e+01
1.579018923159475918e+01
1.605852445555952102e+01
1.599916298722306784e+01
1.583086772820947452e+01
1.571928000831218419e+01
1.561092125071376202e+01
1.577994901478923850e+01
1.643846772790945820e+01
1.635686542912721464e+01
1.643571050218293905e+01
1.603715631310159040e+01
1.587444185429166588e+01
1.549129927960973596e+01
1.577039432578304101e+01
1.531971127635464569e+01
1.652577240123978797e+01
1.586745836944913712e+01
1.554167397309944754e+01
1.554617772836710898e+01
1.611320506864623070e+01
1.561928134810940527e+01
1.566832970259672031e+01
1.560596987430080773e+01
1.585264350764136410e+01
1.621563936921918625e+01
1.603657752859616537e+01
1.606984075272991674e+01
1.651763459921450661e+01
1.651068530687669877e+01
1.593926315732408838e+01
1.616651886808801208e+01
1.617982364081067459e+01
1.619862154997436932e+01
1.611033612174253093e+01
1.613123035284502294e+01
1.603466085539466590e+01
1.537941008903858986e+01
1.525588334500520560e+01
1.623154598696994100e+01
1.564364049982331828e+01
1.555341459395202541e+01
1.598853661600904630e+01
1.628919400529923323e+01
1.617222210277891037e+01
1.554420729167507353e+01
1.613024552226460528e+01
1.620773426398199746e+01
1.555193925154868673e+01
1.640214483079152785e+01
1.626371532384880680e+01
1.558687496954466312e+01
1.580147218249521579e+01
1.583023868007187396e+01
1.571497761306104834e+01
1.615387040376862515e+01
1.570370729924765563e+01
1.627915765965758865e+01
1.574745363098741180e+01
1.528684149767039813e+01
1.563461393722913684e+01
1.601065455566975260e+01
1.624124780544075008e+01
1.619070664504172896e+01
1.603744764902619480e+01
1.603157559186004733e+01
1.598490541465563908e+01
1.609408904332648049e+01
1.575876767287800639e+01
1.563215725866955985e+01
1.583085518058143215e+01
1.561158939092405262e+01
1.586857911900775697e+01
1.587590201957305958e+01
1.586384881577060568e+01
1.584418525607784467e+01
1.563104792987113534e+01
1.588292294170669905e+01
1.637929887859360534e+01
1.600581359202194420e+01
1.584752420255542127e+01
1.588940419431834883e+01
1.602312649263912192e+01
1.559367238606264472e+01
1.625590043056397604e+01
1.634732299617654405e+01
1.584309721888252653e+01
1.593406496945592998e+01
1.604839909116853391e+01
1.609654629909868007e+01
1.605558986619754336e+01
1.615110771988440064e+01
1.601059201978477731e+01
1.579971151789286310e+01
1.577543012714321513e+01
1.555513384892020667e+01
1.596495747292936329e+01
1.612394431740010958e+01
1.589495878311679178e+01
1.564722907099623939e+01
1.602391700979115896e+01
1.583630481148881763e+01
1.602003764217333526e+01
1.583935051739157274e+01
1.584442861461233498e+01
1.614844775821639544e+01
1.637241546344036536e+01
1.572192400441657334e+01
1.628561876911374995e+01
1.592887765505870412e+01
1.598311473980354158e+01
1.621235501274755819e+01
1.631797663906386120e+01
1.592822810161383273e+01
1.577030555622199515e+01
1.575860990391297456e+01
1.584459236648936376e+01
1.620396618210533646e+01
1.593384308132831428e+01
1.593998138439876833e+01
1.550929726501459527e+01
1.615381041130669004e+01
1.606133747227610797e+01
1.599849594743579395e+01
1.559695205190278600e+01
1.617946606753155336e+01
1.639023084874234826e+01
1.541991638131770692e+01
1.604206701016663672e+01
1.531159169062682146e+01
1.565933564802402955e+01
1.614998424868791460e+01
1.575637675550252759e+01
1.568033065030752482e+01
1.615432337647402150e+01
1.656840281697747841e+01
1.593742344251942100e+01
1.633785147043063901e+01
1.592824759924733335e+01
1.575664182978431960e+01
1.577841828830398541e+01
1.605504405473922702e+01
1.583276597129941976e+01
1.563152907367148892e+01
1.566997817591282782e+01
1.547045056679009356e+01
1.607812208521160358e+01
1.587294642953594703e+01
1.628370643067653845e+01
1.568323259627636723e+01
1.598157369960163798e+01
1.640399063902612653e+01
1.578167967139549255e+01
1.609654992258473882e+01
1.631848849918457134e+01
1.606077601812078726e+01
1.576118818513695530e+01
1.619183561592003073e+01
1.598312354940033764e+01
1.550463943913231013e+01
1.619166253192679861e+01
1.605943122982300153e+01
1.596017827594652161e+01
1.601172597904563588e+01
1.606698596820530511e+01
1.589216048447778462e+01
1.604467227412944297e+01
1.585735220999490735e+01
1.566919110825711670e+01
1.541279642744717471e+01
1.610217774278122604e+01
1.592946803280806911e+01
1.612245431696106124e+01
1.625843578794518862e+01
1.527620830673984820e+01
1.613810837394254705e+01
1.632511597536311143e+01
1.576065913423435383e+01
1.594369467854252953e+01
1.590174976967252896e+01
1.590752533422516812e+01
1.592070942832008029e+01
1.600024866568480064e+01
1.544883738320486444e+01
1.590575398978698018e+01
1.572993899572862908e+01
1.560040278601565156e+01
1.604562144204227536e+01
1.606831229178859033e+01
1.594684516372740291e+01
1.541780966381564077e+01
1.517653537875125380e+01
1.545304191827377061e+01
1.607717115154081711e+01
1.565562996537014229e+01
1.611483139112779739e+01
1.595961304427865279e+01
1.584723731853138240e+01
1.611243787014836570e+01
1.604791775367793605e+01
1.585861514332562194e+01
1.592174548972746884e+01
1.596473461698653296e+01
1.616814043954475366e+01
1.555752564009948458e+01
1.607831496628487145e+01
1.571279964800969609e+01
1.626832291388587493e+01
1.624225646006747326e+01
1.585020081065662900e+01
1.573503499180846532e+01
1.557077505084643221e+01
1.566881253438955746e+01
1.632475190116262809e+01
1.609576029922786944e+01
1.610668376962692960e+01
1.628544287195865437e+01
1.600295020113703259e+01
1.629741751433124364e+01
1.647828633048773384e+01
1.611190287698492440e+01
1.561982337395217435e+01
1.622625687831248342e+01
1.616731789800426711e+01
1.595435919280549797e+01
1.584793152523538318e+01
1.642449798672510042e+01
1.588678596358054129e+01
1.614078526734163077e+01
1.609171191491737218e+01
1.624148603011411751e+01
1.599682094025356527e+01
1.578433523033629093e+01
1.597938754169130604e+01
1.685145462301547781e+01
1.565413994937315501e+01
1.568187685734135961e+01
1.566222860868453459e+01
1.598373559398106636e+01
1.569923615334013611e+01
1.619806655824699604e+01
1.527143218442723516e+01
1.603126052945464153e+01
1.631516152708582368e+01
1.612819817909946352e+01
1.553497853058343026e+01
1.563707907496108085e+01
1.643726235793722523e+01
1.634921625238996512e+01
1.610991283084126380e+01
1.538437319033641693e+01
1.603067905274505733e+01
1.556652994650591992e+01
1.650479238577350927e+01
1.594684709314371673e+01
1.607738243958589308e+01
1.582060759785705173e+01
1.590732266197972322e+01
1.568124645032329667e+01
1.599407900537550198e+01
1.544535687012815472e+01
1.587956477659936816e+01
1.578519507058334348e+01
1.588900180820112240e+01
1.602757970034641843e+01
1.563858035593724516e+01
1.558224401019273486e+01
1.576070063958830580e+01
1.566236468689064232e+01
1.584465049048023566e+01
1.597938698913587707e+01
1.600346433110797761e+01
1.649321455664742331e+01
1.596294220777728690e+01
1.577598487031280783e+01
1.616756014231302530e+01
1.571760743030493224e+01
1.602051626200732670e+01
1.573060939672092218e+01
1.606449826991458707e+01
1.653431937436607058e+01
1.600448418640876369e+01
1.625159472687239415e+01
1.607788134004419334e+01
1.647123421323793835e+01
1.569354091049608257e+01
1.606665853301777602e+01
1.604426344159551832e+01
1.536645577953234287e+01
1.580466298985680318e+01
1.586756943248171936e+01
1.595702841188612808e+01
1.596061622786971768e+01
1.568325707931275659e+01
1.591721790471336462e+01
1.511113504042064548e+01
1.540619971964403412e+01
1.672224063097436542e+01
1.573294249758991725e+01
1.590545840114348053e+01
1.551641344197070005e+01
1.614685839656073085e+01
1.582404900447165197e+01
1.591399526685180277e+01
1.621820407425135357e+01
1.540609195175871804e+01
1.603036107008145450e+01
1.601467853668457764e+01
1.587063314095481026e+01
1.622390534496206271e+01
1.651122550470713435e+01
1.592351466753518707e+01
1.562633596076627285e+01
1.609052936907433917e+01
1.589110593587147413e+01
1.656261068245343893e+01
1.576463812623126870e+01
1.571506572429218629e+01
1.565027634070728979e+01
1.577072980267851499e+01
1.583158707074816007e+01
1.615850798158681556e+01
1.575552355716580699e+01
1.547680990616942687e+01
1.569242487989257029e+01
1.629534459840685301e+01
1.577729139802903902e+01
1.588719864150582417e+01
1.608773023326025609e+01
1.581326548816982580e+01
1.572325942846446978e+01
1.638805926048883066e+01
1.589329760283369808e+01
1.589750698778770932e+01
1.578348563026096407e+01
1.610287159903545984e+01
1.617927018841203335e+01
1.582453745041593152e+01
1.556250787107063616e+01
1.606263458110553444e+01
1.626213957786224995e+01
1.573428018699632780e+01
1.634060919077973040e+01
1.601839751688387992e+01
1.607196709776718180e+01
1.638469178274418425e+01
1.593749850263527001e+01
1.623952304302703098e+01
1.625250137920399141e+01
1.649917132371663087e+01
1.594860395781810603e+01
1.593811834347112111e+01
1.600906845949629087e+01
1.604543316790891794e+01
1.602931044756843448e+01
1.579723915275203439e+01
1.581284732711491259e+01
1.615534254934095770e+01
1.614518783154317561e+01
1.592381259396298887e+01
1.572423198511068776e+01
1.592142835710823512e+01
1.631979887808310892e+01
1.504391066448203595e+01
1.586198314343993232e+01
1.550568423304619792e+01
1.600977301449665191e+01
1.616372902742942230e+01
1.621248723765199884e+01
1.547826913049668818e+01
1.632569512320807803e+01
1.591426160780189569e+01
1.612869164948259026e+01
1.579800755909003485e+01
1.619928150877027306e+01
1.606680603862881895e+01
1.592769145110207418e+01
1.612990941732309125e+01
1.581734622979877614e+01
1.599164388422013161e+01
1.631076704746334727e+01
1.605645000792159038e+01
1.542651086937113902e+01
1.566448826596239563e+01
1.605736022065133639e+01
1.615359209602409862e+01
1.587118209142270686e+01
1.604624651451642237e+01
1.648074654033186093e+01
1.558599800014678394e+01
1.594891503654247700e+01
1.577507593249928597e+01
1.577191231157119056e+01
1.533460977123726110e+01
1.625688657782124480e+01
1.597503344607748943e+01
1.592201139170922630e+01
1.639065825818377320e+01
1.581773065658104827e+01
1.574824546963682081e+01
1.619744776238071537e+01
1.599245386959142223e+01
1.565123527294060501e+01
1.559592630737289376e+01
1.631200709344649624e+01
1.613257234840759580e+01
1.569969760830750261e+01
1.539128294562018162e+01
1.633856591057701024e+01
1.635414851244487977e+01
1.634020241743752422e+01
1.542216030303024787e+01
1.607959431786494520e+01
1.573074268036601353e+01
1.584044402850681443e+01
1.560412061860139232e+01
1.562912771433876102e+01
1.560025227582138641e+01
1.600927880766345623e+01
1.627812653603368176e+01
1.625386114140719940e+01
1.625778626124523285e+01
1.621277110892035367e+01
1.611321101292564606e+01
1.602669119065303960e+01
1.536811056313867496e+01
1.560212702194651335e+01
1.586694398343292711e+01
1.528525577290088044e+01
1.592742839998937043e+01
1.592344575380910676e+01
1.581673218693784300e+01
1.580637975863303346e+01
1.542397656910762649e+01
1.623075874119225404e+01
1.598578472745486678e+01
1.616016415325945843e+01
1.555205259804380269e+01
1.550743672653938887e+01
1.634331823523805838e+01
1.573165162854614429e+01
1.604023165060271339e+01
1.605655199636926866e+01
1.565519092567850201e+01
1.589340706027977745e+01
1.576628551505659637e+01
1.546329602170907336e+01
1.597519956272414632e+01
1.546896536213628082e+01
1.621938582055156530e+01
1.553207315357163587e+01
1.540152734796986778e+01
1.611440317404085221e+01
1.653501290110592947e+01
1.589404095841412179e+01
1.563954839446538791e+01
1.583486635841955525e+01
1.638421819522717016e+01
1.548110844457562507e+01
1.580248141487613900e+01
1.620102214809563534e+01
1.573920587280172434e+01
1.636388585827253550e+01
1.595681096575760449e+01
1.587460328142922705e+01
1.610408978562536930e+01
1.613150059905298050e+01
1.577977425382396781e+01
1.551143517262728899e+01
1.603204960356832132e+01
1.604791040793607237e+01
1.607237874995922766e+01
1.616848115542254405e+01
1.610530066822091300e+01
1.566286490396546505e+01
1.597391490271124503e+01
1.572146602443875629e+01
1.595189141342410544e+01
1.616181981295696701e+01
1.586178649886144676e+01
1.581102733757491485e+01
1.570781606430621835e+01
1.525770498651832341e+01
1.615056188328014386e+01
1.618499978326673983e+01
1.586728195158432619e+01
1.587263837209856376e+01
1.571207433938256237e+01
1.619900474769253051e+01
1.587218423495303732e+01
1.574540517501573689e+01
1.588563483016004518e+01
1.606264736939062487e+01
1.591605322261445465e+01
1.554768517067211242e+01
1.577710220160487253e+01
1.572954424274796636e+01
1.589139094567405053e+01
1.629151513921923922e+01
1.623500667696644228e+01
1.582637082435427800e+01
1.622212511957609848e+01
1.623035361940026178e+01
1.616266676856157858e+01
1.606568778796729191e+01
1.612427596122126161e+01
1.601563093463671450e+01
1.639869454046067077e+01
1.565900235181564071e+01
1.646766757272611770e+01
1.569750550590703675e+01
1.580605059426045500e+01
1.568454568290265883e+01
1.575160083845577041e+01
1.583481038797075513e+01
1.587472819989103456e+01
1.634991642177982740e+01
1.620984756023672801e+01
1.634871971174857208e+01
1.564127383326929888e+01
1.569739056978720271e+01
1.562926443747541150e+01
1.560666187298955698e+01
1.635773893907779808e+01
1.549685375472538951e+01
1.597806441660889121e+01
1.632900873184347645e+01
1.603581041029728027e+01
1.576246775566892566e+01
1.588428809511884943e+01
1.617002932221442535e+01
1.594002347939860087e+01
1.582256386889811139e+01
1.560678423070783793e+01
1.618274559817347935e+01
1.652180689183672158e+01
1.573838886149707328e+01
1.607955025404963934e+01
1.597293042875945979e+01
1.556981148096596534e+01
1.624165390547997845e+01
1.646227349648349403e+01
1.544663860213147899e+01
1.626107166213899902e+01
1.561373925420188336e+01
1.589630555053998684e+01
1.648339510857469747e+01
1.607933866913518628e+01
1.595720796312678047e+01
1.635531797211781679e+01
1.543407499755806178e+01
1.567613390364415515e+01
1.579374702850840961e+01
1.562712095840529081e+01
1.587910082167731041e+01
1.594783852528468238e+01
1.597039453173747248e+01
1.608054854677038747e+01
1.557721852565738097e+01
1.601402832835043810e+01
1.594903095931858061e+01
1.623372017808526024e+01
1.561192307523688783e+01
1.610106669992229200e+01
1.552004902526199359e+01
1.622902153703327954e+01
1.573189349548444937e+01
1.589679354328831273e+01
1.600386022237236716e+01
1.615104146313128197e+01
1.546462546772154489e+01
1.596383836817514457e+01
1.597952478380926422e+01
1.594833227183370816e+01
1.569400254402719774e+01
1.603931331580734465e+01
1.575238277078694615e+01
1.610932540928035550e+01
1.619517602349849383e+01
1.603898270293757022e+01
1.589763541913719891e+01
1.542466098603253855e+01
1.600270070846718795e+01
1.593168898877293316e+01
1.627129887063766134e+01
1.598742220686775362e+01
1.619530784236316734e+01
1.599459670915880949e+01
1.630417147796343613e+01
1.647942070728719699e+01
1.596088012064199013e+01
1.597962900754522764e+01
1.593474596169585844e+01
1.582839855250713335e+01
1.602491342730298030e+01
1.637094283744599110e+01
1.594690786248304093e+01
1.607343674392988930e+01
1.591724345245666150e+01
1.580454542929003381e+01
1.622321114900669414e+01
1.553766334929627213e+01
1.592432039625860618e+01
1.599607852535472574e+01
1.602493812404703277e+01
1.613724139460324380e+01
1.587976445855005281e+01
1.611356220377506432e+01
1.528414523705537142e+01
1.592241759569631299e+01
1.622669513057557111e+01
1.548640589875364171e+01
1.616755796091666753e+01
1.592597457604903077e+01
1.588834582544434504e+01
1.597346926713199444e+01
1.596194942628046753e+01
1.550136289362166053e+01
1.689791616076634995e+01
1.590830497361823248e+01
1.588683757892586179e+01
1.559325622117486887e+01
1.562377337687658851e+01
1.599522999733345863e+01
1.654020278790843435e+01
1.557264862730169419e+01
1.524842133569059577e+01
1.600942276879409576e+01
1.652035166111008024e+01
1.613560332467545777e+01
1.605668857095210811e+01
1.614763842081500655e+01
1.589682348193594663e+01
1.596925903043143080e+01
1.584437459060132980e+01
1.613973676751019681e+01
1.593125169690357801e+01
1.622268910111457174e+01
1.543354022964776817e+01
1.557071282062102924e+01
1.591140794178675044e+01
1.593408660409289190e+01
1.558497244100126444e+01
1.536089394866658431e+01
1.633126754776053602e+01
1.556082421601183619e+01
1.595241791615567095e+01
1.624862601297021669e+01
1.616870259422237055e+01
1.556028393154950251e+01
1.569665459812102348e+01
1.618094319818327520e+01
1.618535190579008898e+01
1.602087014475585036e+01
1.595315250998291923e+01
1.591322936316637282e+01
1.577151715626320794e+01
1.593318484518024292e+01
1.645921089098791867e+01
1.611241739297888032e+01
1.628673859947701175e+01
1.622795888575216949e+01
1.588339845183755550e+01
1.593813773223026509e+01
1.619766185720852292e+01
1.606220346922035347e+01
1.653813215911345580e+01
1.612110368430700191e+01
1.579338156831468609e+01
1.590437223891103358e+01
1.592899553851393257e+01
1.572842166285324517e+01
1.566702690604547321e+01
1.585917955650017852e+01
1.605277016567275794e+01
1.645484653205794956e+01
1.544546713385229353e+01
1.633706719510555772e+01
1.566333426620371583e+01
1.627402030774581476e+01
1.576190611529367125e+01
1.622137405991624348e+01
1.602669183085779281e+01
1.607315236418568105e+01
1.624823752690384637e+01
1.634069017993356709e+01
1.613917871150117733e+01
1.626358553905127735e+01
1.583977053769871901e+01
1.567322215060135271e+01
1.565633182312139837e+01
1.558237840898999593e+01
1.594154734606031099e+01
1.585589582162453759e+01
1.627638492752860344e+01
1.588630418140240153e+01
1.620415433794937599e+01
1.586356886747394235e+01
1.587881735740932854e+01
1.546699951993355171e+01
1.607314687971980760e+01
1.613572462743815095e+01
1.558969788772039422e+01
1.602750987146566075e+01
1.585193513835181633e+01
1.599394521031996419e+01
1.597690323670927626e+01
1.591974182594362119e+01
1.615408986811967296e+01
1.551896943686615060e+01
1.575755709247840741e+01
1.600208421055225472e+01
1.600039261912148802e+01
1.625551762874651018e+01
1.601601857395028006e+01
1.592020440376116142e+01
1.575568361527336769e+01
1.601794753303362029e+01
1.563252209759560074e+01
1.599145420020812480e+01
1.619157867572530307e+01
1.600892556147172741e+01
1.592152051959716985e+01
1.551275369685481387e+01
1.637431365093294033e+01
1.604759683457324115e+01
1.621048138617561563e+01
1.605195269018601678e+01
1.565365843216268971e+01
1.576618734801927246e+01
1.573686561139065532e+01
1.636474884660536233e+01
1.579776953101930204e+01
1.607155335600900514e+01
1.601718130725555156e+01
1.565103061575680066e+01
1.618238112274779539e+01
1.617262830483155156e+01
1.537864152443082411e+01
1.579097474428879444e+01
1.646737270325800395e+01
1.581308972800566259e+01
1.654184954301357635e+01
1.625037213369189359e+01
1.486573453212235130e+01
1.588950812564422144e+01
1.593911156569006948e+01
1.632551900290900093e+01
1.620036947512252823e+01
1.592809307546187370e+01
1.635078329654760765e+01
1.577692917361570757e+01
1.603767382336681635e+01
1.625432942680884096e+01
1.630463799206828668e+01
1.624203616604888367e+01
1.585749410314371666e+01
1.596831503570579436e+01
1.577729339786296769e+01
1.587798635199643194e+01
1.587170320718981742e+01
1.593224574384983683e+01
1.591473439922425115e+01
1.639526407486045656e+01
1.619290310393981969e+01
1.567395535018877517e+01
1.590941166739706247e+01
1.585320507069990192e+01
1.566101968835497082e+01
1.633440944890779178e+01
1.569136380998446612e+01
1.608841239893954267e+01
1.615140869053212569e+01
1.561636363211742839e+01
1.594888347629608205e+01
1.582820081709831328e+01
1.606910327289439877e+01
1.583611336696780114e+01
1.579856816986812618e+01
1.607183393940455218e+01
1.627314366246487509e+01
1.603937218146813137e+01
1.605995384319435360e+01
1.609221031217129649e+01
1.620112907213472297e+01
1.566514142400014720e+01
1.649899120386332996e+01
1.597595197063833616e+01
1.617986204730308231e+01
1.564028437458443044e+01
1.613417642825637088e+01
1.577587693268380065e+01
1.618118119966461776e+01
1.573557035964633855e+01
1.582831423753252764e+01
1.609050205391151778e+01
1.556963433899537641e+01
1.567049960002613851e+01
1.623594565856278393e+01
1.630687995192378636e+01
1.623394597280686469e+01
1.596253370632248370e+01
1.620767784981099524e+01
1.609283955862417059e+01
1.575226765939011919e+01
1.608970288341073385e+01
1.591635382256871090e+01
1.594787880856704732e+01
1.635276114684177529e+01
1.586282555214670076e+01
1.624662681758040961e+01
1.562246344553562238e+01
1.549643806105003918e+01
1.635384582820048749e+01
1.591434967555295366e+01
1.650366696367940733e+01
1.611690985211816596e+01
1.556634826084444612e+01
1.615392866145980122e+01
1.608944456772903919e+01
1.633657437453037531e+01
1.620372647539576860e+01
1.592731867634696385e+01
1.602119480860711320e+01
1.614562598468020482e+01
1.580735711697349899e+01
1.558542073170342412e+01
1.593767144412625747e+01
1.583717375492834023e+01
1.601704529498039165e+01
1.596923299358586235e+01
1.597381618405955273e+01
1.603037578677685104e+01
1.599528176440867178e+01
1.641242429734989017e+01
1.589413099051426137e+01
1.581608381048383372e+01
1.608465623819304113e+01
1.598725798540116116e+01
1.567844821823577739e+01
1.607201801165701482e+01
1.650707635264438622e+01
1.555068167985145955e+01
1.614653591056827509e+01
1.494268477872759782e+01
1.566424104330504186e+01
1.574648457792044454e+01
1.610119133945809367e+01
1.597431804677407818e+01
1.599705499985567947e+01
1.580228726958847396e+01
1.553583807809612694e+01
1.564294460036070689e+01
1.616869878469208999e+01
1.605791945281532662e+01
1.575248554884517738e+01
1.597699387871521282e+01
1.613777032865673533e+01
1.656425369653559443e+01
1.639997602451458292e+01
1.603685069045685552e+01
1.602899807709379942e+01
1.591017982426120980e+01
1.574239195015489123e+01
1.605793680011646529e+01
1.582414806129722251e+01
1.595855922347609379e+01
1.606130200927940166e+01
1.624147466712969745e+01
1.584769853860625766e+01
1.617081643726426776e+01
1.596453634665009602e+01
1.602497553433297739e+01
1.580874411891942266e+01
1.574374996950222005e+01
1.569547611037122792e+01
1.603055708019649472e+01
1.630899606840833016e+01
1.595308442888965317e+01
1.540543673433473870e+01
1.585097153045408014e+01
1.600829365888548139e+01
1.595449194188443442e+01
1.621200668950894652e+01
1.586415326924628921e+01
1.560266951938086244e+01
1.617914860866179083e+01
1.619429068146747852e+01
1.621251847502330179e+01
1.573467817371308719e+01
1.611758027241752700e+01
1.590348244366610864e+01
1.548483045772833933e+01
1.609135744037551063e+01
1.586467665168629360e+01
1.588131090805240220e+01
1.562673139444276416e+01
1.621007028383438353e+01
1.610741702083012683e+01
1.618216179785778053e+01
1.619070543668641093e+01
1.646753848415639254e+01
1.583800145615990473e+01
1.580073330806143339e+01
1.634208766259043344e+01
1.638771260231799332e+01
1.555677916957559326e+01
1.648444728455826436e+01
1.583167810183871183e+01
1.573921384222337849e+01
1.556354911576048217e+01
1.610281405467430815e+01
1.568023984018820549e+01
1.586999099344985886e+01
1.590361966187190390e+01
1.581517350818558754e+01
1.573584259386838369e+01
1.625391278468329759e+01
1.573152091122150686e+01
1.563067985736063292e+01
1.643447910618442265e+01
1.581862212380937294e+01
1.521775495827392710e+01
1.635302024048710479e+01
1.601434969135286224e+01
1.537110372343386899e+01
1.601267601289588782e+01
1.592212988022439646e+01
1.561678440335469276e+01
1.552187941547233940e+01
1.642742898620446113e+01
1.626353087893446059e+01
1.601293520911242751e+01
1.588724332009574525e+01
1.560870368732230595e+01
1.596153484459627414e+01
1.551758987661338196e+01
1.590732251510225304e+01
1.591706633289045492e+01
1.566005056077382207e+01
1.559965401463643708e+01
1.562444643304199943e+01
1.595553968287531355e+01
1.613088840015539915e+01
1.591230347838478565e+01
1.613457552016822660e+01
1.651335503782120639e+01
1.623836254861070216e+01
1.626350712985812308e+01
1.548011324895951191e+01
1.638786003352846876e+01
1.561605426219440140e+01
1.650097120638536197e+01
1.606074443879620972e+01
1.568348135584799863e+01
1.615899161200479384e+01
1.575593431654900201e+01
1.609313555997539780e+01
1.655803230278434413e+01
1.589929774182871292e+01
1.670122379951308389e+01
1.524121543633401465e+01
1.594885449808247202e+01
1.612377498926379360e+01
1.580974299236648761e+01
1.618988347390051885e+01
1.633733784627349905e+01
1.581320141863075968e+01
1.632850023100904124e+01
1.629608658360267626e+01
1.560175483946919428e+01
1.540084085207181985e+01
1.547449546189889169e+01
1.590612073484366995e+01
1.599629492816013787e+01
1.585242376202304015e+01
1.625936400736529919e+01
1.626782211314894511e+01
1.610014585366678119e+01
1.599129909221848322e+01
1.612000910223139272e+01
1.617221550065131552e+01
1.644925907807015264e+01
1.635335399967188152e+01
1.638786682578954768e+01
1.599708129744474761e+01
1.558037595735760661e+01
1.624139926019818603e+01
1.606168521413037453e+01
1.611902990375286038e+01
1.646732225755377499e+01
1.595123427244451619e+01
1.622741626434121542e+01
1.573713293444744821e+01
1.578783369794569502e+01
1.578505241358404021e+01
1.625124435203023765e+01
1.619714935395845146e+01
1.592604551068085783e+01
1.565877825660532885e+01
1.563419636716394479e+01
1.622629742688609511e+01
1.633052219362234325e+01
1.568276082680035799e+01
1.598413050304371019e+01
1.620694694323920260e+01
1.606600976496594413e+01
1.669858643484124272e+01
1.609936706182550381e+01
1.574307654485170715e+01
1.550543085759423612e+01
1.607010810794087519e+01
1.588781421096027024e+01
1.590491291514349115e+01
1.597487859994511261e+01
1.586560954459637607e+01
1.586094435839333627e+01
1.604975490427127127e+01
1.565742786967742006e+01
1.632498278489978460e+01
1.600489299638384466e+01
1.633429873760620765e+01
1.604303319457795141e+01
1.601452494501110735e+01
1.649522582121015191e+01
1.648784963761744038e+01
1.631950371192167992e+01
1.601797736593857735e+01
1.586327027064855777e+01
1.591311737907911095e+01
1.564525155991193017e+01
1.625037774534403212e+01
1.575713465885615783e+01
1.600987645571727214e+01
1.585141360623156714e+01
1.584370044375221731e+01
1.626350547534045887e+01
1.589476895691099223e+01
1.637109038044742704e+01
1.630142012172156996e+01
1.637864904842761149e+01
1.623096307998105559e+01
1.584705812552812176e+01
1.532633475072973184e+01
1.585890723897796661e+01
1.584863879599825687e+01
1.531241451890181438e+01
1.576952277311128192e+01
1.635712354785683686e+01
1.617923173195636011e+01
1.599181193177200200e+01
1.598500779816672335e+01
1.566986297581370380e+01
1.563344931448086328e+01
1.571497115982441173e+01
1.598221168368941569e+01
1.595608865876879534e+01
1.569815762366008727e+01
1.603709278636505076e+01
1.591017438684003515e+01
1.580890925522750479e+01
1.622844577609438943e+01
1.549376622228616185e+01
1.562190873205131680e+01
1.611496471040172906e+01
1.587182255425519983e+01
1.628490970968670837e+01
1.599456734656917156e+01
1.610653378438960459e+01
1.594751228141641164e+01
1.626937552601878068e+01
1.573360905346697436e+01
1.605837866473792630e+01
1.559125460100673877e+01
1.600992720479834830e+01
1.620767446739846207e+01
1.631870421858456055e+01
1.623435233452691051e+01
1.637043060269149208e+01
1.618850255586818676e+01
1.607680521728378409e+01
1.560674362624355282e+01
1.625345786042525731e+01
1.610469698969946251e+01
1.602578799517818098e+01
1.588656149608966928e+01
1.619517074238756393e+01
1.605815087006202191e+01
1.587553516063234227e+01
1.596820874121995537e+01
1.581972553965928618e+01
1.585471682144483729e+01
1.658767612056016461e+01
1.574152672999280966e+01
1.578453242551971591e+01
1.598899286910095974e+01
1.589213778885623007e+01
1.572551521388785645e+01
1.548063634003472266e+01
1.560384163624949849e+01
1.661035993275246980e+01
1.602562221375312390e+01
1.603089271288704865e+01
1.599292568586291274e+01
1.561387681582399800e+01
1.581491164746111089e+01
1.591961823557046962e+01
1.651339946012244653e+01
1.574731071027795082e+01
1.626220802963457501e+01
1.600603715435956076e+01
1.531196354792273517e+01
1.578433277148525704e+01
1.629489749791884279e+01
1.588954510765022832e+01
1.624322491013134950e+01
1.574477102062865086e+01
1.632723746252057495e+01
1.620119908543259157e+01
1.633596632515822122e+01
1.522775542282320060e+01
1.631042377272394717e+01
1.552260099824180273e+01
1.595632387661066787e+01
1.609124659176664807e+01
1.556716968258050926e+01
1.573280385848973140e+01
1.609614086946509559e+01
1.608735755981212634e+01
1.608821617583523178e+01
1.578076540451075971e+01
1.619377881368108518e+01
1.572410746497580369e+01
1.577370280517581058e+01
1.619144957896984494e+01
1.571575511720201135e+01
1.586252638628608835e+01
1.564566289202598703e+01
1.646053224835087292e+01
1.596516915927536751e+01
1.608612008747477162e+01
1.557086217904123160e+01
1.584541768100649506e+01
1.596544946319038694e+01
1.610896839385297241e+01
1.596019259862718798e+01
1.621909969739859037e+01
1.536042896459902174e+01
1.546039901373496228e+01
1.594128222667907124e+01
1.620653406466789903e+01
1.597224005702050320e+01
1.569526587114048866e+01
1.602423780729083092e+01
1.615711833677956122e+01
1.583870697974965402e+01
1.615705873033637019e+01
1.630953404023335196e+01
1.630213935137046377e+01
1.620501739655554729e+01
1.595753806284508691e+01
1.636185653772551873e+01
1.570098587318520345e+01
1.601893117547144030e+01
1.621265279890585731e+01
1.581401119142739908e+01
1.590797669842537054e+01
1.618889011651690524e+01
1.550973194261827182e+01
1.608502947836893782e+01
1.579673901048253448e+01
1.576686900792970825e+01
1.650568949046520473e+01
1.601550436571671554e+01
1.592266571962352728e+01
1.591657860509732636e+01
1.628906580781703894e+01
1.530991168628856158e+01
1.648460701013805618e+01
1.583969811323411392e+01
1.613445871657533814e+01
1.654858236642408187e+01
1.547103588214969960e+01
1.578333980391241553e+01
1.563454985721666191e+01
1.601437962685904992e+01
1.568560473354911444e+01
1.602922081241171881e+01
1.611567925040382931e+01
1.574344731988455415e+01
1.616199308221573361e+01
1.554364903931742781e+01
1.632019274496783368e+01
1.579895658296431193e+01
1.609997333923722707e+01
1.603934002087910926e+01
1.555597280332638022e+01
1.592967059633501670e+01
1.557127454695599234e+01
1.568877859628771887e+01
1.609523482683398754e+01
1.564839207534692278e+01
1.599703861342231193e+01
1.560602609157243315e+01
1.626032631052214583e+01
1.598115133706407320e+01
1.610215868572614539e+01
1.575035343187162340e+01
1.563640844282093667e+01
1.608679978206587435e+01
1.597782383131000294e+01
1.647051435822424992e+01
1.616200963598337381e+01
1.637965554372641819e+01
1.634459181975055131e+01
1.545902361705574712e+01
1.576833433403899143e+01
1.602940451506092501e+01
1.656633428851196754e+01
1.576130370046452889e+01
1.630662406864744085e+01
1.615647929674640793e+01
1.642432861828197943e+01
1.565090248679528351e+01
1.609331842658698619e+01
1.618453471260971455e+01
1.569066233766594287e+01
1.652708903810324159e+01
1.538291577651033926e+01
1.597190867241123868e+01
1.611180052608517954e+01
1.582207610542033116e+01
1.576679008989411379e+01
1.619839155209680470e+01
1.609614099141184695e+01
1.558980023070292908e+01
1.628677595562227154e+01
1.577162791691948129e+01
1.600898363750427933e+01
1.527533770854902073e+01
1.586180551861862753e+01
1.632834100652295106e+01
1.642881209886108351e+01
1.632757681572889297e+01
1.559438105103417094e+01
1.611448893899454049e+01
1.566050330234676302e+01
1.572383079596930244e+01
1.582025412576993517e+01
1.600380228069170485e+01
1.515851254402792669e+01
1.622524257374869094e+01
1.661099524572419028e+01
1.555969489417065788e+01
1.597010900696781910e+01
1.590948781597605333e+01
1.601454865499296076e+01
1.606733589112699789e+01
1.633939655958740644e+01
1.598885974163527557e+01
1.598072180642471629e+01
1.589852391464523151e+01
1.575006665213004275e+01
1.626954897346758599e+01
1.626159358146714951e+01
1.607902726905841462e+01
1.616253269637305578e+01
1.559002681939225532e+01
1.593299560552322980e+01
1.547506713086433017e+01
1.565240479905121873e+01
1.596860504537139924e+01
1.535047054168497027e+01
1.556131144561395807e+01
1.585516764615728924e+01
1.638691316121602881e+01
1.581771212361011258e+01
1.605062152592991609e+01
1.576622135879207143e+01
1.605675711743090517e+01
1.621263576656516037e+01
1.570491855324577735e+01
1.599536530399661416e+01
1.574407237258681569e+01
1.544448772926418734e+01
1.597291014899965056e+01
1.604182813101737537e+01
1.620200754312703140e+01
1.615521057502922275e+01
1.609684823098233508e+01
1.559944668971005299e+01
1.635489102506339165e+01
1.594595307182626343e+01
1.606895839007579241e+01
1.608559336436278997e+01
1.539868901585978200e+01
1.577168767213148648e+01
1.623246218142212882e+01
1.579996751666115706e+01
1.580611085326531295e+01
1.612823723748137894e+01
1.625796343505664510e+01
1.561447890446444831e+01
1.571662041833025647e+01
1.603580903137144986e+01
1.560864905059814056e+01
1.589161179537311419e+01
1.564840582191193796e+01
1.616326568077909442e+01
1.596982193264912731e+01
1.620813850141935575e+01
1.558175019743204714e+01
1.573122863327100163e+01
1.607736873432905966e+01
1.626803531744181441e+01
1.584920625482320133e+01
1.598629094518136284e+01
1.612364072777714341e+01
1.619314583661841311e+01
1.601505999175683570e+01
1.562684137330304601e+01
1.633865428285031030e+01
1.623136661990458407e+01
1.650216182677225518e+01
1.631143059143539986e+01
1.613917523058559311e+01
1.564261790802454577e+01
1.571862707881641441e+01
1.594972026537487686e+01
1.516698684363774774e+01
1.623159811310912914e+01
1.575739834641200332e+01
1.606023431104955890e+01
1.565542691705193157e+01
1.606314717557540916e+01
1.548413658160471584e+01
1.604677044453478985e+01
1.574127201098871254e+01
1.579422878938029484e+01
1.575468578373514106e+01
1.592042684687270793e+01
1.555156406617957643e+01
1.614536824509286816e+01
1.624287591420245747e+01
1.572399929184175704e+01
1.603881449697063033e+01
1.636998703649645392e+01
1.636562612782410397e+01
1.604588860139011075e+01
1.576439259490442168e+01
1.589499144027249677e+01
1.564466409696160909e+01
1.559918818697885712e+01
1.574759441360893675e+01
1.606798799170316272e+01
1.567873218726624707e+01
1.596056762506271554e+01
1.593985433129667584e+01
1.602377670847685565e+01
1.612118038902790573e+01
1.575430954528916772e+01
1.567022646277496989e+01
1.569398146595239396e+01
1.636412684094564440e+01
1.616316295941949477e+01
1.667318900426965200e+01
1.611973503068737301e+01
1.577465464967292341e+01
1.604792546132128805e+01
1.627510050936789909e+01
1.613894420037310340e+01
1.539156630111312118e+01
1.595703471013137431e+01
1.564743251313033667e+01
1.591034373475036645e+01
1.622111230146192185e+01
1.595461771942956197e+01
1.566671897249312195e+01
1.607200962298940183e+01
1.591426160534522616e+01
1.589602619629392244e+01
1.586832134899989732e+01
1.595293113173331712e+01
1.607474331908658627e+01
1.607813960280260090e+01
1.574371335044156517e+01
1.586876310187008343e+01
1.633080810936963090e+01
1.582429225059153843e+01
1.598591508342697409e+01
1.605918435729397942e+01
1.573159915281448917e+01
1.620433970913144961e+01
1.581842843916053454e+01
1.578927813644828149e+01
1.606535132716044600e+01
1.588210477795862197e+01
1.655188169446788038e+01
1.589673316995905061e+01
1.564512036671194117e+01
1.593022158559720936e+01
1.605513496480960711e+01
1.510203280711983176e+01
1.569727262199723228e+01
1.623427546355562967e+01
1.595644649296706774e+01
1.587618433140308305e+01
1.556512111174818180e+01
1.559499485059389556e+01
1.573982443862455582e+01
1.600662174174220098e+01
1.589658556693082936e+01
1.572360156682342058e+01
1.554676412922660589e+01
1.610688221032600609e+01
1.634634927970550677e+01
1.566169820834273096e+01
1.588407879866334582e+01
1.543652660243291841e+01
1.600053100835529563e+01
1.597075920016497008e+01
1.590017998654237985e+01
1.563480382112347478e+01
1.593376840633961677e+01
1.554572451174930059e+01
1.531123636181111891e+01
1.581980046773487025e+01
1.595534238193173060e+01
1.611512112213280901e+01
1.621046799184145115e+01
1.626653139301297912e+01
1.590249222113763672e+01
1.568527895283530249e+01
1.587035561763343061e+01
1.576452800274066490e+01
1.596683430513089874e+01
1.610903677108465715e+01
1.584251292004567091e+01
1.563233040323592071e+01
1.599144815655685292e+01
1.592284195933654978e+01
1.619099545294635334e+01
1.567441360081751256e+01
1.596438597793888370e+01
1.585772750481568494e+01
1.648949313480460077e+01
1.578202656632680601e+01
1.581908120377793914e+01
1.646944155978821556e+01
1.603235671128807738e+01
1.585622563386216122e+01
1.544597566210226702e+01
1.549796984827746726e+01
1.604518751587047376e+01
1.640804046610901068e+01
1.615478604438558108e+01
1.605277580237573787e+01
1.592694358081667794e+01
1.570307348120312696e+01
1.598649583804515117e+01
1.595253932658035367e+01
1.591722176842490200e+01
1.621710469092144180e+01
1.639948619134492702e+01
1.624819339387979511e+01
1.592841199846198563e+01
1.602747908710295377e+01
1.616457818367434029e+01
1.586574603355113844e+01
1.588063059502747620e+01
1.574402832591713697e+01
1.574926075570203032e+01
1.651352279309480764e+01
1.585058814163406105e+01
1.557653542404727176e+01
1.585570009490431254e+01
1.542676547660023267e+01
1.562150066201301613e+01
1.587669062060156300e+01
1.609603937290341946e+01
1.609277338458057116e+01
1.613104061650945198e+01
1.594226242436620744e+01
1.577408704065667067e+01
1.572028685666185588e+01
1.582063190074408077e+01
1.625996957250583463e+01
1.634593267223747404e+01
1.599796782517483251e+01
1.578968337475004446e+01
1.607878559340548819e+01
1.562872209515162503e+01
1.640941467680153210e+01
1.646073726893708056e+01
1.614882568787295369e+01
1.574273597915179401e+01
1.607549007931918084e+01
1.563456834100787773e+01
1.540956901840758597e+01
1.568439054278801592e+01
1.598600098401167102e+01
1.581358926731577164e+01
1.613643668975458567e+01
1.620211950378481447e+01
1.638002742221273067e+01
1.582015762765416156e+01
1.656477291136930674e+01
1.553296855288166434e+01
1.585342872068489761e+01
1.545898111533111141e+01
1.631301632316766614e+01
1.602738733420052597e+01
1.578337368105222005e+01
1.594820487137713805e+01
1.628776392949039575e+01
1.562539776226828536e+01
1.533017751386570815e+01
1.602895058309227139e+01
1.634858048820791510e+01
1.616817653441784586e+01
1.569765554990783762e+01
1.603865148101428062e+01
1.613084181802062389e+01
1.553064067354276467e+01
1.565655750128936141e+01
1.560050633625602856e+01
1.570445835105014964e+01
1.571621497453572047e+01
1.613706059808041005e+01
1.550876004720625190e+01
1.586383274405285704e+01
1.559819189744327339e+01
1.611909906689284711e+01
1.598246532796383335e+01
1.587502383569791675e+01
1.589843857751035650e+01
1.581603450288843504e+01
1.604596984656807734e+01
1.599179615958213496e+01
1.556676970448560304e+01
1.619645183164193014e+01
1.596016590719807304e+01
1.568301799245906203e+01
1.578420969635890181e+01
1.535333075459647922e+01
1.614957803167014561e+01
1.626179153937937727e+01
1.604344901446255278e+01
1.538406700257465154e+01
1.574892841652152597e+01
1.552391357311165798e+01
1.593179759194769751e+01
1.600612980874220881e+01
1.582862092713231839e+01
1.566437908012638758e+01
1.646142441654436084e+01
1.613478235233379010e+01
1.647970777847838164e+01
1.605743620169709374e+01
1.585719251091628834e+01
1.612677976678225988e+01
1.611210207829021712e+01
1.597343167608059566e+01
1.639994931091033337e+01
1.563619202152371912e+01
1.568645758987916672e+01
1.622262639477452595e+01
1.568723421859303890e+01
1.596075277873629261e+01
1.579997429684167898e+01
1.641513816775356105e+01
1.578448320697417628e+01
1.590139220398905096e+01
1.557205046187080555e+01
1.616505323826811846e+01
1.568312168259712358e+01
1.556572180627043700e+01
1.672233127481237602e+01
1.617021861056176490e+01
1.597467190680962723e+01
1.596234321536537415e+01
1.551041373451688976e+01
1.553351503204335771e+01
1.560529252923012677e+01
1.570124596131593897e+01
1.590481752895235523e+01
1.543654161749391918e+01
1.602774812459901810e+01
1.601204293100882126e+01
1.566830273983219435e+01
1.608954404347936418e+01
1.551155092824830106e+01
1.584066988497439787e+01
1.613368116767955129e+01
1.604669205758481354e+01
1.612661727461722094e+01
1.602588009417090120e+01
1.637271178990346954e+01
1.602555144853005586e+01
1.587802098790017702e+01
1.564085561135003388e+01
1.582747688266856834e+01
1.649166909907099310e+01
1.602810783904947201e+01
1.618619906725100677e+01
1.639482130618486622e+01
1.587867290865469450e+01
1.620502393758738791e+01
1.594668741111781252e+01
1.666435888686840627e+01
1.613897957120079241e+01
1.599049361728125440e+01
1.592570990101643424e+01
1.556119953910354248e+01
1.598321211566991984e+01
1.573182168322438201e+01
1.650903955839720894e+01
1.585784951509304008e+01
1.607134520926180343e+01
1.546256974021251196e+01
1.591775933132868204e+01
1.611978085700142671e+01
1.582294928209314833e+01
1.583812634384242557e+01
1.618067496271048711e+01
1.529193817461823812e+01
1.615477554329534726e+01
1.594293789164010988e+01
1.599999066522979341e+01
1.584368576771305648e+01
1.590413762434200784e+01
1.564924009223136281e+01
1.638537951464527609e+01
1.570014939627347417e+01
1.616320784994812598e+01
1.567390644005988243e+01
1.572627213445067795e+01
1.560256116003856341e+01
1.583457225921200795e+01
1.574629618710759438e+01
1.598392293429048472e+01
1.627417087091265557e+01
1.599741861379818708e+01
1.603528676635647798e+01
1.584157810974312852e+01
1.633162032965178767e+01
1.604439611145464184e+01
1.654650973334027952e+01
1.589473579316049268e+01
1.623385847040170304e+01
1.568350707865578464e+01
1.570173166572424428e+01
1.568982708923423530e+01
1.618404068497406101e+01
1.616764859667028986e+01
1.582229438928729159e+01
1.627949118192665168e+01
1.623111629944374812e+01
1.581103483208210925e+01
1.645383527888034436e+01
1.634353060877207398e+01
1.532856423995228212e+01
1.564376074345199186e+01
1.572213298279663185e+01
1.625235103508473600e+01
1.582663492385697523e+01
1.608306563857783189e+01
1.573878975073971453e+01
1.558038798741220532e+01
1.586919500606426858e+01
1.566179554340449087e+01
1.615468508561214733e+01
1.605122604693908883e+01
1.573298226614744522e+01
1.585621987992175441e+01
1.593251863864626472e+01
1.622257576467457341e+01
1.556463660808365823e+01
1.606659484703002150e+01
1.620339908560859499e+01
1.546668068938837948e+01
1.538069062005480170e+01
1.588610090308257483e+01
1.635800746456052224e+01
1.604410839593277416e+01
1.640701806417573749e+01
1.584899670170314856e+01
1.556507179598553137e+01
1.602780385892998538e+01
1.633279225483541097e+01
1.611206420103998127e+01
1.625300741835215490e+01
1.543492037921380700e+01
1.589613701936186985e+01
1.567856161848242103e+01
1.599787002059600916e+01
1.624867577165102617e+01
1.591367595464018869e+01
1.577270329685741856e+01
1.523648320637824938e+01
1.592361261129510908e+01
1.619202100992136550e+01
1.652875386919643219e+01
1.541674227090521399e+01
1.627792939634756308e+01
1.550672883332483387e+01
1.582225139022731142e+01
1.544990472902247802e+01
1.550581273566184493e+01
1.628437851515699464e+01
1.616298575921477720e+01
1.619340639392325087e+01
1.659161693833900131e+01
1.627023711222881275e+01
1.627654803581321374e+01
1.604988584857136402e+01
1.608847954276756198e+01
1.676619659934557305e+01
1.609651958474951527e+01
1.632200093282756725e+01
1.593902268318340099e+01
1.607245503964144007e+01
1.672046410779992343e+01
1.570526279543037340e+01
1.594791566468683364e+01
1.588774793643648486e+01
1.616393605009185563e+01
1.543042741409360197e+01
1.571538388324311697e+01
1.609031257756053890e+01
1.558612802565158439e+01
1.608785750897659028e+01
1.556316214094837846e+01
1.540830000105471420e+01
1.626892230263537797e+01
1.577767201599468905e+01
1.570550183430792934e+01
1.645285222691166993e+01
1.602792616844973850e+01
1.592071561450904937e+01
1.596350943922175425e+01
1.594007981456463163e+01
1.625382185822791214e+01
1.615824413650305047e+01
1.570268456278139091e+01
1.546608777329736206e+01
1.598733677819832266e+01
1.591526161288387442e+01
1.610616795679078450e+01
1.631907116328790153e+01
1.602912074919919050e+01
1.603478652227591894e+01
1.599690610600471175e+01
1.635752398655135309e+01
1.598853984076608015e+01
1.618172120841800776e+01
1.610972267798337398e+01
1.643375301426335611e+01
1.572597990747073204e+01
1.613870551154826316e+01
1.593400676486836431e+01
1.602103862489984110e+01
1.551492290921223649e+01
1.589247198463731792e+01
1.582650047640440683e+01
1.588709283990503707e+01
1.552852862537147161e+01
1.629382641849271707e+01
1.655413757446110878e+01
1.611594128721736041e+01
1.605855863565732378e+01
1.628929526498116331e+01
1.603473568516739789e+01
1.625460453799646032e+01
1.600512890120392839e+01
1.527029137364863232e+01
1.588433186504337513e+01
1.568328193352311928e+01
1.650986119563962617e+01
1.513144932314605029e+01
1.581489937032385740e+01
1.625056671548120590e+01
1.589562801879702114e+01
1.605849299124281870e+01
1.576331090154957337e+01
1.612279926904141902e+01
1.651256587911760576e+01
1.538440270673800647e+01
1.611183100103024657e+01
1.579671415480320817e+01
1.568526485939459292e+01
1.574421654768289613e+01
1.553366460284432549e+01
1.568612973635187657e+01
1.621730045414367538e+01
1.553438244318674144e+01
1.568955672255129308e+01
1.568845046807353327e+01
1.637621461771152198e+01
1.594062695108459415e+01
1.605795440945814079e+01
1.608597863615549173e+01
1.583619589934084537e+01
1.612924714850498376e+01
1.587768476191829770e+01
1.582282898010460848e+01
1.565015838236312895e+01
1.619192687250066953e+01
1.599668742800189136e+01
1.648081899501447722e+01
1.630600129085964056e+01
1.585276362170512066e+01
1.571039723182123815e+01
1.592741870125269799e+01
1.605206947000044693e+01
1.542416574136434093e+01
1.579658183734236054e+01
1.524488730843466833e+01
1.573908573574374614e+01
1.658141845445125995e+01
1.620678539527918716e+01
1.637538032732928528e+01
1.620113486686490489e+01
1.604103018828761407e+01
1.576010046370151052e+01
1.593175686845070871e+01
1.621660254347647623e+01
1.541710665724211005e+01
1.571473750740334197e+01
1.614499680490439104e+01
1.630570517750227566e+01
1.597040743343591984e+01
1.550329991168809585e+01
1.597339936887347811e+01
1.591159058049089836e+01
1.605671915777043779e+01
1.606654720900949940e+01
1.588833985182223607e+01
1.573611028759734154e+01
1.585184851362109093e+01
1.607862626747595414e+01
1.606078406828137872e+01
1.612061818125307511e+01
1.626549009866790740e+01
1.609506471565297403e+01
1.588907934013148981e+01
1.604110367256139824e+01
1.602647991019891549e+01
1.605647832740086400e+01
1.603248380104479764e+01
1.544032123213986196e+01
1.617983596840001681e+01
1.586809145429300472e+01
1.591147970780250809e+01
1.567827353432889126e+01
1.574651696161548742e+01
1.550807515356976651e+01
1.627483047085026513e+01
1.580864374925821281e+01
1.582949075801487915e+01
1.585323541787830948e+01
1.586720056031850667e+01
1.521159430576129523e+01
1.604655817751378066e+01
1.584325115587001420e+01
1.587007904090345178e+01
1.580276822899983635e+01
1.624418707412814911e+01
1.539980426231930721e+01
1.530596327422301783e+01
1.561603824147202957e+01
1.609348028190081337e+01
1.598659574462923239e+01
1.634502565159248988e+01
1.555248781297123450e+01
1.595987837295166401e+01
1.642732844845047069e+01
1.599324607985188607e+01
1.595680327072389737e+01
1.660289711249437161e+01
1.571421762903067254e+01
1.572952494680791169e+01
1.537269746422762928e+01
1.618137675529910169e+01
1.557089472577246347e+01
1.607924269615704560e+01
1.578761877194578567e+01
1.579315471603356080e+01
1.627877448712719044e+01
1.631765943434221811e+01
1.551853783501174711e+01
1.589324335864230342e+01
1.599091842786468654e+01
1.588298818414112112e+01
1.609889964155290443e+01
1.558804351081908734e+01
1.571617531352758768e+01
1.588358895315355923e+01
1.591644107005502207e+01
1.581953331201841273e+01
1.602249669348420369e+01
1.606497134467344168e+01
1.562155933259887952e+01
1.556890180312847782e+01
1.622198884878213931e+01
1.629780089289662470e+01
1.576163953012062713e+01
1.601330857502794203e+01
1.605933507902917157e+01
1.621701947678440447e+01
1.550726471552022012e+01
1.613395475055946093e+01
1.591318415110166384e+01
1.567810062184475406e+01
1.658406776567055374e+01
1.589402231913320840e+01
1.560536678171782299e+01
1.599667868023580120e+01
1.642822374305983857e+01
1.593485942562048052e+01
1.566021508118641314e+01
1.644485655496883680e+01
1.662948959595751930e+01
1.618394497947336674e+01
1.589949241913113553e+01
1.564159874110914039e+01
1.583023753955220592e+01
1.598595683746859386e+01
1.592917770542162081e+01
1.561378261615388929e+01
1.621038891455914666e+01
1.605196214365331286e+01
1.609953146667914226e+01
1.626128303869625213e+01
1.582101780664565815e+01
1.589795770584675338e+01
1.576241151470471458e+01
1.595702668452734940e+01
1.616232917799478486e+01
1.569111121404584175e+01
1.579057211405505790e+01
1.623734892412668174e+01
1.611155349138001824e+01
1.568656551693442225e+01
1.602984059287825502e+01
1.559452938611411810e+01
1.590613843821943796e+01
1.651739228429309136e+01
1.612447230893366878e+01
1.623923141868337439e+01
1.587291215818393653e+01
1.606254258429921222e+01
1.613770676113380631e+01
1.517741387923982366e+01
1.610855699743300562e+01
1.658562184934110562e+01
1.621183597032363011e+01
1.611041438327477593e+01
1.590606727692618882e+01
1.547209365991209751e+01
1.576667439218474520e+01
1.566584531620910425e+01
1.578340456485007159e+01
1.640836577999571944e+01
1.568867180598138056e+01
1.595144425289876189e+01
1.585195563996783541e+01
1.579162909326954356e+01
1.576660909817740830e+01
1.615139644984902745e+01
1.564773998631611462e+01
1.604985443690218361e+01
1.538553968707572217e+01
1.572184705574375663e+01
1.662794945322186635e+01
1.536815291625189950e+01
1.594803925526460908e+01
1.588938706142773505e+01
1.592742211476081593e+01
1.569425334116529847e+01
1.627445402307692746e+01
1.557768895409386722e+01
1.549756089155508931e+01
1.569190879100318270e+01
1.578715092992333702e+01
1.559078860025340951e+01
1.585744247414179320e+01
1.576392253726333337e+01
1.618043276686723075e+01
1.582380478754533293e+01
1.561101353339655695e+01
1.584140826439492322e+01
1.594163056196883943e+01
1.608662382914361189e+01
1.595753920597874043e+01
1.544435928110885037e+01
1.613617826261541310e+01
1.570603319786586560e+01
1.581318975014350237e+01
1.619129912342972233e+01
1.588498560200559240e+01
1.567216486107300177e+01
1.584126066554618006e+01
1.528500191221923288e+01
1.613811986587031910e+01
1.621255583457405791e+01
1.621047653192987426e+01
1.588238122397411090e+01
1.578212446184064532e+01
1.599187968346624089e+01
1.584899891388135273e+01
1.591557496894495216e+01
1.577877068112103665e+01
1.621814966525770174e+01
1.560961018069984441e+01
1.565955481565482721e+01
1.576259169956997930e+01
1.568146946652228735e+01
1.629178196921821353e+01
1.610419397797922869e+01
1.554641834556451485e+01
1.654999658369402127e+01
1.561877439022984504e+01
1.574290177590896533e+01
1.617701824222644191e+01
1.605813091762289702e+01
1.583131051705846026e+01
1.595003479146159897e+01
1.640787179873522916e+01
1.575555971373790065e+01
1.632665745679300073e+01
1.604324295810691581e+01
1.587757049965606626e+01
1.535815778026353051e+01
1.569974932936683309e+01
1.570587472153858677e+01
1.577196792122248148e+01
1.551563000446772556e+01
1.589655896755025921e+01
1.608443857331909044e+01
1.618883056942456022e+01
1.625962608022572908e+01
1.575253640386557485e+01
1.592269938602299639e+01
1.568598568666994808e+01
1.573080331574011126e+01
1.563774609371661484e+01
1.584630999503191795e+01
1.608126667456039627e+01
1.603225752350746092e+01
1.559489962315789313e+01
1.597324979727407523e+01
1.568023841007113361e+01
1.575137605314046318e+01
1.587405931095213596e+01
1.641504456401106893e+01
1.555886429959165618e+01
1.578570521875615107e+01
1.590334880894019065e+01
1.599754192385169915e+01
1.569378469672630594e+01
1.609755807570265063e+01
1.542787377932691584e+01
1.636805031490729334e+01
1.628633265478333314e+01
1.588215536057788135e+01
1.620972581417844793e+01
1.588828780267297880e+01
1.577976521136425347e+01
1.608345640456288095e+01
1.604916085994347341e+01
1.557684895916125711e+01
1.602385275734333092e+01
1.575537484297978175e+01
1.536975096988312828e+01
1.500926550219487154e+01
1.605948443528153646e+01
1.618067581572455893e+01
1.609966458064054251e+01
1.554335381946644290e+01
1.566919030174044103e+01
1.650061647846280621e+01
1.581912945699813378e+01
1.630405340224897870e+01
1.574941625808460799e+01
1.594493366220474151e+01
1.611537480996096150e+01
1.604581560981056398e+01
1.608097679856324191e+01
1.571501933547457064e+01
1.556163560450781880e+01
1.555921310217502551e+01
1.557047084797912007e+01
1.575937947574603726e+01
1.510987470788783504e+01
1.623255871231283720e+01
1.636904242343603855e+01
1.621868676796546538e+01
1.559619591063653132e+01
1.658361309482653922e+01
1.610517472421467389e+01
1.553223333384446114e+01
1.598602919646416076e+01
1.618081236290517921e+01
1.537553301630853753e+01
1.622185863678170392e+01
1.640586758878058049e+01
1.612814109844352828e+01
1.566746614172138408e+01
1.582455906656752553e+01
1.620557394334149492e+01
1.608541327969878409e+01
1.591529280964179982e+01
1.628610993855467370e+01
1.569484649580862090e+01
1.549718007688502119e+01
1.633722308722127892e+01
1.625439302244703654e+01
1.560626790949843823e+01
1.588821494993594463e+01
1.550683767279053171e+01
1.607416881590138047e+01
1.624083263390374654e+01
1.636201067949875565e+01
1.586849489285069481e+01
1.609607298627300409e+01
1.611985038249803281e+01
1.577969677369046764e+01
1.568457524223545008e+01
1.619157525349849536e+01
1.599416027474705260e+01
1.628725377575995026e+01
1.586635256330842481e+01
1.584396350819637078e+01
1.545740840715155429e+01
1.567194949416488114e+01
1.528620045049768450e+01
1.581217254595476795e+01
1.550913745214161032e+01
1.627863477790940649e+01
1.612298919517436957e+01
1.561978941812026811e+01
1.591458843641196452e+01
1.579992194290090168e+01
1.611327397687448126e+01
1.623100202003521275e+01
1.580376765398830230e+01
1.546757251885735762e+01
1.649763146183847340e+01
1.599153627210655060e+01
1.603824408368241095e+01
1.549386171160944592e+01
1.628343996485996215e+01
1.599058653375089456e+01
1.597053531931398140e+01
1.590405219072322929e+01
1.562520538370343637e+01
1.541751565663362378e+01
1.573244850241123238e+01
1.583879821249661113e+01
1.560078141789807304e+01
1.625672401329250505e+01
1.636165699179355926e+01
1.630569857647841303e+01
1.514439891515447911e+01
1.573921810875675398e+01
1.631074309241952491e+01
1.627237115010929003e+01
1.618730457817683188e+01
1.580870887646458556e+01
1.624306770134185385e+01
1.623790816885600208e+01
1.624494092475042351e+01
1.539717887809429087e+01
1.610195326955010486e+01
1.557257767522038883e+01
1.555001178903585313e+01
1.589540886344922654e+01
1.626349132517250240e+01
1.618477928449769365e+01
1.611527749144718769e+01
1.586296702634749423e+01
1.582902647790555761e+01
1.628444539637277799e+01
1.561357600712904592e+01
1.556216090845722988e+01
1.584989767448360354e+01
1.630559362952650204e+01
1.529383944183757826e+01
1.627010283655438272e+01
1.594244788257720025e+01
1.487424597662335479e+01
1.583743701716220897e+01
1.543449780110964653e+01
1.588749085011920315e+01
1.558253216149471854e+01
1.600539532097835860e+01
1.579857694364754472e+01
1.544045303653657797e+01
1.624082384336476537e+01
1.586048618672032973e+01
1.613348500753473758e+01
1.587640493288970767e+01
1.527151245389319634e+01
1.584599902107796510e+01
1.617939862996071199e+01
1.566131488322328558e+01
1.578819588725135148e+01
1.588100053290775726e+01
1.576917860920989867e+01
1.557961007372286311e+01
1.613904479031758754e+01
1.612277851250539484e+01
1.581577960657484105e+01
1.589669020295070645e+01
1.598272768014361311e+01
1.604818398016496772e+01
1.603302323285100783e+01
1.614496274716109525e+01
1.604108697742677236e+01
1.569635879014468394e+01
1.553686578489283754e+01
1.586202204948718375e+01
1.621903108649766168e+01
1.619188919878995137e+01
1.552683410693156496e+01
1.616237495696901050e+01
1.599387652327479792e+01
1.565802258297260607e+01
1.578128126471621862e+01
1.606473560939919665e+01
1.592302118714858850e+01
1.571217620787607316e+01
1.588157582368723020e+01
1.617618670377155610e+01
1.566860682821491224e+01
1.619550751287616208e+01
1.652741361738246084e+01
1.586316368949514555e+01
1.613873157595912033e+01
1.592765152493489111e+01
1.602912290909188542e+01
1.587152682923547609e+01
1.623907901534893128e+01
1.570755002672578016e+01
1.583599791812748236e+01
1.574578251248289362e+01
1.669459102529217631e+01
1.586141326458958289e+01
1.627025763382480505e+01
1.588834420372592326e+01
1.607586098006167319e+01
1.618165872668376082e+01
1.615824742219814425e+01
1.587127774913327904e+01
1.580487649283579721e+01
1.596125053911854863e+01
1.599887004607643703e+01
1.642808882243522106e+01
1.614480894203421357e+01
1.604321918043994444e+01
1.595108119766530130e+01
1.616600541256131152e+01
1.597224916299289177e+01
1.598809066830110659e+01
1.610747175655354013e+01
1.536850393889210586e+01
1.572813852570426008e+01
1.651455335960731929e+01
1.616225277785511949e+01
1.630234959003019668e+01
1.629517920630207684e+01
1.576213716021038636e+01
1.571065045625497270e+01
1.625482675213923045e+01
1.626786684069641709e+01
1.577945542781347221e+01
1.626442562957609539e+01
1.589153240444087700e+01
1.603827019260411291e+01
1.562009462009831218e+01
1.585455624726199453e+01
1.611370522732687149e+01
1.578641235200141679e+01
1.559421652723168528e+01
1.622147698886026745e+01
1.563058659966353225e+01
1.551684672504155493e+01
1.591982877830978893e+01
1.539113867475860431e+01
1.605138346164583751e+01
1.601594856850097059e+01
1.588122778815549729e+01
1.647285541118761287e+01
1.622800429142090550e+01
1.639820915784645550e+01
1.544805411380335691e+01
1.636463027245304147e+01
1.615775935698408006e+01
1.582820284218798079e+01
1.602444934382267760e+01
1.579396591560242413e+01
1.602377625120168858e+01
1.613746015666337286e+01
1.539498463610598655e+01
1.565255148761404591e+01
1.588248799620759932e+01
1.593483989476842311e+01
1.605518052127438011e+01
1.646625633982951697e+01
1.608902677011302274e+01
1.561854738405105891e+01
1.578087896006938706e+01
1.570067130901354346e+01
1.642071285316811924e+01
1.545301057176988380e+01
1.594484176724905566e+01
1.629413988599064211e+01
1.591106665204172543e+01
1.564776289129376785e+01
1.635600756312473791e+01
1.584570542584211950e+01
1.608862196127175892e+01
1.615117129154684150e+01
1.562894055389424075e+01
1.559551053435164292e+01
1.541893802217122911e+01
1.635490014200040676e+01
1.572158229630708171e+01
1.559758386128030772e+01
1.570439966537013809e+01
1.600850318822500995e+01
1.577075441581708759e+01
1.617833414507896350e+01
1.566466722511538201e+01
1.563386923374931214e+01
1.615552665835090451e+01
1.541851983000490556e+01
1.613718720354759739e+01
1.564331347308935527e+01
1.606844089469729298e+01
1.588432655913020319e+01
1.560515581788948225e+01
1.600803764650668626e+01
1.675593679774701528e+01
1.570232940519274578e+01
1.611671125122694903e+01
1.585487025574968101e+01
1.627817517210137055e+01
1.584769047529647601e+01
1.597404247317001236e+01
1.602697300619157517e+01
1.575957399988071650e+01
1.579628458172880201e+01
1.587057864691637299e+01
1.585236059341938386e+01
1.585712568719783988e+01
1.612525962823780290e+01
1.569316081225206183e+01
1.592518975427228156e+01
1.586949478174275008e+01
1.587207136381308814e+01
1.596612290450579685e+01
1.556347758071390430e+01
1.581974994290770375e+01
1.587932495700550106e+01
1.572050030096467310e+01
1.589397856541750542e+01
1.656694347161399605e+01
1.583409797034709321e+01
1.590813094219596380e+01
1.589673225269577728e+01
1.598268228865853224e+01
1.581711594279708066e+01
1.603026764752516087e+01
1.607583547698158100e+01
1.578112009337877630e+01
1.618325931847717669e+01
1.549589340068431476e+01
1.556962416714447706e+01
1.566648093138805464e+01
1.625112362061114979e+01
1.578333501123050908e+01
1.577458385346232461e+01
1.615688502235314772e+01
1.593441194185546195e+01
1.547286176139220615e+01
1.596012848650231142e+01
1.615134890421876079e+01
1.583321357884525504e+01
1.599667921279667304e+01
1.631362826882841688e+01
1.596606374120418259e+01
1.655248356810305665e+01
1.592829927748405083e+01
1.640969336457832739e+01
1.582235196139552258e+01
1.625353998505950059e+01
1.556742942847503564e+01
1.622849952255367967e+01
1.587387543761362174e+01
1.596214368954785634e+01
1.554187208759376659e+01
1.560236864676042501e+01
1.600536805705873178e+01
1.631339519201353028e+01
1.611626233506353856e+01
1.594238697189131315e+01
1.624599418284364560e+01
1.611863586152155037e+01
1.622291630671881535e+01
1.584898910096461222e+01
1.521905656556874398e+01
1.599109916536331433e+01
1.581182222951446725e+01
1.564233071733162816e+01
1.607271119854480546e+01
1.597126709282425949e+01
1.567083820367755465e+01
1.601029571394654738e+01
1.602950329620658110e+01
1.605553394354785723e+01
1.624011329857590269e+01
1.599053215986531029e+01
1.619328098353330958e+01
1.580077765648426791e+01
1.576150392042345949e+01
1.587652066469801149e+01
1.587705604358248834e+01
1.625727834516777293e+01
1.543957910022833424e+01
1.622378322327892164e+01
1.581737304422124168e+01
1.637799745129677120e+01
1.587253533458079069e+01
1.577460435720220566e+01
1.623886561247668325e+01
1.572629127660090020e+01
1.556744730870064686e+01
1.617363646464702498e+01
1.526948879788794677e+01
1.614155853669033291e+01
1.623376331671871498e+01
1.586400611946853267e+01
1.580040409385991218e+01
1.565269637610231612e+01
1.591600270276244622e+01
1.595306567751637239e+01
1.640577473997669955e+01
1.563623145144851811e+01
1.593138267438040323e+01
1.583596984896184345e+01
1.568903554379581777e+01
1.588596907856239682e+01
1.620304622086167257e+01
1.549161918876767530e+01
1.603508215999498177e+01
1.568352522604598498e+01
1.584452376133366513e+01
1.619345872612592885e+01
1.577066045653016424e+01
1.605301207685412379e+01
1.584608163536371883e+01
1.533828935519678360e+01
1.566234626242471606e+01
1.585454229912306801e+01
1.645586845255506248e+01
1.569243116601082733e+01
1.611359912370839353e+01
1.599925732984666737e+01
1.613508859089165171e+01
1.603312287685425730e+01
1.621998763103318453e+01
1.609597142261980096e+01
1.606958388902538815e+01
1.547381653339162710e+01
1.528194379682157056e+01
1.614187061345127816e+01
1.601840950096270788e+01
1.574501260410496251e+01
1.579539778149055707e+01
1.607929080170440272e+01
1.583060947654060868e+01
1.532987304268912965e+01
1.573802573449478714e+01
1.608234664502089117e+01
1.614087485629091745e+01
1.554134712633666027e+01
1.607229495223275606e+01
1.615785826379924472e+01
1.580324137989127387e+01
1.549913562879298112e+01
1.571932005058155291e+01
1.551383254636906450e+01
1.608171726292739834e+01
1.604161093329412324e+01
1.608072485148722919e+01
1.641591176367605343e+01
1.576577354058369806e+01
1.610484145675649970e+01
1.573465765386664295e+01
1.572750623986872398e+01
1.565733908888538117e+01
1.631866688113092678e+01
1.574278858020442939e+01
1.570090930205802771e+01
1.564517368770342287e+01
1.644935857490852626e+01
1.547239580042741736e+01
1.612318872281941751e+01
1.570426868818887733e+01
1.594208091472271249e+01
1.585562500973077249e+01
1.562346622728447088e+01
1.635887936325072900e+01
1.591240552602730318e+01
1.603432104499568567e+01
1.604310921680319524e+01
1.654236273832162851e+01
1.590801533294969694e+01
1.560909905033469691e+01
1.560180577554543291e+01
1.625720087066048691e+01
1.534491414612821458e+01
1.608031371687182443e+01
1.552304272123733497e+01
1.576277424594539411e+01
1.611931355860536641e+01
1.623537872579286301e+01
1.578765927371157041e+01
1.582611845548085228e+01
1.556788481218448261e+01
1.560132962101447163e+01
1.627838870097435020e+01
1.647465983020031643e+01
1.599295713856927925e+01
1.545485559965881528e+01
1.588674176389435821e+01
1.657915891973005529e+01
1.611810648883564667e+01
1.578084037079754687e+01
1.631149285562845819e+01
1.588671792405283156e+01
1.585559645650994121e+01
1.572453445896301538e+01
1.636210382850639888e+01
1.614517044900433262e+01
1.581715704609652029e+01
1.582544947554228720e+01
1.588291544874265071e+01
1.601520836518507451e+01
1.628546239616659363e+01
1.587505889935430581e+01
1.584971389086129179e+01
1.578746476884763972e+01
1.605627387746908852e+01
1.601939733447063929e+01
1.550332914807553308e+01
1.536612433379790410e+01
1.559559913805941100e+01
1.640881805715701702e+01
1.596595503378862091e+01
1.573867065505271867e+01
1.541512817142229430e+01
1.547869389638433724e+01
1.518569444313971672e+01
1.635859242510587919e+01
1.595766886150971153e+01
1.561793160670086600e+01
1.611512326906175119e+01
1.628910393901657017e+01
1.607303463363987106e+01
1.545962596076590501e+01
1.592448969445778140e+01
1.567890507732020744e+01
1.547992829074746624e+01
1.579366388175721170e+01
1.537080175705604645e+01
1.615075050727201145e+01
1.585330986717920077e+01
1.606754468727473295e+01
1.618381233073472814e+01
1.571525420920213811e+01
1.570683366644782808e+01
1.600432036476921382e+01
1.526082814760903084e+01
1.604382722883372381e+01
1.570651649508671177e+01
1.612560970329230869e+01
1.520968089623672803e+01
1.609338703026813278e+01
1.565769707447411108e+01
1.609823009460448162e+01
1.603534286788962504e+01
1.585335869171466605e+01
1.581900885002093560e+01
1.628431132030560136e+01
1.623964556179127783e+01
1.596040944865660016e+01
1.606390674817719244e+01
1.616013993884915934e+01
1.604731539554975939e+01
1.579713993269567140e+01
1.610090051788750998e+01
1.602606883737869126e+01
1.598172022284523663e+01
1.579959542363775959e+01
1.549459143707910336e+01
1.590468091249677229e+01
1.550963072195604653e+01
1.591544529689898901e+01
1.587496608523361985e+01
1.604789260575076426e+01
1.638273435241226395e+01
1.606705544358580084e+01
1.599323664841380932e+01
1.604022562651274342e+01
1.586796502704105549e+01
1.578049004856347004e+01
1.569356628694834299e+01
1.556792525651033010e+01
1.571799277253726501e+01
1.595337324289883085e+01
1.586344166136979439e+01
1.554594638947321528e+01
1.678723682122305760e+01
1.589629881129895672e+01
1.592606978777297755e+01
1.616815766830339385e+01
1.627057341098345589e+01
1.575699873234245985e+01
1.629509815934014938e+01
1.608813984774466377e+01
1.569878567573896255e+01
1.608077544454150143e+01
1.560080472030074716e+01
1.626926005743940351e+01
1.591390157342998535e+01
1.591651124537143147e+01
1.634936258783928409e+01
1.606832433016572637e+01
1.630057643313461568e+01
1.621922320070389389e+01
1.558363679034285632e+01
1.615732336574370720e+01
1.604185748290032976e+01
1.616323520648141709e+01
1.628768558338500583e+01
1.604660882924330778e+01
1.587364694046311797e+01
1.603051190626147360e+01
1.605989185865049862e+01
1.619847765381653559e+01
1.642252322865062553e+01
1.583882158862741818e+01
1.572804450782004970e+01
1.558368691045185805e+01
1.562852170255629503e+01
1.567776872919001541e+01
1.585039301103264897e+01
1.601389060744059023e+01
1.558636187794519223e+01
1.584732990584692125e+01
1.601309663067336686e+01
1.600168311875827243e+01
1.596784095323189945e+01
1.586085316858474492e+01
1.581202134525758396e+01
1.540040622916185420e+01
1.623359142687525747e+01
1.609036883909325155e+01
1.559642685937183515e+01
1.614057521225865344e+01
1.581517124140094310e+01
1.565661571013984421e+01
1.587372197241621841e+01
1.616288368801711783e+01
1.540760058686358569e+01
1.556583533172215716e+01
1.606120532665011424e+01
1.613533168796351802e+01
1.581658848647587057e+01
1.575880465126921948e+01
1.582860400040820537e+01
1.539901101687349083e+01
1.548750310841619360e+01
1.612091584267898270e+01
1.568949977809055341e+01
1.525824434015840225e+01
1.609580745780437638e+01
1.627011463294784832e+01
1.560541306010184748e+01
1.560095635706353789e+01
1.544623008714281553e+01
1.602415581317801596e+01
1.588290545085578209e+01
1.644087455751730076e+01
1.612792881281025359e+01
1.635639971584832253e+01
1.582519672138841393e+01
1.588950596932745718e+01
1.589564342451454948e+01
1.635752552793285375e+01
1.593731033045709999e+01
1.591727802084625409e+01
1.609868144311523608e+01
1.647157312208398139e+01
1.571733167893738425e+01
1.557180561440246613e+01
1.630466575904825888e+01
1.527013139908473782e+01
1.604998274397781444e+01
1.591739345903997460e+01
1.618335055860863392e+01
1.589799453827822617e+01
1.593264948844956663e+01
1.603529499786650447e+01
1.591950413144694032e+01
1.641133393216771807e+01
1.592918330507258595e+01
1.572737397144219429e+01
1.571655814900955583e+01
1.555678430383647992e+01
1.553555025516904387e+01
1.582349588296620801e+01
1.633747940248487751e+01
1.595535127981697876e+01
1.627570636663374870e+01
1.570119983023220200e+01
1.583065888850032898e+01
1.572201945163553560e+01
1.518413820830430438e+01
1.585498010606154651e+01
1.612359416233566023e+01
1.643872597166748761e+01
1.613766492666966457e+01
1.594167051287779380e+01
1.565667694658249864e+01
1.606990686178344419e+01
1.613277458784193996e+01
1.584418060840094000e+01
1.597669843256515065e+01
1.648872579510545222e+01
1.656839605865739529e+01
1.549578811737256956e+01
1.569615768709072334e+01
1.566226945101546342e+01
1.602953519178967312e+01
1.589408270673586898e+01
1.598109974152651169e+01
1.580880703147381716e+01
1.555916148659553144e+01
1.623939075871951587e+01
1.526748434853663383e+01
1.591244854185612567e+01
1.605243123837938413e+01
1.543322288184490354e+01
1.605014981515902761e+01
1.596372163632658392e+01
1.647119565046053324e+01
1.610572697532119690e+01
1.604005582409471131e+01
1.599777843845214953e+01
1.610698668811696876e+01
1.595780581165648648e+01
1.637631674905186685e+01
1.621712939924058716e+01
1.555005189567148882e+01
1.582255527788058203e+01
1.596562110690603653e+01
1.557585198875716159e+01
1.578590739426026879e+01
1.578788694385397839e+01
1.583363707449141167e+01
1.584438804635332154e+01
1.585986205835977358e+01
1.647082112856123004e+01
1.605623852480056613e+01
1.624682305911810332e+01
1.621151024874025026e+01
1.642754275756150761e+01
1.609494868082795449e+01
1.602166045575048869e+01
1.607223298971489456e+01
1.599554705206207217e+01
1.576400098517805404e+01
1.559618848272944014e+01
1.570569314154222695e+01
1.620196289429252445e+01
1.615131118818156608e+01
1.599637919201980729e+01
1.609513557474532419e+01
1.608739336805015085e+01
1.577454257619418243e+01
1.635396120219075655e+01
1.599379283849818734e+01
1.557253648174111227e+01
1.588840593610072993e+01
1.569477225925248653e+01
1.652576361867784627e+01
1.630247922686816864e+01
1.599977766623393016e+01
1.560887906364903799e+01
1.552741636082696353e+01
1.618244010160002588e+01
1.569871117620451884e+01
1.607328275750996482e+01
1.583962290993678224e+01
1.576463848953492608e+01
1.559918207325781303e+01
1.597673707175340674e+01
1.580850817143788056e+01
1.616329373173130080e+01
1.643883058762497029e+01
1.656569648637519521e+01
1.613443106517871328e+01
1.614365389771873538e+01
1.531834137001042961e+01
1.549394716512613712e+01
1.576012926767970157e+01
1.621926284256951689e+01
1.593011404709550050e+01
1.538618240444778351e+01
1.653143197388607533e+01
1.582169836325471124e+01
1.560561737090925760e+01
1.610014041939275842e+01
1.615970758619493353e+01
1.537472387624206149e+01
1.644994807117656421e+01
1.573586508004346207e+01
1.602025905356497049e+01
1.597205115128931574e+01
1.610722785357193132e+01
1.615920985242229690e+01
1.613650649022461181e+01
1.549154730838722038e+01
1.586079730992173609e+01
1.630830353230305718e+01
1.620403052607542804e+01
1.572551336639951813e+01
1.537190417158998734e+01
1.604376801203456537e+01
1.561041915815167691e+01
1.588981668699203098e+01
1.550310261805751821e+01
1.618136085716503203e+01
1.551912432427932309e+01
1.668950434336083077e+01
1.570654292297333043e+01
1.608788906998678314e+01
1.542510968810710992e+01
1.675088073128822330e+01
1.584053439430537047e+01
1.558120887960721568e+01
1.644135268734605049e+01
1.539184464741172675e+01
1.585212272482992013e+01
1.600356220643755734e+01
1.613907202513688333e+01
1.559338655101175242e+01
1.613666853509861454e+01
1.568066348726754811e+01
1.538937439053761302e+01
1.533427143484580846e+01
1.613453725546441220e+01
1.610698056131766620e+01
1.611712331281048094e+01
1.610164835058986910e+01
1.531753755359027380e+01
1.651428620125977176e+01
1.595394175794733194e+01
1.549221709447021134e+01
1.596426303581198347e+01
1.627418681939511558e+01
1.557368190946898956e+01
1.533123899985162097e+01
1.615494133737649918e+01
1.634886520752153416e+01
1.620170409013177704e+01
1.579921844001922970e+01
1.641339523975640802e+01
1.601773464443017758e+01
1.600717631145615272e+01
1.592855919114597718e+01
1.566880884124864970e+01
1.623649025335229013e+01
1.637299451331998768e+01
1.584701934189081385e+01
1.591425459972882628e+01
1.534822562228023379e+01
1.556644021929860244e+01
1.588045334179482460e+01
1.616621264674920511e+01
1.587593509515107826e+01
1.568428132550085330e+01
1.604704610735045733e+01
1.599672697603605442e+01
1.576529001157883592e+01
1.546076063150659152e+01
1.537347454620505971e+01
1.601415945735180912e+01
1.645255369594860895e+01
1.550986833587811908e+01
1.590277052357120091e+01
1.608599645139036483e+01
1.578169212391864029e+01
1.651004393691423644e+01
1.612915826933909003e+01
1.606308938313080859e+01
1.637456828258040886e+01
1.610075261674001368e+01
1.638332958000764350e+01
1.554191811189655148e+01
1.624759793099679328e+01
1.602775968802294670e+01
1.605254167052274994e+01
1.554896477525697307e+01
1.607867698555945779e+01
1.592329570815388529e+01
1.584283070080876143e+01
1.599842238920314053e+01
1.616375834704624026e+01
1.576972012349498975e+01
1.563492305518785308e+01
1.581980560282067749e+01
1.617605465601216608e+01
1.571326464826900704e+01
1.604162952963708477e+01
1.639164534662461037e+01
1.608508083491699381e+01
1.586855983711604168e+01
1.589037490244301587e+01
1.643632905465800320e+01
1.604628261270961787e+01
1.571155532867982885e+01
1.597843521442554504e+01
1.616217008571083014e+01
1.635499494817435817e+01
1.621231868948999022e+01
1.583547306570875968e+01
1.603055344130190818e+01
1.564312340808665525e+01
1.602083323299138939e+01
1.600501018423495836e+01
1.584185721932302826e+01
1.607608242111655983e+01
1.605321087908721012e+01
1.563913667709814703e+01
1.588950994848193687e+01
1.560331831100942956e+01
1.630185830266584901e+01
1.568126502715318082e+01
1.606497197996464621e+01
1.546720422225161329e+01
1.607179639175696551e+01
