# Variable: B
# Sample shape: (3000,)
# Date: 2018-05-02 15:18:08.374456
8.434465932303958358e-01
8.573855298834408556e-01
8.740774572872178627e-01
8.572108267305196261e-01
8.442164336177427897e-01
8.393742687334284636e-01
8.521279708695138622e-01
8.487001389121575645e-01
8.318389127589999044e-01
8.517621206945490409e-01
8.518040145583748446e-01
8.592405014579448386e-01
8.405070582194682505e-01
8.451512670807579397e-01
8.669048465995760067e-01
8.640772048472163958e-01
8.722577225081135088e-01
8.490526362921138048e-01
8.517850930530521669e-01
8.771713021458031889e-01
8.576358446579169792e-01
8.649225126816423304e-01
8.662169026995379939e-01
8.439499845536403422e-01
8.662995990663947543e-01
8.486763529798688754e-01
8.465867134798409355e-01
8.512439714936131940e-01
8.512906987851556195e-01
8.713326677419453992e-01
8.668523590333496731e-01
8.463397499185312256e-01
8.556116427039348604e-01
8.521473370656003077e-01
8.521208597515197436e-01
8.475241358791563151e-01
8.413793168224883434e-01
8.434691730020041911e-01
8.722976062696454758e-01
8.766431331156426809e-01
8.580821694015100531e-01
8.604226507606663743e-01
8.538779619392837805e-01
8.510325620538008451e-01
8.657575652690688850e-01
8.590013997037824200e-01
8.603544143591058679e-01
8.723789764827022397e-01
8.494745370640003346e-01
8.604408647441678104e-01
8.593803640837280877e-01
8.584526669182125369e-01
8.500770394383246886e-01
8.607140922738821809e-01
8.469716879029253187e-01
8.636466117882585225e-01
8.530254465996095492e-01
8.675481565218470248e-01
8.635328880525089401e-01
8.489511567957220839e-01
8.306214102779910791e-01
8.710984165353135023e-01
8.522997329849836268e-01
8.733116559470669449e-01
8.559021559491947206e-01
8.698335822656546590e-01
8.489945438809762823e-01
8.395677174953268818e-01
8.707127202779537667e-01
8.511899657445035627e-01
8.558946808129410666e-01
8.417810320926749634e-01
8.613215644725742415e-01
8.384319030031001097e-01
8.646016802360633191e-01
8.679282899035174470e-01
8.504936846322497246e-01
8.613573257706510500e-01
8.337881697748193988e-01
8.481355149049565334e-01
8.518711139281368583e-01
8.450044428619216674e-01
8.675950269214504074e-01
8.400824832128513941e-01
8.493163995567403202e-01
8.627315143031576428e-01
8.613211293128240076e-01
8.456052419365440720e-01
8.544906353632222284e-01
8.880588416923324013e-01
8.630060571902833377e-01
8.338278773731090387e-01
8.702254453130495726e-01
8.434861354795787358e-01
8.641506204282594084e-01
8.821429350257271595e-01
8.494066951071189697e-01
8.610940512842835126e-01
8.431330625016894009e-01
8.668664127572432987e-01
8.594385941323804401e-01
8.594664596946974822e-01
8.494508740184593121e-01
8.643264739619704873e-01
8.697460513490693490e-01
8.804260261943277488e-01
8.541585997935049468e-01
8.443698171339719671e-01
8.505137434254734785e-01
8.578713915605130635e-01
8.397864229402594027e-01
8.501374119449717215e-01
8.627245049698769597e-01
8.484268915062332939e-01
8.599276866057075086e-01
8.651688183700921853e-01
8.792226784469528988e-01
8.433966004795947491e-01
8.342576423647173334e-01
8.596498544196433667e-01
8.506215703196945421e-01
8.442048686236235389e-01
8.610331523740090143e-01
8.568218694447253814e-01
8.530920894314770742e-01
8.633894522252169024e-01
8.504287554601374088e-01
8.547632276223257053e-01
8.561608769005729647e-01
8.631827752283870447e-01
8.641913070063925728e-01
8.573309655998592183e-01
8.388567558029292881e-01
8.535385654088121221e-01
8.491983539207811349e-01
8.565336989138787605e-01
8.637386228870115312e-01
8.579439939824178296e-01
8.448491717819406333e-01
8.662299859432948113e-01
8.636483275220732114e-01
8.481047816397551120e-01
8.646388226933583443e-01
8.617585059017485172e-01
8.476839237921002246e-01
8.681256765811010689e-01
8.466858369030629827e-01
8.616983607269215195e-01
8.598045367929338934e-01
8.353791985254759300e-01
8.571727444405770058e-01
8.561398377253580660e-01
8.356886167062954618e-01
8.502229055317870321e-01
8.524737526580976610e-01
8.500314286819588006e-01
8.383898950116578375e-01
8.572460089813179751e-01
8.552566137257935353e-01
8.617734393814158178e-01
8.588022708197312616e-01
8.551845129375187371e-01
8.656774935936910609e-01
8.593701439736510794e-01
8.621987555092037736e-01
8.519475881958251673e-01
8.498697556406294984e-01
8.506139348964701918e-01
8.507325949812213350e-01
8.587490244265260086e-01
8.459327453357481374e-01
8.466671880220023594e-01
8.600408476172661798e-01
8.685554922084627316e-01
8.718244163642516753e-01
8.399508530879651325e-01
8.576335853986687408e-01
8.437947436126460588e-01
8.720052788430973090e-01
8.443405459917804334e-01
8.384527737326342711e-01
8.510205902428038538e-01
8.512271795257100315e-01
8.451254311765838967e-01
8.630708583298298819e-01
8.582201183494463370e-01
8.610753431405878677e-01
8.689680823109827701e-01
8.547938537197331543e-01
8.520288065553527357e-01
8.536274388250433276e-01
8.597485729111733477e-01
8.483729483694318896e-01
8.762309854038878854e-01
8.508814784124815178e-01
8.460168722833456556e-01
8.504122175108845827e-01
8.455036772387338750e-01
8.447824856187644560e-01
8.566432789791604829e-01
8.554592950275496932e-01
8.429976489593667965e-01
8.488904786952230497e-01
8.546961365034811964e-01
8.509550542550274876e-01
8.464032081780634709e-01
8.736413550530076622e-01
8.370738595336457699e-01
8.661562941657798831e-01
8.680328679033650907e-01
8.415057398997966009e-01
8.636818648414823496e-01
8.686899856153174060e-01
8.670514632071256722e-01
8.514735075800710096e-01
8.588167686441259274e-01
8.707411662609593206e-01
8.524455042628259482e-01
8.708975566296832671e-01
8.574638164599666101e-01
8.664662924616018946e-01
8.550435447826404411e-01
8.646456482138553667e-01
8.460077987790103338e-01
8.515548172419391548e-01
8.580347601621604037e-01
8.667092632508097694e-01
8.554487531035573911e-01
8.478678403481719750e-01
8.722272100974773901e-01
8.533872330586539379e-01
8.510903755875653953e-01
8.566461895487771372e-01
8.345598254133721472e-01
8.668024096363790010e-01
8.794071119642448142e-01
8.447082926373067346e-01
8.296269043248192254e-01
8.788559254434489265e-01
8.673620170884209779e-01
8.425026464426222939e-01
8.591008819233436622e-01
8.681470495424522538e-01
8.443839529213718054e-01
8.513694652720171785e-01
8.538246365010818684e-01
8.775410194731967373e-01
8.414365750919976517e-01
8.648678691550728548e-01
8.596111122079118649e-01
8.573130943387197167e-01
8.490733760361025562e-01
8.367743630758143203e-01
8.701052391041439460e-01
8.484720406900359002e-01
8.593022494195674543e-01
8.561432554647473436e-01
8.508324793596709901e-01
8.390487491463538561e-01
8.447478219389578102e-01
8.587741552471761519e-01
8.516140166731406280e-01
8.443896714880805288e-01
8.529695103777982235e-01
8.392877160464118358e-01
8.724280032034830157e-01
8.520461774273813127e-01
8.400194064768199409e-01
8.548123451615876611e-01
8.496958185468271862e-01
8.514996298954000675e-01
8.486825226509056019e-01
8.487467473144567620e-01
8.478838557376942031e-01
8.498462548458022292e-01
8.539071616391825659e-01
8.582792805382095658e-01
8.575528290094073247e-01
8.434230745436385179e-01
8.537196499456276566e-01
8.525318099373268010e-01
8.777449939703568793e-01
8.469302017134126004e-01
8.351660220152159475e-01
8.435845139808870741e-01
8.603914558929720569e-01
8.660407486973985547e-01
8.440194822450421963e-01
8.441567505859722820e-01
8.722437353622785050e-01
8.631901332312885700e-01
8.479234191057155590e-01
8.505379025436593521e-01
8.463560738401142425e-01
8.659615661871554737e-01
8.411153871028396178e-01
8.584440422721368869e-01
8.307622902911959706e-01
8.524617873698087100e-01
8.444389698880125916e-01
8.473372635242009121e-01
8.608080500218513453e-01
8.774003304718051011e-01
8.480984223174621306e-01
8.722247426329017284e-01
8.593746519264233719e-01
8.517382479032422626e-01
8.474379205147433147e-01
8.666850841282459639e-01
8.667737308721850109e-01
8.639492209181179883e-01
8.595690280086075719e-01
8.541739724590784455e-01
8.566644282961836110e-01
8.421650533831528396e-01
8.480401755627712257e-01
8.466561985241822796e-01
8.539198023891759748e-01
8.719453105311386620e-01
8.558562828449096660e-01
8.680406626328261988e-01
8.644695993092205155e-01
8.468551821076030217e-01
8.565466739876191893e-01
8.508270763640600753e-01
8.484681816830563772e-01
8.459763179229871088e-01
8.419576026256155865e-01
8.477840476522910951e-01
8.546805409339758297e-01
8.446370722368014006e-01
8.632910797423658522e-01
8.730446704682912618e-01
8.507554314170717724e-01
8.662984845754888585e-01
8.492314252843945477e-01
8.672424189742785616e-01
8.657240069970069118e-01
8.541646377464889861e-01
8.770938692201013520e-01
8.557983131757079809e-01
8.323278894416448193e-01
8.447952718614740730e-01
8.543800204086381411e-01
8.820103987590903749e-01
8.473688627460347345e-01
8.642860584568984317e-01
8.572474418862544576e-01
8.453696388466004352e-01
8.733669225427409533e-01
8.656806289024568946e-01
8.515090989759286355e-01
8.504709704011346183e-01
8.321443515300351867e-01
8.257145487875723333e-01
8.669892961268714782e-01
8.615342616184417102e-01
8.462656252742412066e-01
8.565327552967839653e-01
8.367691071574161477e-01
8.634090068571576015e-01
8.755870115231609851e-01
8.729797615411540868e-01
8.672053267897635864e-01
8.565902647542821269e-01
8.517225188728998475e-01
8.606816899427758294e-01
8.773905169953495342e-01
8.580677013044736290e-01
8.447754952421587804e-01
8.595737984946962840e-01
8.546420055586501086e-01
8.416812157850959153e-01
8.634915538829066595e-01
8.601502962480671588e-01
8.389264792984101327e-01
8.567591036977399988e-01
8.573638128620618692e-01
8.456757745104434010e-01
8.438308587544675055e-01
8.491993772460724177e-01
8.651317490070055127e-01
8.589241986775245641e-01
8.440467799865680742e-01
8.417404175732254856e-01
8.582388990324886224e-01
8.221227513853724966e-01
8.768916390730842059e-01
8.535344224434808780e-01
8.443333754328931073e-01
8.508286365031868526e-01
8.366998872686930433e-01
8.489485666095059058e-01
8.483039208873938142e-01
8.756718550011747260e-01
8.710918211203889649e-01
8.357918151588233924e-01
8.574108152483991274e-01
8.514626953742574500e-01
8.703464133083431697e-01
8.706522703212136172e-01
8.725622410314276545e-01
8.535858865209533519e-01
8.538102968889339506e-01
8.755095983996122877e-01
8.636421008557888523e-01
8.399900085343947609e-01
8.890184827672670265e-01
8.629851247872771802e-01
8.635985035304230006e-01
8.582454741313665370e-01
8.562966282174616639e-01
8.570455369801203149e-01
8.583471852355518683e-01
8.423774297519108778e-01
8.449764135241103480e-01
8.483312272665106679e-01
8.581065205826698961e-01
8.276093262205673762e-01
8.539610028796611463e-01
8.716991355252029505e-01
8.338438340920784064e-01
8.559509891941596837e-01
8.383848484516027710e-01
8.579271427076502476e-01
8.475632899881728743e-01
8.759203288146987232e-01
8.608239832619718479e-01
8.532241895886788496e-01
8.421235087036877953e-01
8.567023411077434591e-01
8.654676229961673073e-01
8.475657820102759921e-01
8.503182901792007975e-01
8.558744670136688715e-01
8.768280649197358612e-01
8.555784104620888231e-01
8.807251783421841118e-01
8.623053970012174441e-01
8.469899434730135956e-01
8.420007785120794397e-01
8.434731126648020716e-01
8.599155321440807853e-01
8.575642726209189437e-01
8.418313390966611909e-01
8.636859661732000371e-01
8.677503725630560938e-01
8.747258363582249840e-01
8.420539887312725735e-01
8.372383684147172156e-01
8.715843912804671634e-01
8.673514250833096462e-01
8.466147593291665219e-01
8.504820713237724039e-01
8.379629644333801419e-01
8.708171221656760830e-01
8.338542129513166756e-01
8.582649975155424160e-01
8.663438794537735577e-01
8.608862946118766013e-01
8.748711211029760459e-01
8.630200725045138466e-01
8.664222317444817412e-01
8.485365771537969337e-01
8.440722616113686128e-01
8.306422097717636177e-01
8.392080919065249001e-01
8.491762843796618609e-01
8.650941773773890286e-01
8.510258205181442381e-01
8.665021309603258004e-01
8.488028650384177309e-01
8.750239991629713554e-01
8.467355678214881776e-01
8.775674984889506591e-01
8.536854144410862544e-01
8.616376549926139106e-01
8.538886416637889720e-01
8.458816244177194132e-01
8.511347425880289030e-01
8.414163083086660944e-01
8.574963399828703370e-01
8.650249586105611677e-01
8.355913950401865353e-01
8.584498379783808142e-01
8.471610255335207951e-01
8.465151549694094335e-01
8.491291451799065637e-01
8.593952031091188770e-01
8.534996112244227495e-01
8.496893565768803835e-01
8.726457287784956662e-01
8.781338634025939172e-01
8.347897205171276314e-01
8.729306783939427827e-01
8.680121553648760813e-01
8.705011555662821587e-01
8.280382533208688889e-01
8.698037464920175266e-01
8.648197933784526059e-01
8.607526125943513184e-01
8.355351939290492913e-01
8.644512081062903919e-01
8.568795705945914110e-01
8.589566207055396863e-01
8.557174308832971033e-01
8.384072718415817027e-01
8.597953387512429213e-01
8.494248540069050390e-01
8.674183115490490259e-01
8.527592068955400784e-01
8.452727711263183785e-01
8.649455994071741927e-01
8.509156506079652571e-01
8.488754584294743166e-01
8.372363012120335179e-01
8.560877389544938598e-01
8.540194385857624582e-01
8.648551969722636512e-01
8.485676656185582312e-01
8.706968314177794266e-01
8.472515955563960643e-01
8.381104004338073565e-01
8.593439973199348270e-01
8.609325115976671494e-01
8.396228574463260319e-01
8.852058863409026923e-01
8.561959185338193778e-01
8.651338473788950933e-01
8.451077700053616359e-01
8.431386835292922211e-01
8.671910755485341404e-01
8.561704826119168610e-01
8.526005703402567137e-01
8.473612371115727404e-01
8.753729715923431742e-01
8.538811698888820745e-01
8.668875580903675493e-01
8.857871619850739009e-01
8.555545881563884070e-01
8.677534118498606563e-01
8.640854585878005034e-01
8.532965581922912213e-01
8.499135991221872244e-01
8.678878855511045209e-01
8.540760541684180307e-01
8.343663193592670835e-01
8.483622399033488026e-01
8.486551894509095639e-01
8.539096276239713790e-01
8.533388652696788368e-01
8.517186000217473740e-01
8.489683889942114536e-01
8.487195519640068353e-01
8.697250171347848946e-01
8.558578867853937622e-01
8.820884371826059889e-01
8.598198759811090941e-01
8.562222234288441314e-01
8.610861084504658480e-01
8.461699293536922850e-01
8.495059631856889393e-01
8.489272171499300246e-01
8.658342924373290117e-01
8.561425089138611222e-01
8.509055316803810776e-01
8.576172823505837650e-01
8.496485530767355909e-01
8.668729565604695875e-01
8.689970701746052573e-01
8.438422075361511343e-01
8.452024628314221966e-01
8.576292746081654039e-01
8.677072500397633448e-01
8.483855002495257480e-01
8.569065795681022335e-01
8.526027243372189535e-01
8.578083867265774431e-01
8.684993828313286590e-01
8.414823930019669218e-01
8.623482776589496135e-01
8.476058647908566446e-01
8.672065696199550144e-01
8.681449745211923252e-01
8.535167698725070196e-01
8.432096451553401373e-01
8.661702234241326348e-01
8.540574171434098805e-01
8.562883862055935547e-01
8.479394730130423996e-01
8.312683614460597559e-01
8.518251274778065874e-01
8.831530850215383310e-01
8.529347255283836748e-01
8.559090556023792873e-01
8.574174461153010185e-01
8.529985663619245040e-01
8.745632191306778047e-01
8.482718127475254999e-01
8.517350417338631630e-01
8.529986890913358044e-01
8.441332805302271813e-01
8.451910211213400359e-01
8.688100948355143016e-01
8.450268383348458201e-01
8.496198595291947209e-01
8.617357814458979082e-01
8.671876062523076190e-01
8.691816658090601999e-01
8.328422919236675437e-01
8.656325756601672694e-01
8.526099123490604725e-01
8.678779778154523949e-01
8.546107375368651171e-01
8.626160956280979342e-01
8.600762688826552038e-01
8.512547189955000926e-01
8.580026052245873780e-01
8.577393235540341498e-01
8.648940132105471523e-01
8.543526498189756291e-01
8.437546582092286807e-01
8.596841151495464572e-01
8.558834940409507652e-01
8.683238975714667740e-01
8.607490578149959992e-01
8.417142167120494900e-01
8.675033418392613660e-01
8.329353923041296071e-01
8.437193646829895810e-01
8.415609011898756986e-01
8.624723047848782409e-01
8.451384423722134720e-01
8.398993235551174275e-01
8.460377434452263090e-01
8.562220133042586223e-01
8.756781799345150219e-01
8.656890423941127066e-01
8.658032135409569063e-01
8.474154317957056648e-01
8.532312651136161330e-01
8.654140478245713197e-01
8.349267885100755127e-01
8.508347641913648340e-01
8.481482773347456261e-01
8.577836128807432292e-01
8.395691468597958895e-01
8.688630322211605694e-01
8.503513457342048998e-01
8.607814046549492337e-01
8.341883254541957449e-01
8.412108738503434324e-01
8.704689402367513651e-01
8.670670396071152863e-01
8.602185445324980195e-01
8.902534344366137553e-01
8.627841462155020347e-01
8.395861046421670970e-01
8.647671591654678691e-01
8.345964716224932856e-01
8.458457885014074584e-01
8.604302539820364304e-01
8.245574631494273499e-01
8.619342870041835081e-01
8.623094986861461475e-01
8.645166188270607677e-01
8.700666090698603305e-01
8.590589563951271934e-01
8.430269094728253254e-01
8.716776645659490841e-01
8.695942299018790678e-01
8.436262544262240759e-01
8.507272064451514293e-01
8.437035558527951062e-01
8.587122858626855537e-01
8.476998375526795249e-01
8.565792629363158106e-01
8.527091440506567865e-01
8.468297269693251250e-01
8.474064656364358461e-01
8.568977478138871673e-01
8.514664692040314620e-01
8.569211555515995338e-01
8.631332849319927059e-01
8.361762727663673012e-01
8.581490285827667597e-01
8.693807103779719325e-01
8.522354487909539200e-01
8.363687095711959119e-01
8.611171496901908196e-01
8.476154344061356261e-01
8.521138369313456806e-01
8.703236267956023786e-01
8.655964952617978270e-01
8.558508877690376160e-01
8.702402378197792165e-01
8.500469862717910940e-01
8.612489553558227984e-01
8.508452165824847979e-01
8.389009277354282368e-01
8.687308481758438949e-01
8.567519286053203453e-01
8.438100503615144632e-01
8.485059832845252004e-01
8.634337565791487812e-01
8.632407737536819115e-01
8.497893185414121531e-01
8.479190395258994206e-01
8.514604348894302399e-01
8.386962475527467431e-01
8.412804573388268370e-01
8.707210523671048419e-01
8.590946506278622774e-01
8.346750832507826567e-01
8.492028204516427481e-01
8.598510863746051669e-01
8.708702587472051393e-01
8.471481159907738867e-01
8.660930482884191539e-01
8.461048107771885762e-01
8.683132889898397266e-01
8.726309300850734196e-01
8.553844109910714311e-01
8.336337074035763406e-01
8.528451298114297918e-01
8.554489810792801352e-01
8.371703452853120897e-01
8.505803568328644815e-01
8.553529950248152103e-01
8.209836708082993706e-01
8.548749436855705985e-01
8.408819826470467218e-01
8.626191294593826830e-01
8.655942920111235894e-01
8.780637303167130314e-01
8.623026557756829913e-01
8.558271649986970431e-01
8.590504081697134531e-01
8.351151494591768643e-01
8.622007865020538953e-01
8.631673259322335534e-01
8.611447906185281109e-01
8.650917086900414832e-01
8.597243699783592152e-01
8.540673644030499778e-01
8.624966972778230767e-01
8.632140375394815601e-01
8.598345733198196061e-01
8.691381972682086232e-01
8.314598710235914236e-01
8.628204993044914506e-01
8.620361074734663731e-01
8.529883838949704478e-01
8.530214896086509846e-01
8.696597293599340750e-01
8.709642136192761175e-01
8.538788048231873429e-01
8.508635387007628115e-01
8.526365932011891191e-01
8.624403206399413602e-01
8.589472679736470662e-01
8.647628834863505531e-01
8.600616235094394879e-01
8.496749889311955295e-01
8.461165873827438677e-01
8.462492794640744664e-01
8.609792241129531343e-01
8.710159572929974114e-01
8.518135431896282084e-01
8.492001497948340472e-01
8.318610242323721815e-01
8.491960699004270641e-01
8.645423923354466078e-01
8.559174204453675605e-01
8.604143206078356254e-01
8.284337246694356560e-01
8.759668695865017174e-01
8.395709864464672156e-01
8.554508744086922745e-01
8.831854238921632572e-01
8.544516249023543786e-01
8.590545024836669930e-01
8.639838531178769543e-01
8.634031184898458555e-01
8.575984568975126843e-01
8.627858930521006275e-01
8.396187380779631670e-01
8.514028666520749855e-01
8.837073562078440192e-01
8.676008943656305927e-01
8.500240710317016335e-01
8.429641329985474441e-01
8.659110618088043942e-01
8.441493320694963831e-01
8.452140725041448199e-01
8.837669643142022080e-01
8.389468881893243912e-01
8.406567606660233505e-01
8.455108230242991407e-01
8.390521475547397801e-01
8.621899976491969042e-01
8.602088717115418115e-01
8.450586019597469134e-01
8.559381943038048002e-01
8.573102214498591334e-01
8.596129202270439418e-01
8.664170225279460569e-01
8.363653600467223503e-01
8.401231134102548070e-01
8.634259258749781285e-01
8.579806200894178891e-01
8.688475688769575767e-01
8.641045680519552352e-01
8.465941755868048313e-01
8.701344844844763893e-01
8.546692946932629154e-01
8.627270440619255742e-01
8.655011057877930458e-01
8.425487058202639767e-01
8.546889616714503646e-01
8.568783424517014691e-01
8.645231704975994136e-01
8.640740791186051206e-01
8.515849954013102741e-01
8.423944091486283980e-01
8.258508157178826581e-01
8.534869173681071119e-01
8.423924871866338426e-01
8.366872139399090802e-01
8.568246868091273782e-01
8.454667605592529611e-01
8.618267739166373120e-01
8.513551661845490948e-01
8.557038830374968930e-01
8.625959241207398209e-01
8.567617631584355520e-01
8.701645178916324053e-01
8.577776486143416923e-01
8.397422565338873435e-01
8.543717568551263408e-01
8.492994261765088870e-01
8.604527834997369728e-01
8.431875528552699173e-01
8.521165219187388784e-01
8.528686503925672069e-01
8.330956646333896876e-01
8.602845186733617533e-01
8.350764004945661068e-01
8.482587964178770479e-01
8.548703282209511034e-01
8.661660847745061842e-01
8.512583640267817886e-01
8.558218124246738112e-01
8.402717495112215218e-01
8.394646732504419395e-01
8.658878105703909922e-01
8.453111269240098924e-01
8.446549952599832212e-01
8.434083477237375170e-01
8.347988548883573667e-01
8.494437380056373277e-01
8.588857329658819983e-01
8.419019354179262393e-01
8.628202708538510457e-01
8.470549118428739588e-01
8.440783143337073913e-01
8.549195610786745059e-01
8.473823375821013526e-01
8.525143806212281961e-01
8.417400514177535431e-01
8.455590128450777287e-01
8.692363101288044236e-01
8.698629430693392006e-01
8.309745669864085915e-01
8.644050472350105485e-01
8.383007517853080515e-01
8.588133381113953746e-01
8.588118361425941538e-01
8.331497535179892555e-01
8.657692503662764993e-01
8.581982455136614174e-01
8.651019696579231866e-01
8.598886220885909593e-01
8.528876257903957869e-01
8.534468458637595178e-01
8.478089162354466302e-01
8.784199428692405220e-01
8.318326805749757247e-01
8.736145837155404603e-01
8.443180271452850327e-01
8.585985274246283883e-01
8.643554606275206664e-01
8.640981183690726875e-01
8.498266192872359071e-01
8.646023570229629529e-01
8.558822408920249147e-01
8.665236954590671559e-01
8.290199916236854483e-01
8.523751135456187900e-01
8.609721818441277152e-01
8.500474832473418063e-01
8.414979014992987061e-01
8.431328466741080385e-01
8.585739300962582643e-01
8.336657982509655396e-01
8.385014081055320867e-01
8.619380888436058985e-01
8.690469044107586027e-01
8.477431644465562854e-01
8.465985114235461406e-01
8.445658319291156069e-01
8.654768753495678535e-01
8.394373290363090767e-01
8.453130465712800357e-01
8.496352048341461183e-01
8.552617441307535096e-01
8.643511233055743981e-01
8.627549175895675715e-01
8.590625013115418263e-01
8.490185699001552289e-01
8.501731798788652039e-01
8.467386836200709865e-01
8.504397967408123815e-01
8.637861442800166545e-01
8.562875533641332026e-01
8.680042973018923247e-01
8.609269154001052415e-01
8.707501244668437446e-01
8.504525970567278215e-01
8.505000867762734229e-01
8.434541130205293058e-01
8.230933234304703694e-01
8.544859451680735241e-01
8.706939396006657672e-01
8.610089730307302069e-01
8.411757869147375999e-01
8.627264526339507578e-01
8.535932318103665040e-01
8.526890233310745471e-01
8.670889410308837419e-01
8.561637442942418019e-01
8.457362770089363879e-01
8.609915497475556512e-01
8.501317074272317642e-01
8.674818735077819420e-01
8.563293095225333884e-01
8.588240474941408742e-01
8.980909746234944091e-01
8.438072900815337674e-01
8.514925619543689539e-01
8.778977860577338310e-01
8.386339740061193870e-01
8.670010016844623690e-01
8.493998277277178266e-01
8.834778837981147603e-01
8.455012721840272638e-01
8.574406749095214719e-01
8.559896335338712525e-01
8.651792400925110149e-01
8.482874950026744187e-01
8.721519545002593965e-01
8.474616577448761401e-01
8.615557632299415403e-01
8.673321136562749389e-01
8.223775316651528167e-01
8.672099603778472554e-01
8.800061003213919264e-01
8.325164783028963233e-01
8.623616869942333230e-01
8.636302815288039447e-01
8.572037092751162435e-01
8.453838581161716714e-01
8.549992681048099730e-01
8.590496643530822762e-01
8.475159468470321311e-01
8.450770625491031973e-01
8.389764311001517427e-01
8.463553691852377936e-01
8.451639019285963617e-01
8.521462682585182469e-01
8.573127784272436269e-01
8.669924576138164918e-01
8.464409299048974988e-01
8.571114244588270425e-01
8.676291588864420978e-01
8.786775077175842386e-01
8.625848150881711973e-01
8.684424571751958588e-01
8.624124729546396306e-01
8.534626133116602897e-01
8.650303987349768908e-01
8.517750915360111641e-01
8.542100231285758571e-01
8.842717050800640299e-01
8.420761792718185479e-01
8.586862515750403047e-01
8.449469236026823094e-01
8.435732241810125487e-01
8.789412593040734079e-01
8.370592606473503672e-01
8.752087693382146760e-01
8.678981662349462001e-01
8.453198083248707473e-01
8.544661026382921465e-01
8.401931794851112967e-01
8.676325192366970418e-01
8.549772055164009954e-01
8.434799068304179581e-01
8.607152668325175338e-01
8.581124708718043115e-01
8.396105781539775492e-01
8.522843312373281632e-01
8.508779525390940401e-01
8.415701057064556290e-01
8.581202835055056211e-01
8.624326489256946005e-01
8.789812963663169443e-01
8.650422607813293974e-01
8.463012848723695525e-01
8.592866762308720707e-01
8.487056264732382171e-01
8.526017222442379140e-01
8.599374365224106143e-01
8.494429911532834776e-01
8.359047914992093764e-01
8.599696130301691666e-01
8.445798942872111414e-01
8.412645604023611945e-01
8.455952814946274820e-01
8.652277683783458073e-01
8.802413756381337606e-01
8.447440196342813623e-01
8.487511220512207188e-01
8.426003790123990367e-01
8.250140094957969517e-01
8.389502631979304237e-01
8.444975652343817973e-01
8.764062449655799503e-01
8.604020477870483186e-01
8.557955675780396509e-01
8.486945084028544306e-01
8.532515928215892442e-01
8.535113744864311069e-01
8.514749099764933327e-01
8.705079138858209387e-01
8.563713386942612971e-01
8.500733061266365631e-01
8.538319347096599010e-01
8.464240260739747113e-01
8.495971713569039352e-01
8.590121128438190645e-01
8.363642857146097453e-01
8.504683351122234169e-01
8.551888801437972365e-01
8.563785328931252661e-01
8.571377809383828872e-01
8.480536237983431480e-01
8.486542622894869270e-01
8.659952933319355894e-01
8.409450064954896442e-01
8.659392527492458802e-01
8.527374996936141205e-01
8.598445455840966201e-01
8.523763938054635947e-01
8.675807975657333637e-01
8.565149792049389088e-01
8.525607258922569542e-01
8.465549691608426075e-01
8.389630649646997451e-01
8.319844741317953263e-01
8.501657411730061398e-01
8.572524903932042806e-01
8.752351672234091051e-01
8.327430406038015542e-01
8.484573981079304161e-01
8.556167335271098739e-01
8.641436108396761684e-01
8.590300340529796186e-01
8.425161406792917029e-01
8.644495265643261650e-01
8.356524246287165836e-01
8.630586931730193090e-01
8.507598207554034619e-01
8.532639459721164110e-01
8.627613779901115443e-01
8.604749355062499827e-01
8.460124307472089988e-01
8.624272518032520818e-01
8.575575835756864551e-01
8.775816918014220924e-01
8.662510658911147798e-01
8.484863760827421331e-01
8.513535173494203301e-01
8.594250348419549823e-01
8.566388660213829498e-01
8.524082200047213842e-01
8.450543320438737016e-01
8.709144348896505905e-01
8.568057814001620587e-01
8.532064342683212121e-01
8.506723655426885466e-01
8.481292376747762152e-01
8.390672322733448985e-01
8.656021683779456799e-01
8.588093310149137460e-01
8.579529122898763571e-01
8.628871352653126880e-01
8.723064527611339436e-01
8.704845092150595987e-01
8.495663199028870016e-01
8.447241451121738631e-01
8.479622082216489165e-01
8.280640852853116129e-01
8.502499024555453255e-01
8.446753978622278947e-01
8.732945938746241588e-01
8.608527022640951598e-01
8.721762690779784055e-01
8.543523404380146680e-01
8.516527907699736888e-01
8.505035593817938944e-01
8.261328735184907401e-01
8.348399863209993166e-01
8.430527158092745443e-01
8.579416761605344055e-01
8.696683619012299804e-01
8.665596411783560438e-01
8.494891578082067740e-01
8.670234584560145841e-01
8.540624112075934082e-01
8.616106454335075160e-01
8.511758853086460741e-01
8.481362534526047936e-01
8.811111224454515334e-01
8.617964590173246009e-01
8.644868752648245946e-01
8.365448300775113477e-01
8.635034097193896585e-01
8.638229951380234084e-01
8.611917324354778636e-01
8.650407388750437354e-01
8.475629302406511023e-01
8.660353106003961798e-01
8.788650549128127487e-01
8.274503471290940437e-01
8.358794854530099405e-01
8.579323753907955874e-01
8.502625868661989328e-01
8.601453860673510254e-01
8.645147372010696385e-01
8.476876151110219748e-01
8.324873820814395753e-01
8.595834172169770637e-01
8.417445918097617996e-01
8.543168508632350555e-01
8.555523332816291626e-01
8.400002621106384959e-01
8.527645825446178440e-01
8.662191116700093119e-01
8.374507675872299162e-01
8.605186129113153726e-01
8.432650321168631002e-01
8.543561781945114841e-01
8.456231138854043428e-01
8.598386098360967233e-01
8.722144037352829171e-01
8.689043276310813857e-01
8.607780862067317962e-01
8.566361117074149378e-01
8.738065169483887340e-01
8.485169038547779596e-01
8.476740355288920892e-01
8.494285383057871286e-01
8.556613953774591108e-01
8.526085401460689051e-01
8.547557192826523709e-01
8.700011653178250093e-01
8.491176522157907192e-01
8.523987229711722513e-01
8.343643683462856897e-01
8.695699937669100210e-01
8.538457331699850217e-01
8.361263960753340108e-01
8.605090442401887030e-01
8.440156074400562147e-01
8.663898415831196020e-01
8.689711583291511721e-01
8.506917491105174811e-01
8.551982596493292732e-01
8.626928651600724862e-01
8.583104993318809717e-01
8.753827512073801831e-01
8.652934490783069643e-01
8.630311393516638674e-01
8.459388155569398382e-01
8.580365351936434237e-01
8.608258509184881779e-01
8.616573786102476040e-01
8.425000217910336708e-01
8.675075953110328308e-01
8.348760956433927127e-01
8.451103418464183115e-01
8.482402102229094076e-01
8.730287472906720359e-01
8.473876017121005910e-01
8.342040581091123563e-01
8.463111625658071846e-01
8.336819395489498685e-01
8.477185268661496798e-01
8.449071532209920798e-01
8.650697798357188661e-01
8.402215089822961946e-01
8.537512012443657650e-01
8.506418990994809581e-01
8.677503223104587882e-01
8.800176883200325761e-01
8.485820428364655443e-01
8.629838804257162765e-01
8.603393470856757208e-01
8.638678433622281050e-01
8.560918089014204480e-01
8.692729689750736677e-01
8.502236171175607815e-01
8.571990298099986250e-01
8.616866451466511645e-01
8.249578458540758330e-01
8.632280207720206544e-01
8.589580673143730749e-01
8.568565789340927275e-01
8.423675253951217190e-01
8.587804963227749777e-01
8.503579182956784166e-01
8.556421879402280606e-01
8.671768160766407663e-01
8.572729871603893548e-01
8.790996922808050895e-01
8.579240025863479335e-01
8.626740378989360414e-01
8.674144652125407307e-01
8.488382542210597403e-01
8.633434659047106718e-01
8.706912280357191891e-01
8.579113386422850818e-01
8.504631193392497845e-01
8.575737165301005049e-01
8.558293087462850446e-01
8.438286600987385810e-01
8.708373470519089610e-01
8.575872638249144586e-01
8.556210077278112447e-01
8.628376026371389340e-01
8.654826814676364055e-01
8.648832919291769006e-01
8.534048806090248629e-01
8.551862793131256302e-01
8.527158178628228002e-01
8.413397550320613760e-01
8.365168443901569439e-01
8.440562396847312021e-01
8.820570426521481266e-01
8.717073613416610467e-01
8.596356399483412458e-01
8.477439848129285638e-01
8.630335784830307500e-01
8.529559686290143494e-01
8.533989693627734852e-01
8.538903429819781898e-01
8.678558037292842808e-01
8.470071095802618188e-01
8.482685438864829841e-01
8.714218193473092233e-01
8.421389521654211174e-01
8.703789225305961219e-01
8.431125979029879813e-01
8.444380459160656383e-01
8.663866804421602730e-01
8.540591419881752300e-01
8.423561521197980850e-01
8.335030748529893563e-01
8.560964435507369963e-01
8.464693919549924894e-01
8.730984708172058184e-01
8.444167359204372003e-01
8.559861941797243245e-01
8.509945744804510159e-01
8.421459747302185717e-01
8.415249524886945220e-01
8.422271615445741100e-01
8.414622655515779925e-01
8.281306355378565964e-01
8.558236801119077919e-01
8.629515067170867582e-01
8.634052606928890317e-01
8.619504318806132659e-01
8.792516674072577976e-01
8.515372158329095331e-01
8.511457160879154493e-01
8.605773132055831720e-01
8.660150198062047666e-01
8.419810847264940223e-01
8.333800538917528478e-01
8.531843819069649948e-01
8.488440511865803506e-01
8.658332018670750196e-01
8.436356912306567368e-01
8.558507546572908797e-01
8.823491725814405218e-01
8.588764235633240540e-01
8.490278507977284672e-01
8.538797827886398517e-01
8.602244977198867382e-01
8.664492413466282628e-01
8.496495573111833011e-01
8.573315643913375084e-01
8.723464580184722150e-01
8.510003042629719072e-01
8.724031256932848200e-01
8.640960267113196869e-01
8.514910916871201163e-01
8.439695915351282940e-01
8.536256446156211819e-01
8.392628156170517384e-01
8.604594632311668434e-01
8.557668589891734845e-01
8.582013852586984903e-01
8.732244156385788880e-01
8.523718967709502659e-01
8.512495239400146296e-01
8.699342917715555679e-01
8.604089311469547141e-01
8.525176771873468340e-01
8.549863197833657003e-01
8.538071028262039786e-01
8.591357610195886618e-01
8.514013137385316732e-01
8.465852151165241812e-01
8.586999026274231284e-01
8.460281767602448877e-01
8.562072080926461659e-01
8.631639133239571438e-01
8.646830325651275739e-01
8.621844585821993867e-01
8.782921531189306075e-01
8.531250073766982744e-01
8.627359278308276425e-01
8.604746149193606142e-01
8.701185853136068626e-01
8.642944018213708501e-01
8.497497662491313442e-01
8.628642511377271340e-01
8.535170767877429121e-01
8.603642098749058054e-01
8.536031371625176778e-01
8.481847024223414522e-01
8.555498748111990404e-01
8.510360665167930883e-01
8.398424922147249561e-01
8.612589213951821199e-01
8.483927783840933268e-01
8.549612932666793563e-01
8.554707302559526605e-01
8.509187388808304719e-01
8.430621578904027302e-01
8.607937826164563377e-01
8.531038050679508045e-01
8.647137810572557148e-01
8.376514821098604013e-01
8.358227419677077830e-01
8.278296826855608970e-01
8.502360442184410116e-01
8.635174583123057523e-01
8.752414942280385413e-01
8.484396552723731944e-01
8.756481437876940666e-01
8.469897493190489124e-01
8.455672542781029755e-01
8.512284463918938782e-01
8.513697974851762718e-01
8.407737273970922187e-01
8.683692326988801113e-01
8.685591160451594517e-01
8.306036882155214407e-01
8.539668920060905499e-01
8.405948029631352680e-01
8.678145836835147175e-01
8.729816514003323480e-01
8.588814951540834075e-01
8.535733162503187366e-01
8.769793916381228849e-01
8.526674771843369971e-01
8.283917950047412493e-01
8.367964489376731319e-01
8.523550910660280255e-01
8.705676070492460727e-01
8.655798141470935070e-01
8.728726249260341241e-01
8.693266626123946628e-01
8.660164603563259567e-01
8.785464185168134765e-01
8.431111479826525201e-01
8.436973024185090431e-01
8.548200508772982875e-01
8.460917935576423021e-01
8.510517456282884474e-01
8.550146740129030976e-01
8.603470908054292599e-01
8.587366137636872621e-01
8.449398293668130000e-01
8.609279198814872025e-01
8.393484099404046050e-01
8.636423149771184082e-01
8.498901916596515171e-01
8.275433561126068760e-01
8.341518854669864869e-01
8.467557839367435557e-01
8.642806879869097125e-01
8.459930460797301377e-01
8.556020849297095721e-01
8.761080386141147924e-01
8.492720630754492239e-01
8.536008305532568619e-01
8.593621356292467928e-01
8.634328171551552966e-01
8.489602916659115817e-01
8.585511373998180318e-01
8.576577987536779801e-01
8.405090127485848051e-01
8.527027131746448552e-01
8.392791828453126657e-01
8.610477850931531618e-01
8.635761484206317951e-01
8.451205525591076739e-01
8.730998978842602343e-01
8.561400419054467914e-01
8.549763994660823929e-01
8.544112209046794693e-01
8.483283835492441138e-01
8.483688505290009063e-01
8.627023341848784055e-01
8.598876318494894644e-01
8.443994920901163326e-01
8.412756439910101802e-01
8.433452018212997947e-01
8.692671295402151221e-01
8.490112413474196762e-01
8.505759531731141854e-01
8.555347086229952991e-01
8.570471133350550108e-01
8.524192514781310237e-01
8.524087799318056380e-01
8.582788968970020971e-01
8.765847474237670189e-01
8.585960129268500607e-01
8.618101252598630024e-01
8.423069153721104430e-01
8.579484350411740179e-01
8.576076308305852214e-01
8.719171780537465777e-01
8.492823125731430167e-01
8.419254284531402233e-01
8.544686555742615486e-01
8.645393256007782856e-01
8.622500221847907431e-01
8.508530360950000704e-01
8.361322000977448043e-01
8.442903589533451436e-01
8.690539759424094068e-01
8.603198182911500069e-01
8.563082487241581164e-01
8.842034804191160058e-01
8.457507034423362713e-01
8.530567695053222765e-01
8.343437669571964754e-01
8.505959645570297933e-01
8.384641444267783017e-01
8.792488307214954002e-01
8.555008607138629984e-01
8.463508664084171684e-01
8.436732973208154185e-01
8.465670858904916773e-01
8.565484911786309663e-01
8.694187054786917113e-01
8.703737046125146204e-01
8.592403848172333047e-01
8.551265687078128952e-01
8.442852831115100765e-01
8.587047428544605232e-01
8.516790506632608837e-01
8.569496420883918608e-01
8.483746660532929251e-01
8.754705339071159331e-01
8.594873539830553133e-01
8.540738647067543932e-01
8.449859086816009501e-01
8.483663214664880492e-01
8.659444236868935052e-01
8.618170097263702090e-01
8.654268751953788641e-01
8.334865224131923211e-01
8.355833911527053015e-01
8.428569204518112645e-01
8.597849139288923359e-01
8.698509178358497795e-01
8.508251138934223023e-01
8.675931404502783550e-01
8.385161812661517944e-01
8.525755823100876762e-01
8.428852185261943575e-01
8.482880065155052884e-01
8.449073639743951425e-01
8.662423274756539948e-01
8.457838825966008667e-01
8.505148436184398753e-01
8.708184406157428725e-01
8.646815861407112225e-01
8.748338184798613026e-01
8.467643339992503293e-01
8.489499459670629689e-01
8.463536405793933293e-01
8.732148778341615181e-01
8.710482946562418949e-01
8.745582427890506994e-01
8.629964678492043628e-01
8.457837818867703916e-01
8.572925477885385837e-01
8.744020592345649323e-01
8.545819484240850805e-01
8.602179627474045853e-01
8.686794075076595956e-01
8.650086177556756128e-01
8.417394877183679291e-01
8.488270568422595641e-01
8.593175025681143442e-01
8.642301204091419331e-01
8.453664787177052053e-01
8.499813032429871518e-01
8.450503203294086330e-01
8.445375747808328004e-01
8.350245398919922124e-01
8.410306495718841147e-01
8.572647808848533613e-01
8.658866949611990771e-01
8.769729489256341548e-01
8.499175250268479198e-01
8.721609423804964623e-01
8.357003809271599248e-01
8.420285676501592098e-01
8.489340623033287958e-01
8.338010136570987996e-01
8.379228189602193622e-01
8.352728008724239483e-01
8.553850711484155545e-01
8.719339381006734335e-01
8.648300789403938760e-01
8.341460024406309737e-01
8.441110823283450859e-01
8.740679207165411579e-01
8.580300144677421859e-01
8.421617006478672174e-01
8.697028778932147652e-01
8.648062916618142193e-01
8.452922285985469131e-01
8.272876736996851443e-01
8.413798537286840684e-01
8.524206319152691780e-01
8.525906861505734291e-01
8.492704944755529173e-01
8.775653007605042077e-01
8.646001277055459511e-01
8.649768519302806213e-01
8.675801074535721691e-01
8.535015963857668364e-01
8.322110378986224966e-01
8.680414032166319238e-01
8.508319397567458697e-01
8.516865560879386399e-01
8.468332648515347616e-01
8.708718165250269871e-01
8.375912694215787990e-01
8.584485542503234035e-01
8.596083754073863270e-01
8.387200777027253862e-01
8.554276219945909920e-01
8.566862147289282525e-01
8.468473715104474220e-01
8.409519480760874188e-01
8.567766656046338358e-01
8.696115501941394932e-01
8.716091279959286009e-01
8.397125431197753898e-01
8.527412260419621193e-01
8.420078259736377690e-01
8.669779024435938508e-01
8.596161666687853753e-01
8.750905797033114997e-01
8.601842906795396093e-01
8.508196098605677049e-01
8.648333259437135379e-01
8.575595138175917675e-01
8.701843103711360827e-01
8.404724374483942828e-01
8.424404750093560379e-01
8.480869128438104365e-01
8.528678045693799392e-01
8.502531752554227662e-01
8.530526984505206745e-01
8.620843485385863980e-01
8.430704332631118181e-01
8.647681784269527494e-01
8.639329487527314111e-01
8.366519228438600297e-01
8.512882195094637616e-01
8.554247868171863667e-01
8.494616786230341221e-01
8.324172672683134433e-01
8.669388833715552245e-01
8.542793025338645263e-01
8.822032474087742049e-01
8.382569750794131025e-01
8.495232865093308439e-01
8.694440101465821247e-01
8.429004771604560187e-01
8.714184516413227000e-01
8.617363889472871019e-01
8.446628096057827717e-01
8.714895558749142790e-01
8.593091472431103606e-01
8.596609004580525459e-01
8.607379438178199837e-01
8.566321526382478790e-01
8.688311930006998862e-01
8.670912793208307434e-01
8.348206242972995295e-01
8.592764199027040917e-01
8.444280742166017095e-01
8.578853752919201048e-01
8.649968378658193791e-01
8.637614811218556898e-01
8.330262459001628317e-01
8.577287989224391396e-01
8.688088952733710180e-01
8.555548358678012333e-01
8.549562010459313965e-01
8.683800383877928741e-01
8.516142654853710026e-01
8.587792242531235853e-01
8.346321523604220971e-01
8.585117526576252489e-01
8.562674386358887224e-01
8.649877698298138462e-01
8.666673613796969100e-01
8.545068566513773778e-01
8.718119636209612500e-01
8.355900732374358375e-01
8.495351698434816523e-01
8.362744940164161811e-01
8.406321275223289646e-01
8.716843599815994326e-01
8.529876123036630453e-01
8.639196133631322772e-01
8.404947947570607925e-01
8.436178808936506401e-01
8.506702547111065771e-01
8.707000620556779591e-01
8.624497126339071285e-01
8.568027552453847395e-01
8.503358169836011671e-01
8.344764636009143199e-01
8.408284339636348248e-01
8.555582070863676503e-01
8.392299035976820143e-01
8.435630484327081291e-01
8.561558639492463652e-01
8.584207115558195600e-01
8.543463142665128629e-01
8.606437642073336836e-01
8.722167367141723249e-01
8.602411715650374324e-01
8.503698371412338197e-01
8.634301639663833905e-01
8.572094954106432851e-01
8.564606208213974003e-01
8.555270761636787347e-01
8.503725056283494288e-01
8.751989878722257199e-01
8.643847859987787707e-01
8.575241338691408366e-01
8.533436805445111517e-01
8.692358563780779868e-01
8.392815918722381641e-01
8.695608786168649296e-01
8.420165715785454807e-01
8.648283828199108125e-01
8.570514293956703611e-01
8.415573451778601832e-01
8.610665130213011054e-01
8.577424886551715533e-01
8.465791946565052184e-01
8.421103074194775662e-01
8.550376105978055863e-01
8.469544841741074581e-01
8.405199537599814530e-01
8.627442189679634943e-01
8.427851747879623323e-01
8.468080411476764935e-01
8.782411115002131119e-01
8.569574543729803207e-01
8.730597817230986157e-01
8.449610392439468320e-01
8.519726386325533474e-01
8.565245174059819000e-01
8.446096116925677633e-01
8.547304812798364182e-01
8.406466120416785648e-01
8.416787563313580245e-01
8.471682175708996621e-01
8.569198591237116025e-01
8.701787963260420034e-01
8.590669989289617670e-01
8.781782550335405224e-01
8.430884650785690493e-01
8.461305939864893766e-01
8.650419600809192699e-01
8.622537305289207366e-01
8.712345838319723867e-01
8.847176879389302417e-01
8.543997034823812564e-01
8.377391668007569958e-01
8.349451018633903265e-01
8.355673702606838393e-01
8.681039091987646783e-01
8.608648629169451949e-01
8.620262978872093029e-01
8.660335257884863580e-01
8.684123140799466789e-01
8.420718481921053433e-01
8.654661448020515291e-01
8.608592129524802461e-01
8.728786691077831117e-01
8.395924821715814446e-01
8.683255934100347906e-01
8.565624246481814419e-01
8.593170814918618117e-01
8.594916450173500921e-01
8.596425502167237553e-01
8.396345832265104114e-01
8.466659821421765875e-01
8.742257345333049878e-01
8.397110396440353730e-01
8.768643448143247365e-01
8.533316514387410123e-01
8.577112604503939197e-01
8.514161407644649238e-01
8.506853131444193084e-01
8.418776397355391961e-01
8.271153303416776126e-01
8.462172006422788995e-01
8.417977905405824579e-01
8.470043241892806218e-01
8.548729501102184658e-01
8.548850145172177672e-01
8.464201906049121371e-01
8.333540408827783130e-01
8.636835441129061541e-01
8.600188014399808845e-01
8.540816298383654415e-01
8.427115663649220600e-01
8.482736057556625742e-01
8.441694052790871261e-01
8.520652609676179212e-01
8.475287022503644740e-01
8.675664450266973304e-01
8.687169816470314831e-01
8.508466864013169983e-01
8.807620943710036121e-01
8.494953723604602436e-01
8.625816917467461487e-01
8.683422742322247645e-01
8.213192396402623219e-01
8.751379788330395648e-01
8.585084672327387700e-01
8.575315966491821040e-01
8.669265001040414864e-01
8.633886519332015785e-01
8.535270336606901598e-01
8.474547669269617556e-01
8.619058264095418309e-01
8.561068051749415320e-01
8.618165370569262906e-01
8.852374826426350207e-01
8.652406257959360802e-01
8.457869509762961924e-01
8.408505260148797511e-01
8.473472398722269316e-01
8.388239994780360975e-01
8.632398231124098764e-01
8.602542455188284531e-01
8.328107795561933147e-01
8.712180943176935921e-01
8.488017175583920659e-01
8.493776217679470664e-01
8.424354815078083369e-01
8.703163519139168747e-01
8.282727643563025932e-01
8.601736519175735562e-01
8.659128836264436968e-01
8.691951753705465800e-01
8.632283858157898671e-01
8.566175861082072629e-01
8.514761179662331259e-01
8.682279505631755878e-01
8.314966402345825847e-01
8.558705386392388981e-01
8.637390568306692051e-01
8.498919182072375289e-01
8.480714812106651124e-01
8.531105746128422318e-01
8.588039924966875960e-01
8.616540258842979583e-01
8.642627863831736645e-01
8.546377401766721560e-01
8.646287453014579460e-01
8.555728583156239075e-01
8.523671494371662938e-01
8.765865360810224383e-01
8.456091245519615773e-01
8.448196186152894249e-01
8.579231434711593884e-01
8.459662989320388959e-01
8.433086052412503975e-01
8.545722144863852066e-01
8.872088369624703263e-01
8.437425309951740449e-01
8.438776821861271316e-01
8.559372938093294803e-01
8.542735263657047495e-01
8.599800333608759173e-01
8.646317385295191338e-01
8.552148899563052353e-01
8.740490324882478346e-01
8.578558936772244792e-01
8.615393639033265272e-01
8.475223662489850263e-01
8.616509346006236969e-01
8.660463484078994023e-01
8.605892868959053033e-01
8.442406815289210664e-01
8.402199153194241932e-01
8.569022577468774493e-01
8.702574854873497134e-01
8.534395499510368799e-01
8.424606516894590502e-01
8.425856721847666542e-01
8.362916136412925638e-01
8.550464897417801025e-01
8.486743138122121444e-01
8.683742509216425542e-01
8.594557101512297903e-01
8.604798525799400855e-01
8.792096265850624093e-01
8.596346428428945918e-01
8.559967881316973282e-01
8.589866637191450049e-01
8.464101148336987679e-01
8.510450486453138286e-01
8.435701864463864830e-01
8.531791803218468084e-01
8.639993137814122592e-01
8.644571213979365121e-01
8.723431638792693565e-01
8.484178420028680723e-01
8.587027883872548895e-01
8.522064876987438531e-01
8.231113499431154112e-01
8.459657216446290207e-01
8.461501938602373762e-01
8.716702812353745999e-01
8.418536519293683407e-01
8.480477657446685580e-01
8.506141095237923500e-01
8.609833926012246952e-01
8.600933703876062486e-01
8.344499080438022576e-01
8.613110923984073075e-01
8.384917438908666698e-01
8.483329565789914373e-01
8.489980742251523882e-01
8.530691943859870507e-01
8.668001489669444615e-01
8.452802887527172127e-01
8.636137621918259510e-01
8.663861922988065345e-01
8.454942839288053236e-01
8.652455345434263423e-01
8.527837378819079772e-01
8.538421705872120127e-01
8.643926415836344912e-01
8.494293621039271658e-01
8.626934610473091514e-01
8.441080654211687850e-01
8.581620342044866678e-01
8.446548589072860880e-01
8.584745516134087984e-01
8.667757852236389615e-01
8.511631193616793212e-01
8.471117448867598876e-01
8.665883449118102488e-01
8.488027900917957114e-01
8.572375108482677142e-01
8.590425835563459955e-01
8.467539559494267065e-01
8.375355846382064318e-01
8.775081471937540289e-01
8.758717514686412686e-01
8.653359888717786497e-01
8.466170238530532632e-01
8.333056749113177952e-01
8.431534542260895604e-01
8.804381343238413260e-01
8.561787356411213468e-01
8.581127115185321896e-01
8.662877333712961647e-01
8.512484156159101367e-01
8.401287767155656283e-01
8.712069384505272129e-01
8.475990786095290996e-01
8.464056761555760477e-01
8.496821717907155902e-01
8.493225406310951353e-01
8.464890171523636875e-01
8.486213558289495973e-01
8.569837372899274941e-01
8.574254513691808022e-01
8.607278126419516395e-01
8.846460429539186876e-01
8.655049074899960893e-01
8.557391918176575629e-01
8.626401948070342440e-01
8.506519430013125271e-01
8.622934502654583389e-01
8.535371432860027197e-01
8.622376086704010012e-01
8.609462076651601681e-01
8.378377115781041606e-01
8.605465527159372741e-01
8.551186219752799911e-01
8.479612703136185647e-01
8.436472987308626381e-01
8.585092241289139503e-01
8.459818582672664622e-01
8.681914605029751320e-01
8.512479287124276039e-01
8.436499268616947100e-01
8.343998082548808037e-01
8.729736157270155950e-01
8.424813199168931233e-01
8.493903725873239718e-01
8.627898363824948458e-01
8.339090014319663346e-01
8.595086193064950253e-01
8.645243836494957979e-01
8.555896226513429736e-01
8.270798316464361699e-01
8.632877002115607601e-01
8.610603041858362339e-01
8.573133571732890479e-01
8.349230519567817366e-01
8.448082182688195774e-01
8.576974757226101254e-01
8.525843940393592613e-01
8.510981912562159968e-01
8.530480566983825730e-01
8.511179791312671883e-01
8.703875825371816255e-01
8.573987612620203036e-01
8.680710131955534647e-01
8.691394765647271203e-01
8.651040677704155968e-01
8.625251675106822002e-01
8.589580374174941024e-01
8.587744899892905126e-01
8.621815069861905600e-01
8.371518283232637359e-01
8.596584802549962490e-01
8.594337125727762317e-01
8.480500312878402891e-01
8.689937567277727926e-01
8.585050936687753653e-01
8.652029497915574296e-01
8.719817772620713781e-01
8.463746722341208839e-01
8.519260334147286118e-01
8.594350936967561916e-01
8.498546804687220346e-01
8.501308273120291581e-01
8.672233920505166838e-01
8.548236901213198680e-01
8.840943004028110064e-01
8.445197004540362373e-01
8.467788573698094012e-01
8.429910364435206915e-01
8.509197147265160632e-01
8.548296349107021852e-01
8.470593252945467500e-01
8.606213698087233910e-01
8.705451150575983510e-01
8.563360047202175362e-01
8.465310471911795531e-01
8.537471580011332106e-01
8.630091976135810805e-01
8.517547487280713314e-01
8.694532387862563549e-01
8.612396909565832592e-01
8.520984019966898471e-01
8.544617196674516579e-01
8.472995350808412152e-01
8.659095844800445141e-01
8.401761682175874490e-01
8.442599179440197776e-01
8.623271766619420298e-01
8.640983639906831826e-01
8.470427941639053770e-01
8.567058345378218975e-01
8.714208658703658239e-01
8.518524055332314937e-01
8.636975416428815944e-01
8.479937105609905990e-01
8.691201024875711001e-01
8.437014966745302047e-01
8.589804716679414476e-01
8.594097072652647773e-01
8.619066448328694952e-01
8.527254739237524195e-01
8.423375547973405153e-01
8.599913560426170056e-01
8.612396405577662506e-01
8.634347075023749429e-01
8.589606619191343384e-01
8.602685499899211941e-01
8.707347486246247437e-01
8.436508821135970670e-01
8.751676967219423897e-01
8.506400470626517274e-01
8.463799893005501396e-01
8.333229760770416439e-01
8.354621300631743797e-01
8.485353661267328595e-01
8.693822510425803785e-01
8.358475680050215795e-01
8.459061699717986826e-01
8.359399349619789366e-01
8.600654507622131906e-01
8.578278162526562500e-01
8.655789993550678796e-01
8.392863611089748099e-01
8.565717112093733654e-01
8.593923807247935143e-01
8.447780605335855064e-01
8.810020172577494035e-01
8.589966619405796644e-01
8.625202241050367036e-01
8.574425056726119321e-01
8.509080270074842467e-01
8.585318980848423154e-01
8.519490011532617757e-01
8.317901860875368536e-01
8.709754167072976117e-01
8.665358257018865862e-01
8.422244776358523977e-01
8.454341542021487355e-01
8.577667254585449319e-01
8.716978957280464568e-01
8.294005597383196093e-01
8.730794440131832701e-01
8.324045013305637619e-01
8.555205863175407988e-01
8.639557243007585097e-01
8.600750742802213411e-01
8.340595331921593081e-01
8.628843248330309024e-01
8.491394985083490221e-01
8.722138124847748086e-01
8.447756367636779506e-01
8.388448205136896929e-01
8.588690131999253685e-01
8.340293300555035039e-01
8.577962313831060115e-01
8.659185774990898476e-01
8.582524871340722061e-01
8.470871863159044057e-01
8.571393590277188723e-01
8.400043030114275888e-01
8.474728496512846654e-01
8.681448465481782506e-01
8.529234427182288414e-01
8.607882539612626838e-01
8.588504392241241847e-01
8.673627614897335691e-01
8.561523459852229401e-01
8.475558701551945129e-01
8.559913478528088371e-01
8.685842722073827682e-01
8.682219596341658185e-01
8.513707019012676236e-01
8.499354650097283859e-01
8.540894459166561425e-01
8.654549507535770347e-01
8.436542986026158708e-01
8.626190047813089290e-01
8.559281688634157170e-01
8.701041513142321326e-01
8.489398875639313502e-01
8.636198274991924162e-01
8.602905788477737126e-01
8.776371313477545621e-01
8.767733173279269598e-01
8.549186083532365199e-01
8.636467206108072725e-01
8.844920347702946994e-01
8.739116793807888417e-01
8.593877963281316701e-01
8.387301449458081093e-01
8.367793325787941106e-01
8.731433662024714604e-01
8.467248097310118293e-01
8.508101585770029285e-01
8.603881838191030917e-01
8.500946086416776293e-01
8.755288524165086850e-01
8.486423272679037844e-01
8.572611865372202766e-01
8.550045636403663663e-01
8.455531120863907235e-01
8.662766117567890500e-01
8.777759622217001789e-01
8.588114483231146234e-01
8.665341796262776564e-01
8.573588353669839845e-01
8.796145719741871316e-01
8.423141654335078998e-01
8.540494011875541247e-01
8.601634557279675963e-01
8.603443438846646307e-01
8.429748315502045841e-01
8.667823363748058396e-01
8.536817551391878700e-01
8.451263522511582860e-01
8.433772699999079192e-01
8.779701755723082757e-01
8.579433982480320076e-01
8.474255392982174007e-01
8.448943092717230430e-01
8.620273793125027284e-01
8.506518330411330098e-01
8.351772450578635043e-01
8.594389881373899476e-01
8.592742534609637550e-01
8.348563829664045199e-01
8.605906722721021751e-01
8.551709106868784493e-01
8.314047106619048000e-01
8.387946343992513931e-01
8.629069584413320282e-01
8.493605974956783822e-01
8.499020581649892048e-01
8.545606980806559339e-01
8.595896286919253448e-01
8.503300836978380239e-01
8.687309640331737359e-01
8.670455038818057902e-01
8.583305079584584441e-01
8.462616547628982744e-01
8.482048586284315350e-01
8.570071462656351224e-01
8.396499479698250612e-01
8.442501919158755808e-01
8.638098550169461820e-01
8.455977663013931611e-01
8.690479004065506663e-01
8.589493074557785768e-01
8.741519675248972110e-01
8.608673662118332404e-01
8.647717819470178702e-01
8.618257976208035798e-01
8.536201348016924095e-01
8.656966748583265758e-01
8.528909105762310094e-01
8.779064133786028679e-01
8.555447522326985466e-01
8.537717863747203983e-01
8.589032264464041555e-01
8.709920747781688677e-01
8.298269026870078724e-01
8.323898279428185720e-01
8.531388264401009724e-01
8.698418436027314238e-01
8.491185861831977988e-01
8.508238536137392449e-01
8.486153579800258528e-01
8.802590726386119169e-01
8.721097136103270753e-01
8.700470679502059212e-01
8.525177252247410076e-01
8.492141982235850151e-01
8.708761116714740513e-01
8.654729071555894437e-01
8.491560676700957710e-01
8.458166859902536139e-01
8.873050203295641536e-01
8.528006730038620864e-01
8.365819057404864090e-01
8.493354348873933812e-01
8.481767046983884617e-01
8.634445673552112455e-01
8.567433010953670047e-01
8.506450700700889378e-01
8.528049516278812803e-01
8.694879724056552295e-01
8.525412176420326116e-01
8.720518926112595937e-01
8.636269226708718216e-01
8.491094790134733339e-01
8.454067185820804964e-01
8.432786192770984623e-01
8.289287830667345647e-01
8.544301380318173322e-01
8.383853105894549795e-01
8.561564809737690629e-01
8.528399498751102481e-01
8.688250506276954388e-01
8.346019310883654452e-01
8.342008521355208650e-01
8.694828512550127897e-01
8.668759227638308529e-01
8.527676776470020092e-01
8.884100607515392767e-01
8.493718528964939729e-01
8.691665775904040547e-01
8.564974727694583123e-01
8.720634925697763329e-01
8.416354227983389169e-01
8.631927355845486760e-01
8.635469961945395623e-01
8.459820313980950246e-01
8.659948883591944702e-01
8.651048351208414644e-01
8.525319710310692578e-01
8.695402443084977451e-01
8.624412137977924830e-01
8.496255345395461456e-01
8.711565683152558970e-01
8.654090681923563011e-01
8.523702663822224634e-01
8.593594290115743606e-01
8.693788120437598854e-01
8.756771721176367373e-01
8.541658293209526409e-01
8.591988822923485314e-01
8.422530278994808661e-01
8.396629057015140285e-01
8.480652212231227782e-01
8.445099326174431154e-01
8.437693814577995610e-01
8.592497672330721148e-01
8.509483518720785122e-01
8.454267884588755333e-01
8.685349258150455443e-01
8.543442276344774822e-01
8.488496121652273629e-01
8.591464703986143592e-01
8.432507539059729273e-01
8.546248882748730402e-01
8.787643340288739946e-01
8.565996381955547356e-01
8.533034956853304820e-01
8.519315038304536847e-01
8.542183042968883866e-01
8.476994429558584176e-01
8.340581785982067453e-01
8.570518462816035798e-01
8.404153119627175705e-01
8.414121282665102397e-01
8.483435637600924561e-01
8.445176153707452116e-01
8.511899912911914390e-01
8.726284660653818026e-01
8.386303126465504132e-01
8.430239630404755546e-01
8.525640969729580965e-01
8.481399171322513419e-01
8.387320401450352181e-01
8.501689361873742135e-01
8.619636263412210342e-01
8.499723053114897064e-01
8.464701469758798558e-01
8.534524306852064868e-01
8.333414120659400348e-01
8.424143687515972534e-01
8.537059105433664197e-01
8.679282266610552909e-01
8.630661023365927553e-01
8.534683536307130503e-01
8.456438470877021274e-01
8.527764481205916125e-01
8.603226998439684747e-01
8.764632326841119703e-01
8.509742914931999191e-01
8.628010312002931670e-01
8.533433830996917102e-01
8.625994368360481168e-01
8.540013965792001560e-01
8.552504927194930495e-01
8.474236992135916191e-01
8.506049371843610318e-01
8.531595838059780057e-01
8.469354956820185354e-01
8.597310412493096576e-01
8.471944970943416919e-01
8.431831487363646849e-01
8.505534426875325238e-01
8.608719304373446679e-01
8.510247464567194386e-01
8.561499638459407757e-01
8.529045158450293540e-01
8.647912342809944697e-01
8.516576575913044067e-01
8.476649276191781102e-01
8.649081163456109334e-01
8.574307725201208985e-01
8.404623261197704531e-01
8.878095648403856455e-01
8.762989585222450417e-01
8.629180414325774429e-01
8.609979079425789106e-01
8.685959374682806766e-01
8.526538414020999879e-01
8.758228554836877677e-01
8.504564941308841997e-01
8.549899260481933494e-01
8.335790030356075020e-01
8.703853201458211508e-01
8.458836926710794346e-01
8.476896197865715354e-01
8.577768293632865859e-01
8.471576538154036440e-01
8.637637662407275929e-01
8.562581649687358576e-01
8.522722147852163088e-01
8.773247594933233362e-01
8.703432117595811812e-01
8.515579641577292191e-01
8.602845950141787545e-01
8.448877302982200632e-01
8.463140737775660671e-01
8.585444570917475371e-01
8.558594995109518599e-01
8.458268631949059646e-01
8.494319113458704829e-01
8.355834225538689708e-01
8.734081264270326939e-01
8.522814836382954784e-01
8.461881106959109333e-01
8.569087976745738411e-01
8.671844703175008995e-01
8.320915965395033753e-01
8.665971058499040147e-01
8.470118985940725542e-01
8.461481104532154740e-01
8.431462212358691310e-01
8.618510452704220004e-01
8.623129596811134334e-01
8.347986253962854652e-01
8.714371721599669662e-01
8.510146931818736160e-01
8.513283177811615809e-01
8.502610921000568478e-01
8.573797069895565670e-01
8.474418106221183189e-01
8.623755146974362296e-01
8.796599875831611071e-01
8.484824948332111427e-01
8.842200145031504643e-01
8.538625745263942468e-01
8.551859798289533909e-01
8.692747270958312011e-01
8.539275144852932486e-01
8.547071567326584018e-01
8.512851046919484022e-01
8.276298700046738066e-01
8.521025020540984318e-01
8.504279916728190170e-01
8.637173224882415123e-01
8.510960224787594841e-01
8.602977839701799745e-01
8.432378333431566064e-01
8.646407690561184189e-01
8.634600957714672065e-01
8.567980729123257921e-01
8.642567603351333227e-01
8.407530239525484728e-01
8.638975899656929913e-01
8.540880130749147758e-01
8.767997581627726689e-01
8.492710684136832722e-01
8.522070731998355742e-01
8.762033275408345201e-01
8.556798388843742664e-01
8.773875622750217929e-01
8.628747760123290922e-01
8.478869602005414396e-01
8.688211590463554845e-01
8.530962483009548736e-01
8.388959735712337995e-01
8.681228089879190479e-01
8.565440237471944052e-01
8.710482783436676035e-01
8.579022187395155541e-01
8.532062321435568419e-01
8.468559166667094518e-01
8.442180786283990379e-01
8.532518287212977892e-01
8.480067428527436890e-01
8.641102798176146793e-01
8.643655796578361139e-01
8.780833454022698437e-01
8.606385483029234118e-01
8.620160940018876117e-01
8.714363622315389746e-01
8.377112609633624585e-01
8.600469683050776526e-01
8.585509208040673634e-01
8.332781922849239464e-01
8.505151130405459448e-01
8.522248051606816643e-01
8.613262923340939681e-01
8.359271237100430740e-01
8.478170389822975439e-01
8.513206239102016903e-01
8.387368690973507901e-01
8.476196046060187061e-01
8.503348005954138866e-01
8.483162583951636693e-01
8.687369810289523597e-01
8.409032245636525182e-01
8.659618647558144922e-01
8.408973795855617661e-01
8.716338965973249309e-01
8.739423101271722727e-01
8.466935818649428125e-01
8.465439614134621094e-01
8.610712918250522652e-01
8.628931932519300352e-01
8.390142302368549521e-01
8.574717369510449494e-01
8.340433547089927124e-01
8.444765026094219751e-01
8.789649010059387146e-01
8.359862496507028951e-01
8.576041384686714508e-01
8.547326621961787163e-01
8.425508592262160867e-01
8.558781449793463336e-01
8.669364270646353621e-01
8.512337111936165712e-01
8.570871820564023302e-01
8.681439582491087270e-01
8.457075406177068100e-01
8.662040552810761351e-01
8.463675459702004744e-01
8.608937328934053168e-01
8.707597189624900480e-01
8.538129425224767477e-01
8.682887714955163094e-01
8.460394079956837787e-01
8.752388486026793091e-01
8.543400207045770411e-01
8.640770145987877182e-01
8.448973931032917051e-01
8.414236977291709163e-01
8.648244906943419741e-01
8.611300521061909796e-01
8.648680869681184546e-01
8.668038898567620443e-01
8.298168901783060658e-01
8.852280362047593165e-01
8.573293952748679558e-01
8.621158886096230711e-01
8.504299031553357313e-01
8.655029392093981366e-01
8.723180696130257150e-01
8.786009771689172743e-01
8.444712708076012042e-01
8.402103838206570474e-01
8.520822640577545570e-01
8.607336806392450468e-01
8.546644184140779199e-01
8.655175377502200007e-01
8.611005617429129400e-01
8.487642625162641341e-01
8.567191873307012928e-01
8.400665428484926922e-01
8.441147509983593089e-01
8.424699532917626632e-01
8.602151955183308107e-01
8.747748816914661107e-01
8.351936472746122053e-01
8.493825978479838668e-01
8.694187516692306605e-01
8.545154030295579739e-01
8.690729917923925019e-01
8.294058917964084454e-01
8.681220327779337609e-01
8.636084773698867734e-01
8.496637434404377132e-01
8.447260567081753546e-01
8.499056453175062309e-01
8.680425804913542986e-01
8.548252154972936223e-01
8.666346495502591507e-01
8.506449671464846318e-01
8.689321981243645077e-01
8.638729557187990737e-01
8.459391228017374420e-01
8.755724292251902963e-01
8.628402783945412491e-01
8.573864889999961436e-01
8.527535632575991009e-01
8.737200091753624109e-01
8.626083303694982440e-01
8.551137787453129135e-01
8.464204098740338855e-01
8.588206649562749595e-01
8.457154349121198678e-01
8.400397378296691198e-01
8.573757543166448114e-01
8.707761402027229813e-01
8.593358042645986572e-01
8.560865909640674731e-01
8.482617695578289485e-01
8.568714007922961784e-01
8.576328828103619850e-01
8.568675907953431370e-01
8.641538749565255140e-01
8.455899721196131757e-01
8.566256114273750333e-01
8.563500546697749849e-01
8.579835398917800005e-01
8.359453847851139319e-01
8.557802869936322887e-01
8.508352561900196509e-01
8.432066819881013364e-01
8.455285692977279055e-01
8.608309525365898107e-01
8.706028088492440142e-01
8.672080307112921549e-01
8.585597503661467345e-01
8.562883674880852336e-01
8.553227186634290158e-01
8.585097661523403145e-01
8.662733437762701882e-01
8.605398201668806868e-01
8.388109655004474252e-01
8.313041428376378716e-01
8.597490783444180495e-01
8.648730870678128513e-01
8.697494630600934862e-01
8.537953975621906944e-01
8.683322242442107486e-01
8.444548988844911008e-01
8.631571159532075432e-01
8.453207463817593581e-01
8.477975962679084043e-01
8.460828449077223423e-01
8.430844746085010000e-01
8.475657370359712672e-01
8.717910570768705458e-01
8.437530542862103911e-01
8.576297329803238556e-01
8.250146737835839517e-01
8.595288900236052188e-01
8.632855670945321913e-01
8.521861471979973457e-01
8.343620988116122739e-01
8.487664966049264237e-01
8.789971861826507693e-01
8.507632160050765391e-01
8.654073590032186347e-01
8.548096198410335411e-01
8.436949831718949522e-01
8.447858163776668095e-01
8.612120227644268766e-01
8.562460164962546472e-01
8.514217915026935923e-01
8.716705764482519658e-01
8.676209835430471751e-01
8.479405656098196742e-01
8.601518865116735135e-01
8.672653558946001873e-01
8.754464975490129364e-01
8.541663049925206641e-01
8.542966915620637813e-01
8.556247086542039249e-01
8.635757434216085882e-01
8.630857664583548861e-01
8.442598520403588047e-01
8.730090238387634427e-01
8.598462301968319288e-01
8.587547618785290604e-01
8.881872625424490630e-01
8.779025135948111958e-01
8.513537996881721526e-01
8.571900285533113895e-01
8.676446774745278923e-01
8.357025800768674850e-01
8.488635346231365730e-01
8.457139223844931664e-01
8.537524662401690945e-01
8.651001574075527500e-01
8.505562272072779706e-01
8.717063885150179159e-01
8.557555090249727714e-01
8.557991385512441207e-01
8.411339946758357167e-01
8.642078204146084186e-01
8.448304762282468072e-01
8.531514792702901140e-01
8.625532517824773260e-01
8.538376856763006950e-01
8.430136242184982365e-01
8.730268525077381492e-01
8.500218699509249909e-01
8.828104852836778926e-01
8.468232073731531973e-01
8.684958578151443787e-01
8.552423040388840159e-01
8.500593030589718158e-01
8.546350464320854323e-01
8.567062538436254204e-01
8.714867501581846643e-01
8.668578000322908483e-01
8.450373865998854761e-01
8.368552989300979128e-01
8.686576618821105766e-01
8.478042396399314562e-01
8.618379851392963253e-01
8.535188314219072092e-01
8.565381903736267732e-01
8.634163889408610348e-01
8.561097320982165026e-01
8.508275749903390084e-01
8.537765369250659431e-01
8.867257309880988148e-01
8.503684558399328131e-01
8.600479691478857269e-01
8.484250884212370947e-01
8.560894527038176438e-01
8.520358222122140779e-01
8.529204385648589959e-01
8.551101336262030284e-01
8.473537527753205456e-01
8.595395616395511418e-01
8.494488823082352313e-01
8.782152120726515188e-01
8.737097501860568993e-01
8.756105810351344498e-01
8.606820010123759079e-01
8.622586920780525022e-01
8.649550650789757933e-01
8.644450094881438451e-01
8.328580213886446204e-01
8.708434684798823655e-01
8.594286195186022770e-01
8.610113936815496638e-01
8.509294214664937517e-01
8.596083884029742661e-01
8.371141328268087989e-01
8.778456554411908641e-01
8.475144322090617521e-01
8.489996089973939064e-01
8.746470513938958691e-01
8.409982792750410052e-01
8.566187645617995283e-01
8.735566862700738788e-01
8.444009168565121959e-01
8.486824696551894531e-01
8.562268150111973508e-01
8.351303020802000043e-01
8.602155984527150023e-01
8.439741671130578382e-01
8.530767476848024611e-01
8.456859243633622070e-01
8.317361757063909122e-01
8.498969025307936409e-01
8.533181903106920041e-01
8.578935260840973021e-01
8.433119176873321576e-01
8.506652912304103475e-01
8.624735704989902052e-01
8.620036068902990900e-01
8.584662809602502387e-01
8.653997640403705560e-01
8.467570125683583360e-01
8.582244947364036092e-01
8.462476158989140629e-01
8.579733303868630756e-01
8.474118030468408280e-01
8.619076579612443556e-01
8.423124092451110823e-01
8.519398412545987620e-01
8.677845400403516596e-01
8.516113408647796312e-01
8.670047970270370330e-01
8.868224935333139936e-01
8.574902413335235840e-01
8.506285403414357571e-01
8.664616068417932970e-01
8.459350274053111240e-01
8.523071954582978060e-01
8.629940611283296592e-01
8.587275446416939850e-01
8.400731837378433431e-01
8.810794056571512600e-01
8.522084270089158586e-01
8.389054181865267523e-01
8.342685051523459627e-01
8.483450328232646775e-01
8.629056332012865482e-01
8.543599763068747688e-01
8.494358744756653756e-01
8.847255769575472772e-01
8.444697161855403422e-01
8.586036634014736491e-01
8.718213523977228485e-01
8.668627636660534153e-01
8.589803668349137444e-01
8.576230626874771223e-01
8.740593018653401991e-01
8.661363744345251803e-01
8.627989510027699316e-01
8.465386726717665233e-01
8.545784544176998621e-01
8.522384710264485630e-01
8.590497943730075470e-01
8.474370459913447284e-01
8.602740908591194335e-01
8.653489062077259764e-01
8.496401114925741238e-01
8.416765079320587262e-01
8.475876597456133421e-01
8.511360015900412135e-01
8.423082398105431468e-01
8.594527715037625359e-01
8.776661229586414370e-01
8.489249857069421923e-01
8.784094622687125264e-01
8.421862387341289002e-01
8.382320833607975752e-01
8.603479207181334854e-01
8.427613840079587471e-01
8.426013852155815886e-01
8.339842952037362922e-01
8.745377724473293313e-01
8.372804664103759009e-01
8.671408917332934507e-01
8.574618775833556805e-01
8.591116144152322054e-01
8.767295124650655858e-01
8.445612099422328267e-01
8.695699577152423698e-01
8.567921572881580516e-01
8.560531221853149297e-01
8.523735618250580792e-01
8.559659882299684996e-01
8.563853213610934656e-01
8.791156871303588138e-01
8.616458148931765981e-01
8.458099085018917496e-01
8.475699999431215437e-01
8.489595369055825680e-01
8.524991694471051318e-01
8.570403701215604242e-01
8.750299664144495226e-01
8.449411098806437481e-01
8.380939024974443097e-01
8.543969442112033796e-01
8.548775922070041000e-01
8.510404846504423526e-01
8.325285655568971377e-01
8.547107236724135193e-01
8.543443471337358597e-01
8.712353136013484267e-01
8.447484185743332485e-01
8.609649231605094322e-01
8.742624344461065178e-01
8.530433679254143531e-01
8.694610212952391670e-01
8.529085692553820541e-01
8.583981251302167381e-01
8.632667799613974458e-01
8.598062324974760084e-01
8.445963064344056415e-01
8.459336681897879906e-01
8.413371204225710276e-01
8.373295191909503332e-01
8.575242013468303837e-01
8.526050853805952068e-01
8.470667843718262535e-01
8.631053160825917780e-01
8.467007468985509044e-01
8.389568613324543955e-01
8.519349971574783353e-01
8.697997030181101596e-01
8.662362875348236235e-01
8.630628694875251972e-01
8.481327898729161818e-01
8.732901658808206458e-01
8.653252045857046104e-01
8.582144848026058703e-01
8.599706029687074205e-01
8.594078924197062763e-01
8.553995200400537069e-01
8.453311160285985615e-01
8.276729833661432556e-01
8.426841443970706225e-01
8.393165157782245256e-01
8.531466805340800486e-01
8.504880794498363983e-01
8.522175372782934133e-01
8.574761894385370953e-01
8.665364820530616630e-01
8.637586779758210653e-01
8.587246595308603014e-01
8.458102860305750648e-01
8.562692668808974394e-01
8.572264811665033513e-01
8.420607356706033553e-01
8.577632616758624762e-01
8.635125839610930942e-01
8.414875721695646016e-01
8.575201276435768794e-01
8.592083540829138499e-01
8.791282221934125785e-01
8.561398331915457405e-01
8.541909403231411346e-01
8.659819046272277943e-01
8.347656599911987829e-01
8.541486421264353757e-01
8.703594405148655788e-01
8.574320433020095056e-01
8.596865441550153308e-01
8.562810121673669617e-01
8.567247967222491045e-01
8.351330060274247957e-01
8.655692845923725898e-01
8.282817384550089646e-01
8.498608311536537396e-01
8.346598044682983497e-01
8.314341118462520441e-01
8.441230185344745784e-01
8.540894225897562864e-01
8.386994189919714238e-01
8.633101439756820650e-01
8.808347143624679632e-01
8.706795696397309214e-01
8.399995330004813576e-01
8.541171436160304165e-01
8.531352819716940816e-01
8.521415870675386195e-01
8.615423493011923339e-01
8.914235403443000472e-01
8.505167116403611338e-01
8.491661578822129464e-01
8.717683589230533769e-01
8.534166470469791710e-01
8.675804077192466046e-01
8.478872014714002869e-01
8.530534209913771537e-01
8.638569173572244742e-01
8.358396956866169791e-01
8.557040878997409505e-01
8.617431814266528489e-01
8.513030896643577483e-01
8.515069765684332159e-01
8.470999241575596361e-01
8.659795076558371996e-01
8.832182067549371185e-01
8.688527595870997322e-01
8.778438433142735642e-01
8.575491660163390151e-01
8.735522252426587420e-01
8.413462173604504546e-01
8.763876876213355649e-01
8.434614819001393649e-01
8.956062619625441146e-01
8.496659836515845221e-01
8.349228117584112097e-01
8.136771916035917540e-01
8.569492492273547146e-01
8.605681138643838102e-01
8.368691201015502346e-01
8.538338953316930713e-01
8.464532859478720583e-01
8.403851083478323103e-01
8.532168446902798076e-01
8.667072958936191673e-01
8.282437343262601948e-01
8.658578550091334813e-01
8.784207190799431242e-01
8.966315880337032418e-01
8.654561736935459937e-01
8.554730713537183062e-01
8.466701323368189813e-01
8.358189931983177612e-01
8.685812875247610476e-01
8.437922146890439734e-01
8.363550295746893237e-01
8.546402049885206686e-01
8.737705732166562989e-01
8.572473088344326753e-01
8.355563383656907650e-01
8.660957657023302669e-01
8.572222602108923173e-01
8.345243538798440275e-01
8.448896289232540324e-01
8.579575886140815566e-01
8.486534684298346898e-01
8.489978655459577972e-01
8.503228834983385109e-01
8.569040486471878326e-01
8.730439158702393287e-01
8.505027263577826790e-01
8.480382206592789185e-01
8.428684419088512403e-01
8.396539944963923308e-01
8.679196607338693914e-01
8.593793093351282941e-01
8.642774664256288597e-01
8.541449936568835666e-01
8.598670226252624893e-01
8.532570281816395097e-01
8.411692042739089548e-01
8.580862824585315796e-01
8.548122478762334442e-01
8.555013407213557519e-01
8.625859204142656278e-01
8.528063631298548053e-01
8.473097608393399538e-01
8.770467986167053143e-01
8.481334075970766717e-01
8.293656509132754096e-01
8.641954694021179995e-01
8.399355462729611865e-01
8.301927101221817651e-01
8.756519918440996975e-01
8.307213677983441569e-01
8.505192050213098431e-01
8.484261467138664026e-01
8.630621609640394265e-01
8.616884898847304575e-01
8.517997312265381815e-01
8.629732036428268138e-01
8.687158938904637751e-01
8.543317860160911659e-01
8.644736147273327509e-01
8.500524045486301805e-01
8.705591365502318713e-01
8.439261187444111467e-01
8.613382679499935746e-01
8.800274674629806615e-01
8.547046686535502147e-01
8.486449592726177382e-01
8.537796482352485450e-01
8.511630424377812920e-01
8.549058370048735478e-01
8.500157320398854521e-01
8.399600731803922304e-01
8.378695349140764526e-01
8.407132884322525701e-01
8.511698458091461195e-01
8.643568236130300120e-01
8.485293807756647544e-01
8.610270115800626733e-01
8.402218788486058854e-01
8.255687707059081726e-01
8.510569908259517646e-01
8.470772687115563082e-01
8.765786751386446252e-01
8.585770406230204266e-01
8.432760749012876422e-01
8.615181807704321848e-01
8.474281755860557652e-01
8.780316079749674874e-01
8.605949514013997437e-01
8.638490180735924895e-01
8.771362731972935922e-01
8.519149462846754561e-01
8.514037708551330796e-01
8.465532035081089202e-01
8.695331961287061651e-01
8.417641667003142869e-01
