# Variable: deviance
# Sample shape: (3000,)
# Date: 2018-05-02 15:18:08.384328
-2.052055664062500000e+04
-2.051963867187500000e+04
-2.051359960937500000e+04
-2.051927734375000000e+04
-2.051746289062500000e+04
-2.052036718750000000e+04
-2.052075390625000000e+04
-2.052083007812500000e+04
-2.051703515625000000e+04
-2.052087109375000000e+04
-2.051996875000000000e+04
-2.052041992187500000e+04
-2.051926562500000000e+04
-2.052075195312500000e+04
-2.051902343750000000e+04
-2.052143945312500000e+04
-2.051490234375000000e+04
-2.052068359375000000e+04
-2.051956640625000000e+04
-2.051785351562500000e+04
-2.051898437500000000e+04
-2.051684960937500000e+04
-2.052010156250000000e+04
-2.052032421875000000e+04
-2.051987500000000000e+04
-2.052020117187500000e+04
-2.052015429687500000e+04
-2.052188476562500000e+04
-2.052128125000000000e+04
-2.051990234375000000e+04
-2.051716601562500000e+04
-2.052018945312500000e+04
-2.052201171875000000e+04
-2.052130859375000000e+04
-2.051701757812500000e+04
-2.051653320312500000e+04
-2.051738671875000000e+04
-2.051577539062500000e+04
-2.051973632812500000e+04
-2.051476562500000000e+04
-2.052056250000000000e+04
-2.052142968750000000e+04
-2.052206250000000000e+04
-2.051902734375000000e+04
-2.052119140625000000e+04
-2.052055273437500000e+04
-2.052138476562500000e+04
-2.051788867187500000e+04
-2.052057812500000000e+04
-2.051974414062500000e+04
-2.051976562500000000e+04
-2.051682421875000000e+04
-2.051550781250000000e+04
-2.051760937500000000e+04
-2.051831640625000000e+04
-2.052078906250000000e+04
-2.052189062500000000e+04
-2.051939648437500000e+04
-2.051996875000000000e+04
-2.051277734375000000e+04
-2.051633789062500000e+04
-2.051986328125000000e+04
-2.051691992187500000e+04
-2.051842578125000000e+04
-2.052160937500000000e+04
-2.052021679687500000e+04
-2.051754296875000000e+04
-2.051555859375000000e+04
-2.052006250000000000e+04
-2.052124218750000000e+04
-2.051949804687500000e+04
-2.052072070312500000e+04
-2.051063671875000000e+04
-2.051610937500000000e+04
-2.051980859375000000e+04
-2.051791015625000000e+04
-2.051957421875000000e+04
-2.051990625000000000e+04
-2.051818750000000000e+04
-2.052144921875000000e+04
-2.052121484375000000e+04
-2.051208593750000000e+04
-2.051657812500000000e+04
-2.052015820312500000e+04
-2.051947656250000000e+04
-2.052021875000000000e+04
-2.052142187500000000e+04
-2.052046484375000000e+04
-2.052085742187500000e+04
-2.051316796875000000e+04
-2.052010937500000000e+04
-2.051649023437500000e+04
-2.051955078125000000e+04
-2.051925000000000000e+04
-2.051571679687500000e+04
-2.051663671875000000e+04
-2.052083789062500000e+04
-2.051848437500000000e+04
-2.051584960937500000e+04
-2.051787109375000000e+04
-2.052149023437500000e+04
-2.051909375000000000e+04
-2.051959375000000000e+04
-2.051682226562500000e+04
-2.051855859375000000e+04
-2.050990039062500000e+04
-2.052078906250000000e+04
-2.052104101562500000e+04
-2.052204882812500000e+04
-2.052131640625000000e+04
-2.051319140625000000e+04
-2.052169140625000000e+04
-2.051933984375000000e+04
-2.051930859375000000e+04
-2.052111718750000000e+04
-2.052074218750000000e+04
-2.051681054687500000e+04
-2.052033984375000000e+04
-2.051689843750000000e+04
-2.052161328125000000e+04
-2.051837109375000000e+04
-2.052066992187500000e+04
-2.051726171875000000e+04
-2.051726757812500000e+04
-2.052041796875000000e+04
-2.051708398437500000e+04
-2.052206250000000000e+04
-2.051954296875000000e+04
-2.052033007812500000e+04
-2.051614453125000000e+04
-2.052151562500000000e+04
-2.051247460937500000e+04
-2.052001562500000000e+04
-2.052190039062500000e+04
-2.052164453125000000e+04
-2.052130078125000000e+04
-2.052104296875000000e+04
-2.052099023437500000e+04
-2.051985156250000000e+04
-2.051964453125000000e+04
-2.052130078125000000e+04
-2.052087500000000000e+04
-2.052100000000000000e+04
-2.052101953125000000e+04
-2.052144531250000000e+04
-2.052063281250000000e+04
-2.052171679687500000e+04
-2.052183984375000000e+04
-2.052176171875000000e+04
-2.051926562500000000e+04
-2.051841406250000000e+04
-2.052146679687500000e+04
-2.051924218750000000e+04
-2.052196875000000000e+04
-2.052180664062500000e+04
-2.052133593750000000e+04
-2.051949804687500000e+04
-2.052188671875000000e+04
-2.052127929687500000e+04
-2.052159960937500000e+04
-2.052177734375000000e+04
-2.051997265625000000e+04
-2.052008007812500000e+04
-2.052057812500000000e+04
-2.051968945312500000e+04
-2.052032421875000000e+04
-2.052200585937500000e+04
-2.052143945312500000e+04
-2.051904882812500000e+04
-2.052066015625000000e+04
-2.051945312500000000e+04
-2.051476367187500000e+04
-2.052066406250000000e+04
-2.051649218750000000e+04
-2.051913085937500000e+04
-2.051985351562500000e+04
-2.052003125000000000e+04
-2.051850781250000000e+04
-2.051612500000000000e+04
-2.051501757812500000e+04
-2.051210546875000000e+04
-2.051959375000000000e+04
-2.051938867187500000e+04
-2.051977343750000000e+04
-2.052142382812500000e+04
-2.052161718750000000e+04
-2.052184179687500000e+04
-2.052018359375000000e+04
-2.051703125000000000e+04
-2.051783984375000000e+04
-2.052028906250000000e+04
-2.051946289062500000e+04
-2.052074218750000000e+04
-2.051801171875000000e+04
-2.052151953125000000e+04
-2.051913281250000000e+04
-2.052127343750000000e+04
-2.052130273437500000e+04
-2.051984960937500000e+04
-2.051628125000000000e+04
-2.051750781250000000e+04
-2.051913867187500000e+04
-2.052141210937500000e+04
-2.051888281250000000e+04
-2.051900000000000000e+04
-2.052167968750000000e+04
-2.051840625000000000e+04
-2.051421875000000000e+04
-2.051898046875000000e+04
-2.051998046875000000e+04
-2.051869531250000000e+04
-2.052148046875000000e+04
-2.051920898437500000e+04
-2.051883984375000000e+04
-2.052014648437500000e+04
-2.052196093750000000e+04
-2.051598828125000000e+04
-2.052071875000000000e+04
-2.051678125000000000e+04
-2.051874218750000000e+04
-2.051622265625000000e+04
-2.052139453125000000e+04
-2.052059765625000000e+04
-2.051948437500000000e+04
-2.051704296875000000e+04
-2.052188281250000000e+04
-2.051934375000000000e+04
-2.051723828125000000e+04
-2.052133984375000000e+04
-2.051906640625000000e+04
-2.052002734375000000e+04
-2.052195703125000000e+04
-2.051785156250000000e+04
-2.051770312500000000e+04
-2.051847265625000000e+04
-2.051300976562500000e+04
-2.051488281250000000e+04
-2.051357812500000000e+04
-2.051793554687500000e+04
-2.051776171875000000e+04
-2.052067187500000000e+04
-2.052162109375000000e+04
-2.051843164062500000e+04
-2.052062109375000000e+04
-2.052185156250000000e+04
-2.052217968750000000e+04
-2.051659375000000000e+04
-2.052075195312500000e+04
-2.052030859375000000e+04
-2.052084765625000000e+04
-2.052133593750000000e+04
-2.052046484375000000e+04
-2.051770507812500000e+04
-2.051914843750000000e+04
-2.051957812500000000e+04
-2.051961328125000000e+04
-2.052108593750000000e+04
-2.052002734375000000e+04
-2.052018554687500000e+04
-2.052047265625000000e+04
-2.051940625000000000e+04
-2.052194140625000000e+04
-2.052056640625000000e+04
-2.051694531250000000e+04
-2.051675000000000000e+04
-2.051910742187500000e+04
-2.052017773437500000e+04
-2.051893750000000000e+04
-2.052188085937500000e+04
-2.052116796875000000e+04
-2.051724804687500000e+04
-2.052149609375000000e+04
-2.052140039062500000e+04
-2.052180859375000000e+04
-2.052085937500000000e+04
-2.052208593750000000e+04
-2.052185546875000000e+04
-2.052207812500000000e+04
-2.051055078125000000e+04
-2.052067578125000000e+04
-2.052043359375000000e+04
-2.051818554687500000e+04
-2.052039843750000000e+04
-2.051502539062500000e+04
-2.051995703125000000e+04
-2.051593554687500000e+04
-2.051666015625000000e+04
-2.052042968750000000e+04
-2.052133789062500000e+04
-2.051941406250000000e+04
-2.051900781250000000e+04
-2.051896289062500000e+04
-2.051708203125000000e+04
-2.052161718750000000e+04
-2.051844531250000000e+04
-2.052030273437500000e+04
-2.051999414062500000e+04
-2.051620312500000000e+04
-2.052197656250000000e+04
-2.052105468750000000e+04
-2.051928710937500000e+04
-2.052133593750000000e+04
-2.051711718750000000e+04
-2.051799414062500000e+04
-2.051696875000000000e+04
-2.052194921875000000e+04
-2.052042773437500000e+04
-2.052112890625000000e+04
-2.052010156250000000e+04
-2.051875585937500000e+04
-2.051922851562500000e+04
-2.051580468750000000e+04
-2.052080468750000000e+04
-2.052064257812500000e+04
-2.051580664062500000e+04
-2.052184960937500000e+04
-2.051712890625000000e+04
-2.051860156250000000e+04
-2.051911328125000000e+04
-2.052117968750000000e+04
-2.052075390625000000e+04
-2.052080078125000000e+04
-2.052005078125000000e+04
-2.052142968750000000e+04
-2.051659765625000000e+04
-2.052192187500000000e+04
-2.051974609375000000e+04
-2.052081835937500000e+04
-2.051849609375000000e+04
-2.052116406250000000e+04
-2.052103125000000000e+04
-2.051470703125000000e+04
-2.051358007812500000e+04
-2.051630859375000000e+04
-2.052091406250000000e+04
-2.052063281250000000e+04
-2.052006640625000000e+04
-2.052103906250000000e+04
-2.052041406250000000e+04
-2.051313867187500000e+04
-2.051702734375000000e+04
-2.051400976562500000e+04
-2.051803515625000000e+04
-2.052191210937500000e+04
-2.051673242187500000e+04
-2.052058593750000000e+04
-2.052108984375000000e+04
-2.052217187500000000e+04
-2.052080859375000000e+04
-2.051800390625000000e+04
-2.051783593750000000e+04
-2.052208984375000000e+04
-2.051631640625000000e+04
-2.051694921875000000e+04
-2.051378906250000000e+04
-2.051746875000000000e+04
-2.051866406250000000e+04
-2.051910937500000000e+04
-2.052204882812500000e+04
-2.051697656250000000e+04
-2.051671484375000000e+04
-2.051827539062500000e+04
-2.051971093750000000e+04
-2.051856640625000000e+04
-2.052191601562500000e+04
-2.052143945312500000e+04
-2.052154687500000000e+04
-2.051798242187500000e+04
-2.052067187500000000e+04
-2.051978320312500000e+04
-2.052118750000000000e+04
-2.052155859375000000e+04
-2.052066796875000000e+04
-2.052047656250000000e+04
-2.052088281250000000e+04
-2.051930859375000000e+04
-2.052099804687500000e+04
-2.052211718750000000e+04
-2.051107031250000000e+04
-2.052130664062500000e+04
-2.052138671875000000e+04
-2.052141015625000000e+04
-2.052026953125000000e+04
-2.052093554687500000e+04
-2.052013671875000000e+04
-2.051997656250000000e+04
-2.051115625000000000e+04
-2.051475390625000000e+04
-2.052124218750000000e+04
-2.051961718750000000e+04
-2.052073046875000000e+04
-2.051852343750000000e+04
-2.052104101562500000e+04
-2.051751953125000000e+04
-2.051271875000000000e+04
-2.051940625000000000e+04
-2.051795703125000000e+04
-2.052186328125000000e+04
-2.052103710937500000e+04
-2.051967968750000000e+04
-2.051778515625000000e+04
-2.051341015625000000e+04
-2.052123046875000000e+04
-2.052179492187500000e+04
-2.051898632812500000e+04
-2.052005859375000000e+04
-2.051932812500000000e+04
-2.051014453125000000e+04
-2.052050585937500000e+04
-2.051547656250000000e+04
-2.052009375000000000e+04
-2.052009765625000000e+04
-2.052065820312500000e+04
-2.051916992187500000e+04
-2.051941992187500000e+04
-2.052082617187500000e+04
-2.052155273437500000e+04
-2.052028906250000000e+04
-2.051619335937500000e+04
-2.051995898437500000e+04
-2.051931640625000000e+04
-2.051691601562500000e+04
-2.052048242187500000e+04
-2.051947265625000000e+04
-2.051755273437500000e+04
-2.052090234375000000e+04
-2.051672070312500000e+04
-2.052121875000000000e+04
-2.052161328125000000e+04
-2.051860937500000000e+04
-2.052157031250000000e+04
-2.051744140625000000e+04
-2.051808593750000000e+04
-2.051886328125000000e+04
-2.052108984375000000e+04
-2.051580664062500000e+04
-2.052144726562500000e+04
-2.051602148437500000e+04
-2.051878515625000000e+04
-2.052113476562500000e+04
-2.051920117187500000e+04
-2.051662500000000000e+04
-2.052176953125000000e+04
-2.052171679687500000e+04
-2.052028906250000000e+04
-2.052025390625000000e+04
-2.052053515625000000e+04
-2.051900390625000000e+04
-2.051881640625000000e+04
-2.051921093750000000e+04
-2.052007421875000000e+04
-2.051851757812500000e+04
-2.052029296875000000e+04
-2.051607031250000000e+04
-2.051669140625000000e+04
-2.050975585937500000e+04
-2.051840039062500000e+04
-2.052157617187500000e+04
-2.052072656250000000e+04
-2.051791796875000000e+04
-2.051901171875000000e+04
-2.051542578125000000e+04
-2.051925390625000000e+04
-2.051561132812500000e+04
-2.052024218750000000e+04
-2.051424804687500000e+04
-2.052008984375000000e+04
-2.052178515625000000e+04
-2.051987109375000000e+04
-2.051522265625000000e+04
-2.052045507812500000e+04
-2.052122656250000000e+04
-2.051582226562500000e+04
-2.052148437500000000e+04
-2.051480468750000000e+04
-2.051995898437500000e+04
-2.052152734375000000e+04
-2.051744726562500000e+04
-2.052029492187500000e+04
-2.052043750000000000e+04
-2.051939453125000000e+04
-2.051978320312500000e+04
-2.051922070312500000e+04
-2.051898437500000000e+04
-2.052164062500000000e+04
-2.052169335937500000e+04
-2.052165234375000000e+04
-2.051474218750000000e+04
-2.052206250000000000e+04
-2.052140625000000000e+04
-2.050821875000000000e+04
-2.051716796875000000e+04
-2.051770312500000000e+04
-2.051883789062500000e+04
-2.051775976562500000e+04
-2.051865625000000000e+04
-2.051779687500000000e+04
-2.051269140625000000e+04
-2.051765625000000000e+04
-2.052075390625000000e+04
-2.052053710937500000e+04
-2.051749218750000000e+04
-2.051956640625000000e+04
-2.052192578125000000e+04
-2.052000781250000000e+04
-2.052072265625000000e+04
-2.051912695312500000e+04
-2.052170117187500000e+04
-2.052131640625000000e+04
-2.051921484375000000e+04
-2.052033789062500000e+04
-2.052010937500000000e+04
-2.051945898437500000e+04
-2.052203515625000000e+04
-2.052183203125000000e+04
-2.051911132812500000e+04
-2.051982226562500000e+04
-2.052119531250000000e+04
-2.051768554687500000e+04
-2.052097265625000000e+04
-2.051838085937500000e+04
-2.052110546875000000e+04
-2.051935742187500000e+04
-2.052203710937500000e+04
-2.052166796875000000e+04
-2.051378906250000000e+04
-2.050909179687500000e+04
-2.051863085937500000e+04
-2.051898046875000000e+04
-2.052059375000000000e+04
-2.052001171875000000e+04
-2.052098828125000000e+04
-2.051999609375000000e+04
-2.052201953125000000e+04
-2.052002343750000000e+04
-2.051831640625000000e+04
-2.052197265625000000e+04
-2.051595312500000000e+04
-2.051525000000000000e+04
-2.052179882812500000e+04
-2.052024218750000000e+04
-2.052016015625000000e+04
-2.051891210937500000e+04
-2.051996679687500000e+04
-2.052002734375000000e+04
-2.052010351562500000e+04
-2.051799609375000000e+04
-2.052116406250000000e+04
-2.052186718750000000e+04
-2.051990820312500000e+04
-2.052117578125000000e+04
-2.051916992187500000e+04
-2.051975976562500000e+04
-2.051792578125000000e+04
-2.052043359375000000e+04
-2.052192187500000000e+04
-2.051657812500000000e+04
-2.051568554687500000e+04
-2.052187890625000000e+04
-2.052183593750000000e+04
-2.051972656250000000e+04
-2.052133593750000000e+04
-2.052000976562500000e+04
-2.052089062500000000e+04
-2.052127929687500000e+04
-2.051981640625000000e+04
-2.052060546875000000e+04
-2.051705273437500000e+04
-2.051942187500000000e+04
-2.051937890625000000e+04
-2.051972656250000000e+04
-2.051899804687500000e+04
-2.052158593750000000e+04
-2.051984375000000000e+04
-2.052153125000000000e+04
-2.052218554687500000e+04
-2.052158593750000000e+04
-2.051952929687500000e+04
-2.051462500000000000e+04
-2.051761328125000000e+04
-2.051976562500000000e+04
-2.052157031250000000e+04
-2.052023437500000000e+04
-2.052021484375000000e+04
-2.052080468750000000e+04
-2.051231250000000000e+04
-2.051922656250000000e+04
-2.051958007812500000e+04
-2.052017578125000000e+04
-2.052154492187500000e+04
-2.051619921875000000e+04
-2.052142578125000000e+04
-2.051333203125000000e+04
-2.051806835937500000e+04
-2.051810351562500000e+04
-2.052125195312500000e+04
-2.052166601562500000e+04
-2.051856054687500000e+04
-2.052151367187500000e+04
-2.052084960937500000e+04
-2.052126171875000000e+04
-2.052103515625000000e+04
-2.051747070312500000e+04
-2.051965625000000000e+04
-2.051942578125000000e+04
-2.052108007812500000e+04
-2.052071679687500000e+04
-2.051926171875000000e+04
-2.051958984375000000e+04
-2.051314843750000000e+04
-2.052107421875000000e+04
-2.052175976562500000e+04
-2.051994726562500000e+04
-2.051713281250000000e+04
-2.051893945312500000e+04
-2.052160546875000000e+04
-2.051964062500000000e+04
-2.052165625000000000e+04
-2.052118750000000000e+04
-2.051869726562500000e+04
-2.051971093750000000e+04
-2.052130468750000000e+04
-2.051971875000000000e+04
-2.052110546875000000e+04
-2.051889453125000000e+04
-2.051811914062500000e+04
-2.052010156250000000e+04
-2.052025000000000000e+04
-2.051804296875000000e+04
-2.052107031250000000e+04
-2.051925976562500000e+04
-2.051997656250000000e+04
-2.051907812500000000e+04
-2.051777734375000000e+04
-2.052149023437500000e+04
-2.052192968750000000e+04
-2.051683984375000000e+04
-2.051793750000000000e+04
-2.051946679687500000e+04
-2.051983593750000000e+04
-2.052220507812500000e+04
-2.051760351562500000e+04
-2.051772851562500000e+04
-2.052071484375000000e+04
-2.052126562500000000e+04
-2.051891796875000000e+04
-2.051939453125000000e+04
-2.051941601562500000e+04
-2.051863281250000000e+04
-2.051913671875000000e+04
-2.051699414062500000e+04
-2.052082031250000000e+04
-2.051541796875000000e+04
-2.052014062500000000e+04
-2.051838671875000000e+04
-2.051314843750000000e+04
-2.051986523437500000e+04
-2.051864453125000000e+04
-2.052114453125000000e+04
-2.051500390625000000e+04
-2.051827734375000000e+04
-2.051950390625000000e+04
-2.050874609375000000e+04
-2.051935546875000000e+04
-2.051947265625000000e+04
-2.052051562500000000e+04
-2.052018750000000000e+04
-2.052053906250000000e+04
-2.051360156250000000e+04
-2.051796679687500000e+04
-2.051644531250000000e+04
-2.052094921875000000e+04
-2.051706250000000000e+04
-2.052116015625000000e+04
-2.052047265625000000e+04
-2.052124414062500000e+04
-2.052177539062500000e+04
-2.052003515625000000e+04
-2.052104296875000000e+04
-2.052003320312500000e+04
-2.052123437500000000e+04
-2.052081054687500000e+04
-2.051712890625000000e+04
-2.052011328125000000e+04
-2.051778515625000000e+04
-2.052211523437500000e+04
-2.052008789062500000e+04
-2.051430078125000000e+04
-2.051892773437500000e+04
-2.052037890625000000e+04
-2.052159375000000000e+04
-2.052092773437500000e+04
-2.051580664062500000e+04
-2.052035546875000000e+04
-2.052001953125000000e+04
-2.051710937500000000e+04
-2.052133984375000000e+04
-2.052118359375000000e+04
-2.052196093750000000e+04
-2.051928515625000000e+04
-2.051906445312500000e+04
-2.052124804687500000e+04
-2.051889453125000000e+04
-2.052180468750000000e+04
-2.051692187500000000e+04
-2.051033984375000000e+04
-2.052175976562500000e+04
-2.052142187500000000e+04
-2.051924804687500000e+04
-2.051642578125000000e+04
-2.051774414062500000e+04
-2.051587109375000000e+04
-2.052183984375000000e+04
-2.051666406250000000e+04
-2.052175390625000000e+04
-2.052137109375000000e+04
-2.051977343750000000e+04
-2.052064453125000000e+04
-2.051409375000000000e+04
-2.051846875000000000e+04
-2.051915625000000000e+04
-2.051164062500000000e+04
-2.052034765625000000e+04
-2.051837500000000000e+04
-2.051880468750000000e+04
-2.052017968750000000e+04
-2.051926171875000000e+04
-2.052172656250000000e+04
-2.051978515625000000e+04
-2.051284179687500000e+04
-2.052116015625000000e+04
-2.052020507812500000e+04
-2.052044140625000000e+04
-2.052035546875000000e+04
-2.051800000000000000e+04
-2.051916015625000000e+04
-2.052135742187500000e+04
-2.052112500000000000e+04
-2.051896875000000000e+04
-2.052175585937500000e+04
-2.051773632812500000e+04
-2.052189453125000000e+04
-2.052085156250000000e+04
-2.051918359375000000e+04
-2.052169531250000000e+04
-2.052020507812500000e+04
-2.051913671875000000e+04
-2.052146484375000000e+04
-2.052051171875000000e+04
-2.051634179687500000e+04
-2.051946093750000000e+04
-2.051979882812500000e+04
-2.052161328125000000e+04
-2.051885351562500000e+04
-2.052042773437500000e+04
-2.051897265625000000e+04
-2.051295703125000000e+04
-2.052016406250000000e+04
-2.052215625000000000e+04
-2.051908593750000000e+04
-2.052157812500000000e+04
-2.052012890625000000e+04
-2.052052148437500000e+04
-2.052189062500000000e+04
-2.051934765625000000e+04
-2.052152734375000000e+04
-2.052181250000000000e+04
-2.051862695312500000e+04
-2.051772265625000000e+04
-2.051871875000000000e+04
-2.051576367187500000e+04
-2.052147656250000000e+04
-2.051969921875000000e+04
-2.052176367187500000e+04
-2.052091210937500000e+04
-2.051577343750000000e+04
-2.051606250000000000e+04
-2.052035937500000000e+04
-2.052072460937500000e+04
-2.051516015625000000e+04
-2.051952343750000000e+04
-2.051300781250000000e+04
-2.051818945312500000e+04
-2.052089843750000000e+04
-2.051587109375000000e+04
-2.052108007812500000e+04
-2.051738476562500000e+04
-2.052080468750000000e+04
-2.050841406250000000e+04
-2.051836328125000000e+04
-2.052147265625000000e+04
-2.051982031250000000e+04
-2.051642968750000000e+04
-2.051628710937500000e+04
-2.052014843750000000e+04
-2.051530273437500000e+04
-2.051945898437500000e+04
-2.052022656250000000e+04
-2.051829687500000000e+04
-2.051614257812500000e+04
-2.052037890625000000e+04
-2.052184765625000000e+04
-2.051846289062500000e+04
-2.052116406250000000e+04
-2.052201367187500000e+04
-2.052113281250000000e+04
-2.051741015625000000e+04
-2.051850585937500000e+04
-2.052051171875000000e+04
-2.052124609375000000e+04
-2.052214453125000000e+04
-2.052020312500000000e+04
-2.052100781250000000e+04
-2.051850195312500000e+04
-2.052041992187500000e+04
-2.052100390625000000e+04
-2.051415234375000000e+04
-2.052052148437500000e+04
-2.051934960937500000e+04
-2.052087500000000000e+04
-2.052088476562500000e+04
-2.052060156250000000e+04
-2.052098046875000000e+04
-2.052130859375000000e+04
-2.052054687500000000e+04
-2.051420312500000000e+04
-2.052185351562500000e+04
-2.051879882812500000e+04
-2.051938867187500000e+04
-2.052062890625000000e+04
-2.051583007812500000e+04
-2.052108203125000000e+04
-2.052112109375000000e+04
-2.052068359375000000e+04
-2.052024609375000000e+04
-2.052157812500000000e+04
-2.051503125000000000e+04
-2.052058203125000000e+04
-2.051530859375000000e+04
-2.052189257812500000e+04
-2.051857812500000000e+04
-2.052131640625000000e+04
-2.051983984375000000e+04
-2.052028125000000000e+04
-2.052084375000000000e+04
-2.051728125000000000e+04
-2.051546093750000000e+04
-2.051897656250000000e+04
-2.051913671875000000e+04
-2.051450390625000000e+04
-2.052085156250000000e+04
-2.052201562500000000e+04
-2.051687500000000000e+04
-2.051491015625000000e+04
-2.051932421875000000e+04
-2.052050781250000000e+04
-2.051581640625000000e+04
-2.052011132812500000e+04
-2.051902734375000000e+04
-2.051754296875000000e+04
-2.052184179687500000e+04
-2.051993945312500000e+04
-2.052001171875000000e+04
-2.052049804687500000e+04
-2.051912695312500000e+04
-2.052109765625000000e+04
-2.051245312500000000e+04
-2.052076367187500000e+04
-2.052161718750000000e+04
-2.051932421875000000e+04
-2.051680859375000000e+04
-2.051841015625000000e+04
-2.051926171875000000e+04
-2.051554492187500000e+04
-2.052095312500000000e+04
-2.051899609375000000e+04
-2.051827343750000000e+04
-2.052023632812500000e+04
-2.051748828125000000e+04
-2.052082031250000000e+04
-2.052130273437500000e+04
-2.051956250000000000e+04
-2.052173242187500000e+04
-2.051961914062500000e+04
-2.051764453125000000e+04
-2.051781250000000000e+04
-2.051643359375000000e+04
-2.051787500000000000e+04
-2.051050781250000000e+04
-2.051830078125000000e+04
-2.052009179687500000e+04
-2.052002734375000000e+04
-2.052114648437500000e+04
-2.051893554687500000e+04
-2.052130078125000000e+04
-2.051953906250000000e+04
-2.052056054687500000e+04
-2.051680468750000000e+04
-2.052179687500000000e+04
-2.052160156250000000e+04
-2.052141796875000000e+04
-2.052014453125000000e+04
-2.051701562500000000e+04
-2.051758593750000000e+04
-2.051816601562500000e+04
-2.051746289062500000e+04
-2.052173828125000000e+04
-2.051919726562500000e+04
-2.052143750000000000e+04
-2.052080859375000000e+04
-2.052109375000000000e+04
-2.051746875000000000e+04
-2.052018750000000000e+04
-2.052036718750000000e+04
-2.051540234375000000e+04
-2.051950390625000000e+04
-2.051990234375000000e+04
-2.052151171875000000e+04
-2.052165429687500000e+04
-2.052009960937500000e+04
-2.052116406250000000e+04
-2.052055078125000000e+04
-2.051928710937500000e+04
-2.051669921875000000e+04
-2.052149218750000000e+04
-2.051742382812500000e+04
-2.052176367187500000e+04
-2.051608203125000000e+04
-2.052143750000000000e+04
-2.051563867187500000e+04
-2.051855664062500000e+04
-2.051380078125000000e+04
-2.052075000000000000e+04
-2.051945117187500000e+04
-2.052033984375000000e+04
-2.051768359375000000e+04
-2.051910156250000000e+04
-2.052189453125000000e+04
-2.052198242187500000e+04
-2.052083398437500000e+04
-2.051960742187500000e+04
-2.052043945312500000e+04
-2.051838281250000000e+04
-2.052059375000000000e+04
-2.051594921875000000e+04
-2.051360156250000000e+04
-2.052187890625000000e+04
-2.050536523437500000e+04
-2.052014062500000000e+04
-2.051714648437500000e+04
-2.051326367187500000e+04
-2.051831054687500000e+04
-2.051840429687500000e+04
-2.051967968750000000e+04
-2.051588476562500000e+04
-2.051950781250000000e+04
-2.052127343750000000e+04
-2.051953710937500000e+04
-2.051991406250000000e+04
-2.052113476562500000e+04
-2.051723437500000000e+04
-2.051884960937500000e+04
-2.052073828125000000e+04
-2.052053125000000000e+04
-2.051052539062500000e+04
-2.052098242187500000e+04
-2.051493554687500000e+04
-2.051793750000000000e+04
-2.051948632812500000e+04
-2.051818750000000000e+04
-2.052160937500000000e+04
-2.052100000000000000e+04
-2.051548242187500000e+04
-2.051966406250000000e+04
-2.051889453125000000e+04
-2.052087500000000000e+04
-2.051982031250000000e+04
-2.052064062500000000e+04
-2.051748828125000000e+04
-2.052217187500000000e+04
-2.051924218750000000e+04
-2.051980859375000000e+04
-2.052044140625000000e+04
-2.052078906250000000e+04
-2.052014843750000000e+04
-2.051757421875000000e+04
-2.052109375000000000e+04
-2.051545312500000000e+04
-2.052168750000000000e+04
-2.052135156250000000e+04
-2.051142968750000000e+04
-2.052069140625000000e+04
-2.051707421875000000e+04
-2.051565625000000000e+04
-2.051942382812500000e+04
-2.052083007812500000e+04
-2.051601171875000000e+04
-2.052122656250000000e+04
-2.051781640625000000e+04
-2.051628710937500000e+04
-2.051526953125000000e+04
-2.051915234375000000e+04
-2.051721484375000000e+04
-2.052200390625000000e+04
-2.051479296875000000e+04
-2.051597265625000000e+04
-2.052129687500000000e+04
-2.051963085937500000e+04
-2.052114257812500000e+04
-2.052066992187500000e+04
-2.051975390625000000e+04
-2.052148437500000000e+04
-2.052007421875000000e+04
-2.052024023437500000e+04
-2.052019531250000000e+04
-2.051793359375000000e+04
-2.051432421875000000e+04
-2.052015234375000000e+04
-2.052075781250000000e+04
-2.052172656250000000e+04
-2.051965234375000000e+04
-2.051844140625000000e+04
-2.052115234375000000e+04
-2.052200585937500000e+04
-2.051938281250000000e+04
-2.052041015625000000e+04
-2.051895898437500000e+04
-2.051841015625000000e+04
-2.051854882812500000e+04
-2.052069531250000000e+04
-2.051614062500000000e+04
-2.052041406250000000e+04
-2.052149414062500000e+04
-2.052027734375000000e+04
-2.051163671875000000e+04
-2.051925976562500000e+04
-2.052095312500000000e+04
-2.051865234375000000e+04
-2.051767382812500000e+04
-2.051916796875000000e+04
-2.052057226562500000e+04
-2.052125585937500000e+04
-2.052212890625000000e+04
-2.052001562500000000e+04
-2.051998828125000000e+04
-2.051888671875000000e+04
-2.051914062500000000e+04
-2.051980468750000000e+04
-2.052106250000000000e+04
-2.052132812500000000e+04
-2.052133984375000000e+04
-2.051479687500000000e+04
-2.052176953125000000e+04
-2.052155859375000000e+04
-2.051931250000000000e+04
-2.052133984375000000e+04
-2.052016796875000000e+04
-2.052167187500000000e+04
-2.052048828125000000e+04
-2.051927539062500000e+04
-2.051426757812500000e+04
-2.052173632812500000e+04
-2.052113085937500000e+04
-2.051888867187500000e+04
-2.051969140625000000e+04
-2.051918164062500000e+04
-2.052176171875000000e+04
-2.052155078125000000e+04
-2.051816992187500000e+04
-2.051700781250000000e+04
-2.052034765625000000e+04
-2.052195117187500000e+04
-2.051713476562500000e+04
-2.051671679687500000e+04
-2.051947851562500000e+04
-2.052048437500000000e+04
-2.052048437500000000e+04
-2.052165234375000000e+04
-2.051499023437500000e+04
-2.052114843750000000e+04
-2.051918750000000000e+04
-2.052133593750000000e+04
-2.051964843750000000e+04
-2.051683203125000000e+04
-2.051668359375000000e+04
-2.051945312500000000e+04
-2.052046093750000000e+04
-2.051739453125000000e+04
-2.052185156250000000e+04
-2.051421093750000000e+04
-2.051722070312500000e+04
-2.052053515625000000e+04
-2.051562500000000000e+04
-2.052043554687500000e+04
-2.051861914062500000e+04
-2.052191992187500000e+04
-2.051801562500000000e+04
-2.051961718750000000e+04
-2.051891796875000000e+04
-2.052166601562500000e+04
-2.051606640625000000e+04
-2.051870312500000000e+04
-2.052003906250000000e+04
-2.051943750000000000e+04
-2.052196093750000000e+04
-2.052030273437500000e+04
-2.051967968750000000e+04
-2.051878125000000000e+04
-2.051766796875000000e+04
-2.052079687500000000e+04
-2.052066015625000000e+04
-2.052185937500000000e+04
-2.051512890625000000e+04
-2.052202343750000000e+04
-2.052081250000000000e+04
-2.051965039062500000e+04
-2.052122656250000000e+04
-2.051957617187500000e+04
-2.052126953125000000e+04
-2.052104296875000000e+04
-2.051866015625000000e+04
-2.051557031250000000e+04
-2.051863671875000000e+04
-2.052091796875000000e+04
-2.052130859375000000e+04
-2.052019335937500000e+04
-2.051628125000000000e+04
-2.051893945312500000e+04
-2.051938085937500000e+04
-2.052147070312500000e+04
-2.051831640625000000e+04
-2.052162304687500000e+04
-2.052072460937500000e+04
-2.051381250000000000e+04
-2.052045703125000000e+04
-2.052109960937500000e+04
-2.051637109375000000e+04
-2.051942968750000000e+04
-2.051757031250000000e+04
-2.052155078125000000e+04
-2.052002343750000000e+04
-2.051983203125000000e+04
-2.051821875000000000e+04
-2.051764453125000000e+04
-2.051462109375000000e+04
-2.051895507812500000e+04
-2.052175390625000000e+04
-2.052175585937500000e+04
-2.052087890625000000e+04
-2.052138671875000000e+04
-2.052142187500000000e+04
-2.051696679687500000e+04
-2.052032226562500000e+04
-2.052054687500000000e+04
-2.052210937500000000e+04
-2.050930468750000000e+04
-2.051659960937500000e+04
-2.051789453125000000e+04
-2.052108203125000000e+04
-2.051947070312500000e+04
-2.051938671875000000e+04
-2.052023828125000000e+04
-2.051612500000000000e+04
-2.051906640625000000e+04
-2.051450000000000000e+04
-2.051360937500000000e+04
-2.051778515625000000e+04
-2.052039453125000000e+04
-2.051797460937500000e+04
-2.051917968750000000e+04
-2.052011523437500000e+04
-2.052158593750000000e+04
-2.052003125000000000e+04
-2.052176953125000000e+04
-2.052083007812500000e+04
-2.052002343750000000e+04
-2.051383593750000000e+04
-2.052098242187500000e+04
-2.052028125000000000e+04
-2.051480078125000000e+04
-2.051839453125000000e+04
-2.052003515625000000e+04
-2.051820703125000000e+04
-2.052167968750000000e+04
-2.051998437500000000e+04
-2.052009765625000000e+04
-2.052017968750000000e+04
-2.052209179687500000e+04
-2.052162304687500000e+04
-2.051953125000000000e+04
-2.051951171875000000e+04
-2.051714257812500000e+04
-2.051923437500000000e+04
-2.051943164062500000e+04
-2.052013671875000000e+04
-2.052139843750000000e+04
-2.052101171875000000e+04
-2.051955273437500000e+04
-2.052043750000000000e+04
-2.052094531250000000e+04
-2.051820703125000000e+04
-2.051989062500000000e+04
-2.052032421875000000e+04
-2.051478515625000000e+04
-2.052152148437500000e+04
-2.051806250000000000e+04
-2.051952734375000000e+04
-2.051773828125000000e+04
-2.052124609375000000e+04
-2.052032031250000000e+04
-2.052126171875000000e+04
-2.052041992187500000e+04
-2.051884375000000000e+04
-2.051939257812500000e+04
-2.051940234375000000e+04
-2.051294140625000000e+04
-2.051641015625000000e+04
-2.051916796875000000e+04
-2.052084765625000000e+04
-2.052140234375000000e+04
-2.051629296875000000e+04
-2.051716796875000000e+04
-2.051795703125000000e+04
-2.052192578125000000e+04
-2.052017578125000000e+04
-2.051428125000000000e+04
-2.051870312500000000e+04
-2.052156250000000000e+04
-2.052077539062500000e+04
-2.052064843750000000e+04
-2.052137304687500000e+04
-2.052207031250000000e+04
-2.051554296875000000e+04
-2.051690234375000000e+04
-2.051629687500000000e+04
-2.051728515625000000e+04
-2.051876562500000000e+04
-2.052168945312500000e+04
-2.051912304687500000e+04
-2.052125195312500000e+04
-2.052040234375000000e+04
-2.051967382812500000e+04
-2.051953515625000000e+04
-2.052017578125000000e+04
-2.051925195312500000e+04
-2.052088281250000000e+04
-2.052028125000000000e+04
-2.051937500000000000e+04
-2.051936328125000000e+04
-2.052203906250000000e+04
-2.051978125000000000e+04
-2.051901953125000000e+04
-2.052091406250000000e+04
-2.052112500000000000e+04
-2.052042773437500000e+04
-2.051553320312500000e+04
-2.052073437500000000e+04
-2.051866210937500000e+04
-2.051850976562500000e+04
-2.051641601562500000e+04
-2.052003906250000000e+04
-2.051543359375000000e+04
-2.051681250000000000e+04
-2.052093750000000000e+04
-2.051983398437500000e+04
-2.052105468750000000e+04
-2.051445703125000000e+04
-2.052065039062500000e+04
-2.052172460937500000e+04
-2.052130468750000000e+04
-2.051469140625000000e+04
-2.051778125000000000e+04
-2.051827734375000000e+04
-2.052087109375000000e+04
-2.052106445312500000e+04
-2.052075781250000000e+04
-2.052085742187500000e+04
-2.051260937500000000e+04
-2.051774804687500000e+04
-2.052031640625000000e+04
-2.052065234375000000e+04
-2.051880468750000000e+04
-2.052132617187500000e+04
-2.051518359375000000e+04
-2.052173046875000000e+04
-2.051430078125000000e+04
-2.051911718750000000e+04
-2.051975000000000000e+04
-2.051450585937500000e+04
-2.051537109375000000e+04
-2.052022265625000000e+04
-2.052135937500000000e+04
-2.052155468750000000e+04
-2.051985156250000000e+04
-2.051432812500000000e+04
-2.051919531250000000e+04
-2.051363281250000000e+04
-2.052038671875000000e+04
-2.052007031250000000e+04
-2.052020312500000000e+04
-2.051724023437500000e+04
-2.051994140625000000e+04
-2.051637109375000000e+04
-2.052067968750000000e+04
-2.052044140625000000e+04
-2.052164453125000000e+04
-2.051538867187500000e+04
-2.051959375000000000e+04
-2.052055468750000000e+04
-2.051946875000000000e+04
-2.051794140625000000e+04
-2.052039843750000000e+04
-2.052191992187500000e+04
-2.051884960937500000e+04
-2.051979296875000000e+04
-2.052171875000000000e+04
-2.051686523437500000e+04
-2.052040625000000000e+04
-2.052185351562500000e+04
-2.051975585937500000e+04
-2.052013671875000000e+04
-2.052013671875000000e+04
-2.052168750000000000e+04
-2.052129687500000000e+04
-2.051984765625000000e+04
-2.051965820312500000e+04
-2.052157812500000000e+04
-2.052076562500000000e+04
-2.051900195312500000e+04
-2.052167968750000000e+04
-2.052128515625000000e+04
-2.052086132812500000e+04
-2.052005468750000000e+04
-2.052126562500000000e+04
-2.051881640625000000e+04
-2.052010546875000000e+04
-2.052148046875000000e+04
-2.051842578125000000e+04
-2.051830078125000000e+04
-2.051664257812500000e+04
-2.052144531250000000e+04
-2.051894335937500000e+04
-2.051608593750000000e+04
-2.052176562500000000e+04
-2.051717968750000000e+04
-2.051791406250000000e+04
-2.052011328125000000e+04
-2.052083984375000000e+04
-2.052188281250000000e+04
-2.052085156250000000e+04
-2.052128515625000000e+04
-2.052109765625000000e+04
-2.052148828125000000e+04
-2.052113671875000000e+04
-2.052089843750000000e+04
-2.051803125000000000e+04
-2.051636328125000000e+04
-2.052105078125000000e+04
-2.052013867187500000e+04
-2.052183593750000000e+04
-2.052180468750000000e+04
-2.052143750000000000e+04
-2.052001562500000000e+04
-2.052110937500000000e+04
-2.052000976562500000e+04
-2.051473828125000000e+04
-2.051643945312500000e+04
-2.051757812500000000e+04
-2.051561523437500000e+04
-2.052007421875000000e+04
-2.052076562500000000e+04
-2.051692187500000000e+04
-2.052171484375000000e+04
-2.051492382812500000e+04
-2.051770312500000000e+04
-2.051972656250000000e+04
-2.052205468750000000e+04
-2.051970507812500000e+04
-2.051903125000000000e+04
-2.051945312500000000e+04
-2.051940625000000000e+04
-2.051129882812500000e+04
-2.051971875000000000e+04
-2.051685156250000000e+04
-2.052015039062500000e+04
-2.051773437500000000e+04
-2.051846484375000000e+04
-2.052084375000000000e+04
-2.051847656250000000e+04
-2.052211914062500000e+04
-2.051634375000000000e+04
-2.051822265625000000e+04
-2.052151757812500000e+04
-2.052028125000000000e+04
-2.051974218750000000e+04
-2.051904296875000000e+04
-2.051851953125000000e+04
-2.052123437500000000e+04
-2.051421093750000000e+04
-2.051746484375000000e+04
-2.051905078125000000e+04
-2.052201562500000000e+04
-2.051889843750000000e+04
-2.052120703125000000e+04
-2.052100781250000000e+04
-2.052129687500000000e+04
-2.052135156250000000e+04
-2.051914453125000000e+04
-2.052030468750000000e+04
-2.051463281250000000e+04
-2.051971875000000000e+04
-2.052067578125000000e+04
-2.051458593750000000e+04
-2.051877343750000000e+04
-2.052068359375000000e+04
-2.051837109375000000e+04
-2.051841796875000000e+04
-2.052019140625000000e+04
-2.051773828125000000e+04
-2.052075000000000000e+04
-2.052208593750000000e+04
-2.052121484375000000e+04
-2.051887304687500000e+04
-2.052149218750000000e+04
-2.052209375000000000e+04
-2.052150781250000000e+04
-2.052004101562500000e+04
-2.052191406250000000e+04
-2.051694921875000000e+04
-2.051492187500000000e+04
-2.052147265625000000e+04
-2.051775000000000000e+04
-2.051948242187500000e+04
-2.052100000000000000e+04
-2.052198828125000000e+04
-2.052087500000000000e+04
-2.052077539062500000e+04
-2.051690234375000000e+04
-2.051790039062500000e+04
-2.052066015625000000e+04
-2.052037695312500000e+04
-2.051749414062500000e+04
-2.052039843750000000e+04
-2.052040820312500000e+04
-2.052120312500000000e+04
-2.052203906250000000e+04
-2.051057421875000000e+04
-2.051583593750000000e+04
-2.052080078125000000e+04
-2.052182812500000000e+04
-2.052019726562500000e+04
-2.051855078125000000e+04
-2.052017187500000000e+04
-2.052163671875000000e+04
-2.052014062500000000e+04
-2.052178320312500000e+04
-2.052154101562500000e+04
-2.051775195312500000e+04
-2.052185156250000000e+04
-2.051994335937500000e+04
-2.052074804687500000e+04
-2.051983007812500000e+04
-2.051901757812500000e+04
-2.052174218750000000e+04
-2.051567578125000000e+04
-2.052073437500000000e+04
-2.052039648437500000e+04
-2.052091406250000000e+04
-2.051980664062500000e+04
-2.051319921875000000e+04
-2.052026562500000000e+04
-2.052014453125000000e+04
-2.051535742187500000e+04
-2.052129296875000000e+04
-2.051994921875000000e+04
-2.051617187500000000e+04
-2.052061132812500000e+04
-2.052085156250000000e+04
-2.051951367187500000e+04
-2.052157812500000000e+04
-2.052024804687500000e+04
-2.052038476562500000e+04
-2.051645898437500000e+04
-2.052187304687500000e+04
-2.052191210937500000e+04
-2.052086718750000000e+04
-2.052109765625000000e+04
-2.052193750000000000e+04
-2.052213281250000000e+04
-2.051631250000000000e+04
-2.051691796875000000e+04
-2.052001953125000000e+04
-2.051368359375000000e+04
-2.052123046875000000e+04
-2.052073437500000000e+04
-2.051924414062500000e+04
-2.051891406250000000e+04
-2.051662890625000000e+04
-2.051802148437500000e+04
-2.051866406250000000e+04
-2.052102929687500000e+04
-2.052197851562500000e+04
-2.052026953125000000e+04
-2.052210937500000000e+04
-2.052035156250000000e+04
-2.051880468750000000e+04
-2.052028710937500000e+04
-2.051666015625000000e+04
-2.051916015625000000e+04
-2.051862500000000000e+04
-2.051989648437500000e+04
-2.052063671875000000e+04
-2.052158593750000000e+04
-2.051569140625000000e+04
-2.052134765625000000e+04
-2.051808984375000000e+04
-2.051785742187500000e+04
-2.052145703125000000e+04
-2.051721093750000000e+04
-2.051857812500000000e+04
-2.051858007812500000e+04
-2.051118554687500000e+04
-2.052031250000000000e+04
-2.052104687500000000e+04
-2.052135546875000000e+04
-2.051291015625000000e+04
-2.051642187500000000e+04
-2.051814843750000000e+04
-2.052037109375000000e+04
-2.052112695312500000e+04
-2.052048828125000000e+04
-2.051853710937500000e+04
-2.052172656250000000e+04
-2.051817187500000000e+04
-2.052155859375000000e+04
-2.051966796875000000e+04
-2.051835351562500000e+04
-2.051720898437500000e+04
-2.051822656250000000e+04
-2.051685156250000000e+04
-2.052161132812500000e+04
-2.051956054687500000e+04
-2.051712109375000000e+04
-2.052009765625000000e+04
-2.051866210937500000e+04
-2.051306835937500000e+04
-2.051897656250000000e+04
-2.051989648437500000e+04
-2.051833203125000000e+04
-2.051589843750000000e+04
-2.051654296875000000e+04
-2.051822460937500000e+04
-2.051964062500000000e+04
-2.051841601562500000e+04
-2.051708203125000000e+04
-2.052115039062500000e+04
-2.051925390625000000e+04
-2.052140234375000000e+04
-2.051773242187500000e+04
-2.051992968750000000e+04
-2.051756054687500000e+04
-2.052119140625000000e+04
-2.051171093750000000e+04
-2.052081640625000000e+04
-2.052058007812500000e+04
-2.052144335937500000e+04
-2.052042578125000000e+04
-2.051815234375000000e+04
-2.052044921875000000e+04
-2.051733593750000000e+04
-2.052083203125000000e+04
-2.052118359375000000e+04
-2.051734765625000000e+04
-2.051923046875000000e+04
-2.052110937500000000e+04
-2.051954101562500000e+04
-2.052166992187500000e+04
-2.051917968750000000e+04
-2.051812304687500000e+04
-2.052090429687500000e+04
-2.052197656250000000e+04
-2.051610937500000000e+04
-2.052200585937500000e+04
-2.052007031250000000e+04
-2.052095312500000000e+04
-2.051831835937500000e+04
-2.051966015625000000e+04
-2.051808789062500000e+04
-2.051752734375000000e+04
-2.052046679687500000e+04
-2.052059765625000000e+04
-2.052037500000000000e+04
-2.051846875000000000e+04
-2.052087890625000000e+04
-2.051858789062500000e+04
-2.052017968750000000e+04
-2.051934375000000000e+04
-2.052107226562500000e+04
-2.052072265625000000e+04
-2.051143750000000000e+04
-2.051924218750000000e+04
-2.051856445312500000e+04
-2.052106250000000000e+04
-2.052160156250000000e+04
-2.052177734375000000e+04
-2.052124023437500000e+04
-2.052155468750000000e+04
-2.051776171875000000e+04
-2.052006445312500000e+04
-2.052048632812500000e+04
-2.051950976562500000e+04
-2.051901757812500000e+04
-2.052141210937500000e+04
-2.051675976562500000e+04
-2.051734179687500000e+04
-2.051879882812500000e+04
-2.051904687500000000e+04
-2.051669140625000000e+04
-2.051386914062500000e+04
-2.051960156250000000e+04
-2.051934179687500000e+04
-2.051421484375000000e+04
-2.051670117187500000e+04
-2.052146093750000000e+04
-2.051758984375000000e+04
-2.051925585937500000e+04
-2.051835937500000000e+04
-2.052078320312500000e+04
-2.052150000000000000e+04
-2.052219921875000000e+04
-2.051879492187500000e+04
-2.051795312500000000e+04
-2.051842187500000000e+04
-2.052110937500000000e+04
-2.052140625000000000e+04
-2.051884179687500000e+04
-2.052127343750000000e+04
-2.051895312500000000e+04
-2.051546875000000000e+04
-2.052096484375000000e+04
-2.051952343750000000e+04
-2.051878906250000000e+04
-2.052205078125000000e+04
-2.052022656250000000e+04
-2.051793359375000000e+04
-2.052004687500000000e+04
-2.051747656250000000e+04
-2.052034570312500000e+04
-2.051994531250000000e+04
-2.051187890625000000e+04
-2.051801953125000000e+04
-2.052095507812500000e+04
-2.051771289062500000e+04
-2.051508984375000000e+04
-2.052165625000000000e+04
-2.051851757812500000e+04
-2.051969531250000000e+04
-2.051848437500000000e+04
-2.052188281250000000e+04
-2.052139453125000000e+04
-2.051745312500000000e+04
-2.052036718750000000e+04
-2.051786718750000000e+04
-2.051849609375000000e+04
-2.050991406250000000e+04
-2.051969531250000000e+04
-2.052151171875000000e+04
-2.051309179687500000e+04
-2.051756054687500000e+04
-2.051541601562500000e+04
-2.052033984375000000e+04
-2.052084375000000000e+04
-2.051797265625000000e+04
-2.051953906250000000e+04
-2.052187500000000000e+04
-2.051945117187500000e+04
-2.051202148437500000e+04
-2.052122656250000000e+04
-2.052160156250000000e+04
-2.052110937500000000e+04
-2.052137695312500000e+04
-2.052027734375000000e+04
-2.052067968750000000e+04
-2.051924218750000000e+04
-2.051623437500000000e+04
-2.051514843750000000e+04
-2.052156640625000000e+04
-2.052212890625000000e+04
-2.052029296875000000e+04
-2.051978710937500000e+04
-2.051910546875000000e+04
-2.051672265625000000e+04
-2.052022265625000000e+04
-2.051839843750000000e+04
-2.051709765625000000e+04
-2.051935742187500000e+04
-2.052107421875000000e+04
-2.052142382812500000e+04
-2.052087500000000000e+04
-2.052176367187500000e+04
-2.052025390625000000e+04
-2.051789062500000000e+04
-2.051918359375000000e+04
-2.051883593750000000e+04
-2.051952343750000000e+04
-2.051460742187500000e+04
-2.052069140625000000e+04
-2.051968750000000000e+04
-2.052023046875000000e+04
-2.052171093750000000e+04
-2.052153515625000000e+04
-2.051739648437500000e+04
-2.051682812500000000e+04
-2.051952343750000000e+04
-2.051742382812500000e+04
-2.052011718750000000e+04
-2.052187109375000000e+04
-2.052037890625000000e+04
-2.052203710937500000e+04
-2.051624218750000000e+04
-2.051770703125000000e+04
-2.051738671875000000e+04
-2.051710937500000000e+04
-2.051961132812500000e+04
-2.051905078125000000e+04
-2.051381250000000000e+04
-2.052049218750000000e+04
-2.051867187500000000e+04
-2.051835742187500000e+04
-2.051819726562500000e+04
-2.051799804687500000e+04
-2.051710546875000000e+04
-2.052086132812500000e+04
-2.051514453125000000e+04
-2.051877734375000000e+04
-2.052050781250000000e+04
-2.051729296875000000e+04
-2.052019531250000000e+04
-2.051719531250000000e+04
-2.051997656250000000e+04
-2.051681054687500000e+04
-2.052220117187500000e+04
-2.051919140625000000e+04
-2.051460937500000000e+04
-2.051984375000000000e+04
-2.051883203125000000e+04
-2.051750000000000000e+04
-2.051805468750000000e+04
-2.051906250000000000e+04
-2.051575976562500000e+04
-2.052115820312500000e+04
-2.051349023437500000e+04
-2.051780078125000000e+04
-2.051748046875000000e+04
-2.052079101562500000e+04
-2.051378710937500000e+04
-2.051503710937500000e+04
-2.052037890625000000e+04
-2.052083203125000000e+04
-2.052188671875000000e+04
-2.051834375000000000e+04
-2.051196093750000000e+04
-2.051733203125000000e+04
-2.051739257812500000e+04
-2.052127734375000000e+04
-2.052057421875000000e+04
-2.051275390625000000e+04
-2.051375781250000000e+04
-2.051808593750000000e+04
-2.052199023437500000e+04
-2.052128125000000000e+04
-2.051901171875000000e+04
-2.052073632812500000e+04
-2.052146484375000000e+04
-2.051707031250000000e+04
-2.052133398437500000e+04
-2.051976562500000000e+04
-2.051870703125000000e+04
-2.051283203125000000e+04
-2.051792382812500000e+04
-2.051797265625000000e+04
-2.051690625000000000e+04
-2.051986718750000000e+04
-2.051991015625000000e+04
-2.052068945312500000e+04
-2.052147656250000000e+04
-2.051863085937500000e+04
-2.052121093750000000e+04
-2.052146289062500000e+04
-2.051476562500000000e+04
-2.052036914062500000e+04
-2.052120312500000000e+04
-2.051960742187500000e+04
-2.052014843750000000e+04
-2.052000000000000000e+04
-2.051946875000000000e+04
-2.052157812500000000e+04
-2.051795312500000000e+04
-2.051881250000000000e+04
-2.052139062500000000e+04
-2.051880468750000000e+04
-2.051897460937500000e+04
-2.052023828125000000e+04
-2.051575000000000000e+04
-2.052092773437500000e+04
-2.052032421875000000e+04
-2.051726367187500000e+04
-2.052066601562500000e+04
-2.052058984375000000e+04
-2.051998046875000000e+04
-2.051973828125000000e+04
-2.051660937500000000e+04
-2.051237890625000000e+04
-2.052019140625000000e+04
-2.052189843750000000e+04
-2.051750390625000000e+04
-2.052127343750000000e+04
-2.051839843750000000e+04
-2.052089648437500000e+04
-2.051348632812500000e+04
-2.052116796875000000e+04
-2.052047070312500000e+04
-2.051641406250000000e+04
-2.050942968750000000e+04
-2.051794140625000000e+04
-2.051955859375000000e+04
-2.050809765625000000e+04
-2.051938867187500000e+04
-2.051621484375000000e+04
-2.052081445312500000e+04
-2.051662695312500000e+04
-2.051255078125000000e+04
-2.052092968750000000e+04
-2.051651171875000000e+04
-2.052120507812500000e+04
-2.052144921875000000e+04
-2.051947656250000000e+04
-2.051984179687500000e+04
-2.052088281250000000e+04
-2.051888281250000000e+04
-2.052043750000000000e+04
-2.051983203125000000e+04
-2.051977734375000000e+04
-2.052165039062500000e+04
-2.051994140625000000e+04
-2.051891015625000000e+04
-2.051584179687500000e+04
-2.052030078125000000e+04
-2.051793164062500000e+04
-2.052007421875000000e+04
-2.051883984375000000e+04
-2.052091796875000000e+04
-2.052003515625000000e+04
-2.051672460937500000e+04
-2.051810156250000000e+04
-2.052091796875000000e+04
-2.051922265625000000e+04
-2.052196484375000000e+04
-2.052139062500000000e+04
-2.051718750000000000e+04
-2.052166015625000000e+04
-2.051435351562500000e+04
-2.052153125000000000e+04
-2.051632812500000000e+04
-2.052078125000000000e+04
-2.051973437500000000e+04
-2.051901171875000000e+04
-2.052077343750000000e+04
-2.052119531250000000e+04
-2.051573046875000000e+04
-2.052127929687500000e+04
-2.051754687500000000e+04
-2.052096484375000000e+04
-2.051273828125000000e+04
-2.052010937500000000e+04
-2.051977734375000000e+04
-2.051817187500000000e+04
-2.052059179687500000e+04
-2.052156640625000000e+04
-2.052192382812500000e+04
-2.052078125000000000e+04
-2.052129492187500000e+04
-2.051482812500000000e+04
-2.052175585937500000e+04
-2.051992187500000000e+04
-2.052187109375000000e+04
-2.051854101562500000e+04
-2.052056640625000000e+04
-2.051729296875000000e+04
-2.052100195312500000e+04
-2.051934179687500000e+04
-2.051593750000000000e+04
-2.052150195312500000e+04
-2.051998828125000000e+04
-2.051732031250000000e+04
-2.051962890625000000e+04
-2.051985937500000000e+04
-2.052158984375000000e+04
-2.051971484375000000e+04
-2.051304882812500000e+04
-2.051956250000000000e+04
-2.052008203125000000e+04
-2.051896484375000000e+04
-2.052088671875000000e+04
-2.052053906250000000e+04
-2.052107812500000000e+04
-2.051355078125000000e+04
-2.052166796875000000e+04
-2.052155468750000000e+04
-2.051983593750000000e+04
-2.052069531250000000e+04
-2.051435156250000000e+04
-2.051362695312500000e+04
-2.051680078125000000e+04
-2.051685742187500000e+04
-2.052166015625000000e+04
-2.051761132812500000e+04
-2.052011523437500000e+04
-2.051718359375000000e+04
-2.052214062500000000e+04
-2.051699023437500000e+04
-2.051974609375000000e+04
-2.052082031250000000e+04
-2.051528125000000000e+04
-2.052003125000000000e+04
-2.051985156250000000e+04
-2.051403320312500000e+04
-2.052017968750000000e+04
-2.051060351562500000e+04
-2.052019140625000000e+04
-2.052094140625000000e+04
-2.052157421875000000e+04
-2.051835937500000000e+04
-2.051669335937500000e+04
-2.051436132812500000e+04
-2.052071093750000000e+04
-2.052173242187500000e+04
-2.052161328125000000e+04
-2.052187500000000000e+04
-2.051996093750000000e+04
-2.052093554687500000e+04
-2.052167968750000000e+04
-2.052181250000000000e+04
-2.051560546875000000e+04
-2.052071093750000000e+04
-2.052059570312500000e+04
-2.051757031250000000e+04
-2.051669726562500000e+04
-2.052013867187500000e+04
-2.052019140625000000e+04
-2.052087695312500000e+04
-2.052199218750000000e+04
-2.051851562500000000e+04
-2.051882031250000000e+04
-2.051845703125000000e+04
-2.051964257812500000e+04
-2.051912500000000000e+04
-2.052130859375000000e+04
-2.051582617187500000e+04
-2.051699609375000000e+04
-2.052041210937500000e+04
-2.052034375000000000e+04
-2.051482812500000000e+04
-2.052146093750000000e+04
-2.052120703125000000e+04
-2.051635351562500000e+04
-2.051588671875000000e+04
-2.052038281250000000e+04
-2.052200390625000000e+04
-2.051925195312500000e+04
-2.052144531250000000e+04
-2.052207812500000000e+04
-2.051812109375000000e+04
-2.051725976562500000e+04
-2.051646289062500000e+04
-2.051942578125000000e+04
-2.051616796875000000e+04
-2.051767773437500000e+04
-2.051983398437500000e+04
-2.052064062500000000e+04
-2.051828125000000000e+04
-2.052154101562500000e+04
-2.051921875000000000e+04
-2.052048437500000000e+04
-2.052082031250000000e+04
-2.052116210937500000e+04
-2.051834765625000000e+04
-2.052116406250000000e+04
-2.052056054687500000e+04
-2.051963281250000000e+04
-2.052132031250000000e+04
-2.051040234375000000e+04
-2.052105078125000000e+04
-2.052089062500000000e+04
-2.052087109375000000e+04
-2.051759960937500000e+04
-2.052070703125000000e+04
-2.051345703125000000e+04
-2.052066406250000000e+04
-2.051616015625000000e+04
-2.052057031250000000e+04
-2.052148828125000000e+04
-2.052189257812500000e+04
-2.051507421875000000e+04
-2.052164453125000000e+04
-2.051884765625000000e+04
-2.052168359375000000e+04
-2.051876562500000000e+04
-2.052075781250000000e+04
-2.052096875000000000e+04
-2.052058203125000000e+04
-2.052053320312500000e+04
-2.052115429687500000e+04
-2.052154687500000000e+04
-2.051448437500000000e+04
-2.052130468750000000e+04
-2.051774218750000000e+04
-2.051747656250000000e+04
-2.051607031250000000e+04
-2.051805664062500000e+04
-2.051981250000000000e+04
-2.051858203125000000e+04
-2.052142187500000000e+04
-2.052001757812500000e+04
-2.052045703125000000e+04
-2.052053515625000000e+04
-2.051618164062500000e+04
-2.052061328125000000e+04
-2.051648828125000000e+04
-2.052059375000000000e+04
-2.052191601562500000e+04
-2.052121484375000000e+04
-2.051901171875000000e+04
-2.051930859375000000e+04
-2.052038671875000000e+04
-2.051974218750000000e+04
-2.051961914062500000e+04
-2.052138085937500000e+04
-2.052157031250000000e+04
-2.051883007812500000e+04
-2.052000195312500000e+04
-2.051913671875000000e+04
-2.052150976562500000e+04
-2.052137304687500000e+04
-2.051669140625000000e+04
-2.051417968750000000e+04
-2.051749023437500000e+04
-2.051482031250000000e+04
-2.051634960937500000e+04
-2.052050390625000000e+04
-2.051842968750000000e+04
-2.052165039062500000e+04
-2.051836132812500000e+04
-2.052056640625000000e+04
-2.051884375000000000e+04
-2.052175976562500000e+04
-2.052064648437500000e+04
-2.052101953125000000e+04
-2.051532421875000000e+04
-2.051824023437500000e+04
-2.052139062500000000e+04
-2.052108593750000000e+04
-2.052055078125000000e+04
-2.052129296875000000e+04
-2.051797851562500000e+04
-2.051643164062500000e+04
-2.051578320312500000e+04
-2.052106250000000000e+04
-2.052086523437500000e+04
-2.051445703125000000e+04
-2.052147656250000000e+04
-2.051893359375000000e+04
-2.051449609375000000e+04
-2.051954687500000000e+04
-2.051816796875000000e+04
-2.052158203125000000e+04
-2.052142968750000000e+04
-2.051619140625000000e+04
-2.051439257812500000e+04
-2.052112500000000000e+04
-2.052088281250000000e+04
-2.051900976562500000e+04
-2.052087304687500000e+04
-2.051939453125000000e+04
-2.052055273437500000e+04
-2.051861328125000000e+04
-2.052094531250000000e+04
-2.051896289062500000e+04
-2.052061328125000000e+04
-2.051950585937500000e+04
-2.052046679687500000e+04
-2.051878710937500000e+04
-2.052006640625000000e+04
-2.051920507812500000e+04
-2.051963281250000000e+04
-2.052131640625000000e+04
-2.052121289062500000e+04
-2.052062109375000000e+04
-2.052216406250000000e+04
-2.051936328125000000e+04
-2.051953906250000000e+04
-2.051797656250000000e+04
-2.051958203125000000e+04
-2.052166796875000000e+04
-2.052000390625000000e+04
-2.052170703125000000e+04
-2.051766601562500000e+04
-2.051950000000000000e+04
-2.051823828125000000e+04
-2.052180078125000000e+04
-2.051673437500000000e+04
-2.052149609375000000e+04
-2.052135742187500000e+04
-2.051911718750000000e+04
-2.051489062500000000e+04
-2.051764843750000000e+04
-2.052173828125000000e+04
-2.052049218750000000e+04
-2.051483593750000000e+04
-2.051101367187500000e+04
-2.052142968750000000e+04
-2.051965234375000000e+04
-2.051908203125000000e+04
-2.051929492187500000e+04
-2.051456054687500000e+04
-2.051764062500000000e+04
-2.052175781250000000e+04
-2.051975976562500000e+04
-2.051893359375000000e+04
-2.052179882812500000e+04
-2.052010546875000000e+04
-2.052204101562500000e+04
-2.051931640625000000e+04
-2.051535742187500000e+04
-2.051689453125000000e+04
-2.051961523437500000e+04
-2.051759375000000000e+04
-2.052173242187500000e+04
-2.051311914062500000e+04
-2.052058203125000000e+04
-2.051923046875000000e+04
-2.051568945312500000e+04
-2.052044531250000000e+04
-2.051683007812500000e+04
-2.051928125000000000e+04
-2.051896875000000000e+04
-2.052064843750000000e+04
-2.052105078125000000e+04
-2.051488671875000000e+04
-2.052039648437500000e+04
-2.051815234375000000e+04
-2.052094726562500000e+04
-2.051825000000000000e+04
-2.052071289062500000e+04
-2.051736914062500000e+04
-2.052092968750000000e+04
-2.052179101562500000e+04
-2.051900000000000000e+04
-2.052140625000000000e+04
-2.051789062500000000e+04
-2.051486328125000000e+04
-2.052005468750000000e+04
-2.051712695312500000e+04
-2.052117187500000000e+04
-2.051454687500000000e+04
-2.052126171875000000e+04
-2.051951953125000000e+04
-2.051982031250000000e+04
-2.052003515625000000e+04
-2.051942578125000000e+04
-2.052052734375000000e+04
-2.051801171875000000e+04
-2.051877148437500000e+04
-2.052079882812500000e+04
-2.051843359375000000e+04
-2.052054882812500000e+04
-2.052154687500000000e+04
-2.051949218750000000e+04
-2.051920703125000000e+04
-2.051953125000000000e+04
-2.051571093750000000e+04
-2.052080859375000000e+04
-2.051793945312500000e+04
-2.051865820312500000e+04
-2.052175976562500000e+04
-2.051591601562500000e+04
-2.052143359375000000e+04
-2.051773437500000000e+04
-2.052100781250000000e+04
-2.052090625000000000e+04
-2.052183789062500000e+04
-2.051892773437500000e+04
-2.051491406250000000e+04
-2.051636132812500000e+04
-2.052207226562500000e+04
-2.051948046875000000e+04
-2.051603515625000000e+04
-2.051767578125000000e+04
-2.052118750000000000e+04
-2.051223437500000000e+04
-2.051919140625000000e+04
-2.051873632812500000e+04
-2.052119140625000000e+04
-2.052016796875000000e+04
-2.051966210937500000e+04
-2.051591796875000000e+04
-2.051939843750000000e+04
-2.051961523437500000e+04
-2.051160156250000000e+04
-2.051888476562500000e+04
-2.051716406250000000e+04
-2.052048046875000000e+04
-2.051994921875000000e+04
-2.052164062500000000e+04
-2.052038281250000000e+04
-2.052095703125000000e+04
-2.051967773437500000e+04
-2.051855078125000000e+04
-2.052171093750000000e+04
-2.051950390625000000e+04
-2.051887304687500000e+04
-2.052170507812500000e+04
-2.051182421875000000e+04
-2.052090625000000000e+04
-2.051650585937500000e+04
-2.052075781250000000e+04
-2.051769726562500000e+04
-2.051528710937500000e+04
-2.051798046875000000e+04
-2.051956054687500000e+04
-2.051411523437500000e+04
-2.051876562500000000e+04
-2.051694726562500000e+04
-2.051676562500000000e+04
-2.052148046875000000e+04
-2.050723437500000000e+04
-2.051985742187500000e+04
-2.051695312500000000e+04
-2.052127539062500000e+04
-2.051905468750000000e+04
-2.051994140625000000e+04
-2.052110546875000000e+04
-2.051910546875000000e+04
-2.052107421875000000e+04
-2.052116015625000000e+04
-2.051930664062500000e+04
-2.052200976562500000e+04
-2.051619531250000000e+04
-2.052081640625000000e+04
-2.052155468750000000e+04
-2.051657617187500000e+04
-2.051982031250000000e+04
-2.052033398437500000e+04
-2.052154687500000000e+04
-2.051929296875000000e+04
-2.051489648437500000e+04
-2.052034570312500000e+04
-2.052172851562500000e+04
-2.052027539062500000e+04
-2.051889843750000000e+04
-2.052130078125000000e+04
-2.052038671875000000e+04
-2.051970898437500000e+04
-2.052130273437500000e+04
-2.051950390625000000e+04
-2.051682031250000000e+04
-2.052062304687500000e+04
-2.052091015625000000e+04
-2.052082421875000000e+04
-2.051771093750000000e+04
-2.052091406250000000e+04
-2.052193359375000000e+04
-2.051703320312500000e+04
-2.052180273437500000e+04
-2.052202929687500000e+04
-2.051630273437500000e+04
-2.051719921875000000e+04
-2.052120703125000000e+04
-2.051886718750000000e+04
-2.052105078125000000e+04
-2.051822265625000000e+04
-2.051249609375000000e+04
-2.052127343750000000e+04
-2.051901562500000000e+04
-2.052199804687500000e+04
-2.051805468750000000e+04
-2.051734765625000000e+04
-2.051590039062500000e+04
-2.051847070312500000e+04
-2.052033593750000000e+04
-2.051595312500000000e+04
-2.051084375000000000e+04
-2.052166796875000000e+04
-2.051661328125000000e+04
-2.052116406250000000e+04
-2.052198828125000000e+04
-2.051751367187500000e+04
-2.052084765625000000e+04
-2.051528515625000000e+04
-2.052028710937500000e+04
-2.052098632812500000e+04
-2.051998828125000000e+04
-2.051814062500000000e+04
-2.052166796875000000e+04
-2.052073046875000000e+04
-2.051731640625000000e+04
-2.051939062500000000e+04
-2.052068164062500000e+04
-2.052219140625000000e+04
-2.051939843750000000e+04
-2.051535156250000000e+04
-2.051952734375000000e+04
-2.051671093750000000e+04
-2.052158398437500000e+04
-2.052017968750000000e+04
-2.052012500000000000e+04
-2.052134375000000000e+04
-2.051993359375000000e+04
-2.051982812500000000e+04
-2.052048437500000000e+04
-2.052155468750000000e+04
-2.052066796875000000e+04
-2.052188671875000000e+04
-2.052207421875000000e+04
-2.052037109375000000e+04
-2.052171093750000000e+04
-2.052169921875000000e+04
-2.051739062500000000e+04
-2.051999609375000000e+04
-2.051791406250000000e+04
-2.051294921875000000e+04
-2.051202734375000000e+04
-2.052076562500000000e+04
-2.051811132812500000e+04
-2.051439062500000000e+04
-2.052216796875000000e+04
-2.051744140625000000e+04
-2.051632812500000000e+04
-2.052045312500000000e+04
-2.051802148437500000e+04
-2.051741015625000000e+04
-2.051998828125000000e+04
-2.052058984375000000e+04
-2.052160546875000000e+04
-2.051823828125000000e+04
-2.051992382812500000e+04
-2.052106640625000000e+04
-2.051878906250000000e+04
-2.051696093750000000e+04
-2.052028515625000000e+04
-2.052137500000000000e+04
-2.052050195312500000e+04
-2.052093164062500000e+04
-2.051820703125000000e+04
-2.052065625000000000e+04
-2.051851562500000000e+04
-2.051763671875000000e+04
-2.051963476562500000e+04
-2.051369921875000000e+04
-2.051813671875000000e+04
-2.052178710937500000e+04
-2.052066601562500000e+04
-2.052064453125000000e+04
-2.052033203125000000e+04
-2.051796875000000000e+04
-2.052108984375000000e+04
-2.052025390625000000e+04
-2.052100781250000000e+04
-2.051745312500000000e+04
-2.052027343750000000e+04
-2.051724218750000000e+04
-2.051379296875000000e+04
-2.051737500000000000e+04
-2.051880078125000000e+04
-2.052076562500000000e+04
-2.052028515625000000e+04
-2.052101757812500000e+04
-2.051867382812500000e+04
-2.052066796875000000e+04
-2.051768359375000000e+04
-2.051958789062500000e+04
-2.051554101562500000e+04
-2.052166406250000000e+04
-2.051986718750000000e+04
-2.051391015625000000e+04
-2.052212109375000000e+04
-2.051660937500000000e+04
-2.051857031250000000e+04
-2.051263476562500000e+04
-2.052072656250000000e+04
-2.052022656250000000e+04
-2.052097265625000000e+04
-2.051980859375000000e+04
-2.051869335937500000e+04
-2.051910156250000000e+04
-2.051848046875000000e+04
-2.052069140625000000e+04
-2.052137500000000000e+04
-2.052142578125000000e+04
-2.051734765625000000e+04
-2.052043750000000000e+04
-2.052143359375000000e+04
-2.051717187500000000e+04
-2.052133593750000000e+04
-2.052178906250000000e+04
-2.051641992187500000e+04
-2.052217578125000000e+04
-2.051833593750000000e+04
-2.052168359375000000e+04
-2.052117187500000000e+04
-2.052071484375000000e+04
-2.052180664062500000e+04
-2.051657226562500000e+04
-2.052050000000000000e+04
-2.051978710937500000e+04
-2.051795703125000000e+04
-2.052194531250000000e+04
-2.052158593750000000e+04
-2.052071093750000000e+04
-2.052043750000000000e+04
-2.052148632812500000e+04
-2.052146875000000000e+04
-2.051970312500000000e+04
-2.052046484375000000e+04
-2.051714648437500000e+04
-2.051572265625000000e+04
-2.052047460937500000e+04
-2.051930078125000000e+04
-2.051916796875000000e+04
-2.052193359375000000e+04
-2.051801171875000000e+04
-2.051726171875000000e+04
-2.052168359375000000e+04
-2.051841015625000000e+04
-2.051985937500000000e+04
-2.051886523437500000e+04
-2.051869921875000000e+04
-2.051295703125000000e+04
-2.051937109375000000e+04
-2.051943359375000000e+04
-2.051934375000000000e+04
-2.052091406250000000e+04
-2.052014843750000000e+04
-2.051593359375000000e+04
-2.051854687500000000e+04
-2.051523242187500000e+04
-2.051777734375000000e+04
-2.051692578125000000e+04
-2.051916406250000000e+04
-2.051984765625000000e+04
-2.052077734375000000e+04
-2.052050781250000000e+04
-2.051997460937500000e+04
-2.052063671875000000e+04
-2.051842773437500000e+04
-2.051958007812500000e+04
-2.051522656250000000e+04
-2.051846484375000000e+04
-2.052186914062500000e+04
-2.052050195312500000e+04
-2.052068554687500000e+04
-2.052165234375000000e+04
-2.052084570312500000e+04
-2.052201562500000000e+04
-2.052174804687500000e+04
-2.051934179687500000e+04
-2.052092578125000000e+04
-2.052058984375000000e+04
-2.051549804687500000e+04
-2.051667968750000000e+04
-2.051954296875000000e+04
-2.052146484375000000e+04
-2.052041406250000000e+04
-2.052045312500000000e+04
-2.051814648437500000e+04
-2.052086718750000000e+04
-2.052014843750000000e+04
-2.051756445312500000e+04
-2.051851171875000000e+04
-2.052139843750000000e+04
-2.051843359375000000e+04
-2.052108984375000000e+04
-2.051883984375000000e+04
-2.050916601562500000e+04
-2.051410546875000000e+04
-2.052104687500000000e+04
-2.051911718750000000e+04
-2.051855859375000000e+04
-2.052078906250000000e+04
-2.051936132812500000e+04
-2.051481640625000000e+04
-2.051911914062500000e+04
-2.051808007812500000e+04
-2.051582421875000000e+04
-2.051932031250000000e+04
-2.051949414062500000e+04
-2.052082812500000000e+04
-2.052164453125000000e+04
-2.051913671875000000e+04
-2.051875781250000000e+04
-2.052013476562500000e+04
-2.051771484375000000e+04
-2.051991601562500000e+04
-2.052020703125000000e+04
-2.051786523437500000e+04
-2.051876171875000000e+04
-2.052138085937500000e+04
-2.051780468750000000e+04
-2.051870117187500000e+04
-2.052051757812500000e+04
-2.051618554687500000e+04
-2.051622851562500000e+04
-2.052023632812500000e+04
-2.052194726562500000e+04
-2.052048437500000000e+04
-2.052190429687500000e+04
-2.051571875000000000e+04
-2.052183593750000000e+04
-2.051949804687500000e+04
-2.051693945312500000e+04
-2.051579882812500000e+04
-2.051983984375000000e+04
-2.052160937500000000e+04
-2.051481445312500000e+04
-2.052169921875000000e+04
-2.052045703125000000e+04
-2.052184375000000000e+04
-2.051716406250000000e+04
-2.052136718750000000e+04
-2.051963085937500000e+04
-2.052090429687500000e+04
-2.052005078125000000e+04
-2.051964453125000000e+04
-2.052019531250000000e+04
-2.051942773437500000e+04
-2.051940234375000000e+04
-2.052157031250000000e+04
-2.051910156250000000e+04
-2.052186328125000000e+04
-2.052177734375000000e+04
-2.052049609375000000e+04
-2.051744726562500000e+04
-2.052038867187500000e+04
-2.052146484375000000e+04
-2.052162109375000000e+04
-2.052127539062500000e+04
-2.052098828125000000e+04
-2.051907031250000000e+04
-2.052074609375000000e+04
-2.052039453125000000e+04
-2.051681250000000000e+04
-2.051560937500000000e+04
-2.051581445312500000e+04
-2.051606445312500000e+04
-2.052092968750000000e+04
-2.051977734375000000e+04
-2.052193359375000000e+04
-2.051809765625000000e+04
-2.051283398437500000e+04
-2.051777734375000000e+04
-2.052012109375000000e+04
-2.051820703125000000e+04
-2.051551171875000000e+04
-2.052144140625000000e+04
-2.051713671875000000e+04
-2.051871093750000000e+04
-2.051272460937500000e+04
-2.051789257812500000e+04
-2.052136328125000000e+04
-2.051673828125000000e+04
-2.051985546875000000e+04
-2.051985156250000000e+04
-2.051542773437500000e+04
-2.051713867187500000e+04
-2.051881054687500000e+04
-2.051967578125000000e+04
-2.051713476562500000e+04
-2.051978125000000000e+04
-2.051480859375000000e+04
-2.051984179687500000e+04
-2.051909375000000000e+04
-2.052202343750000000e+04
-2.051557421875000000e+04
-2.052048046875000000e+04
-2.051708984375000000e+04
-2.052003125000000000e+04
-2.052044140625000000e+04
-2.051966601562500000e+04
-2.051899414062500000e+04
-2.051795703125000000e+04
-2.051966796875000000e+04
-2.051908984375000000e+04
-2.051610937500000000e+04
-2.051675000000000000e+04
-2.051755468750000000e+04
-2.051865429687500000e+04
-2.052164453125000000e+04
-2.052091796875000000e+04
-2.051873046875000000e+04
-2.051971875000000000e+04
-2.052151562500000000e+04
-2.051890625000000000e+04
-2.051664257812500000e+04
-2.051967968750000000e+04
-2.051857031250000000e+04
-2.051822656250000000e+04
-2.052157421875000000e+04
-2.051833593750000000e+04
-2.051223046875000000e+04
-2.051343750000000000e+04
-2.051777539062500000e+04
-2.052189257812500000e+04
-2.051956640625000000e+04
-2.051860937500000000e+04
-2.052011718750000000e+04
-2.052096484375000000e+04
-2.051665234375000000e+04
-2.052116015625000000e+04
-2.051551562500000000e+04
-2.051869335937500000e+04
-2.052023828125000000e+04
-2.051697460937500000e+04
-2.051896093750000000e+04
-2.052153515625000000e+04
-2.052137890625000000e+04
-2.052126171875000000e+04
-2.051869726562500000e+04
-2.052026562500000000e+04
-2.052053906250000000e+04
-2.051650390625000000e+04
-2.052193750000000000e+04
-2.051582617187500000e+04
-2.052119140625000000e+04
-2.051534375000000000e+04
-2.052171875000000000e+04
-2.051718164062500000e+04
-2.052177343750000000e+04
-2.052054687500000000e+04
-2.051745312500000000e+04
-2.051955859375000000e+04
-2.051996875000000000e+04
-2.051721093750000000e+04
-2.052009375000000000e+04
-2.050804296875000000e+04
-2.052009765625000000e+04
-2.051923828125000000e+04
-2.052191210937500000e+04
-2.052036914062500000e+04
-2.052203710937500000e+04
-2.052195703125000000e+04
-2.052148437500000000e+04
-2.051379687500000000e+04
-2.052118554687500000e+04
-2.051867968750000000e+04
-2.052108984375000000e+04
-2.052214062500000000e+04
-2.052138281250000000e+04
-2.051619921875000000e+04
-2.051762695312500000e+04
-2.052154882812500000e+04
-2.052086523437500000e+04
-2.052105664062500000e+04
-2.051717773437500000e+04
-2.051643945312500000e+04
-2.051809960937500000e+04
-2.052153710937500000e+04
-2.052089453125000000e+04
-2.052131250000000000e+04
-2.051989843750000000e+04
-2.051244921875000000e+04
-2.051954687500000000e+04
-2.052203125000000000e+04
-2.051964843750000000e+04
-2.052049609375000000e+04
-2.051760742187500000e+04
-2.051956640625000000e+04
-2.051360546875000000e+04
-2.051969726562500000e+04
-2.052075390625000000e+04
-2.051614648437500000e+04
-2.051470117187500000e+04
-2.052091796875000000e+04
-2.051877734375000000e+04
-2.051934375000000000e+04
-2.051889062500000000e+04
-2.051942578125000000e+04
-2.051836132812500000e+04
-2.051916796875000000e+04
-2.052047656250000000e+04
-2.052120312500000000e+04
-2.051642187500000000e+04
-2.051804687500000000e+04
-2.052200000000000000e+04
-2.052039843750000000e+04
-2.052174218750000000e+04
-2.052120117187500000e+04
-2.051960156250000000e+04
-2.051569921875000000e+04
-2.052170898437500000e+04
-2.052128125000000000e+04
-2.052055273437500000e+04
-2.051868945312500000e+04
-2.052110156250000000e+04
-2.052086718750000000e+04
-2.052184765625000000e+04
-2.051760742187500000e+04
-2.052183593750000000e+04
-2.052067578125000000e+04
-2.051721289062500000e+04
-2.052022265625000000e+04
-2.052175390625000000e+04
-2.052091406250000000e+04
-2.051449218750000000e+04
-2.051964257812500000e+04
-2.052155468750000000e+04
-2.052016992187500000e+04
-2.052151171875000000e+04
-2.052149218750000000e+04
-2.052116796875000000e+04
-2.052208984375000000e+04
-2.052040625000000000e+04
-2.051509570312500000e+04
-2.051682421875000000e+04
-2.052007226562500000e+04
-2.051875781250000000e+04
-2.052101757812500000e+04
-2.051965429687500000e+04
-2.052194140625000000e+04
-2.051573242187500000e+04
-2.051235742187500000e+04
-2.051910937500000000e+04
-2.051995703125000000e+04
-2.051658984375000000e+04
-2.051588281250000000e+04
-2.051935156250000000e+04
-2.051976562500000000e+04
-2.051719921875000000e+04
-2.051924023437500000e+04
-2.052109960937500000e+04
-2.052117187500000000e+04
-2.051525390625000000e+04
-2.052054296875000000e+04
-2.051755664062500000e+04
-2.051884765625000000e+04
-2.052007031250000000e+04
-2.052087500000000000e+04
-2.051942578125000000e+04
-2.051952929687500000e+04
-2.052157812500000000e+04
-2.052148632812500000e+04
-2.051870703125000000e+04
-2.052082617187500000e+04
-2.051766992187500000e+04
-2.052050000000000000e+04
-2.051475195312500000e+04
-2.051896875000000000e+04
-2.051820312500000000e+04
-2.052019531250000000e+04
-2.052017578125000000e+04
-2.051539257812500000e+04
-2.051830859375000000e+04
-2.051667578125000000e+04
-2.051850390625000000e+04
-2.051981445312500000e+04
-2.051965820312500000e+04
-2.051688085937500000e+04
-2.051846679687500000e+04
-2.051565625000000000e+04
-2.052049414062500000e+04
-2.051880859375000000e+04
-2.051866015625000000e+04
-2.051626562500000000e+04
-2.051992578125000000e+04
-2.052154687500000000e+04
-2.051745312500000000e+04
-2.051414453125000000e+04
-2.051778515625000000e+04
-2.052089843750000000e+04
-2.051872460937500000e+04
-2.052169921875000000e+04
-2.051790039062500000e+04
-2.051889453125000000e+04
-2.052125000000000000e+04
-2.051360937500000000e+04
-2.052170312500000000e+04
-2.052219335937500000e+04
-2.051782031250000000e+04
-2.051551562500000000e+04
-2.051505468750000000e+04
-2.051983203125000000e+04
-2.051420703125000000e+04
-2.052114257812500000e+04
-2.052191015625000000e+04
-2.051760546875000000e+04
-2.052132812500000000e+04
-2.051937109375000000e+04
-2.052036328125000000e+04
-2.051483984375000000e+04
-2.051959765625000000e+04
-2.052126953125000000e+04
-2.051281835937500000e+04
-2.052150195312500000e+04
-2.051918554687500000e+04
-2.051805859375000000e+04
-2.052060937500000000e+04
-2.051813476562500000e+04
-2.052101757812500000e+04
-2.051966406250000000e+04
-2.052156250000000000e+04
-2.051940234375000000e+04
-2.052066210937500000e+04
-2.051889257812500000e+04
-2.052069335937500000e+04
-2.051763671875000000e+04
-2.051430468750000000e+04
-2.051841015625000000e+04
-2.051948046875000000e+04
-2.052206250000000000e+04
-2.051787890625000000e+04
-2.052203710937500000e+04
-2.051639453125000000e+04
-2.052150390625000000e+04
-2.051484765625000000e+04
-2.052037109375000000e+04
-2.051603710937500000e+04
-2.051963671875000000e+04
-2.052136914062500000e+04
-2.052134375000000000e+04
-2.052093750000000000e+04
-2.052077539062500000e+04
-2.051733398437500000e+04
-2.051734765625000000e+04
-2.052128320312500000e+04
-2.051870703125000000e+04
-2.052001757812500000e+04
-2.051991015625000000e+04
-2.052042968750000000e+04
-2.051665429687500000e+04
-2.051570703125000000e+04
-2.052165039062500000e+04
-2.052031640625000000e+04
-2.051475781250000000e+04
-2.052122656250000000e+04
-2.051644921875000000e+04
-2.051514062500000000e+04
-2.051744140625000000e+04
-2.052025390625000000e+04
-2.051966406250000000e+04
-2.051776953125000000e+04
-2.052147265625000000e+04
-2.052163671875000000e+04
-2.052208593750000000e+04
-2.051596093750000000e+04
-2.052041796875000000e+04
-2.051399218750000000e+04
-2.051877343750000000e+04
-2.051817968750000000e+04
-2.051624023437500000e+04
-2.051698828125000000e+04
-2.052069140625000000e+04
-2.051863867187500000e+04
-2.051733203125000000e+04
-2.051529882812500000e+04
-2.051919726562500000e+04
-2.052028125000000000e+04
-2.052200976562500000e+04
-2.051497460937500000e+04
-2.051572851562500000e+04
-2.052098632812500000e+04
-2.050971093750000000e+04
-2.051969726562500000e+04
-2.051845117187500000e+04
-2.051669140625000000e+04
-2.051792578125000000e+04
-2.051988671875000000e+04
-2.051843359375000000e+04
-2.052219921875000000e+04
-2.051998046875000000e+04
-2.051620703125000000e+04
-2.052043359375000000e+04
-2.051923437500000000e+04
-2.052141406250000000e+04
-2.051952343750000000e+04
-2.052129882812500000e+04
-2.051704687500000000e+04
-2.051029687500000000e+04
-2.051819921875000000e+04
-2.051772656250000000e+04
-2.052128515625000000e+04
-2.051869140625000000e+04
-2.052066015625000000e+04
-2.051753906250000000e+04
-2.051413476562500000e+04
-2.050865039062500000e+04
-2.052148632812500000e+04
-2.050893554687500000e+04
-2.050506054687500000e+04
-2.052201367187500000e+04
-2.051838671875000000e+04
-2.051766992187500000e+04
-2.051382421875000000e+04
-2.052078906250000000e+04
-2.052034960937500000e+04
-2.052154492187500000e+04
-2.051691015625000000e+04
-2.051590039062500000e+04
-2.052103125000000000e+04
-2.051698437500000000e+04
-2.050914062500000000e+04
-2.051899609375000000e+04
-2.052169726562500000e+04
-2.052157617187500000e+04
-2.051903515625000000e+04
-2.051594531250000000e+04
-2.051711328125000000e+04
-2.051866796875000000e+04
-2.051723437500000000e+04
-2.051810351562500000e+04
-2.051981640625000000e+04
-2.051259375000000000e+04
-2.051749414062500000e+04
-2.051956835937500000e+04
-2.051869531250000000e+04
-2.052118750000000000e+04
-2.052134179687500000e+04
-2.051673437500000000e+04
-2.052197851562500000e+04
-2.052171484375000000e+04
-2.052218750000000000e+04
-2.051857226562500000e+04
-2.052041015625000000e+04
-2.051971093750000000e+04
-2.052006250000000000e+04
-2.051876171875000000e+04
-2.051685546875000000e+04
-2.052028515625000000e+04
-2.052132812500000000e+04
-2.052047656250000000e+04
-2.052139843750000000e+04
-2.051994921875000000e+04
-2.052030664062500000e+04
-2.052105273437500000e+04
-2.051970312500000000e+04
-2.051832812500000000e+04
-2.051816015625000000e+04
-2.052026171875000000e+04
-2.051811523437500000e+04
-2.051796093750000000e+04
-2.052162109375000000e+04
-2.051267187500000000e+04
-2.052048242187500000e+04
-2.051527148437500000e+04
-2.051696484375000000e+04
-2.051637500000000000e+04
-2.051020117187500000e+04
-2.052192578125000000e+04
-2.051693359375000000e+04
-2.052020312500000000e+04
-2.051888281250000000e+04
-2.052090820312500000e+04
-2.052071679687500000e+04
-2.051820117187500000e+04
-2.052171484375000000e+04
-2.052130078125000000e+04
-2.052074218750000000e+04
-2.051750781250000000e+04
-2.051958593750000000e+04
-2.052150195312500000e+04
-2.051683203125000000e+04
-2.052196289062500000e+04
-2.052116796875000000e+04
-2.052072656250000000e+04
-2.052060742187500000e+04
-2.051865625000000000e+04
-2.052135546875000000e+04
-2.051839062500000000e+04
-2.051844335937500000e+04
-2.051807421875000000e+04
-2.051485156250000000e+04
-2.051955859375000000e+04
-2.051894140625000000e+04
-2.052029492187500000e+04
-2.051968359375000000e+04
-2.051092968750000000e+04
-2.052137500000000000e+04
-2.052151953125000000e+04
-2.051857421875000000e+04
-2.052174609375000000e+04
-2.052093359375000000e+04
-2.051871484375000000e+04
-2.052130664062500000e+04
-2.051532226562500000e+04
-2.052106250000000000e+04
-2.052090234375000000e+04
-2.051831250000000000e+04
-2.052038671875000000e+04
-2.052052343750000000e+04
-2.052128320312500000e+04
-2.051724609375000000e+04
-2.052077343750000000e+04
