# Variable: deviance
# Sample shape: (2800,)
# Date: 2019-05-09 10:17:52.661393
-1.329794272643663862e+04
-1.328967630988775090e+04
-1.329350162187456044e+04
-1.328952729207101947e+04
-1.329294457481102472e+04
-1.329718963794304182e+04
-1.329547644492893050e+04
-1.329852132925328260e+04
-1.329808200782865424e+04
-1.329542169612697398e+04
-1.329866519731721201e+04
-1.329828621146917794e+04
-1.329723404604179450e+04
-1.329628745202633399e+04
-1.329606990494673846e+04
-1.329740853852689543e+04
-1.329251400723276856e+04
-1.329740225352130801e+04
-1.329688856483774907e+04
-1.329642067466499793e+04
-1.329872440098817242e+04
-1.329358101108805749e+04
-1.329399791310608998e+04
-1.329878224462378057e+04
-1.329843663927284797e+04
-1.329627322663814266e+04
-1.329791488757201114e+04
-1.329689485474729008e+04
-1.329802811906269562e+04
-1.329730247208639776e+04
-1.329571916244250315e+04
-1.329676342326887425e+04
-1.329560719201536631e+04
-1.329455621294110642e+04
-1.329797034264332433e+04
-1.329155222936332211e+04
-1.329472556431627891e+04
-1.329569229015466772e+04
-1.329874547123089724e+04
-1.329799403816987615e+04
-1.329794491037163243e+04
-1.329746191076224932e+04
-1.329692728005687968e+04
-1.329726100106938065e+04
-1.329654041589274857e+04
-1.329847482970804595e+04
-1.329843029453427880e+04
-1.329720302277564042e+04
-1.329579132653314082e+04
-1.329811344914163419e+04
-1.329845172862219988e+04
-1.329556658277438692e+04
-1.329540922607709217e+04
-1.329620382867528861e+04
-1.329530955426508081e+04
-1.329448281183168001e+04
-1.329066807954154501e+04
-1.329649009028996443e+04
-1.329629536647618625e+04
-1.329859500748264691e+04
-1.329787995076229709e+04
-1.329689576738394680e+04
-1.329664033919049689e+04
-1.329472377843965478e+04
-1.329676897466359515e+04
-1.329706062773535450e+04
-1.329404293445860458e+04
-1.329191745562127835e+04
-1.329593666649859733e+04
-1.329823269626892943e+04
-1.329438840462879125e+04
-1.329578736339533498e+04
-1.329763848694853004e+04
-1.329612750748341205e+04
-1.329764490260376624e+04
-1.329565409523174822e+04
-1.329350794224922356e+04
-1.329689371141311494e+04
-1.329690242748017226e+04
-1.329753141283524019e+04
-1.328964764195696262e+04
-1.329724078026233110e+04
-1.329766907351060581e+04
-1.329615065380501255e+04
-1.329583823728912103e+04
-1.329475344865946499e+04
-1.329828745874254855e+04
-1.329512270974412604e+04
-1.329569161677640477e+04
-1.329550440804144819e+04
-1.329607824207585327e+04
-1.329126460742764539e+04
-1.329224098103462893e+04
-1.329075999588258492e+04
-1.329826153234381854e+04
-1.329660185879419441e+04
-1.329633599572636922e+04
-1.329713176857063445e+04
-1.329573525605522445e+04
-1.329831603435072066e+04
-1.329886227719262024e+04
-1.329761380859400197e+04
-1.329351813929635500e+04
-1.329649307201391639e+04
-1.329161378802228865e+04
-1.329348381769323169e+04
-1.329513084012416221e+04
-1.329573270200004117e+04
-1.329830900402857151e+04
-1.329711605178733043e+04
-1.329147767970527457e+04
-1.329842190331750317e+04
-1.329419546385161811e+04
-1.329792792048141564e+04
-1.329765180199686802e+04
-1.329278535703221678e+04
-1.329860446826978296e+04
-1.329593129437210519e+04
-1.329879094324730977e+04
-1.329547544540444505e+04
-1.329498414704150855e+04
-1.329489411726552498e+04
-1.329584535616262474e+04
-1.329877925123129899e+04
-1.329689528774245264e+04
-1.329815904662164758e+04
-1.329298932330656316e+04
-1.329232330997737336e+04
-1.329877941011559960e+04
-1.329565108418796808e+04
-1.329791112008745222e+04
-1.329489709550575571e+04
-1.329828482406559124e+04
-1.329510399077999864e+04
-1.329852408647696939e+04
-1.328881554260174744e+04
-1.329530738317073337e+04
-1.329646430235704611e+04
-1.329686662091219659e+04
-1.329634740332121874e+04
-1.329488696671537764e+04
-1.329447407107210529e+04
-1.329683561398545316e+04
-1.329652854275155551e+04
-1.329737298211429879e+04
-1.329825825175361388e+04
-1.329803097380606960e+04
-1.329612673080225431e+04
-1.329858528043940350e+04
-1.329838679743760076e+04
-1.329748687831051939e+04
-1.329668769160021475e+04
-1.329407962836089246e+04
-1.329749521149478824e+04
-1.329805815669521689e+04
-1.329706408541027486e+04
-1.329826198951523475e+04
-1.329863035319335177e+04
-1.329467577506872112e+04
-1.329779389265060490e+04
-1.329754042549478618e+04
-1.329637941072618560e+04
-1.329674946228045883e+04
-1.329637885943307992e+04
-1.329767535135571234e+04
-1.329408184927041293e+04
-1.329164500495423272e+04
-1.329851372652146893e+04
-1.329177679312715918e+04
-1.329331784816857180e+04
-1.329535853628879704e+04
-1.329846771560070920e+04
-1.329730900551181912e+04
-1.329476093180566750e+04
-1.329787121245726667e+04
-1.329666795753966289e+04
-1.329682287444244139e+04
-1.329613404767564498e+04
-1.329236303237047832e+04
-1.329728870682490742e+04
-1.329767563479075579e+04
-1.329766458208498443e+04
-1.329067029948335585e+04
-1.329687163708997832e+04
-1.328782620408674848e+04
-1.329660727881845378e+04
-1.329708013403486621e+04
-1.329528396714075643e+04
-1.329585085871047704e+04
-1.329622704347068429e+04
-1.329714116061383538e+04
-1.329816061035099483e+04
-1.329763777193192800e+04
-1.329588213963527778e+04
-1.329662218553212733e+04
-1.329615227451426472e+04
-1.329665490099516683e+04
-1.329459126097012631e+04
-1.329504291075390211e+04
-1.329754388016041048e+04
-1.329761364709980990e+04
-1.329863787596399925e+04
-1.329807318039537495e+04
-1.329697467546961343e+04
-1.329673548787052277e+04
-1.329516285206234352e+04
-1.329653531449164984e+04
-1.329820509064211001e+04
-1.329243988867243388e+04
-1.329803543253978205e+04
-1.329655011697111513e+04
-1.329377407202247559e+04
-1.329800926792055543e+04
-1.329778051401972334e+04
-1.329757741130603245e+04
-1.329830466236004941e+04
-1.329140087554411002e+04
-1.329736319852198176e+04
-1.329709143059154667e+04
-1.329865975385836282e+04
-1.329740274632086403e+04
-1.329613448134123973e+04
-1.329715332999752536e+04
-1.329846336188085479e+04
-1.329671361761268599e+04
-1.329863513462532501e+04
-1.329820720130385780e+04
-1.329588959289018021e+04
-1.329873263385361133e+04
-1.329856900075691738e+04
-1.329808818559607244e+04
-1.329743701180638163e+04
-1.329340165724939834e+04
-1.329533447082748899e+04
-1.329662947305201851e+04
-1.329558374633626772e+04
-1.329319741441670703e+04
-1.329358310753923979e+04
-1.329801220708260007e+04
-1.329625807857711698e+04
-1.329842611165404742e+04
-1.329835484172561337e+04
-1.329617554770964489e+04
-1.329760345936757039e+04
-1.328579010428846595e+04
-1.329606907389852859e+04
-1.329582173235495429e+04
-1.329822841428585161e+04
-1.329814818040577120e+04
-1.329884811983620602e+04
-1.329503606892138123e+04
-1.329444919345267772e+04
-1.329428937936346847e+04
-1.329709057342415144e+04
-1.329208190839208328e+04
-1.329648488066344908e+04
-1.329248469542129715e+04
-1.329729734296908282e+04
-1.329483311727605178e+04
-1.329737783660118475e+04
-1.329651171606990101e+04
-1.329883947074340904e+04
-1.329787189739070527e+04
-1.329759969050454310e+04
-1.329880885697181475e+04
-1.329601620441072737e+04
-1.329680309364308596e+04
-1.329658101310812344e+04
-1.329620832218977739e+04
-1.329730913897619030e+04
-1.329870118543336139e+04
-1.329356981475784596e+04
-1.329679911700692173e+04
-1.329605510472660535e+04
-1.329805054497214769e+04
-1.329719439376221999e+04
-1.328866060531823132e+04
-1.329404698510458002e+04
-1.329562116292916835e+04
-1.329634072573776939e+04
-1.329793135895438536e+04
-1.329840447767578917e+04
-1.329694282129056410e+04
-1.329697444830994027e+04
-1.329729361587682433e+04
-1.329557088112753627e+04
-1.329513551750531042e+04
-1.329467618134005534e+04
-1.329609509815733509e+04
-1.329690978344539690e+04
-1.329436971181686749e+04
-1.329328880338028102e+04
-1.329737235674673684e+04
-1.329797273997400043e+04
-1.329430202789619398e+04
-1.329552130145554111e+04
-1.329358341238549292e+04
-1.329499533915324355e+04
-1.329188843966552304e+04
-1.329784757299158264e+04
-1.328803460467398691e+04
-1.329822251194106138e+04
-1.329377545162717252e+04
-1.329772810928486979e+04
-1.329784269812181810e+04
-1.329786167920460503e+04
-1.329412470497986578e+04
-1.328985130603960170e+04
-1.329665673109303316e+04
-1.328760371732407657e+04
-1.329838923673243335e+04
-1.329842731039725732e+04
-1.329461486978868925e+04
-1.329708422654625610e+04
-1.329713713666857075e+04
-1.329413916766306829e+04
-1.329347043644189580e+04
-1.329608240864314939e+04
-1.329717248098447635e+04
-1.329721209233967784e+04
-1.329659264025906850e+04
-1.329280988810318740e+04
-1.329076637256157846e+04
-1.329613729404360492e+04
-1.329394868229759959e+04
-1.329512928399847442e+04
-1.329322959967717179e+04
-1.329671809400607526e+04
-1.329425226406194088e+04
-1.329726432083647887e+04
-1.329042819521302772e+04
-1.329748948777170517e+04
-1.329689904800626755e+04
-1.329453738669484483e+04
-1.329702990154814688e+04
-1.329793903991382831e+04
-1.329871104521404959e+04
-1.329472481370194873e+04
-1.329847357336058121e+04
-1.329483397854450232e+04
-1.329621392300302978e+04
-1.329439237792600034e+04
-1.329719766126905051e+04
-1.329516652636786239e+04
-1.329798850495998522e+04
-1.329578383938959087e+04
-1.329821566387539133e+04
-1.329826921208255953e+04
-1.329720940736089869e+04
-1.329468660807832930e+04
-1.329633128560987097e+04
-1.329524143810185342e+04
-1.329546958973128494e+04
-1.329547350660208394e+04
-1.329649863759982691e+04
-1.329545667186188257e+04
-1.329142618708755981e+04
-1.329791320835003717e+04
-1.329809147175438920e+04
-1.329685074026217626e+04
-1.329682369724569799e+04
-1.329586144263238566e+04
-1.329541633015243860e+04
-1.329637120583004435e+04
-1.329481998497056338e+04
-1.329805488386555953e+04
-1.329771436591503516e+04
-1.329743622269950356e+04
-1.329596702680980525e+04
-1.329865054075577791e+04
-1.329753518352940227e+04
-1.329765568539489504e+04
-1.329794143544442522e+04
-1.329182131493461020e+04
-1.329451199572423138e+04
-1.329889935938967392e+04
-1.329655803808411656e+04
-1.328695336555589893e+04
-1.329774792569096098e+04
-1.329782027176928750e+04
-1.329766242540502208e+04
-1.329633872007884202e+04
-1.329642879947620349e+04
-1.329252939512142075e+04
-1.329422027836743291e+04
-1.329687647459685832e+04
-1.329534150426640008e+04
-1.329619722901347450e+04
-1.329517346876463489e+04
-1.329393802985853108e+04
-1.329757226864579206e+04
-1.329359031607089855e+04
-1.329472755129515826e+04
-1.329800460743659823e+04
-1.329605995122557943e+04
-1.329861423376082530e+04
-1.329796353839536823e+04
-1.328935092711466496e+04
-1.329026293616547264e+04
-1.329827101790635606e+04
-1.329852353317434608e+04
-1.329460540874274375e+04
-1.329701387670128315e+04
-1.329691262654806633e+04
-1.329605810519738043e+04
-1.329865971263219399e+04
-1.329735288446674531e+04
-1.329738433667974641e+04
-1.329627702709454934e+04
-1.329459357621783238e+04
-1.329565421334827261e+04
-1.329794910227947003e+04
-1.329478562714295913e+04
-1.329867939796725841e+04
-1.329685571523239196e+04
-1.329396867534603734e+04
-1.329763445181998759e+04
-1.329389120271944194e+04
-1.329594062886664869e+04
-1.329651719102012066e+04
-1.329580309971072165e+04
-1.329756281514809962e+04
-1.329817135976368991e+04
-1.329041248069802168e+04
-1.329857013617384837e+04
-1.329665697885299960e+04
-1.329730097674231183e+04
-1.329615774537345351e+04
-1.329371339397366501e+04
-1.329134844249128764e+04
-1.329825284881604784e+04
-1.329630799378218580e+04
-1.329604860615638609e+04
-1.329780848874648291e+04
-1.329741834877095971e+04
-1.329366744724388263e+04
-1.329661180910950497e+04
-1.329831782022127663e+04
-1.329510293288860339e+04
-1.329263028214161932e+04
-1.329845938620817469e+04
-1.329655337535384751e+04
-1.329027895636494759e+04
-1.329815714504842617e+04
-1.329335278519619351e+04
-1.329772743171142065e+04
-1.329768448724735208e+04
-1.329849646230060898e+04
-1.329285600430230079e+04
-1.329787510462907085e+04
-1.329764225449207697e+04
-1.329845761818142637e+04
-1.329703878340634401e+04
-1.329625159820324734e+04
-1.329006937875840958e+04
-1.329552344493879355e+04
-1.329293354074907438e+04
-1.329869213868694715e+04
-1.329703021381573126e+04
-1.329177431371845159e+04
-1.329521993144307999e+04
-1.329638722372846314e+04
-1.329596344133750790e+04
-1.329031465959467823e+04
-1.329645857706322204e+04
-1.329407367893429546e+04
-1.329461463862517667e+04
-1.329738117916869305e+04
-1.329642550781445971e+04
-1.328685137037857203e+04
-1.329460543896620766e+04
-1.329174243905254662e+04
-1.329586792444204548e+04
-1.329632617505285998e+04
-1.329845619913988048e+04
-1.329646213604116929e+04
-1.329769368114981262e+04
-1.328683050616762921e+04
-1.329669530067962842e+04
-1.329682464157592221e+04
-1.329767021060178740e+04
-1.329785129739950389e+04
-1.328874503658907634e+04
-1.329783288293059741e+04
-1.329138043023741011e+04
-1.329443535409095057e+04
-1.329766749118246298e+04
-1.329557056109268160e+04
-1.329844667547794415e+04
-1.329859666326786828e+04
-1.329502950262384184e+04
-1.329855894531138983e+04
-1.329777547350553505e+04
-1.329649150191767694e+04
-1.329448784693331254e+04
-1.329774746761921779e+04
-1.329497905592851566e+04
-1.329264570850066229e+04
-1.329706438873918523e+04
-1.329763414084992837e+04
-1.329558029251748849e+04
-1.329258312840599319e+04
-1.329811626330969375e+04
-1.329683593750688124e+04
-1.329645273144935709e+04
-1.329774738028765205e+04
-1.329799852895278127e+04
-1.329820555288957621e+04
-1.328470759495029779e+04
-1.329700697641611987e+04
-1.329664203536955392e+04
-1.329040908348215817e+04
-1.329768526192605714e+04
-1.329836043364812576e+04
-1.329782970803690841e+04
-1.329542240671084619e+04
-1.329530740075117137e+04
-1.329767599870486993e+04
-1.329722399638129900e+04
-1.329576326473168047e+04
-1.329641560316169125e+04
-1.329634952624520156e+04
-1.329853388129016821e+04
-1.329327720054388556e+04
-1.329300857832393558e+04
-1.328994787556025949e+04
-1.329653419193273294e+04
-1.329884542017963759e+04
-1.329532221172166101e+04
-1.328993156243445628e+04
-1.329867468695102252e+04
-1.329861571541430749e+04
-1.329416572610613366e+04
-1.329483868303269628e+04
-1.329531754873417412e+04
-1.329766528395388923e+04
-1.329634092704742216e+04
-1.329836704798612482e+04
-1.329889570426862338e+04
-1.329758871275330239e+04
-1.329787283849824598e+04
-1.329611635680124527e+04
-1.329321665131343070e+04
-1.329580989685840177e+04
-1.329404842236161130e+04
-1.329880548610159349e+04
-1.329755785963756534e+04
-1.329574199841228801e+04
-1.329322260351869772e+04
-1.329309014134486461e+04
-1.329708511627944790e+04
-1.329488563452539529e+04
-1.329873752932292336e+04
-1.329769982892802182e+04
-1.329708719442916117e+04
-1.329637834646491865e+04
-1.329004556938762835e+04
-1.329777344023361911e+04
-1.329307732445011425e+04
-1.329659671151349175e+04
-1.329743024835444885e+04
-1.329523652534393295e+04
-1.329621949074309850e+04
-1.329634656707046634e+04
-1.329755899215196587e+04
-1.329141362927456066e+04
-1.329624504590724246e+04
-1.329428316214247207e+04
-1.329849489499983792e+04
-1.329871342259364974e+04
-1.329716653809086347e+04
-1.329688305981247686e+04
-1.329451899792906624e+04
-1.329587362971880066e+04
-1.329729586910541184e+04
-1.329278555030126881e+04
-1.329645138208139724e+04
-1.329464833283715961e+04
-1.329631332379136074e+04
-1.329496689003158463e+04
-1.329481754309967619e+04
-1.329510175469385831e+04
-1.329719931503983025e+04
-1.329612419245925958e+04
-1.329501580228874082e+04
-1.329868069675453262e+04
-1.329024606335578210e+04
-1.329826603380164670e+04
-1.329668162049206876e+04
-1.329598930456431299e+04
-1.329466179638340327e+04
-1.329612535080861926e+04
-1.329510023309237295e+04
-1.329429193411355664e+04
-1.329638812009144749e+04
-1.329538241015219319e+04
-1.329739991934957834e+04
-1.329835282170654500e+04
-1.329702929380900969e+04
-1.329418778435865170e+04
-1.329473109300573014e+04
-1.329224124170519826e+04
-1.329561830380900392e+04
-1.328920343786875674e+04
-1.329844878534409509e+04
-1.329636297509235374e+04
-1.329558483189733306e+04
-1.329797826568262644e+04
-1.329593742264172215e+04
-1.329605582828533807e+04
-1.329422968660816150e+04
-1.329854868042021189e+04
-1.329623727853599667e+04
-1.329489819529122906e+04
-1.329749137730165785e+04
-1.329302426759470472e+04
-1.329581597275513741e+04
-1.329747780970060376e+04
-1.329808016789476096e+04
-1.329497335493890569e+04
-1.329820932821903625e+04
-1.329593386274368822e+04
-1.329779087682094178e+04
-1.329858465165131202e+04
-1.329274741629926757e+04
-1.329710162692274389e+04
-1.329842964273592952e+04
-1.329749782025725472e+04
-1.329881337365306717e+04
-1.329486378049847917e+04
-1.329214429899511015e+04
-1.329334487268992962e+04
-1.329730498336573510e+04
-1.329836970250638115e+04
-1.329422504675886375e+04
-1.329756813994354525e+04
-1.329545026823088483e+04
-1.329736510972879478e+04
-1.329229347152610353e+04
-1.329304036295716651e+04
-1.329813764386498224e+04
-1.329867937183747563e+04
-1.329627542014440405e+04
-1.329484855720019550e+04
-1.329863828256936358e+04
-1.329873858866755108e+04
-1.329598959914983607e+04
-1.329563512307721612e+04
-1.328522676986012630e+04
-1.329251402323275579e+04
-1.329494655819536638e+04
-1.329803855206422304e+04
-1.329643250572988109e+04
-1.329776043004277562e+04
-1.329825499841771307e+04
-1.329850593427177955e+04
-1.329753387115196892e+04
-1.329493517802900169e+04
-1.329258175787184337e+04
-1.329462281270749554e+04
-1.329373867018573583e+04
-1.329597600266410882e+04
-1.329736477773522711e+04
-1.329534826895511287e+04
-1.329820899421270951e+04
-1.329837638520180190e+04
-1.329580792787320388e+04
-1.329799854178849637e+04
-1.329565011995850364e+04
-1.328983188311993945e+04
-1.329399847735488220e+04
-1.329348981541884132e+04
-1.329692643350574690e+04
-1.329012991159529338e+04
-1.329295871856233498e+04
-1.329627093742878060e+04
-1.329660124491437091e+04
-1.329848987082675740e+04
-1.329682123889872673e+04
-1.329689693498360248e+04
-1.329502161662296203e+04
-1.329445575473753706e+04
-1.329676592441437060e+04
-1.329668818588869544e+04
-1.329534591167751751e+04
-1.329817767763164011e+04
-1.329836952763085174e+04
-1.329780389125514557e+04
-1.329795079892932154e+04
-1.328612585311185103e+04
-1.329640843493695684e+04
-1.329455339000173990e+04
-1.329645376138439315e+04
-1.329690123456338551e+04
-1.329573152631864286e+04
-1.329449329301161561e+04
-1.329560819415984770e+04
-1.329378966053478507e+04
-1.329647796691280018e+04
-1.329612682983911873e+04
-1.329820235470572334e+04
-1.329595674173178122e+04
-1.329593931091359445e+04
-1.329327211777012599e+04
-1.329387989485693288e+04
-1.329549676164774610e+04
-1.329737046294084212e+04
-1.329837456726661912e+04
-1.329736068929446446e+04
-1.329649629081693274e+04
-1.329765862937739439e+04
-1.329415051820048939e+04
-1.329320987453796806e+04
-1.329858644833969811e+04
-1.328872253744297996e+04
-1.329414138566736801e+04
-1.329868549761632676e+04
-1.329330804640538190e+04
-1.329883595390494884e+04
-1.329751733287235766e+04
-1.329803876560880235e+04
-1.329611127344470515e+04
-1.329530488244174921e+04
-1.329418126145337374e+04
-1.329867848933834830e+04
-1.329708032327389628e+04
-1.329824597034687577e+04
-1.329466139469058180e+04
-1.329724544456386138e+04
-1.329665385279444308e+04
-1.329794067901584276e+04
-1.329704603409747506e+04
-1.329617044917107523e+04
-1.329596685549367612e+04
-1.329680767260418543e+04
-1.329663298667978415e+04
-1.329577346753187339e+04
-1.329845936520266696e+04
-1.329745694947065203e+04
-1.329619633703454019e+04
-1.329624894558040069e+04
-1.329387079661187454e+04
-1.329793396267514254e+04
-1.329073499200853075e+04
-1.329839493182485603e+04
-1.329591107749865478e+04
-1.329747450433309132e+04
-1.329531140669370143e+04
-1.329619779150345130e+04
-1.329822872170969458e+04
-1.329419925482773942e+04
-1.329750326659669918e+04
-1.329624526529669674e+04
-1.329679475992057633e+04
-1.329776061857059540e+04
-1.329697622616705667e+04
-1.329765485466084647e+04
-1.329669450755714206e+04
-1.329824854248131123e+04
-1.329623390738551461e+04
-1.329813666295160510e+04
-1.329725671417563717e+04
-1.329142136689443214e+04
-1.329471834546863829e+04
-1.329334898770415384e+04
-1.329755183317023329e+04
-1.329617734474247118e+04
-1.329679077119398062e+04
-1.329770073829917601e+04
-1.329587929570943743e+04
-1.329666176769208323e+04
-1.329593388659446100e+04
-1.329581529515069269e+04
-1.329638817648269833e+04
-1.329495453003973489e+04
-1.329855207257203438e+04
-1.329520102479984416e+04
-1.329813608107834625e+04
-1.329586789801727355e+04
-1.329562951547589910e+04
-1.329140681235921875e+04
-1.329781983451924316e+04
-1.329813933766418995e+04
-1.329363334267700338e+04
-1.329551528193423292e+04
-1.329630659378585551e+04
-1.329781228133180775e+04
-1.329776508683725297e+04
-1.329613782713154615e+04
-1.329684490059371092e+04
-1.329775059300287103e+04
-1.329867641081405782e+04
-1.329744932285468713e+04
-1.329504665836499044e+04
-1.329759996061935817e+04
-1.329453237597719635e+04
-1.329782095008311080e+04
-1.329786814499727188e+04
-1.329569867316716409e+04
-1.329770352900713078e+04
-1.329428443250088458e+04
-1.329478957988697402e+04
-1.329237897804018394e+04
-1.329713059761724071e+04
-1.329592512732155592e+04
-1.329813933829783127e+04
-1.329299764355016123e+04
-1.329774081435641710e+04
-1.329675363436203588e+04
-1.328922027292262646e+04
-1.329805685756875755e+04
-1.329821269691516136e+04
-1.329721941058438824e+04
-1.329660552725889283e+04
-1.329145964722389544e+04
-1.329699889939056811e+04
-1.329506938053040903e+04
-1.329344568787494063e+04
-1.329805250447109211e+04
-1.329311685223284076e+04
-1.329628855793951152e+04
-1.329572581174259540e+04
-1.329862445717862647e+04
-1.329783671372379831e+04
-1.329370083455060740e+04
-1.329579788032810757e+04
-1.329605378750334603e+04
-1.329656626218118981e+04
-1.329740715091411585e+04
-1.329477617521343200e+04
-1.329628808177296378e+04
-1.329598162368762496e+04
-1.329648856405515835e+04
-1.329667806146022485e+04
-1.329686352478100162e+04
-1.329838417802963158e+04
-1.329790972386427893e+04
-1.328564217999210996e+04
-1.329749705767572959e+04
-1.329753843687795234e+04
-1.329291443839480780e+04
-1.329799044594744191e+04
-1.329856631507606653e+04
-1.329536101161546139e+04
-1.329767600624359147e+04
-1.329756943507475080e+04
-1.329607157705339705e+04
-1.329734778844293760e+04
-1.329876056438488740e+04
-1.329866800200937541e+04
-1.329819373989963424e+04
-1.329595831275212186e+04
-1.329821358757871349e+04
-1.329435803742235657e+04
-1.329133714325893015e+04
-1.329308277162625745e+04
-1.329453250835042672e+04
-1.329787644384151645e+04
-1.329509181412429098e+04
-1.329737684491697291e+04
-1.329727114849648751e+04
-1.329866344161155212e+04
-1.329801847382315464e+04
-1.329597389093326456e+04
-1.329642639164959110e+04
-1.329838545142760631e+04
-1.329739598593403935e+04
-1.329744471150551544e+04
-1.329719934026875126e+04
-1.329338428054433098e+04
-1.329749206739230067e+04
-1.329530873849902309e+04
-1.329804866566811870e+04
-1.329683281988980525e+04
-1.329774530900904574e+04
-1.329641335866041481e+04
-1.329887092095590560e+04
-1.329672401517913386e+04
-1.329843847454994102e+04
-1.329520490849319685e+04
-1.329774440432181291e+04
-1.328922361220618768e+04
-1.329722621122278360e+04
-1.329071703351633732e+04
-1.329530920430268634e+04
-1.329544467063550292e+04
-1.329419528807853567e+04
-1.329828983199444338e+04
-1.329839748216935732e+04
-1.329626906677412262e+04
-1.329749493394565798e+04
-1.329559950493208453e+04
-1.329784978937115375e+04
-1.329582461145812158e+04
-1.329564947036387639e+04
-1.329813562090915002e+04
-1.329294220127323570e+04
-1.329600869033018898e+04
-1.329870621966387262e+04
-1.329698214529652978e+04
-1.329708466921659419e+04
-1.329463257476652689e+04
-1.329775985280418899e+04
-1.329715179123453709e+04
-1.329452625190976323e+04
-1.329403187439891371e+04
-1.329638217032178727e+04
-1.329516122388976146e+04
-1.329648402162867569e+04
-1.329806781423901339e+04
-1.329670806927163540e+04
-1.329699244187285876e+04
-1.329574620016734843e+04
-1.329668274049426327e+04
-1.329673283945212097e+04
-1.329642078758124808e+04
-1.329233344075070090e+04
-1.329791347689547001e+04
-1.329529807644255197e+04
-1.329668828066219612e+04
-1.329793081885486572e+04
-1.329536905287215268e+04
-1.329640048021093389e+04
-1.329601180696113624e+04
-1.329838120236414761e+04
-1.329660851172052207e+04
-1.329805590878114526e+04
-1.329531502021413326e+04
-1.329648123367321023e+04
-1.329756938494425594e+04
-1.329637868040618014e+04
-1.329775143829227636e+04
-1.329708518777875179e+04
-1.329395695656484895e+04
-1.329151469463022659e+04
-1.329563644934421063e+04
-1.329799358289672091e+04
-1.329560761287639980e+04
-1.329697528208044423e+04
-1.329863982768322239e+04
-1.329866684243568670e+04
-1.329690004076440891e+04
-1.329877222891013298e+04
-1.329369322181534153e+04
-1.329650959725185930e+04
-1.329721728678687759e+04
-1.329756021301656074e+04
-1.329410954680897703e+04
-1.329867983398644355e+04
-1.329838269215034052e+04
-1.329336609155188125e+04
-1.329876527276971865e+04
-1.329694007385016994e+04
-1.329844887488250060e+04
-1.329574264756898992e+04
-1.329752487403239684e+04
-1.329847966066896879e+04
-1.329854894601891647e+04
-1.329433557768623723e+04
-1.329463470767255421e+04
-1.329232906386562172e+04
-1.329190175488243585e+04
-1.329764309249270445e+04
-1.329872326754915412e+04
-1.329818932907155249e+04
-1.329793395053687163e+04
-1.329199239375856268e+04
-1.329704975330283924e+04
-1.329510139087461357e+04
-1.329734546481859252e+04
-1.329872843069252667e+04
-1.329510298831814544e+04
-1.329839089627821159e+04
-1.329592080680774598e+04
-1.329451625306782626e+04
-1.329217958049669687e+04
-1.329827780307544526e+04
-1.329735147816597419e+04
-1.329705122595471039e+04
-1.329780483776472829e+04
-1.329442869745848293e+04
-1.328998143694712417e+04
-1.329644971789638657e+04
-1.329817515796219232e+04
-1.329884639924541261e+04
-1.329607334486335822e+04
-1.329701626068581572e+04
-1.329086528075374736e+04
-1.329868627301029119e+04
-1.329747626282790588e+04
-1.329722255957269954e+04
-1.329576995278245522e+04
-1.329591036798745154e+04
-1.329532634246390444e+04
-1.329392391961460453e+04
-1.329577517955603616e+04
-1.329669625895581157e+04
-1.329303071079997426e+04
-1.329414660853056557e+04
-1.329822117175938911e+04
-1.329277921893158600e+04
-1.329713027854014399e+04
-1.329706236443710259e+04
-1.329145659491760307e+04
-1.329793446943166418e+04
-1.329246483843976239e+04
-1.329463594907977495e+04
-1.329804886492541118e+04
-1.329647730114509068e+04
-1.329535883263835603e+04
-1.329299231825050265e+04
-1.329845540028855248e+04
-1.329851045011811038e+04
-1.329671095267792043e+04
-1.329731752012633660e+04
-1.329269478299290495e+04
-1.329067196349868937e+04
-1.328852425100878281e+04
-1.329850755033840687e+04
-1.329881322991051456e+04
-1.329422409256963510e+04
-1.329470734481904947e+04
-1.329518260434996773e+04
-1.329770761365262661e+04
-1.329519545149310397e+04
-1.329415213090274119e+04
-1.329209954307551379e+04
-1.329789721525454661e+04
-1.329791140857730352e+04
-1.329593332005780758e+04
-1.329805275542024174e+04
-1.329693263030143135e+04
-1.329726170030411049e+04
-1.329677968339832660e+04
-1.329738674597227509e+04
-1.329655224373756209e+04
-1.329568362327707291e+04
-1.329772089374345887e+04
-1.329712264915749984e+04
-1.329653071400894260e+04
-1.329774997183167034e+04
-1.329644671424024818e+04
-1.329775840759798666e+04
-1.329543572141733603e+04
-1.329408903913489303e+04
-1.329514908943484261e+04
-1.329723288992001108e+04
-1.329711675901557101e+04
-1.329553804732772551e+04
-1.329632996883070155e+04
-1.329751200978457200e+04
-1.329536150055070902e+04
-1.329552508665394635e+04
-1.329721442354271312e+04
-1.329727996057098426e+04
-1.329726548493302107e+04
-1.329496579583642233e+04
-1.329602708617076860e+04
-1.329656962527426003e+04
-1.329758082638096130e+04
-1.329843895346794670e+04
-1.329431259746636715e+04
-1.329824101605372744e+04
-1.329727766774457996e+04
-1.329747861129546072e+04
-1.329777256543869225e+04
-1.329671234136432395e+04
-1.329705474042296555e+04
-1.329719164577451556e+04
-1.329890011471470280e+04
-1.329648271070520605e+04
-1.329796530348787201e+04
-1.329105810751954050e+04
-1.329861535349347650e+04
-1.329656394683990220e+04
-1.329819553803545205e+04
-1.329551776702692587e+04
-1.329811885900199923e+04
-1.329828261050708170e+04
-1.329707914316454298e+04
-1.329881508904415386e+04
-1.329868867933998990e+04
-1.329499509815076453e+04
-1.329699132797430684e+04
-1.329592849354159262e+04
-1.329576568494656567e+04
-1.329519731018346283e+04
-1.329133833207228236e+04
-1.329618723759834029e+04
-1.329488609316035581e+04
-1.329599209079942011e+04
-1.329678964076485317e+04
-1.329831628501700652e+04
-1.329731936638482148e+04
-1.329681925552296161e+04
-1.329239853600296374e+04
-1.329650427685871364e+04
-1.329597179294456146e+04
-1.329642742145812008e+04
-1.329586741715840981e+04
-1.329675323119507811e+04
-1.329493259022524580e+04
-1.329545316578072379e+04
-1.329719769381677543e+04
-1.329307779659096377e+04
-1.329673338333396532e+04
-1.329384878831927745e+04
-1.329665347550000843e+04
-1.329339283073875049e+04
-1.329846769367673187e+04
-1.329771968442951038e+04
-1.329214181868941341e+04
-1.329853404384417991e+04
-1.329607723832234478e+04
-1.329722018725454473e+04
-1.329808746207251352e+04
-1.329554705793779067e+04
-1.329581625292360877e+04
-1.329805588362208437e+04
-1.329670298680167070e+04
-1.329577289509810180e+04
-1.329763742225637179e+04
-1.329553531094098071e+04
-1.329749138095076887e+04
-1.329814632657162838e+04
-1.329538063212105953e+04
-1.329524817203407656e+04
-1.329566329527505513e+04
-1.329700512326898752e+04
-1.329678005394507090e+04
-1.329826569061162809e+04
-1.329799047238808271e+04
-1.329339987461940473e+04
-1.329767464275249404e+04
-1.329574150692431431e+04
-1.329577762349863406e+04
-1.329429169166880092e+04
-1.329781343408240173e+04
-1.329746739422010432e+04
-1.329592741462212143e+04
-1.329556306617457449e+04
-1.329596482515747448e+04
-1.329583966871140365e+04
-1.329336695959176359e+04
-1.329707449701397127e+04
-1.329587660656011940e+04
-1.329797399796937498e+04
-1.329848060241004168e+04
-1.329507645939806389e+04
-1.329391473612101618e+04
-1.329144186697588520e+04
-1.329627125998737756e+04
-1.329629482934927728e+04
-1.329464877416982199e+04
-1.329468621902550512e+04
-1.329240319370202997e+04
-1.329522305984954437e+04
-1.329734351237950250e+04
-1.329662144299445754e+04
-1.329816838050205115e+04
-1.329830782694104710e+04
-1.329770126435963903e+04
-1.328729581521015280e+04
-1.328785874923765368e+04
-1.329438373899574253e+04
-1.329792859045713703e+04
-1.328879772268005763e+04
-1.329290143416938008e+04
-1.329239863335897826e+04
-1.329839029651306737e+04
-1.329806043479715663e+04
-1.329767152247958620e+04
-1.329834956930621775e+04
-1.329886347563111121e+04
-1.329820051850429081e+04
-1.329128819474805459e+04
-1.329370446352822728e+04
-1.329830956951596090e+04
-1.329816555623084059e+04
-1.329751937143783653e+04
-1.329849886472251819e+04
-1.329866028075401482e+04
-1.329873500189629885e+04
-1.329784655252549783e+04
-1.329844032439399234e+04
-1.329746154690469120e+04
-1.329272114450340086e+04
-1.329818422863831802e+04
-1.329575470330648022e+04
-1.329672085385871105e+04
-1.329802125581078872e+04
-1.329539908888893115e+04
-1.329785951819249749e+04
-1.329722999421784516e+04
-1.329773316878341575e+04
-1.329448689474019557e+04
-1.329503495889084297e+04
-1.329712701790723804e+04
-1.329408373500693415e+04
-1.329718474181074271e+04
-1.329761291540848651e+04
-1.329527927742536667e+04
-1.329677935506251379e+04
-1.329254876484314264e+04
-1.329540306224332744e+04
-1.329790388996016191e+04
-1.329505853639900306e+04
-1.329796572215304332e+04
-1.329400566282022010e+04
-1.329724813690654264e+04
-1.329847220470370303e+04
-1.329667235608643750e+04
-1.329420044589518511e+04
-1.329863526466173425e+04
-1.329804238570259076e+04
-1.329873318771212507e+04
-1.329701954785621638e+04
-1.329120508921752480e+04
-1.329582377205942612e+04
-1.329613993444435982e+04
-1.329446292107040426e+04
-1.328824484635947920e+04
-1.329854859275177296e+04
-1.329254691528269177e+04
-1.329676841872199293e+04
-1.329741096888736138e+04
-1.329518351595343120e+04
-1.328948034451424974e+04
-1.329346252973391893e+04
-1.329607655152489315e+04
-1.329604842800068218e+04
-1.329406680752975080e+04
-1.329689802788158704e+04
-1.329378081979182934e+04
-1.329839743965984235e+04
-1.329673964791589060e+04
-1.329832717778578080e+04
-1.329601295726667013e+04
-1.329598852409005485e+04
-1.329608089879020190e+04
-1.329678677972177320e+04
-1.329814973817730788e+04
-1.329045254127810040e+04
-1.329749415068620510e+04
-1.329503138088141532e+04
-1.329736363280239311e+04
-1.329674050017724585e+04
-1.329742975423178359e+04
-1.329766400665235415e+04
-1.329872259232032229e+04
-1.329601102130351865e+04
-1.329455483243063827e+04
-1.329857416593656671e+04
-1.329293217079741771e+04
-1.329579505174643964e+04
-1.329406071144308225e+04
-1.328991063264255172e+04
-1.329604167157571646e+04
-1.329685253526554698e+04
-1.329569698976539985e+04
-1.329773735139813652e+04
-1.329681475106049402e+04
-1.329762769223629221e+04
-1.329427860598036204e+04
-1.328648961328614314e+04
-1.329496547368377287e+04
-1.329783637370395627e+04
-1.329843404583685333e+04
-1.329426309629670868e+04
-1.329821923358605636e+04
-1.329851530891683251e+04
-1.329212790727391985e+04
-1.329624829277038953e+04
-1.329759296711346542e+04
-1.328998902723226456e+04
-1.329741642397017131e+04
-1.329728236508032023e+04
-1.329795459039292473e+04
-1.329580796166486289e+04
-1.329246360547553923e+04
-1.329515882780100401e+04
-1.329765392115483701e+04
-1.329701739972338328e+04
-1.329361806297688236e+04
-1.329661219928599894e+04
-1.329577688810998370e+04
-1.329498858621666659e+04
-1.329635072507250698e+04
-1.329716878831732174e+04
-1.329671200978031084e+04
-1.329859564387486171e+04
-1.329676475113709057e+04
-1.329690706663444871e+04
-1.329843444466761139e+04
-1.329551318849205563e+04
-1.329188534007350972e+04
-1.329668238249057686e+04
-1.329592406241150820e+04
-1.329667313188080880e+04
-1.329368170206740433e+04
-1.329843529412007410e+04
-1.329816613561141639e+04
-1.329088805525128919e+04
-1.329596195165656536e+04
-1.329330963274208989e+04
-1.329263767237626598e+04
-1.329464912784136686e+04
-1.329624347981152459e+04
-1.329827779795874449e+04
-1.329878950823741616e+04
-1.329752377716668707e+04
-1.329876975692832093e+04
-1.329510164761113992e+04
-1.329231445512550636e+04
-1.329663052483181855e+04
-1.329743278026155895e+04
-1.329640865249799026e+04
-1.329428488527491754e+04
-1.329536484367877711e+04
-1.329648119307148954e+04
-1.329068237612618941e+04
-1.329181320206565397e+04
-1.329639629820265327e+04
-1.329600170052744397e+04
-1.329659537346583784e+04
-1.329596697204734664e+04
-1.329593474502509343e+04
-1.329478766363992690e+04
-1.329589203390292096e+04
-1.329237598570015325e+04
-1.329867157046388638e+04
-1.329825973444914780e+04
-1.329847290136449737e+04
-1.329782400517865244e+04
-1.329804057438992822e+04
-1.329658078889115859e+04
-1.329741056524670057e+04
-1.329563071003077494e+04
-1.329401363488752759e+04
-1.329686537443332236e+04
-1.329798823596654802e+04
-1.329638747944231363e+04
-1.329431194750318900e+04
-1.329597317028206817e+04
-1.329176536324312292e+04
-1.329853257406306875e+04
-1.329842758140379374e+04
-1.329597095366426947e+04
-1.328783446679522058e+04
-1.329710465035300876e+04
-1.329499984565602063e+04
-1.329634120519745193e+04
-1.329631167966661815e+04
-1.329501765206215350e+04
-1.329820629699870915e+04
-1.329398761703028504e+04
-1.329559528765082905e+04
-1.329779626987502706e+04
-1.329753118094429738e+04
-1.329809327151240177e+04
-1.329331335683206999e+04
-1.329608600243796354e+04
-1.329764170808930430e+04
-1.329631084938870299e+04
-1.329251960790815610e+04
-1.329410269231206257e+04
-1.329555651655444126e+04
-1.329257106835546620e+04
-1.329615606912970725e+04
-1.329882138153542110e+04
-1.329818309716092881e+04
-1.329867919472486756e+04
-1.329485570364822343e+04
-1.329131309598616645e+04
-1.329212030345474705e+04
-1.329490228733548611e+04
-1.329829749827527485e+04
-1.329220336337301524e+04
-1.329465046393899320e+04
-1.329766113950184263e+04
-1.329766462961089564e+04
-1.329439496947091538e+04
-1.329283533908932441e+04
-1.329684060378399590e+04
-1.329269541621206918e+04
-1.329525434463115562e+04
-1.329424976922672613e+04
-1.329708557052972537e+04
-1.329383897454060207e+04
-1.329805442361173846e+04
-1.329634989719431178e+04
-1.329822941804584843e+04
-1.329583679113407197e+04
-1.329578971713475767e+04
-1.329720979317231831e+04
-1.329525425206045475e+04
-1.329738897266760250e+04
-1.329670829868837791e+04
-1.329860385600783411e+04
-1.328981166836618650e+04
-1.329838357725061724e+04
-1.329606401864688087e+04
-1.329318546272664935e+04
-1.329736582526357597e+04
-1.329768180326464062e+04
-1.329446039208550428e+04
-1.329832188693610442e+04
-1.329134303549197830e+04
-1.329281222792971676e+04
-1.329831454385959296e+04
-1.329819153947298037e+04
-1.329374410313014596e+04
-1.329875084862957374e+04
-1.329667279736880482e+04
-1.329883355606481564e+04
-1.329748349135695025e+04
-1.329362911755629466e+04
-1.329878367772896127e+04
-1.329736517107461441e+04
-1.329259795836647936e+04
-1.329816295912770875e+04
-1.329584450029040272e+04
-1.329470872069204052e+04
-1.329722132129786405e+04
-1.329538705640071203e+04
-1.329795559920170854e+04
-1.329437546464562911e+04
-1.329773092213885684e+04
-1.329584552222753700e+04
-1.329870711387766460e+04
-1.328666357185312881e+04
-1.329465987006076102e+04
-1.329853918067676932e+04
-1.329681803449779181e+04
-1.329544699475262860e+04
-1.329859997851575281e+04
-1.329715432938431150e+04
-1.329010124117305350e+04
-1.329761242614140428e+04
-1.329844438441775492e+04
-1.329531611903086741e+04
-1.329768019538318185e+04
-1.329849839606434580e+04
-1.329784574775690089e+04
-1.329831581472820835e+04
-1.329459995897785484e+04
-1.329656266496760509e+04
-1.329754677976291168e+04
-1.329678158987678944e+04
-1.328658027051504541e+04
-1.329305852689266248e+04
-1.329515775897499407e+04
-1.329546973909768349e+04
-1.329653136458458357e+04
-1.329555304710213386e+04
-1.329440073462010696e+04
-1.329451114727158529e+04
-1.329688648509122504e+04
-1.329271500374883180e+04
-1.329644333786359311e+04
-1.329415275107051275e+04
-1.329832913223918877e+04
-1.329530086120295528e+04
-1.329672972390589166e+04
-1.329195354689782471e+04
-1.329831636145660013e+04
-1.329674074164827834e+04
-1.329716245914920910e+04
-1.329471607971979029e+04
-1.329598630146332835e+04
-1.329506401832624397e+04
-1.329821502034643709e+04
-1.329678495481247592e+04
-1.329787424312193616e+04
-1.329555145530754817e+04
-1.329155141795632881e+04
-1.329691777625677241e+04
-1.329750096440789457e+04
-1.329790201716807132e+04
-1.329675232869160027e+04
-1.329869540323905676e+04
-1.329774573063989192e+04
-1.329791525937383267e+04
-1.329447547625497828e+04
-1.329201770253547147e+04
-1.329512460967303559e+04
-1.329657590386567790e+04
-1.329749361141651571e+04
-1.329490475160508868e+04
-1.329829487156140385e+04
-1.329810538113549410e+04
-1.329556131240130344e+04
-1.329832074263066170e+04
-1.329736859705500683e+04
-1.329150527069893542e+04
-1.329800368624363182e+04
-1.329874008621322355e+04
-1.329313709994696910e+04
-1.329807685811881674e+04
-1.329787380041178949e+04
-1.329669431028753934e+04
-1.329707506109026690e+04
-1.329695815138841135e+04
-1.329705882246863985e+04
-1.329520754815141481e+04
-1.329338908367759177e+04
-1.329118799388022671e+04
-1.329830595725149396e+04
-1.329222216687804939e+04
-1.329612449569035743e+04
-1.329389198056524037e+04
-1.329679148204214289e+04
-1.329416011734263702e+04
-1.329739853781689453e+04
-1.329480241221331016e+04
-1.329814792350878997e+04
-1.329457479613493888e+04
-1.329786505556078737e+04
-1.329414944500776619e+04
-1.329312362981255683e+04
-1.329543972923889487e+04
-1.329759957959621897e+04
-1.329702364931868033e+04
-1.329037573323180550e+04
-1.329403919889038843e+04
-1.329781063968023955e+04
-1.329809429927204656e+04
-1.329588033985013681e+04
-1.329792037587548839e+04
-1.329838820342779945e+04
-1.329716038263729388e+04
-1.329449019384336134e+04
-1.329282272603857928e+04
-1.328942663071523202e+04
-1.329763092230842085e+04
-1.329748918974413209e+04
-1.329613909687270825e+04
-1.329781650063792040e+04
-1.329305059473380061e+04
-1.329737273068909599e+04
-1.329795918328125117e+04
-1.329480496570769537e+04
-1.329693481565069851e+04
-1.329804923047961711e+04
-1.329587588876491282e+04
-1.329512710896487079e+04
-1.329760590254158706e+04
-1.329812428821361027e+04
-1.329681118984333807e+04
-1.329429861935383451e+04
-1.329825920863812644e+04
-1.328764291570017485e+04
-1.329881147933239481e+04
-1.329670522354259811e+04
-1.329732135362057488e+04
-1.329827858829593970e+04
-1.329802856104988314e+04
-1.329124120779485565e+04
-1.329620129504668512e+04
-1.329632709333473395e+04
-1.329421431990682504e+04
-1.329566821006750979e+04
-1.329861623786256314e+04
-1.329801857977204963e+04
-1.329766535668208962e+04
-1.329629051492038525e+04
-1.329589090781601408e+04
-1.329812413087233836e+04
-1.329040532070016889e+04
-1.329635474571121449e+04
-1.329824134627923922e+04
-1.329752041742590700e+04
-1.329711660021634088e+04
-1.329831904323550043e+04
-1.329740942402855035e+04
-1.329712907233477563e+04
-1.329541083895029988e+04
-1.329812555537586923e+04
-1.329779983041714513e+04
-1.329267678736972084e+04
-1.329735059499342424e+04
-1.329663658978054445e+04
-1.329782571672809172e+04
-1.329742481964265608e+04
-1.329859242655693743e+04
-1.329606918470151140e+04
-1.328963799348934481e+04
-1.329244821074488209e+04
-1.329854080634232014e+04
-1.329425821702425856e+04
-1.329598020842692495e+04
-1.329666886323746076e+04
-1.329782706557669553e+04
-1.329482958003611748e+04
-1.329502066416128218e+04
-1.329615145630739971e+04
-1.329761952734623264e+04
-1.329832857461378080e+04
-1.329671945580614738e+04
-1.329782306879932912e+04
-1.329827390651323913e+04
-1.329625428272430872e+04
-1.329634120995352896e+04
-1.329462556804107589e+04
-1.329701902538755894e+04
-1.329573099293605082e+04
-1.329557944767753725e+04
-1.329696822924784283e+04
-1.328292166182403525e+04
-1.329649986584239559e+04
-1.329765049606620596e+04
-1.329257742312138726e+04
-1.329286619770620746e+04
-1.329520980317694921e+04
-1.329735799664058322e+04
-1.329861666990004233e+04
-1.329790348426209675e+04
-1.329718561329125805e+04
-1.329305185787340815e+04
-1.329573154183237602e+04
-1.329697765048776273e+04
-1.329782890834591672e+04
-1.329787435443207869e+04
-1.329846665344206122e+04
-1.329872223748755277e+04
-1.329875938371578741e+04
-1.329171169729434041e+04
-1.329748533001628857e+04
-1.329601651330298046e+04
-1.329601435037265037e+04
-1.329880670141969131e+04
-1.329468401718204041e+04
-1.329746771011835335e+04
-1.329871959361923655e+04
-1.329677200455122147e+04
-1.329590127017334817e+04
-1.329667235281389185e+04
-1.329716392486685254e+04
-1.329372707427103160e+04
-1.329409346045630446e+04
-1.329701149119688853e+04
-1.329869503107217315e+04
-1.329684685748164338e+04
-1.329705381274762112e+04
-1.329703618830427149e+04
-1.329655577596818694e+04
-1.329654866715991011e+04
-1.329743911596461112e+04
-1.329725239550445986e+04
-1.329569423842728793e+04
-1.329478432299149426e+04
-1.329509911042484964e+04
-1.329771611651901003e+04
-1.329177104187164150e+04
-1.329449088888776168e+04
-1.329433640942883176e+04
-1.329626792347908304e+04
-1.329432217463132474e+04
-1.329091490788549345e+04
-1.329837681306074956e+04
-1.329667457271684543e+04
-1.329589693897728648e+04
-1.329780319602587042e+04
-1.329480806824807587e+04
-1.328662949501648109e+04
-1.329362705232958797e+04
-1.329404412688587763e+04
-1.329150159148495732e+04
-1.329774322405968451e+04
-1.329743763853999189e+04
-1.329790700407816257e+04
-1.329210416157439613e+04
-1.329677722421289218e+04
-1.329686851375393780e+04
-1.329709447655744771e+04
-1.329796651539974846e+04
-1.329767506863818926e+04
-1.329528457278517089e+04
-1.329748200316756993e+04
-1.329635277310250967e+04
-1.329587153348471293e+04
-1.329684151677092268e+04
-1.329793295588034744e+04
-1.329268303029085291e+04
-1.329266820117029602e+04
-1.329468067085855910e+04
-1.329744970002808986e+04
-1.329724579601497499e+04
-1.329527185098172959e+04
-1.329800655831608492e+04
-1.329800667914061887e+04
-1.329777694806756153e+04
-1.329704305701718295e+04
-1.329841473968400715e+04
-1.329526700273996903e+04
-1.329595161921421277e+04
-1.329666793275611781e+04
-1.329803009626810308e+04
-1.329863197201394905e+04
-1.329226894592148165e+04
-1.329726724305022253e+04
-1.329875041364955177e+04
-1.329832120652249068e+04
-1.329728517540369648e+04
-1.329626324520598791e+04
-1.329591098470348152e+04
-1.329416024327693049e+04
-1.329677842625086487e+04
-1.329867426194519612e+04
-1.329383161315122015e+04
-1.329744585574395023e+04
-1.329688014263318473e+04
-1.329875914219239712e+04
-1.329773566779172143e+04
-1.329792146213551496e+04
-1.329539529337253043e+04
-1.329882051028874048e+04
-1.329442194586122969e+04
-1.329566056537565419e+04
-1.329633108117255324e+04
-1.329721741201089571e+04
-1.329296351656880870e+04
-1.329754314197094573e+04
-1.329450402647890951e+04
-1.329802965923447118e+04
-1.329639870944524228e+04
-1.329826683513795797e+04
-1.329651228197001183e+04
-1.329587060435078820e+04
-1.329820484872561246e+04
-1.329693375341279170e+04
-1.329602646006043688e+04
-1.329805103368811069e+04
-1.329747743607124721e+04
-1.329679882600368001e+04
-1.329643673179702819e+04
-1.329860849073087593e+04
-1.329634621925790270e+04
-1.329798933582727477e+04
-1.329831290629011710e+04
-1.329260856346858600e+04
-1.329096284989295600e+04
-1.329690669968610564e+04
-1.329824969616158160e+04
-1.329678019114714698e+04
-1.329765449432977766e+04
-1.329788196241648620e+04
-1.329647385796254821e+04
-1.329556721618096344e+04
-1.329735740491104843e+04
-1.329550976983606597e+04
-1.329629259043650745e+04
-1.329713738581227153e+04
-1.329248034392842055e+04
-1.329699478230349450e+04
-1.329316692003714888e+04
-1.329233913621003740e+04
-1.329684469443829948e+04
-1.329807328788609266e+04
-1.329744935448290380e+04
-1.329786972599351066e+04
-1.329459441933143535e+04
-1.329741576709402943e+04
-1.329857371331313698e+04
-1.329156597092188895e+04
-1.329514216259860041e+04
-1.329716684170637200e+04
-1.329844574726176688e+04
-1.329791175940102039e+04
-1.329883296413772950e+04
-1.329437708841551830e+04
-1.329674695352249910e+04
-1.329590261480125628e+04
-1.329732322229403144e+04
-1.329683644068766080e+04
-1.329265779930388453e+04
-1.329396205311593803e+04
-1.329451564199451241e+04
-1.329677597970196985e+04
-1.329766424269449999e+04
-1.328963306911814652e+04
-1.329614566517186904e+04
-1.329750366646965995e+04
-1.329832715067138270e+04
-1.329511567971602562e+04
-1.329585812568419715e+04
-1.329702548673650381e+04
-1.329518030024941254e+04
-1.329766815816603230e+04
-1.329641924094239948e+04
-1.329403853584912758e+04
-1.329460429199240752e+04
-1.329493715416844498e+04
-1.329667404962023647e+04
-1.329386054780871018e+04
-1.329874988367586411e+04
-1.329392217676587461e+04
-1.329687326912375102e+04
-1.328876172067360312e+04
-1.329417632830959519e+04
-1.329838440659164189e+04
-1.329696194616872708e+04
-1.329732734466677357e+04
-1.329569428955886178e+04
-1.329394470361224012e+04
-1.329852819583001292e+04
-1.329811429726442111e+04
-1.329371417648069291e+04
-1.329284095499157411e+04
-1.329549530790545214e+04
-1.329532262368169904e+04
-1.328916195139175761e+04
-1.329526405828594761e+04
-1.329727354647624088e+04
-1.329624701161348275e+04
-1.329683424550149357e+04
-1.329725517534404571e+04
-1.329569052452821779e+04
-1.329634316868691531e+04
-1.329389868612946157e+04
-1.329729600491853489e+04
-1.329650080990722199e+04
-1.329473427147665461e+04
-1.329619701653888842e+04
-1.329635873335260840e+04
-1.329763694669038887e+04
-1.329697169619461056e+04
-1.329684658080640111e+04
-1.329848574705043939e+04
-1.329793537808600013e+04
-1.329864129318273990e+04
-1.329687990743774208e+04
-1.329055160658337627e+04
-1.329629304972838145e+04
-1.329337053465615281e+04
-1.329728732979468987e+04
-1.329536661453359557e+04
-1.329436796862032315e+04
-1.329456143173961209e+04
-1.329502342127408701e+04
-1.329871731601733700e+04
-1.329668370595095257e+04
-1.329715909670395922e+04
-1.329684375905457819e+04
-1.329159454012694187e+04
-1.329469659030141156e+04
-1.329718419434602220e+04
-1.329848912823911633e+04
-1.329329094794585762e+04
-1.329532301799633569e+04
-1.329168971025080828e+04
-1.329367211577329363e+04
-1.329542745975327307e+04
-1.329376715366726421e+04
-1.329845978948071570e+04
-1.329771344981207585e+04
-1.329766460925264983e+04
-1.329140463533188449e+04
-1.329605782389849992e+04
-1.329786865383346412e+04
-1.329625756197515875e+04
-1.329617010193313035e+04
-1.329716431952878156e+04
-1.329700301853397468e+04
-1.329813552080100635e+04
-1.329816429719345979e+04
-1.329682347734929499e+04
-1.329844989134157549e+04
-1.329773422637287695e+04
-1.329776033777215162e+04
-1.329752080700681654e+04
-1.329771222052113080e+04
-1.329765911186601443e+04
-1.329804513801615394e+04
-1.329821971775695056e+04
-1.329742734601227494e+04
-1.329424386893058181e+04
-1.329766292809403240e+04
-1.329722285321812888e+04
-1.329765887291990657e+04
-1.329767382203793386e+04
-1.329811714141115226e+04
-1.329877159850749740e+04
-1.329423737352555872e+04
-1.329703253267968830e+04
-1.329466142219281392e+04
-1.329813434482046796e+04
-1.329586642532611222e+04
-1.329816841650164133e+04
-1.329469655912792950e+04
-1.329740698588380474e+04
-1.329457395804815314e+04
-1.329741854144206263e+04
-1.329564358281258137e+04
-1.329569854185399527e+04
-1.329832602730424514e+04
-1.329594431462340435e+04
-1.329360981558794083e+04
-1.329721127095814154e+04
-1.328900414117766195e+04
-1.329712442113208454e+04
-1.329027270886798942e+04
-1.329578716126466134e+04
-1.329111166818035781e+04
-1.329810312279286882e+04
-1.329776049289523507e+04
-1.329590182289128643e+04
-1.329868425196739554e+04
-1.329636818063258033e+04
-1.329742045861238876e+04
-1.329591758000864684e+04
-1.329843393113901038e+04
-1.329691103489229863e+04
-1.329871320446094614e+04
-1.329881246500793713e+04
-1.329383701362731881e+04
-1.329621684767047191e+04
-1.329788551423274839e+04
-1.329525179472977106e+04
-1.329677194965047784e+04
-1.329131074314729995e+04
-1.329386031751854898e+04
-1.329658243382052387e+04
-1.329208297874193522e+04
-1.329672118487941407e+04
-1.329782545521129214e+04
-1.329860214568128868e+04
-1.329357194837763927e+04
-1.329672400067313356e+04
-1.329762050511148846e+04
-1.329582518725290356e+04
-1.329215024890606037e+04
-1.329765628612470027e+04
-1.329850103052771374e+04
-1.329660342884232887e+04
-1.329738683847452921e+04
-1.329316297116646092e+04
-1.329780454505923262e+04
-1.329610533281245807e+04
-1.329789120444621949e+04
-1.329821207849576604e+04
-1.329720878441052446e+04
-1.329779542038212821e+04
-1.329436493596436958e+04
-1.329806793122032104e+04
-1.329714736655266461e+04
-1.329714737648180562e+04
-1.327512446190282208e+04
-1.329820795774276121e+04
-1.329754606158404204e+04
-1.329456403742818475e+04
-1.329871567246840095e+04
-1.329637437509789743e+04
-1.329743031662969224e+04
-1.329371486871814159e+04
-1.329779742467690085e+04
-1.329624274231739582e+04
-1.329367135808938474e+04
-1.329152532609404261e+04
-1.329831389091724850e+04
-1.328872867291605144e+04
-1.329203622610618368e+04
-1.329829497241249555e+04
-1.329753473480824323e+04
-1.329864493880190639e+04
-1.329270249294070891e+04
-1.328433886141340190e+04
-1.329299630600770979e+04
-1.329100334785478481e+04
-1.329531013922653074e+04
-1.329790102324393229e+04
-1.329788332137375255e+04
-1.329088620416991580e+04
-1.329435331991766361e+04
-1.329431687939875337e+04
-1.329862838023799122e+04
-1.329569044418974772e+04
-1.329372481206364682e+04
-1.329392051680725126e+04
-1.329244339405070787e+04
-1.329340474571337290e+04
-1.329604306153461221e+04
-1.329809266828528962e+04
-1.329608543897801974e+04
-1.329817962161960895e+04
-1.329527214317076141e+04
-1.328822650496581082e+04
-1.329774949911743352e+04
-1.329541690938745887e+04
-1.329812281784730294e+04
-1.329745909783562820e+04
-1.329793619098455019e+04
-1.329750877965102336e+04
-1.329618697980584693e+04
-1.329825114500624841e+04
-1.329875068819373701e+04
-1.329808083806897048e+04
-1.329674327847316636e+04
-1.329541801188618774e+04
-1.329674682745186328e+04
-1.329697994646322695e+04
-1.329699700393572675e+04
-1.329359826420580794e+04
-1.329755445386063548e+04
-1.329610680577275343e+04
-1.329543596579968471e+04
-1.329673466570812525e+04
-1.329771048092391902e+04
-1.329151426751000508e+04
-1.329537847589788726e+04
-1.329535485109796355e+04
-1.329800768795199110e+04
-1.329819935306234038e+04
-1.329796191662850651e+04
-1.329713941170678663e+04
-1.329643796577810463e+04
-1.329807198992537087e+04
-1.329636407229395627e+04
-1.329882710171440340e+04
-1.329702333833636658e+04
-1.329447654999778752e+04
-1.329769162771933406e+04
-1.329575821305048885e+04
-1.329664283843212615e+04
-1.329817051817620813e+04
-1.329772902190417517e+04
-1.329383764880352828e+04
-1.329663028193808350e+04
-1.329684559506664664e+04
-1.329875047653920228e+04
-1.329840911099760524e+04
-1.329847513269364572e+04
-1.329624319284776720e+04
-1.329887699168464860e+04
-1.329811296536763803e+04
-1.329699989832286155e+04
-1.329802981455449481e+04
-1.329512650766924162e+04
-1.329092703231369160e+04
-1.329257556459885745e+04
-1.329714923701337830e+04
-1.329580682942241765e+04
-1.329509210306398745e+04
-1.329361769614689365e+04
-1.329716877130679859e+04
-1.329140982487181645e+04
-1.329630597026420037e+04
-1.329263506792595399e+04
-1.329691812980163377e+04
-1.329533739360642357e+04
-1.329593324051659874e+04
-1.329729782073513161e+04
-1.329822436940730040e+04
-1.329840213514264360e+04
-1.329634017638883051e+04
-1.329866657124365338e+04
-1.329173288100514765e+04
-1.329613401233189325e+04
-1.329555322945282933e+04
-1.329535347242824719e+04
-1.329590053053199699e+04
-1.329552755511114810e+04
-1.329696131972685907e+04
-1.329877384105820238e+04
-1.329580948304151389e+04
-1.329861368832813605e+04
-1.329759101953884783e+04
-1.329607588470798873e+04
-1.329616419498121832e+04
-1.329753360594171681e+04
-1.329541165455446026e+04
-1.329729496090353132e+04
-1.329815014425476693e+04
-1.329408019717781826e+04
-1.329741338541344885e+04
-1.329654454010128393e+04
-1.329414959156459736e+04
-1.328791328437064294e+04
-1.328997570651099522e+04
-1.329465126081636845e+04
-1.329419500541829439e+04
-1.329770388741967145e+04
-1.329565778016587683e+04
-1.329703513393654612e+04
-1.329719700809772985e+04
-1.329203276269550042e+04
-1.329585846627310093e+04
-1.329468934709827954e+04
-1.329473568127915496e+04
-1.329400962509884812e+04
-1.329766439487059506e+04
-1.329803688491515095e+04
-1.329862201100619495e+04
-1.329210054426603529e+04
-1.329608436318932218e+04
-1.329570351111867967e+04
-1.329475493744242522e+04
-1.329680299738328540e+04
-1.329789098148656194e+04
-1.329773272591360910e+04
-1.329531904814762311e+04
-1.329619591456058333e+04
-1.329815897834253701e+04
-1.329684864786579055e+04
-1.329335937496118277e+04
-1.329729205129866386e+04
-1.329780329541266474e+04
-1.329791386105810307e+04
-1.329322933701648799e+04
-1.329596887109014642e+04
-1.329347198415268758e+04
-1.329513597900801142e+04
-1.329781940651939658e+04
-1.329801443646433836e+04
-1.329620860884459762e+04
-1.329574887521325218e+04
-1.329534016438559411e+04
-1.329817308691724065e+04
-1.329778673316528329e+04
-1.329666745754797375e+04
-1.329267701914076315e+04
-1.329688120727850401e+04
-1.329190990415897249e+04
-1.329402896886831695e+04
-1.329818974286306548e+04
-1.329720120465262153e+04
-1.329615062605223648e+04
-1.329638727254892183e+04
-1.329763095927048198e+04
-1.329779730961367204e+04
-1.329685829046808431e+04
-1.329605373090668400e+04
-1.329562976117412472e+04
-1.329732039387654731e+04
-1.329616472660892941e+04
-1.329819954576660348e+04
-1.329754944036342567e+04
-1.329837060087724967e+04
-1.329647653930050001e+04
-1.329404904833696673e+04
-1.329727409892284595e+04
-1.329645381474190071e+04
-1.329764536566603056e+04
-1.329194632465307950e+04
-1.329096110786535428e+04
-1.328779301696962284e+04
-1.329612230207554057e+04
-1.329632711480951002e+04
-1.329789258522849195e+04
-1.329880774799226856e+04
-1.329617104709756677e+04
-1.329334698328626109e+04
-1.329388456302240957e+04
-1.329396979350398760e+04
-1.329621087986962084e+04
-1.329875565599460970e+04
-1.329458807641999010e+04
-1.329439806280587618e+04
-1.329597557399573634e+04
-1.329813319949405195e+04
-1.329347900062813824e+04
-1.329649276738549088e+04
-1.329745037534599396e+04
-1.329580919745360370e+04
-1.329724687635629743e+04
-1.329789218920638814e+04
-1.329770093413611903e+04
-1.329789992253161836e+04
-1.329045155937400159e+04
-1.329699952355488858e+04
-1.329791576344236455e+04
-1.329777911736819988e+04
-1.329469967635897410e+04
-1.329670756431121117e+04
-1.329862541082080497e+04
-1.329856470776811693e+04
-1.329691723153309067e+04
-1.329613844685708318e+04
-1.329685933152684265e+04
-1.329574326873256723e+04
-1.329112737846540222e+04
-1.329758642572303870e+04
-1.329857425420396612e+04
-1.329771083842370354e+04
-1.329879293194192542e+04
-1.329821208754368672e+04
-1.329824444502062397e+04
-1.329596467577707881e+04
-1.329636078226922473e+04
-1.329739909911974246e+04
-1.329136553631381321e+04
-1.329413514279866649e+04
-1.329818664597324459e+04
-1.329681962701331395e+04
-1.329341515066212378e+04
-1.329725701557142929e+04
-1.329708193176078203e+04
-1.329679709759169418e+04
-1.329754292825000448e+04
-1.329572880741122572e+04
-1.329188140686430233e+04
-1.329790802316081135e+04
-1.329090629732038724e+04
-1.329724681385606164e+04
-1.329684389757203462e+04
-1.329847432082238083e+04
-1.329754160984723785e+04
-1.329833773882296737e+04
-1.329807248526952390e+04
-1.329574478372922022e+04
-1.329728121451882544e+04
-1.329792057029429088e+04
-1.329670209496277312e+04
-1.329628608042923588e+04
-1.329537740454829327e+04
-1.329425544194667600e+04
-1.329853863597996497e+04
-1.329483831892696071e+04
-1.329710275029014701e+04
-1.329745746695330308e+04
-1.329603749854659691e+04
-1.329771176563809604e+04
-1.329700582459294674e+04
-1.329682227385657825e+04
-1.329807281537683957e+04
-1.329315343680550359e+04
-1.329504926094073198e+04
-1.329616301901763654e+04
-1.329853880395092710e+04
-1.329617778060493583e+04
-1.329710338278243398e+04
-1.329858680835291489e+04
-1.329625255220347935e+04
-1.328065042554775937e+04
-1.329752791948739286e+04
-1.329704200519927690e+04
-1.329295632456699241e+04
-1.329866348241133346e+04
-1.329784612102421670e+04
-1.329440375087379289e+04
-1.329380906808292639e+04
-1.329315762303390693e+04
-1.329674410091922618e+04
-1.329796245283029930e+04
-1.329855722439920828e+04
-1.329788971370115360e+04
-1.328957354052048322e+04
-1.329718330840766430e+04
-1.329441947674988478e+04
-1.329779197429324267e+04
-1.329392100419714916e+04
-1.329722601915551968e+04
-1.329580565718291837e+04
-1.329499782346339998e+04
-1.329576452957153924e+04
-1.329628018386176700e+04
-1.329747341900059655e+04
-1.329332513906538225e+04
-1.329539642353959425e+04
-1.329710596065116260e+04
-1.329149132653337801e+04
-1.329846373405552004e+04
-1.329385943098039752e+04
-1.329843628561573860e+04
-1.329739288233006664e+04
-1.329507831140281633e+04
-1.329807206798160041e+04
-1.329817090392797945e+04
-1.329870153734197811e+04
-1.329260351586543948e+04
-1.329727571096770225e+04
-1.329571377060607483e+04
-1.329273227252404831e+04
-1.329527567336023640e+04
-1.329362513245343689e+04
-1.329501263337170167e+04
-1.329708551340043232e+04
-1.329525136182568531e+04
-1.329876704394392436e+04
-1.329808985036118793e+04
-1.329731381118673380e+04
-1.329641536567827461e+04
-1.329737867347540669e+04
-1.329785319759500999e+04
-1.329702361789304268e+04
-1.329660160540193101e+04
-1.329585266561119170e+04
-1.327731552485875363e+04
-1.329793190916110689e+04
-1.329063550452640993e+04
-1.329725102229018557e+04
-1.329686075768358205e+04
-1.329855681836465556e+04
-1.328904254195688191e+04
-1.329773474810252810e+04
-1.329647042850045909e+04
-1.329738353036529406e+04
-1.329718046061463065e+04
-1.329733600044876948e+04
-1.329612786933736425e+04
-1.329711608727896783e+04
-1.329480938153081479e+04
-1.329764344580825127e+04
-1.329872040973192270e+04
-1.329610858775533416e+04
-1.329669135328408629e+04
-1.329487915487229839e+04
-1.329222023576036736e+04
-1.329739622434454031e+04
-1.329807919781538658e+04
-1.329722572625265093e+04
-1.329883691511820871e+04
-1.329309750379404613e+04
-1.328831819541590448e+04
-1.329574028411159816e+04
-1.329729635402051281e+04
-1.329608048567279548e+04
-1.329480182392980350e+04
-1.329802391230974536e+04
-1.329815505403509815e+04
-1.329594031749994247e+04
-1.329571746148034072e+04
-1.329679115320422170e+04
-1.329883278170334233e+04
-1.329540648579842309e+04
-1.329665935578124845e+04
-1.329214570151595581e+04
-1.329604962352481743e+04
-1.329785942051576421e+04
-1.329665030507333540e+04
-1.329783540757331502e+04
-1.329550587601954612e+04
-1.329784003654910703e+04
-1.329305179172748831e+04
-1.329591806630860992e+04
-1.329696637351400932e+04
-1.329660447079587721e+04
-1.329367515799287139e+04
-1.329632773322374851e+04
-1.329262236868692889e+04
-1.329879732290960783e+04
-1.329533177441302178e+04
-1.329521206921017074e+04
-1.329647376743446875e+04
-1.329768975682657037e+04
-1.329481246397457653e+04
-1.329826811357922088e+04
-1.329538912523428735e+04
-1.329583925589096543e+04
-1.329744106894164361e+04
-1.329728415541310096e+04
-1.329373876087057943e+04
-1.329402536890309420e+04
-1.329700942108224990e+04
-1.329866346013965995e+04
-1.329829891916019915e+04
-1.329736403407396028e+04
-1.329606320490104190e+04
-1.329298155760913505e+04
-1.329801627734837530e+04
-1.329318731386630316e+04
-1.329801069279735748e+04
-1.329742547772782200e+04
-1.329752867217479252e+04
-1.329164275673195516e+04
-1.329352400215154557e+04
-1.329510902535615969e+04
-1.329871772222921754e+04
-1.329784322360242368e+04
-1.329442227397632450e+04
-1.329853146413999093e+04
-1.329681517562661247e+04
-1.329067600997396221e+04
-1.329685943110553490e+04
-1.329125260247968617e+04
-1.329157990540843093e+04
-1.329518729130618885e+04
-1.329757099252599437e+04
-1.329337075287722109e+04
-1.329521562045672545e+04
-1.329569507392167361e+04
-1.329336882183609305e+04
-1.329866244435025146e+04
-1.329449699003309979e+04
-1.329842370648399447e+04
-1.329258093807421028e+04
-1.329764417735979077e+04
-1.329512934774447422e+04
-1.329847165302660505e+04
-1.329533643915885114e+04
-1.329698661484694821e+04
-1.329787007127628021e+04
-1.329774716141347017e+04
-1.329637050366691437e+04
-1.329754261450577542e+04
-1.329829746907057051e+04
-1.329661141002671502e+04
-1.329458273341176755e+04
-1.329670721546686036e+04
-1.329591209350334066e+04
-1.329594242747367025e+04
-1.329458624006851824e+04
-1.329797331440274866e+04
-1.329826609071986604e+04
-1.328977724951331038e+04
-1.329618084727292080e+04
-1.329305050339441368e+04
-1.329778889565704230e+04
-1.329738554796480457e+04
-1.329606643700353379e+04
-1.329439833230233489e+04
-1.329841580773937312e+04
-1.329303037257704273e+04
-1.329685784904493994e+04
-1.329267296761615216e+04
-1.329780137422787629e+04
-1.329223214304003886e+04
-1.329374783060277332e+04
-1.329557969855207739e+04
-1.329659133023547838e+04
-1.329528746246504306e+04
-1.329680530075319439e+04
-1.329651132610621426e+04
-1.329368947492387815e+04
-1.329622650180006167e+04
-1.329780662115689847e+04
-1.329686352040902966e+04
-1.329765258233607528e+04
-1.329826878515858698e+04
-1.329568752956570825e+04
-1.329749991358106308e+04
-1.329806643051802166e+04
-1.329521070231695558e+04
-1.329626316096825758e+04
-1.328764122002527074e+04
-1.329436625988433298e+04
-1.329599500573832847e+04
-1.329822731445253885e+04
-1.329657452708355413e+04
-1.329862001697742016e+04
-1.329264177686254152e+04
-1.329623499590812025e+04
-1.329809332155956145e+04
-1.329557093432945112e+04
-1.329842195774551874e+04
-1.329678951841578237e+04
-1.329446550118823325e+04
-1.329630105269296109e+04
-1.329527164927076956e+04
-1.329871366327282703e+04
-1.329355210990461455e+04
-1.329813508208124404e+04
-1.329311614936078149e+04
-1.328858099896967724e+04
-1.329804228617441731e+04
-1.329782163581381610e+04
-1.329760960035359858e+04
-1.329759198851454494e+04
-1.329786736876913346e+04
-1.329308953850904436e+04
-1.329377630358995521e+04
-1.329790077951627973e+04
-1.329697727769706580e+04
-1.329647372919941154e+04
-1.329644585749349790e+04
-1.329711365920581557e+04
-1.329343780756836895e+04
-1.329801927167632857e+04
-1.329602247433290540e+04
-1.329492774114480926e+04
-1.329621429651943981e+04
-1.329082227707435050e+04
-1.329710010533424975e+04
-1.329597531973126934e+04
-1.329793947782447322e+04
-1.329776389345692041e+04
-1.329484899667712489e+04
-1.329478159390029759e+04
-1.329642288950500188e+04
-1.329814244339749166e+04
-1.329790896141251142e+04
-1.329770330279250993e+04
-1.329621136379392192e+04
-1.329245518504956817e+04
-1.329731956885226100e+04
-1.329851207868735946e+04
-1.329629712452722379e+04
-1.329551971677937763e+04
-1.328702666554892858e+04
-1.329772831021963248e+04
-1.329421060984819633e+04
-1.329347094005250619e+04
-1.329623435250649345e+04
-1.329501564852297088e+04
-1.329459903313695759e+04
-1.329868611226201028e+04
-1.329701382886189276e+04
-1.329764764048358666e+04
-1.329300677682959758e+04
-1.329669902973460194e+04
-1.329277982779565900e+04
-1.329387104929630732e+04
-1.329483790038562984e+04
-1.329451169639613545e+04
-1.329628517268136784e+04
-1.329825721444793089e+04
-1.329816468174804686e+04
-1.329286468291495839e+04
-1.329623939223342677e+04
-1.329699166749121287e+04
-1.328991258786142498e+04
-1.329851659406055478e+04
-1.329699264015040899e+04
-1.329634849961625150e+04
-1.329830480728381372e+04
-1.329775530270440504e+04
-1.329730839617845049e+04
-1.329661833422440759e+04
-1.329807155203299408e+04
-1.329772746486310643e+04
-1.329464415694832132e+04
-1.329400996423581091e+04
-1.329847068839096937e+04
-1.329817765686072380e+04
-1.329440123199968730e+04
-1.329537910744771216e+04
-1.329780478258522271e+04
-1.329851320169626342e+04
-1.329592823088340083e+04
-1.329848159985498205e+04
-1.329342124128307478e+04
-1.329699946786850887e+04
-1.329741098283891915e+04
-1.329699544209430678e+04
-1.329281858605476918e+04
-1.329487905333426534e+04
-1.329538967556976240e+04
-1.329350399790554729e+04
-1.329840746400152420e+04
-1.329014586404466900e+04
-1.329892644852072044e+04
-1.329703132964971155e+04
-1.329655413334964214e+04
-1.329212267901360065e+04
-1.329780509755581807e+04
-1.329826751210111070e+04
-1.329626840247814107e+04
-1.329597160467011054e+04
-1.329483778104470184e+04
-1.329655176430506435e+04
-1.329450431070473860e+04
-1.329604484066646182e+04
-1.329597390761704628e+04
-1.329512051414966299e+04
-1.329873741304300347e+04
-1.329880295818180093e+04
-1.329713394713397975e+04
-1.329827826974104028e+04
-1.329572495455355784e+04
-1.329725888071400186e+04
-1.329655953452962422e+04
-1.329863704054037225e+04
-1.329811503529139191e+04
-1.329548452608688058e+04
-1.329488770903708064e+04
-1.329624526726929253e+04
-1.329451247188506750e+04
-1.329641082140187427e+04
-1.329792074612792203e+04
-1.329357722568066129e+04
-1.329816057817297769e+04
-1.329847066747084318e+04
-1.329624805558250227e+04
-1.329595031741500679e+04
-1.329742136228589152e+04
-1.329708540439114404e+04
-1.329797839410281813e+04
-1.329437616662306937e+04
-1.329731075505601439e+04
-1.329498100485458417e+04
-1.329671544565399381e+04
-1.329565098918375224e+04
-1.329004188689167131e+04
-1.329679142384678016e+04
-1.329341371367747342e+04
-1.329805321324104443e+04
-1.329789305869848431e+04
-1.329396838895489236e+04
-1.329783162531537710e+04
-1.329801438587384473e+04
-1.329854798984868830e+04
-1.328783037865515143e+04
-1.329794945538347929e+04
-1.329728446416755833e+04
-1.329636644035661448e+04
-1.329583844317278272e+04
-1.329475235428546148e+04
-1.329394466980410652e+04
-1.329566215903717966e+04
-1.329765921477111624e+04
-1.329710014762556784e+04
-1.329555782007987727e+04
-1.329725297906345077e+04
-1.329157145765342284e+04
-1.329453550246985105e+04
-1.329401935690725804e+04
-1.329801152038117289e+04
-1.329468171415389770e+04
-1.329268167376516976e+04
-1.329485143385477204e+04
-1.329705448831534886e+04
-1.329472066168907440e+04
-1.329348718494009881e+04
-1.329323023619406558e+04
-1.329428208685808750e+04
-1.329442563595485080e+04
-1.329867489640846179e+04
-1.329883258694381220e+04
-1.329790637409203191e+04
-1.329777843577334170e+04
-1.329788839134255613e+04
-1.329754048203464845e+04
-1.329622516014975190e+04
-1.329838288983456005e+04
-1.329701913669429814e+04
-1.329754225266935100e+04
-1.329270525341163557e+04
-1.329741268475892321e+04
-1.329294927429372910e+04
-1.329841046631746212e+04
-1.329825548133541452e+04
-1.329486639174919219e+04
-1.329652190600254107e+04
-1.329784523176188668e+04
-1.329631992147359415e+04
-1.329522185322021505e+04
-1.328951260704021479e+04
-1.329603278358077478e+04
-1.329584077015727780e+04
-1.329637573519606121e+04
-1.329881561619005515e+04
-1.329833884450275764e+04
-1.329298027701017600e+04
-1.329655043461022615e+04
-1.329534185263405379e+04
-1.329449917561764414e+04
-1.329409196352092476e+04
-1.329674652081530076e+04
-1.329446227319385434e+04
-1.329752245650900295e+04
-1.329444465507624045e+04
-1.329759687151541584e+04
-1.329870209652331323e+04
-1.329655440479335812e+04
-1.329487423471848706e+04
-1.329459223305979685e+04
-1.329846253611948487e+04
-1.329558818997610433e+04
-1.329622834277297625e+04
-1.329771667967551548e+04
-1.328340504633570163e+04
-1.329857696886298800e+04
-1.329431103190924841e+04
-1.329840347386767280e+04
-1.329688648768150961e+04
-1.329625155854493642e+04
-1.329868542227844227e+04
-1.329819029623636743e+04
-1.329377496968217747e+04
-1.329712212814383747e+04
-1.329596731330864895e+04
-1.329746976631859252e+04
-1.329568728055228166e+04
-1.328489024450705074e+04
-1.329868905976915994e+04
-1.329251142420164979e+04
-1.329565197320008338e+04
-1.329699950970873579e+04
-1.329784695604379885e+04
-1.329625322230328675e+04
-1.329767796981453102e+04
-1.329534521010720346e+04
-1.329547631218292008e+04
-1.329700804452242664e+04
-1.329557422118888644e+04
-1.329727779816996190e+04
-1.329747678736432863e+04
-1.329699425328981670e+04
-1.329772186674252225e+04
-1.329813275340569271e+04
-1.329841506560591733e+04
-1.329771467685428979e+04
-1.329841461513884678e+04
-1.329527585016290504e+04
-1.329772512703568827e+04
-1.329750245823616206e+04
-1.329610418211971410e+04
-1.329639712788771430e+04
-1.329384628957511813e+04
-1.329861276663467652e+04
-1.329244370555505520e+04
-1.329809620535773138e+04
-1.329869926775294152e+04
-1.329775043975717199e+04
-1.329660282829050084e+04
-1.329638141032453495e+04
-1.329533152640327171e+04
-1.329568487177575116e+04
-1.329833645107067423e+04
-1.329514813444837455e+04
-1.329692707157874975e+04
-1.329417546514007518e+04
-1.329539916667623220e+04
-1.329623258163779974e+04
-1.329423678791105704e+04
-1.329829426094901464e+04
-1.329503744522827947e+04
-1.329579367494330654e+04
-1.329600369492474420e+04
-1.329292437916677591e+04
-1.329606142461420313e+04
-1.329793935153302300e+04
-1.329566770973895109e+04
-1.329162980832366884e+04
-1.329719081989301412e+04
-1.329595281525046994e+04
-1.329641166450031233e+04
-1.329688996454803782e+04
-1.329635891589938910e+04
-1.329215175124305460e+04
-1.329827193967893982e+04
-1.329839038092470582e+04
-1.329098427921817893e+04
-1.329513814198624823e+04
-1.329802566371596731e+04
-1.329769223962682736e+04
-1.329822486606190068e+04
-1.329693921044147646e+04
-1.329521207707647773e+04
-1.329666091103676263e+04
-1.329754857825693398e+04
-1.329571350779704517e+04
-1.329580508118316357e+04
-1.329731452158022330e+04
-1.329528452309420027e+04
-1.329864266929252335e+04
-1.329506734987112577e+04
-1.329471184859498862e+04
-1.329844728936304091e+04
-1.328916641541488207e+04
-1.329716619111588625e+04
-1.329536989970820468e+04
-1.329160306979149391e+04
-1.329505203134314434e+04
-1.329613451966154389e+04
-1.329881307469774038e+04
-1.329664262720822626e+04
-1.329830929489741902e+04
-1.329730108300967913e+04
-1.329622503863582097e+04
-1.329765460875667122e+04
-1.329503477723617834e+04
-1.329021824599637694e+04
-1.329360911458285773e+04
-1.329308196280521588e+04
-1.329687577005637286e+04
-1.329771812575819968e+04
-1.329794024494630321e+04
-1.329097930348095542e+04
-1.329746917478851537e+04
-1.329509989320697059e+04
-1.329797948047227328e+04
-1.329891499289629792e+04
-1.329515948510577073e+04
-1.329770939752958293e+04
-1.329729742060542048e+04
-1.329827471198401145e+04
-1.329851612552465303e+04
-1.329723910440089094e+04
-1.329638278249055293e+04
-1.329673153086324419e+04
-1.329429746564459492e+04
-1.329296675101736764e+04
-1.329651881658987986e+04
-1.329822936793260124e+04
-1.329809214908669310e+04
-1.329470740687617217e+04
-1.329750000563797039e+04
-1.329770134273840085e+04
-1.329635111487624999e+04
-1.329267535904437864e+04
-1.329401048828723287e+04
-1.329866982063776049e+04
-1.329813312196481638e+04
-1.329707130774262623e+04
-1.329608849978799117e+04
-1.329507607780922990e+04
-1.329815050993533077e+04
-1.329626338273761939e+04
-1.329754165658799684e+04
