# Variable: A
# Sample shape: (2800,)
# Date: 2019-05-03 14:27:36.330167
2.481989214205427174e+01
2.524348054741375336e+01
2.494403693408939304e+01
2.529114604569053881e+01
2.474055586910410653e+01
2.518895222568960435e+01
2.539202718801546865e+01
2.538162808474908161e+01
2.510132331830885377e+01
2.487049118745662923e+01
2.482318437024077795e+01
2.512069680987970344e+01
2.510747494867239382e+01
2.493434465004513356e+01
2.500210725981937543e+01
2.521403534489563114e+01
2.501914892016321801e+01
2.515037176562314514e+01
2.502623819071762412e+01
2.494173753426408879e+01
2.463160787332782320e+01
2.466611875620068162e+01
2.502239208045623187e+01
2.501747729083881921e+01
2.498516161861206797e+01
2.472943100580075537e+01
2.532057675047128953e+01
2.455044045188357771e+01
2.456913432516763152e+01
2.503137865603530088e+01
2.477568840754742752e+01
2.484023719905025729e+01
2.495254877243597136e+01
2.516246016425780496e+01
2.510554212935739216e+01
2.505289966518537170e+01
2.495561885011156278e+01
2.497606521450880734e+01
2.514642252421269930e+01
2.479570962144243751e+01
2.510860014373663063e+01
2.488651971186016709e+01
2.469454495166824870e+01
2.476358830711987125e+01
2.486948952555155401e+01
2.505845410783929950e+01
2.501454494120618577e+01
2.504482463793481273e+01
2.452765904598110680e+01
2.506895041855650774e+01
2.486115919418789844e+01
2.488968696719729934e+01
2.488351946156198835e+01
2.472716926175504781e+01
2.499971401958467609e+01
2.517306578452306809e+01
2.470603565770541721e+01
2.516982441330493003e+01
2.476559257886437138e+01
2.489922849279742323e+01
2.496713982148300914e+01
2.526354057799365194e+01
2.505691891662177184e+01
2.469789554864602366e+01
2.468717333901841116e+01
2.453277934918320469e+01
2.489771569247752581e+01
2.467947601153076675e+01
2.472523741396578245e+01
2.485860749119635926e+01
2.537902328832467802e+01
2.478433062225450101e+01
2.479099256848233779e+01
2.492321597155168789e+01
2.527428420988645996e+01
2.474069987392372383e+01
2.496764391908220304e+01
2.468152484568738458e+01
2.512748337304550361e+01
2.490263279184116030e+01
2.483940699125453833e+01
2.489601950952357612e+01
2.448152359820755564e+01
2.504226939069853941e+01
2.482417542370051322e+01
2.455679646969947072e+01
2.486559811632039185e+01
2.494339525879802366e+01
2.487643666324630232e+01
2.526145936039425166e+01
2.498502456102835723e+01
2.534910069375895603e+01
2.458668797914445747e+01
2.509663661855067929e+01
2.488281714671917300e+01
2.488573203024288105e+01
2.476389933531644161e+01
2.455438620092099100e+01
2.481139214790571756e+01
2.509129406715402411e+01
2.489231732144395082e+01
2.476236205318458516e+01
2.484945187892505203e+01
2.497272145328037496e+01
2.472200940859592322e+01
2.475249396467834728e+01
2.499216227542227742e+01
2.507432616403587389e+01
2.540668066100981903e+01
2.516744969807949417e+01
2.479727143236338094e+01
2.470356257074191220e+01
2.488694029645680317e+01
2.493971266192570013e+01
2.465527598582955804e+01
2.528683124102443358e+01
2.491704259402802535e+01
2.516991973016765627e+01
2.506091451878760523e+01
2.445851550382234407e+01
2.474005930129596109e+01
2.477746871457639699e+01
2.533034586547182698e+01
2.488891223794723118e+01
2.502995380436426842e+01
2.501067555562115885e+01
2.502431081183784656e+01
2.487113347050101453e+01
2.488670300954137815e+01
2.496585215069067232e+01
2.505325240776180351e+01
2.481960473996433691e+01
2.517135325996684259e+01
2.488794578588181139e+01
2.497679823802693022e+01
2.478182228249627883e+01
2.500014685221814403e+01
2.511543533079388979e+01
2.467765758822522315e+01
2.468266381646858676e+01
2.493047676277527813e+01
2.497798793328743017e+01
2.481984921981994674e+01
2.460820247913392933e+01
2.494151431103032124e+01
2.485163694624728592e+01
2.483359547366962161e+01
2.462927283062457562e+01
2.493553018154976186e+01
2.441284670120833056e+01
2.492430920499867852e+01
2.478819086040356368e+01
2.470358522605734564e+01
2.500816085279747369e+01
2.474352836091340890e+01
2.516971178531759890e+01
2.518678491036889611e+01
2.496201720684562986e+01
2.458032590360771152e+01
2.470251642742171327e+01
2.498329415269532205e+01
2.473232607307669539e+01
2.466724341819707078e+01
2.462866383776952617e+01
2.523656514817442087e+01
2.485323907113624031e+01
2.490131547380367394e+01
2.500483867803472293e+01
2.500320243347951532e+01
2.466566266778447414e+01
2.504913111120741931e+01
2.495938625266308719e+01
2.468072645658478592e+01
2.512104301141691565e+01
2.477454580054332212e+01
2.522174567893612362e+01
2.500097677879392677e+01
2.492655944416133806e+01
2.496228784061319672e+01
2.512815609861064559e+01
2.488868447850217080e+01
2.479152456989656983e+01
2.472714358046339100e+01
2.472943666836001952e+01
2.492190069094061755e+01
2.518581230650176295e+01
2.494676788654199839e+01
2.484764742421825900e+01
2.492258012921353227e+01
2.492380286230079633e+01
2.509003319277491073e+01
2.475183113761904252e+01
2.512634254308871817e+01
2.504045984448512385e+01
2.514252834796183578e+01
2.520330294708104546e+01
2.508895773395044060e+01
2.490660619095157102e+01
2.481366949270518063e+01
2.496686078643943318e+01
2.485590587999932310e+01
2.499407734071509424e+01
2.476763199600285503e+01
2.491287222597972217e+01
2.472744926076875416e+01
2.493325472132879383e+01
2.501675685899132517e+01
2.483597105986396514e+01
2.505116576453951183e+01
2.467548575765728458e+01
2.499739643595389893e+01
2.452632322510739016e+01
2.516927490278115798e+01
2.504082581844255628e+01
2.509447310099143280e+01
2.493924172112581061e+01
2.473701050392278233e+01
2.480927189031831759e+01
2.506651791374931193e+01
2.512917430224702287e+01
2.513374524713168867e+01
2.522950284287400180e+01
2.506592857932064433e+01
2.501435805116980760e+01
2.506024173017210188e+01
2.448872386212691055e+01
2.485720016248183128e+01
2.483173711913216763e+01
2.471479515373275859e+01
2.477497889797940189e+01
2.473813929710059867e+01
2.508010555281921938e+01
2.491408037766808192e+01
2.518664621859281993e+01
2.476107637710892817e+01
2.500512515748158648e+01
2.499333050523275546e+01
2.496537331533929205e+01
2.466946230750142277e+01
2.478494091585260861e+01
2.511203298134784845e+01
2.482998099064000996e+01
2.505169298577490622e+01
2.491545670970154092e+01
2.502053098259349184e+01
2.468912681760350125e+01
2.520684195186620258e+01
2.487350107988015324e+01
2.467181188598435782e+01
2.483915369929309591e+01
2.451301303349087490e+01
2.477722457304146175e+01
2.493776848682782799e+01
2.516099645168410959e+01
2.476557249675160932e+01
2.507457872586250858e+01
2.504298430913234697e+01
2.495309583240837270e+01
2.463194567962313641e+01
2.460429608787991995e+01
2.485621488538473045e+01
2.446045778971824447e+01
2.500014013813222391e+01
2.476313656511369032e+01
2.477967429782841080e+01
2.481262655741106116e+01
2.493780388127342462e+01
2.501550102152478061e+01
2.466457985091475180e+01
2.518569568816344173e+01
2.446547864934546368e+01
2.532706324044010060e+01
2.516478774366359872e+01
2.492198808387942677e+01
2.469056620947168668e+01
2.470352530002587343e+01
2.454767659483595921e+01
2.538958025016510689e+01
2.498301288005511012e+01
2.481153280280828000e+01
2.469948161209639892e+01
2.476432342306563328e+01
2.471712255313341444e+01
2.507162136703122712e+01
2.493524813910970650e+01
2.485768176489554548e+01
2.499420181589290735e+01
2.500896528310635958e+01
2.499157203819224193e+01
2.476910751659487175e+01
2.485935415150170158e+01
2.525147532111684257e+01
2.508515252436261633e+01
2.516643909191725470e+01
2.459524083847999165e+01
2.517465786884001844e+01
2.504872758899028540e+01
2.463750835134284856e+01
2.450920133192754591e+01
2.482067646557547391e+01
2.491899986560682123e+01
2.513603751925379015e+01
2.480796889339849898e+01
2.523062178787253274e+01
2.496468682950410667e+01
2.499020032276055758e+01
2.473969535040789580e+01
2.501989365429807322e+01
2.478363323030318099e+01
2.479892199989462043e+01
2.491450997019243729e+01
2.509336474103535153e+01
2.462008530196455069e+01
2.506467763099243129e+01
2.509925676333948630e+01
2.487337283572108504e+01
2.517233318803559072e+01
2.503007716905452540e+01
2.481660394961266292e+01
2.501216460789088813e+01
2.466978143354326747e+01
2.511128853922667759e+01
2.464249346215257574e+01
2.468668586079192906e+01
2.509483182885940877e+01
2.495571445000538091e+01
2.508226932428591027e+01
2.490643567735660824e+01
2.472119823172569397e+01
2.507442240545377032e+01
2.480229418411181541e+01
2.465408584051414564e+01
2.496991630119275385e+01
2.501473844328064899e+01
2.497875482217627763e+01
2.454357836131118020e+01
2.479690085801145116e+01
2.464358169981640145e+01
2.481818225255511479e+01
2.476807034602744295e+01
2.506521644323033726e+01
2.483871522921144859e+01
2.462909570246268487e+01
2.492444448622156372e+01
2.488077131261375641e+01
2.495157391939704894e+01
2.485384964374164340e+01
2.479098734182906227e+01
2.481630000746067566e+01
2.490281223654023890e+01
2.473218052292520497e+01
2.473005415851132938e+01
2.473189305454754816e+01
2.470632801306699733e+01
2.473005996935880191e+01
2.490063250369762216e+01
2.516625637635974044e+01
2.520224498007050684e+01
2.482497518523791413e+01
2.461052534778466594e+01
2.473905382604620584e+01
2.514199358300781029e+01
2.482036846118702655e+01
2.484513069644940941e+01
2.501503555032622472e+01
2.520044143119517699e+01
2.491392358941794072e+01
2.518355229537375806e+01
2.480048297746774466e+01
2.511400129385661373e+01
2.502918528876555015e+01
2.495676336624896052e+01
2.505810750999140879e+01
2.522002193647376700e+01
2.500176436236395361e+01
2.487681024430042243e+01
2.473401377949672053e+01
2.478005308120453165e+01
2.488613381867635965e+01
2.490911824629955618e+01
2.483119309232296956e+01
2.505102962910599373e+01
2.474497131741587452e+01
2.490730079953484832e+01
2.495367496223546411e+01
2.464642489446431028e+01
2.516576241313055817e+01
2.499551764069768112e+01
2.516545921398787655e+01
2.462390289928416820e+01
2.458015341996300052e+01
2.466813319626630019e+01
2.477212779950128052e+01
2.481743220974497177e+01
2.494004808150780761e+01
2.466792620371837685e+01
2.493391168840060246e+01
2.486154482536930743e+01
2.484093948767986149e+01
2.501168567601999371e+01
2.488080372127836171e+01
2.472548564439785679e+01
2.511310050856470255e+01
2.464990673977151303e+01
2.519506064388511390e+01
2.516007767363925396e+01
2.515643801865174467e+01
2.502040204469702900e+01
2.507058648738738427e+01
2.484299655471722446e+01
2.431736123261885751e+01
2.513154876870504495e+01
2.483165647755404493e+01
2.440223798678898603e+01
2.493694849096997501e+01
2.479988661677239747e+01
2.470669513895435898e+01
2.500120915522443710e+01
2.497916102825794127e+01
2.505518318858404925e+01
2.477475018422671482e+01
2.474345818342572301e+01
2.499056796622010168e+01
2.465464691905719974e+01
2.509801619563970121e+01
2.517489307211404892e+01
2.477691521384405249e+01
2.467719717426072634e+01
2.478214501575864048e+01
2.502954004845384262e+01
2.528474724289994668e+01
2.471530982016940925e+01
2.484133614550399471e+01
2.502748375820907967e+01
2.489977350633817466e+01
2.481924449840241920e+01
2.498207542597011610e+01
2.471473386557336127e+01
2.521283911841568326e+01
2.505854854037923118e+01
2.503947901810811061e+01
2.462251128239325837e+01
2.514561395530745713e+01
2.496718060573463660e+01
2.463719342098853460e+01
2.484731212112462018e+01
2.492200483201907346e+01
2.494159536548428591e+01
2.513115031890433215e+01
2.516276336919675316e+01
2.486553304085899896e+01
2.478256248424651176e+01
2.487413020477307768e+01
2.514508437794629003e+01
2.508686978954378333e+01
2.459739050464714438e+01
2.491128679622911335e+01
2.500998527122613169e+01
2.530005510757366238e+01
2.482940418486968071e+01
2.521395632343604731e+01
2.479442929064343204e+01
2.504986545367103190e+01
2.458563559255273745e+01
2.503389718623929028e+01
2.475336835059523466e+01
2.501225837339115188e+01
2.468495066833485296e+01
2.502501852785066561e+01
2.530973960294541314e+01
2.512561311126628638e+01
2.530541849520430020e+01
2.527315894218094883e+01
2.490237125213764457e+01
2.475753096527635222e+01
2.543658312565390034e+01
2.481014674853481594e+01
2.519143437840577704e+01
2.484829118773507517e+01
2.486610934529208095e+01
2.493761813411260064e+01
2.508169185604863216e+01
2.475018152400042126e+01
2.527468989565585744e+01
2.467006700652465057e+01
2.473977227513952215e+01
2.499501727268899387e+01
2.509031462503843812e+01
2.452946255597597869e+01
2.488643146718984767e+01
2.481243230260602672e+01
2.473958428086043781e+01
2.510258912428503919e+01
2.483860554082563254e+01
2.498452201213138935e+01
2.461125628043879487e+01
2.499105900906467426e+01
2.510067185667901768e+01
2.476426777519666089e+01
2.487249587666281769e+01
2.497179430633362074e+01
2.469264703627972324e+01
2.498106368662750754e+01
2.480911140849870833e+01
2.473702601025157577e+01
2.510214655016861940e+01
2.487665386328533046e+01
2.474065601374152479e+01
2.485023726947409273e+01
2.495447127786419017e+01
2.498622689400841423e+01
2.517411427952397673e+01
2.485651148552759793e+01
2.504020649379439689e+01
2.520603697536919086e+01
2.452656047942212325e+01
2.502166952416199663e+01
2.478957062081118323e+01
2.478094042905582484e+01
2.513324878694421471e+01
2.479504622973066574e+01
2.521414393668874609e+01
2.500732363214189036e+01
2.484427466025458031e+01
2.498568715707400756e+01
2.476543581334179578e+01
2.499604984198941793e+01
2.478216328087887277e+01
2.512054870497348702e+01
2.497187786227991779e+01
2.484837121081893585e+01
2.487949783613782984e+01
2.511019461467612501e+01
2.518832764203843055e+01
2.440986612491480301e+01
2.526799508322970311e+01
2.501990999993664744e+01
2.513080206015186846e+01
2.489155173823523270e+01
2.484000489528106570e+01
2.475103899743261593e+01
2.469471590208614842e+01
2.499959961041628276e+01
2.516733497667427599e+01
2.498535821928672007e+01
2.483705280502800861e+01
2.489170124878661738e+01
2.493419086622114023e+01
2.516296041829889774e+01
2.493069014832983399e+01
2.508119914383064142e+01
2.506583864545639884e+01
2.497070945544866660e+01
2.499786199360238825e+01
2.523994419772017395e+01
2.495817008278805815e+01
2.494593485430322488e+01
2.488143295792206899e+01
2.502527823274047236e+01
2.514223993593261497e+01
2.478009116928915745e+01
2.485753850275204613e+01
2.460480084339074480e+01
2.520546143282285811e+01
2.483896296445075080e+01
2.508610236295526619e+01
2.486422244209363441e+01
2.490701403102999478e+01
2.492610817314432126e+01
2.478058894821406710e+01
2.491292024517955994e+01
2.483571615947442979e+01
2.497325091949375775e+01
2.467473777165416493e+01
2.480305125595525695e+01
2.492867009565316394e+01
2.513158581403734715e+01
2.502947792847958297e+01
2.482879736189855180e+01
2.466029525906373010e+01
2.507499862255668432e+01
2.484948533268253001e+01
2.515574643270155519e+01
2.519930616997286421e+01
2.510035106386453663e+01
2.500549781455496756e+01
2.468097052980414574e+01
2.499274769771157167e+01
2.462533493431621068e+01
2.488619988130196958e+01
2.507232475160700957e+01
2.494459031900574786e+01
2.505841619900381545e+01
2.490133487796007827e+01
2.524020930978163335e+01
2.466351603302525675e+01
2.487417399815617358e+01
2.491803060626077837e+01
2.472410639696167678e+01
2.490587332349785044e+01
2.475651568200810715e+01
2.501172896992547123e+01
2.479700608810651019e+01
2.501517736644008494e+01
2.480134849993455504e+01
2.478339204568082366e+01
2.499493807133909939e+01
2.497243021370100635e+01
2.537007991074063895e+01
2.507846420874856008e+01
2.530740944437139106e+01
2.499682703110808291e+01
2.495914313388946226e+01
2.485954614187224720e+01
2.495761487896452380e+01
2.458379276763333721e+01
2.477433248704736357e+01
2.463248841925768318e+01
2.467578556803716694e+01
2.532501363014602447e+01
2.465518109665045543e+01
2.501391869117597722e+01
2.488402054635746552e+01
2.478390785052900114e+01
2.500025517728735736e+01
2.499726614528060864e+01
2.495128561839792880e+01
2.514224034280348263e+01
2.490724019490296470e+01
2.446786285757402979e+01
2.496759602385638743e+01
2.496330044702200723e+01
2.482359773806614101e+01
2.499984708671303935e+01
2.518727380553948336e+01
2.461941520000029371e+01
2.495380072850593223e+01
2.452053290167917865e+01
2.487386867922131373e+01
2.529087108186934785e+01
2.486415983143211150e+01
2.505240290355531840e+01
2.515043874835771121e+01
2.491014092812390857e+01
2.472709960965581288e+01
2.498923374698475186e+01
2.474676131614676677e+01
2.524922465909876479e+01
2.516358730247807785e+01
2.462560624632437722e+01
2.491075231239800303e+01
2.495838293535436492e+01
2.487646403199857303e+01
2.481828039901201421e+01
2.501362677832690196e+01
2.489044754921739511e+01
2.463895008335644832e+01
2.474637017734948330e+01
2.462153846519434097e+01
2.488254321067840635e+01
2.493147819261098164e+01
2.514134480260812410e+01
2.477824557773216085e+01
2.525313356813203214e+01
2.491194949674135728e+01
2.500314762625176002e+01
2.488894196972372796e+01
2.528278428433977254e+01
2.478151318617195287e+01
2.487681433408810605e+01
2.462150702030234939e+01
2.491068079936871271e+01
2.482240344486050887e+01
2.485207376042724192e+01
2.468784091209445108e+01
2.496835620042033810e+01
2.473868543196605074e+01
2.500962522926944231e+01
2.503458219874746860e+01
2.477899489430659230e+01
2.501198678764212602e+01
2.530343350975667960e+01
2.482990323612288108e+01
2.498963612759354191e+01
2.496550852889013328e+01
2.489204486491192725e+01
2.437175705078531607e+01
2.487096902825093991e+01
2.484135141756414100e+01
2.479582715152869454e+01
2.464443034107035757e+01
2.503407171610034609e+01
2.500632111213256081e+01
2.488534785005377614e+01
2.505435371558493074e+01
2.498688212207320447e+01
2.458440671888171281e+01
2.465433423161138293e+01
2.477467662817394256e+01
2.473288367111919328e+01
2.486446216906833229e+01
2.537301264207149032e+01
2.454071942167208675e+01
2.499170826012240809e+01
2.486212502905231503e+01
2.504844506661370573e+01
2.476340131731396710e+01
2.486129361059064280e+01
2.479547087910253822e+01
2.481326485657006842e+01
2.510997811469064800e+01
2.477174318003404352e+01
2.505082977553854207e+01
2.514146008495356810e+01
2.481443804736309033e+01
2.513975393421883453e+01
2.483693630684812703e+01
2.462558623697654170e+01
2.474051682382432915e+01
2.486707147691590336e+01
2.506772341967731066e+01
2.484264771361307567e+01
2.511399728591995029e+01
2.507227477828973861e+01
2.509357434226854267e+01
2.536643614477540609e+01
2.496949716488324000e+01
2.477663671090950359e+01
2.511944001648371838e+01
2.512098799365208990e+01
2.465061839081577233e+01
2.509178390865979935e+01
2.501696625758014036e+01
2.503240847514182832e+01
2.485847763424367685e+01
2.521952951029371093e+01
2.480704998080637935e+01
2.496746086709931944e+01
2.490801265624861216e+01
2.469122209476964258e+01
2.498049055680194641e+01
2.474775431721419494e+01
2.500421688869405656e+01
2.485175068558722700e+01
2.495180522183138194e+01
2.512004385098452985e+01
2.523002715135192631e+01
2.512653096122922491e+01
2.501871999075680364e+01
2.487407947125291230e+01
2.476547016725025330e+01
2.467079490510132089e+01
2.492780135087039994e+01
2.488137003938823000e+01
2.457357795294735681e+01
2.524372468854280172e+01
2.525412086277965074e+01
2.459425098508896568e+01
2.466484692632260334e+01
2.477030484779145070e+01
2.476179523217680156e+01
2.488943906407495632e+01
2.482559317547775635e+01
2.489920729381814368e+01
2.518473987936476988e+01
2.481580781078860554e+01
2.478998082494466360e+01
2.498438673031574453e+01
2.493500641589402633e+01
2.490939784751413555e+01
2.445558825799287561e+01
2.495234925006443660e+01
2.527636801405090949e+01
2.470287559121206300e+01
2.471413726015779488e+01
2.533605222861391226e+01
2.446372768210568438e+01
2.507330157658063641e+01
2.528090327396842341e+01
2.485147027589558988e+01
2.490907656769714507e+01
2.484352552557909277e+01
2.502124944313856858e+01
2.514640002744870984e+01
2.490971567108620377e+01
2.497621344000509680e+01
2.532429921880345702e+01
2.531981514680098044e+01
2.510432106072158831e+01
2.516532215158281716e+01
2.472824067957126104e+01
2.501275810202596972e+01
2.452996709567969802e+01
2.493960781082248346e+01
2.522362431016150097e+01
2.442399076782665190e+01
2.476437287097377649e+01
2.467531046933127570e+01
2.529863367619391212e+01
2.496526430997132096e+01
2.515765480094391293e+01
2.471099460865552189e+01
2.485746902223151622e+01
2.507216997850918005e+01
2.477982622480121577e+01
2.529495446140042247e+01
2.500835223450378564e+01
2.494197165314630382e+01
2.499792055213087849e+01
2.475730828381425397e+01
2.495155794458265675e+01
2.487155502008456409e+01
2.516660404437412879e+01
2.496709328915264692e+01
2.508096306837803269e+01
2.515532528873182017e+01
2.473501621889448998e+01
2.525719522337099932e+01
2.488376624155330674e+01
2.489078575870892607e+01
2.495409511148062975e+01
2.501185797328599847e+01
2.484980121429535060e+01
2.477498639791425106e+01
2.524725680814467665e+01
2.536116985417636727e+01
2.484457407043736410e+01
2.465985783435178291e+01
2.464425679722636886e+01
2.490780585182364248e+01
2.486311981731660836e+01
2.457803631493210261e+01
2.482190816300328251e+01
2.501795407501604984e+01
2.520906574713104931e+01
2.460912673584253341e+01
2.524601975792696962e+01
2.470126759717296494e+01
2.463424989266666643e+01
2.483399968037500471e+01
2.481857183337971406e+01
2.499965319732503488e+01
2.495938943127000087e+01
2.445783354814220445e+01
2.510876862083583561e+01
2.482534479642122349e+01
2.511192035572538117e+01
2.460211504388517056e+01
2.513126160924457864e+01
2.503725417579499890e+01
2.495603241045200704e+01
2.480398317902959349e+01
2.512638482624574010e+01
2.504755577623861029e+01
2.469347051356620426e+01
2.485474986293625577e+01
2.469957813624797183e+01
2.493080338475494528e+01
2.443390093015232267e+01
2.517683593858334490e+01
2.481081652666437876e+01
2.509267920253763506e+01
2.497689155675555028e+01
2.487008135281657673e+01
2.485111261347102385e+01
2.502330392018488681e+01
2.512375727724734631e+01
2.490374122141833269e+01
2.493784076997894772e+01
2.447493192161328679e+01
2.500925672410411593e+01
2.490857717457653209e+01
2.471020140832294842e+01
2.457559657976382894e+01
2.505941148297156928e+01
2.476787055974543250e+01
2.476066392106294245e+01
2.493653364300652342e+01
2.491082051148556076e+01
2.485636516943726804e+01
2.505063281907808914e+01
2.487798328609545351e+01
2.462551418697654881e+01
2.478152132567190336e+01
2.499700119174576329e+01
2.513627225598497716e+01
2.490113364473416624e+01
2.506624213551646108e+01
2.480883113022197151e+01
2.491294210101748163e+01
2.500387396320135025e+01
2.530200735219105823e+01
2.511299816815651198e+01
2.505265203850856537e+01
2.481905193586755587e+01
2.513086794182672179e+01
2.521756728527939728e+01
2.478839396171685294e+01
2.493886688811920038e+01
2.489202185334537631e+01
2.495029875789289520e+01
2.500416854915298615e+01
2.460856969317417509e+01
2.471670941897197338e+01
2.480193565360459118e+01
2.503623647476770131e+01
2.452922561823304903e+01
2.465317204281656771e+01
2.510851788342628055e+01
2.497422308019230996e+01
2.487105679064963581e+01
2.465530084599920713e+01
2.480072495353579498e+01
2.493351831550088704e+01
2.500086699727021866e+01
2.454319177950485553e+01
2.494340950995670525e+01
2.493376374709952614e+01
2.491192698830886343e+01
2.465971718250129996e+01
2.505805899379493340e+01
2.534002503263830874e+01
2.501318695540697945e+01
2.490175667622273536e+01
2.475012418874204911e+01
2.547299470560455958e+01
2.491437142559880158e+01
2.470383645845739551e+01
2.497310933907834141e+01
2.487563127973055188e+01
2.484908489508604745e+01
2.515811548248226970e+01
2.482682502483568143e+01
2.450770312917249782e+01
2.485980069626555178e+01
2.503970760026568598e+01
2.493827728471773852e+01
2.481349808551554759e+01
2.522294913402516059e+01
2.457337772147404920e+01
2.488697280788202448e+01
2.475047839704364705e+01
2.476748573145132326e+01
2.500329195065740961e+01
2.492564448354826823e+01
2.524834547415014896e+01
2.494110196447723737e+01
2.500004722848402849e+01
2.467291539954373292e+01
2.504956598884984587e+01
2.475390566258254665e+01
2.505168568364770820e+01
2.505832823760476202e+01
2.504278764258410561e+01
2.531957902519453896e+01
2.461406379197344663e+01
2.489177714734854163e+01
2.475106263620030944e+01
2.484551519968729494e+01
2.533086842533953842e+01
2.515390093686395190e+01
2.508143536587578737e+01
2.485184918066435955e+01
2.498540745475128233e+01
2.500556730796212435e+01
2.513173611752302605e+01
2.517392229323432318e+01
2.490859836760945711e+01
2.521907444987530766e+01
2.504171362063979700e+01
2.492879118044983144e+01
2.491823250339814422e+01
2.467544299270531027e+01
2.530948621772821738e+01
2.514454723844196238e+01
2.477033593304990333e+01
2.480825631302879231e+01
2.454793583172038041e+01
2.465219224811714227e+01
2.469846829271955002e+01
2.478746401217012263e+01
2.482365766744119995e+01
2.493877547763268865e+01
2.459611596967258151e+01
2.498885498677640271e+01
2.484094083417383914e+01
2.494022192370497493e+01
2.480409924505072894e+01
2.503554397413845223e+01
2.499066062685751177e+01
2.505469770791349404e+01
2.513586695661432202e+01
2.521028222177566747e+01
2.468177820433237457e+01
2.495421460750965181e+01
2.485494592847985018e+01
2.478664170631570229e+01
2.530940488006225308e+01
2.469953793575797363e+01
2.487345902005975873e+01
2.504691402454367832e+01
2.438815346589599287e+01
2.492904846841696553e+01
2.470058888237874584e+01
2.505356986666079067e+01
2.513753529698895406e+01
2.506945426048771708e+01
2.476589743068399940e+01
2.476917994071104445e+01
2.494377647193055836e+01
2.535367547124709731e+01
2.484743285887918063e+01
2.491908861276942133e+01
2.465123115729116421e+01
2.482128281606307496e+01
2.474569297907034837e+01
2.518013420496384214e+01
2.501218291500844160e+01
2.520373392384658118e+01
2.477387385840388490e+01
2.486113557723265544e+01
2.527728627043917697e+01
2.495194083883198388e+01
2.481089341829127193e+01
2.499319039951735988e+01
2.502933730137725021e+01
2.493836024555696085e+01
2.503019583745118837e+01
2.498696695251521760e+01
2.499879105779868738e+01
2.477217401526119289e+01
2.488359002242425433e+01
2.500403230572284485e+01
2.497667579266446225e+01
2.484069730918159635e+01
2.491077097371399063e+01
2.509868318287864142e+01
2.505544267878587306e+01
2.487057085050370731e+01
2.467121986560476898e+01
2.509185118182758956e+01
2.486310252257115394e+01
2.517067991073633948e+01
2.517257349320856008e+01
2.479410983546384628e+01
2.504923553178912243e+01
2.504887110274099982e+01
2.478325880291994210e+01
2.501166056437794438e+01
2.470698476660275134e+01
2.517503917642990174e+01
2.468303907106290040e+01
2.502701466515097906e+01
2.460068026634016292e+01
2.497052914802356938e+01
2.498192925203619552e+01
2.490452634955787659e+01
2.476102292904850088e+01
2.515474374486433362e+01
2.473286262465470386e+01
2.487765480268897633e+01
2.498166591219710142e+01
2.494863267296145537e+01
2.496488976087099942e+01
2.493721508845699830e+01
2.473534699219980126e+01
2.482522614156506435e+01
2.520668908974267808e+01
2.518238107885659716e+01
2.462679033291611930e+01
2.466702061888068442e+01
2.519431638919824579e+01
2.482851421171044137e+01
2.489758926585784238e+01
2.504391531884441591e+01
2.466531188893547011e+01
2.500077334205431612e+01
2.522592697546402007e+01
2.498741194257899068e+01
2.463142141981940370e+01
2.513595386746654370e+01
2.525194704245933508e+01
2.527485545107811404e+01
2.494860627660235153e+01
2.495348864060473204e+01
2.508269879011737657e+01
2.483220590536501504e+01
2.481863078874623696e+01
2.495878791642794781e+01
2.488663811130902914e+01
2.444088008031359394e+01
2.533448458991492558e+01
2.503363357708830961e+01
2.479486073830453918e+01
2.485429301132770874e+01
2.497371115310810907e+01
2.532275162818001135e+01
2.489291831892772677e+01
2.448683969558017992e+01
2.489151287320932582e+01
2.455317484150506147e+01
2.501632351804035181e+01
2.501419873289871632e+01
2.498503121267026827e+01
2.520397786488717529e+01
2.481164278845792381e+01
2.470122886203431278e+01
2.536734993042028563e+01
2.513958599874325728e+01
2.479850069843533689e+01
2.439080755981024851e+01
2.462756744762425143e+01
2.515259623412820744e+01
2.523272987302585690e+01
2.485617071849855719e+01
2.480742212726971374e+01
2.491636176510290923e+01
2.512030072594712848e+01
2.502327996532158849e+01
2.524024117539208589e+01
2.500968387314490826e+01
2.483581395463928843e+01
2.538251514373313000e+01
2.503445644839469253e+01
2.496905435221318470e+01
2.489917881637152064e+01
2.510165043925653094e+01
2.496468818979609594e+01
2.508687672238275468e+01
2.486533213876727544e+01
2.500402198611336857e+01
2.501873362296976211e+01
2.487690807553451933e+01
2.502187544417940401e+01
2.468022776651518768e+01
2.512957778782792317e+01
2.481875432326590669e+01
2.504207356972321818e+01
2.503459743645419167e+01
2.480382410522311076e+01
2.499557575291921196e+01
2.506933676104659270e+01
2.476833319447873194e+01
2.506648019970284835e+01
2.485117685225283424e+01
2.498930517805924723e+01
2.470391654264421533e+01
2.506146527179755168e+01
2.443181272581981389e+01
2.519819133042183523e+01
2.521564782209484079e+01
2.481773989012302906e+01
2.530761939786810188e+01
2.519597684356285683e+01
2.516871778343609733e+01
2.484981070809187997e+01
2.484831913752899268e+01
2.495919586074952079e+01
2.506318658226944507e+01
2.504126309745690548e+01
2.492109321593524385e+01
2.491001666858359798e+01
2.480449535834846486e+01
2.514108971435399909e+01
2.468971582809018983e+01
2.467178299938074915e+01
2.480165249635186342e+01
2.494085008749196319e+01
2.523877644609263982e+01
2.505059774047561660e+01
2.512168311553868705e+01
2.473807301667925529e+01
2.463926731598152386e+01
2.510393052592502627e+01
2.498409501238063157e+01
2.484227757379028745e+01
2.493220138500847938e+01
2.487950458701608980e+01
2.472907011289859014e+01
2.482724480940413514e+01
2.489126426797177416e+01
2.469331285390698838e+01
2.469910757493916620e+01
2.497902566057355855e+01
2.498477746026501123e+01
2.464887296934502459e+01
2.480423720203105376e+01
2.519649789025499942e+01
2.529198763401779004e+01
2.487520296119701158e+01
2.507815871038481959e+01
2.480670582518172296e+01
2.463093877822791100e+01
2.506074980326944868e+01
2.498428299906279193e+01
2.456572683098059784e+01
2.479783060207319778e+01
2.493267291617271653e+01
2.511162208909582461e+01
2.542668643334567591e+01
2.484931957924571222e+01
2.467551725936100127e+01
2.471018825924469553e+01
2.471453154117866902e+01
2.440006608181755254e+01
2.464360901641088475e+01
2.476076453451012327e+01
2.491968471491430392e+01
2.474971414577870732e+01
2.488045039003765169e+01
2.485929514817538788e+01
2.495573162582672566e+01
2.481115019053047632e+01
2.470739212566530085e+01
2.486224114684486253e+01
2.490446097637466494e+01
2.500720830132900119e+01
2.491536055711353015e+01
2.480089704645353166e+01
2.493476474537130372e+01
2.497981848885065759e+01
2.483525539600637799e+01
2.472225494930071932e+01
2.498969849011713507e+01
2.496134136956048266e+01
2.495098829257746331e+01
2.491045588644588804e+01
2.492108004327059234e+01
2.526160916760872865e+01
2.492668057008533111e+01
2.500255712968783328e+01
2.482855754265239767e+01
2.510569487032367775e+01
2.507443050167908183e+01
2.493143676385947316e+01
2.519810048210066356e+01
2.487475984158756859e+01
2.483271978711163541e+01
2.487774286679418978e+01
2.502565774925486508e+01
2.485812018055173667e+01
2.513411523092263877e+01
2.467667077874654424e+01
2.490896302593449718e+01
2.496889156531835496e+01
2.494653673655898629e+01
2.492585536890267761e+01
2.457163764607865630e+01
2.497060901347655815e+01
2.542355694345648587e+01
2.485007608362778697e+01
2.512814791404460735e+01
2.501692724920774680e+01
2.488259913629696740e+01
2.485930306737733630e+01
2.478295066729677743e+01
2.482263644999780894e+01
2.526468199393453062e+01
2.512243026960610592e+01
2.495717226904360331e+01
2.522912822899436236e+01
2.483371284650820954e+01
2.513764480573516025e+01
2.500770628910000681e+01
2.500908402637876193e+01
2.524590379837806964e+01
2.469052903079541395e+01
2.485679395059369412e+01
2.516450961796630992e+01
2.481974985569588199e+01
2.497900489882902875e+01
2.496533672209436716e+01
2.501938896587745731e+01
2.477456425265478401e+01
2.481797424858896051e+01
2.503555972429331433e+01
2.443075808284179118e+01
2.530449216689141068e+01
2.477740462560731061e+01
2.473534407790226197e+01
2.464371683810829694e+01
2.507370583128029651e+01
2.453775302458339524e+01
2.477205080241118296e+01
2.501264922650635825e+01
2.476510901294393463e+01
2.493099986179247907e+01
2.485968680593936497e+01
2.478495103929442678e+01
2.500275626377814930e+01
2.481066085666632759e+01
2.465951599757446289e+01
2.486145118352005312e+01
2.498267430832407854e+01
2.520427697699788183e+01
2.508463184644442379e+01
2.503866141575080206e+01
2.507959321642438866e+01
2.482209518096291134e+01
2.494445609351711823e+01
2.501460937884662883e+01
2.484485568797107291e+01
2.470510024361025714e+01
2.493449140597926217e+01
2.512524544537672000e+01
2.472394933467703027e+01
2.476514787520063976e+01
2.496902591221887846e+01
2.467225921675367672e+01
2.506144233891941653e+01
2.506263111784436504e+01
2.462112183904914531e+01
2.512025257287963242e+01
2.497402238717152656e+01
2.481583711799841652e+01
2.503186622329720024e+01
2.519172724798607987e+01
2.489795982407103736e+01
2.505303022333434626e+01
2.492485460322867041e+01
2.482064111148624974e+01
2.489415839722220980e+01
2.439738255856364191e+01
2.523526774238459680e+01
2.462528653708358917e+01
2.479646772615349803e+01
2.471638502380290703e+01
2.473235894084776376e+01
2.499033551305449308e+01
2.478464404475562333e+01
2.524632804047616474e+01
2.450292739753935223e+01
2.493957554051816317e+01
2.490872278050311550e+01
2.470176018671777740e+01
2.458197811425546320e+01
2.527059950865323756e+01
2.478808553241438517e+01
2.504861149392655406e+01
2.483693069616496629e+01
2.487549473856888582e+01
2.488785477852703920e+01
2.511036573323266197e+01
2.491101826575852840e+01
2.501836237214470060e+01
2.510717509584286589e+01
2.505348028706646701e+01
2.508071169390234090e+01
2.533119762155135746e+01
2.516439649809359835e+01
2.471368819495390312e+01
2.474541954426649681e+01
2.537478524023702775e+01
2.514720130365784811e+01
2.481552632583117202e+01
2.469925107495983596e+01
2.475579018728996772e+01
2.497945648778504690e+01
2.508495872929582049e+01
2.524007200182580846e+01
2.494287285304741530e+01
2.493410756441081233e+01
2.477416903551796423e+01
2.489417477758199482e+01
2.493913143935580834e+01
2.506068639789944896e+01
2.473811250192668965e+01
2.514298617745178888e+01
2.482509505869565558e+01
2.501322446089945473e+01
2.476329082740096155e+01
2.526986327241676022e+01
2.487144491228871956e+01
2.549215671798783234e+01
2.503437695299214028e+01
2.472636286459813704e+01
2.504038395413089546e+01
2.504930526814328928e+01
2.506029650990426916e+01
2.467386193090965563e+01
2.472142804239620517e+01
2.490147554307950273e+01
2.470850412790352024e+01
2.490760708935863832e+01
2.487487237845151711e+01
2.488081717483766298e+01
2.462634026688567701e+01
2.500091284688715021e+01
2.489823768541125659e+01
2.500780855361887234e+01
2.508651941818728304e+01
2.450453784438094473e+01
2.497459540499143671e+01
2.512550284574824033e+01
2.478328196603604994e+01
2.496490097667124530e+01
2.483109889229595879e+01
2.451724552634535570e+01
2.487023793974477570e+01
2.513937600900279179e+01
2.497705225008864005e+01
2.478438750096789178e+01
2.507384610283482473e+01
2.505551658710935570e+01
2.519991527582913449e+01
2.480159553205405487e+01
2.449355629233692255e+01
2.455493566369429814e+01
2.485893966226309715e+01
2.491989041486296230e+01
2.485618296424814488e+01
2.459889433699611772e+01
2.513378578558104692e+01
2.491159179865108442e+01
2.470353035868255276e+01
2.478231512051277363e+01
2.495841349766432415e+01
2.477019328043502355e+01
2.492145998639635351e+01
2.467789011959384027e+01
2.509769301507482098e+01
2.485072769935092296e+01
2.490506531267948631e+01
2.480899900919038004e+01
2.502964486214053252e+01
2.504882130753939506e+01
2.496501028885400331e+01
2.484777085790383921e+01
2.478211142176926529e+01
2.484750907731836378e+01
2.516420240204644898e+01
2.483712683039292912e+01
2.510235995367941797e+01
2.454042925383972928e+01
2.504620930188807648e+01
2.477350827557350144e+01
2.484779385205122182e+01
2.497796161022557726e+01
2.462862287774999714e+01
2.507875014784272594e+01
2.515866480759050461e+01
2.527238782281755292e+01
2.494085005038013492e+01
2.528875864769347714e+01
2.492182508959658804e+01
2.474140577419274223e+01
2.487358263812784998e+01
2.516420421348727388e+01
2.450779054248496180e+01
2.518470387480773454e+01
2.480967820570950977e+01
2.456686511718311650e+01
2.465688966391406112e+01
2.525137732588635942e+01
2.495510889911346553e+01
2.506446605118733117e+01
2.469670741397527891e+01
2.537028276798230664e+01
2.480394244941352611e+01
2.499257236036675067e+01
2.480289516873882505e+01
2.505598198789390096e+01
2.471761980063105923e+01
2.498834626685336957e+01
2.479058922676097154e+01
2.455840666420444407e+01
2.508808913314132738e+01
2.457279790359815408e+01
2.501524626278657237e+01
2.528447611403773010e+01
2.469439229239391764e+01
2.500705365439971573e+01
2.520429204575370363e+01
2.471720343791586672e+01
2.485462274684294570e+01
2.496598251763281695e+01
2.478499876070825181e+01
2.457925144711913390e+01
2.465819883106953014e+01
2.456427197635315807e+01
2.520296799268590604e+01
2.540814882532082919e+01
2.455841427008578037e+01
2.489691767355244423e+01
2.502549564025596496e+01
2.490747730529076165e+01
2.512596919982654597e+01
2.456525480642955017e+01
2.512260241878720990e+01
2.497154817872607069e+01
2.488610971325290322e+01
2.493411665223716867e+01
2.500493916316423437e+01
2.504069107632654578e+01
2.511754924311223292e+01
2.497654778740900028e+01
2.481284403694930774e+01
2.457947859142556624e+01
2.490740279847028660e+01
2.507936205201350433e+01
2.491655003991258610e+01
2.484274827041686606e+01
2.497133727260348479e+01
2.468522426717329310e+01
2.490299172260612082e+01
2.500990307900158172e+01
2.464677125061875884e+01
2.502277759627397202e+01
2.496849797861206710e+01
2.488816351416025796e+01
2.503676674330342777e+01
2.528532517445804118e+01
2.488074315208325871e+01
2.502237648487187016e+01
2.495899174367737672e+01
2.539668749010456494e+01
2.478788669274820933e+01
2.494786985514028643e+01
2.461640291594051533e+01
2.459424743793801227e+01
2.469053248312106419e+01
2.487255969338169237e+01
2.485712051054179028e+01
2.518636230928750308e+01
2.506492926606156502e+01
2.515131250958344822e+01
2.479994658322593182e+01
2.517598707386365220e+01
2.488707144920483572e+01
2.510618948319810073e+01
2.520780997674738799e+01
2.499131551088307290e+01
2.493345745822927029e+01
2.489475192224026756e+01
2.476902282247832687e+01
2.518308565220871031e+01
2.482978011978420696e+01
2.484953912706040313e+01
2.507576602805815824e+01
2.504099926410342292e+01
2.508292235864831454e+01
2.483052799062171445e+01
2.460671763346342544e+01
2.526778177334893982e+01
2.518836592839284449e+01
2.508020686073065519e+01
2.475590380512759836e+01
2.505042038053730380e+01
2.476396250001397092e+01
2.478123247898438919e+01
2.455779233080444257e+01
2.476478554787539466e+01
2.470811940368776050e+01
2.482168391793776152e+01
2.478316094564987182e+01
2.479748816103681719e+01
2.490011805049835303e+01
2.484051476328398778e+01
2.526542806435825028e+01
2.512146640945689313e+01
2.462358578864497005e+01
2.540222867942720342e+01
2.499550885715288118e+01
2.481090616208627253e+01
2.476361160202139899e+01
2.513413474254333124e+01
2.533814121969347966e+01
2.495581589188279281e+01
2.489998090615162241e+01
2.470840532997221928e+01
2.498658528235740306e+01
2.488264543210189927e+01
2.466022614772151300e+01
2.482078381998304195e+01
2.507442518269709808e+01
2.462832132659036688e+01
2.527785547101543173e+01
2.473651572658577180e+01
2.460277681451736953e+01
2.496204721906812907e+01
2.521128090001377942e+01
2.470649659253645325e+01
2.516705941113089295e+01
2.464408531956083692e+01
2.496178876179251915e+01
2.506758356967675638e+01
2.497490092493080738e+01
2.508401464292903071e+01
2.440560254995477507e+01
2.481801975726116893e+01
2.493262871296845518e+01
2.514576169121193772e+01
2.499791313477937038e+01
2.468265654511169416e+01
2.502650451512092644e+01
2.469855599649490685e+01
2.490581636228515805e+01
2.505102222975432014e+01
2.491005812658561425e+01
2.484911961812760950e+01
2.498610944612136819e+01
2.489877340947567319e+01
2.520162702401508170e+01
2.523075025907466440e+01
2.491285179556993867e+01
2.451519708475817438e+01
2.485638355354625872e+01
2.501484768376874612e+01
2.508246953474763430e+01
2.470642256367338518e+01
2.479707410630656739e+01
2.492005094132214893e+01
2.491301297545934190e+01
2.527861559932204116e+01
2.517120518287621067e+01
2.500333729667393712e+01
2.492891505166816657e+01
2.477457603324518587e+01
2.482558714369102759e+01
2.502243721358123807e+01
2.469829316694683641e+01
2.463257145972326256e+01
2.505326424765646109e+01
2.445396361859891243e+01
2.477785267354808596e+01
2.488969007925402011e+01
2.469042025708926857e+01
2.479173798756070113e+01
2.513942488959665766e+01
2.509442105742146722e+01
2.529141511076932147e+01
2.477491290288724102e+01
2.476146306077288628e+01
2.498011990625555967e+01
2.490896031642659736e+01
2.527563663356098189e+01
2.504106927464173538e+01
2.476341283060223120e+01
2.512935501889027634e+01
2.440249819925019992e+01
2.479580840265786179e+01
2.467909369379228579e+01
2.501918406256957539e+01
2.533958410040764875e+01
2.508806514655145037e+01
2.525737106052321579e+01
2.478875882143322684e+01
2.482258191271499115e+01
2.499827362602069769e+01
2.476949551080496192e+01
2.509557348562998769e+01
2.527141720381584378e+01
2.476662089895001984e+01
2.461391305487882875e+01
2.520975756076022378e+01
2.504661051953682716e+01
2.513300423851031340e+01
2.489898197316263406e+01
2.496462438217923818e+01
2.482545384833764857e+01
2.489654504212068176e+01
2.473272732433721899e+01
2.487716303626364578e+01
2.481091265602768914e+01
2.470389982406754115e+01
2.509932176162331174e+01
2.518257511548392813e+01
2.461526985976598780e+01
2.501470367171577536e+01
2.495906457753345009e+01
2.478526757377089140e+01
2.489324624968694977e+01
2.510097615973660723e+01
2.466072236009189567e+01
2.481624997067270399e+01
2.473168060800114532e+01
2.501023678883481693e+01
2.467594674924609777e+01
2.487327788300851239e+01
2.501714254232253865e+01
2.513889318232354597e+01
2.501454961983068870e+01
2.503724606305553024e+01
2.468492629865248134e+01
2.497270684874160906e+01
2.464770075542082139e+01
2.484239357889941147e+01
2.518886454114616669e+01
2.487386951143501435e+01
2.477037442174078308e+01
2.521593947520909040e+01
2.488446725260250503e+01
2.510460555915503278e+01
2.487893951187759001e+01
2.502833812508947631e+01
2.481057896707434196e+01
2.468619185734369026e+01
2.478744829188821797e+01
2.500987785833785182e+01
2.510137151280719436e+01
2.473380777103453099e+01
2.510636541446577041e+01
2.504121410702644468e+01
2.465141895529385607e+01
2.504825375579236990e+01
2.499230169827679404e+01
2.471009022225414498e+01
2.498878798591384864e+01
2.514243224418839162e+01
2.513983550584174864e+01
2.515279855992121227e+01
2.504050711422406650e+01
2.485093154889635869e+01
2.516667401230969503e+01
2.478217777897550889e+01
2.488708689098547211e+01
2.497094536267277221e+01
2.471008414780570916e+01
2.482045744870825388e+01
2.491903512535448684e+01
2.458863973857283369e+01
2.505415120972908838e+01
2.467527052636630103e+01
2.501497871229766190e+01
2.507112765236319163e+01
2.497591309040097585e+01
2.498971861135865069e+01
2.473735486248132176e+01
2.471931970394315314e+01
2.506074905034432376e+01
2.482424041189218755e+01
2.481993784248947676e+01
2.524954015018567688e+01
2.437463248576263197e+01
2.481625860776860293e+01
2.479525930675549361e+01
2.484937607901968804e+01
2.494051099135286975e+01
2.500347341882545038e+01
2.480029439769771926e+01
2.507311956012668475e+01
2.482039807872457260e+01
2.497750143754427299e+01
2.502682223503426329e+01
2.490794790399332825e+01
2.507576957432738496e+01
2.493295603263899451e+01
2.481421459991519285e+01
2.467964245456800754e+01
2.483989056509022930e+01
2.480169126704784688e+01
2.454667348625399370e+01
2.469930407607957079e+01
2.499828089953545529e+01
2.497144293777859048e+01
2.500017889583707031e+01
2.518987301300811055e+01
2.482530955199872125e+01
2.458924867040574824e+01
2.525038552146535054e+01
2.499264617871934391e+01
2.429084487497360101e+01
2.480743834010052851e+01
2.520549947341340413e+01
2.485813978907426502e+01
2.476017384841503599e+01
2.493219525632518341e+01
2.502864042000032896e+01
2.480933426548188692e+01
2.514379075031409982e+01
2.500965812807903177e+01
2.510989534727540118e+01
2.398844412265037818e+01
2.456795885385065503e+01
2.479689678128338315e+01
2.495433777507774664e+01
2.496360192175722403e+01
2.472995902864375495e+01
2.475430138694139615e+01
2.471149184782004582e+01
2.471165666098960045e+01
2.455288277666120322e+01
2.475572401113035070e+01
2.514363569525923126e+01
2.484950169020605060e+01
2.464214038598391099e+01
2.519488055627533640e+01
2.515337603779771669e+01
2.486447629965810080e+01
2.524247705184176027e+01
2.457379002721791750e+01
2.477394095591481715e+01
2.518603606500572667e+01
2.490796330373039780e+01
2.524543353159996073e+01
2.482686353735430984e+01
2.508580549302259399e+01
2.504473733019363735e+01
2.499068682987318724e+01
2.489899384171982177e+01
2.492377509098332666e+01
2.513795671856205871e+01
2.506818606514271863e+01
2.465757131896434373e+01
2.472063157603782102e+01
2.481634290006075005e+01
2.511965948352234435e+01
2.464516750482503937e+01
2.519498284511190889e+01
2.468886722853810767e+01
2.523442021616425279e+01
2.486136113198267239e+01
2.490868787134617790e+01
2.484641460970773252e+01
2.481875917259651132e+01
2.473319511459397191e+01
2.487281096636959177e+01
2.491442982033462528e+01
2.490834124729812160e+01
2.500263563421388469e+01
2.463293112639404825e+01
2.481560522141154479e+01
2.517838932023511944e+01
2.466448300998220944e+01
2.463475608442496778e+01
2.475261986847514351e+01
2.480826673941840355e+01
2.528362689641302907e+01
2.495829147871804210e+01
2.471039577396922837e+01
2.498405124018994172e+01
2.491101407653102129e+01
2.509538254017148518e+01
2.474525638945831574e+01
2.486344416779053645e+01
2.510669310013183164e+01
2.494490853818855669e+01
2.492439334317201016e+01
2.506707333464806808e+01
2.513087118929935215e+01
2.500099598035901494e+01
2.478746949525297083e+01
2.491024181910949409e+01
2.502045283685603394e+01
2.492872372541694048e+01
2.524275666749041136e+01
2.535723312434055288e+01
2.469005045556157185e+01
2.468939304210580943e+01
2.501570129603156190e+01
2.531546033822338515e+01
2.483987872636983596e+01
2.463800283642532918e+01
2.464636063792938003e+01
2.503860622202266839e+01
2.457467079837996238e+01
2.499122024667232012e+01
2.517748003471922402e+01
2.489143153895123461e+01
2.483049795081786471e+01
2.491307647503874634e+01
2.486934044610760708e+01
2.496153638746187653e+01
2.472478843202834042e+01
2.506140797718748559e+01
2.495738673779223049e+01
2.518047377192851144e+01
2.532194666833003183e+01
2.525588198864078038e+01
2.470125741946516840e+01
2.474256498457074116e+01
2.479020010012956376e+01
2.491211113115937437e+01
2.523758113847999596e+01
2.517641806107773306e+01
2.486744669147778808e+01
2.470613351351103759e+01
2.532255162946377425e+01
2.482346153590655646e+01
2.479615156113672825e+01
2.483028250440593965e+01
2.488665225694228411e+01
2.506494284489929569e+01
2.495081594315138673e+01
2.494340864935617930e+01
2.507755634530073507e+01
2.509549766667038639e+01
2.492481461307059476e+01
2.494382966281651903e+01
2.456476994424378546e+01
2.513907851323674336e+01
2.467302798161065525e+01
2.493834819465852704e+01
2.444853311783386118e+01
2.473452709186978637e+01
2.498797751573053461e+01
2.484581855786119675e+01
2.508416120687114770e+01
2.520178576630315348e+01
2.475411040727766121e+01
2.480351605401534343e+01
2.499550809566637710e+01
2.494288883359250164e+01
2.508321881622097038e+01
2.508406726127962827e+01
2.506985754248753295e+01
2.480998412470680847e+01
2.502372267877235146e+01
2.504379420068445583e+01
2.469903718353510769e+01
2.502217583801762046e+01
2.504835619328865803e+01
2.492288500472246682e+01
2.477304771119666071e+01
2.482890773671444506e+01
2.505071564511900206e+01
2.498616999985870990e+01
2.459919670885867049e+01
2.487470969430586010e+01
2.472016684641624096e+01
2.494121728341026412e+01
2.507578350346571483e+01
2.534144307332486790e+01
2.497079111921366135e+01
2.466012775979253746e+01
2.489375693944936785e+01
2.506214730411911162e+01
2.479616922796295952e+01
2.480946772534525024e+01
2.485645911001007136e+01
2.499583912195749136e+01
2.480522582649797769e+01
2.517661226707647870e+01
2.503667452115945125e+01
2.516606914357722857e+01
2.515145802296667199e+01
2.476669454778074453e+01
2.480869310623911872e+01
2.485583905098840063e+01
2.501096695798763037e+01
2.478181179032708670e+01
2.492802990179636424e+01
2.503399241504475725e+01
2.504031233897217845e+01
2.512090757324342150e+01
2.467312801067212291e+01
2.484681527272215007e+01
2.491104086969397713e+01
2.465611425386906319e+01
2.482296331726071870e+01
2.494216890521439822e+01
2.496217859708484710e+01
2.492913126763077258e+01
2.477075576022964754e+01
2.496762046401776658e+01
2.504929948591283662e+01
2.495837023467102611e+01
2.505317730370071061e+01
2.497668347290736079e+01
2.512372025405799647e+01
2.481153565778695835e+01
2.463938363328794878e+01
2.495394514379129802e+01
2.492969955713764563e+01
2.450097007593550558e+01
2.514314125077157058e+01
2.520329758817944921e+01
2.477019218814770340e+01
2.479915619725317200e+01
2.439006833067433178e+01
2.475533238332379327e+01
2.507507656022740861e+01
2.486111158228586149e+01
2.471231265382776243e+01
2.462549155106238530e+01
2.482075001478672149e+01
2.523610819944059713e+01
2.492808567913184703e+01
2.461867465271759059e+01
2.484701383265614183e+01
2.488791654260593234e+01
2.469856498541892620e+01
2.478757893023725245e+01
2.484651379283153005e+01
2.511337702737375110e+01
2.509873392370969114e+01
2.481866432755160545e+01
2.484382670542546379e+01
2.522729763890403731e+01
2.501250104198895485e+01
2.482156008083483911e+01
2.447853580371475246e+01
2.529523046932411035e+01
2.481042384117766986e+01
2.473020901180691666e+01
2.509156190938486830e+01
2.495349290569523859e+01
2.516075840352045034e+01
2.508900074126536239e+01
2.484818713392452239e+01
2.477710372886581425e+01
2.487145662986409533e+01
2.478706906288198297e+01
2.463638189692384017e+01
2.496045452748257176e+01
2.487518994522536531e+01
2.483898373133055770e+01
2.499865433554684202e+01
2.494755152183967084e+01
2.503320235751339951e+01
2.481597417533192029e+01
2.490609482377039896e+01
2.539415526842974913e+01
2.480398693033646396e+01
2.520581131794572727e+01
2.459838695242454421e+01
2.504101977240761201e+01
2.487355396101310845e+01
2.494880613886116905e+01
2.506014117543610809e+01
2.501843402449368980e+01
2.505463953698546575e+01
2.516771916490353433e+01
2.494863955621440610e+01
2.464731448045841944e+01
2.505722558536890787e+01
2.526333741289412771e+01
2.516514246816560529e+01
2.493523370038940357e+01
2.486343037977000847e+01
2.465654968815973191e+01
2.440433402316336142e+01
2.509068062959380896e+01
2.497769143020486382e+01
2.495761851496574479e+01
2.509032299660271903e+01
2.485492429344408905e+01
2.503789996065877332e+01
2.513606011798008311e+01
2.454376152753535933e+01
2.517762412867033461e+01
2.497025456053804859e+01
2.503891749425779167e+01
2.520535990518563096e+01
2.524153217653136139e+01
2.517411602862702225e+01
2.505688451139345574e+01
2.507794613475974543e+01
2.474126516080840688e+01
2.508374997542007634e+01
2.468530859747161799e+01
2.483005649644076485e+01
2.523485142486084243e+01
2.498755403859756186e+01
2.447558416864925945e+01
2.505635009591899376e+01
2.461088878114554035e+01
2.494906479782227748e+01
2.514512470429977853e+01
2.523337276986755739e+01
2.507571841929251022e+01
2.495741458728293694e+01
2.511429979615881436e+01
2.464777550656893723e+01
2.530026766509480041e+01
2.462370507671246500e+01
2.494456772113213816e+01
2.461487747933388803e+01
2.508066022826066188e+01
2.489794494113964163e+01
2.517456437317094142e+01
2.485369647213017075e+01
2.511808822348880454e+01
2.511186627071785082e+01
2.475890941415996593e+01
2.489380775452987038e+01
2.474379017372418943e+01
2.517316569658020597e+01
2.462277356550562857e+01
2.514573780627469191e+01
2.451196569922351998e+01
2.491683298786323419e+01
2.492293893796996329e+01
2.479456614390199221e+01
2.508205899751302326e+01
2.475357891335591987e+01
2.525615793252976005e+01
2.481178258967040762e+01
2.517702641938402763e+01
2.480105589739288519e+01
2.465687218216051591e+01
2.480135267410891942e+01
2.475103034473472974e+01
2.493206235066582011e+01
2.507947504936791461e+01
2.501041987349776363e+01
2.458138833387138078e+01
2.463953552056729279e+01
2.500507376143362492e+01
2.491258368096456977e+01
2.511950614224333833e+01
2.492903141369583508e+01
2.474785379630892379e+01
2.544988466963531337e+01
2.471252695801113575e+01
2.471380501383891115e+01
2.500406861689653226e+01
2.479396075772712038e+01
2.481638368387003979e+01
2.481575473799960818e+01
2.502867360218502313e+01
2.514914573111308371e+01
2.493069994213092855e+01
2.501416443785504029e+01
2.471793610681062958e+01
2.477208747776302289e+01
2.501642662903968528e+01
2.453321010448138395e+01
2.471906306571969125e+01
2.490109219786210559e+01
2.530607154625847599e+01
2.493022090650818257e+01
2.499309092167232649e+01
2.527971094552417952e+01
2.496626734053116792e+01
2.506682910790055629e+01
2.503037677449379217e+01
2.485791281715582457e+01
2.491607620145451918e+01
2.468548958141913729e+01
2.439602054679176035e+01
2.471547400190141275e+01
2.505920414831715703e+01
2.515132010591819167e+01
2.498504756748684130e+01
2.513303315652564507e+01
2.507480902245900722e+01
2.472213324415148961e+01
2.488321086709866847e+01
2.511516296837147522e+01
2.507304486192490245e+01
2.505904707282822130e+01
2.485617180066276433e+01
2.484773810270459649e+01
2.465149499472954275e+01
2.482909510072900972e+01
2.482401915639683665e+01
2.484124108247015528e+01
2.529280495173724930e+01
2.509350485948361253e+01
2.483218819367053243e+01
2.473758253469650015e+01
2.481826015459800061e+01
2.482336949882873967e+01
2.506524310307112557e+01
2.534597556812272856e+01
2.516262557046327331e+01
2.466907739897758844e+01
2.483880485039519925e+01
2.506589372377294467e+01
2.503158237751815207e+01
2.469683277402933896e+01
2.454590621007293549e+01
2.461074507161613312e+01
2.492372658524618956e+01
2.495688854363489995e+01
2.503088264292815879e+01
2.518032243988709951e+01
2.507005247955472527e+01
2.484022971162590565e+01
2.460436891388000546e+01
2.496949249575176566e+01
2.468151586862802915e+01
2.499526821358982076e+01
2.473265189634792094e+01
2.498453697151645514e+01
2.516541424695336104e+01
2.508916206626518175e+01
2.472393681175725888e+01
2.505179720212064964e+01
2.478351842666440774e+01
2.507876265691119855e+01
2.503909466939443718e+01
2.511215443813653181e+01
2.493680415772364967e+01
2.503280947499621689e+01
2.501716731889739265e+01
2.516179903250700534e+01
2.537544508055042769e+01
2.451894280288375683e+01
2.451951756938048632e+01
2.476759285244004971e+01
2.535749872509852665e+01
2.491773286120727704e+01
2.494374845425754472e+01
2.457947227731108697e+01
2.489708545736008816e+01
2.545522759721247041e+01
2.502739949354853266e+01
2.492503584085179824e+01
2.477779935214902096e+01
2.515982578233755973e+01
2.498562570493035295e+01
2.477416208350060245e+01
2.500807414404965812e+01
2.499975017895541995e+01
2.527037790836699571e+01
2.518943824528928133e+01
2.497950015241290345e+01
2.474285737276854391e+01
2.506585128878832691e+01
2.562756355157628363e+01
2.459615391763603043e+01
2.511988267489689974e+01
2.509125086723690856e+01
2.513805265444987924e+01
2.483482584318241138e+01
2.488363056119641570e+01
2.506385725904380735e+01
2.478870338077380353e+01
2.489637858915986257e+01
2.493990915412983966e+01
2.496788202621438302e+01
2.458709938392202332e+01
2.528219161284339478e+01
2.479540419734968637e+01
2.483453671285712261e+01
2.481044851339943591e+01
2.491135237929399793e+01
2.442039163739752183e+01
2.505628429350407771e+01
2.451255045041879299e+01
2.530958036908803166e+01
2.468939578764492992e+01
2.507262862497234579e+01
2.482609279284060833e+01
2.493897833134511544e+01
2.466633495140251853e+01
2.480288626680901487e+01
2.496994328243504668e+01
2.507069669830276837e+01
2.486470470408735878e+01
2.479706209060633526e+01
2.474883597619460929e+01
2.469674839066930971e+01
2.479882444401205888e+01
2.463197079961542002e+01
2.507919379832144102e+01
2.479057973492286848e+01
2.458089818345345989e+01
2.522376650353303518e+01
2.491699837295309194e+01
2.517335055586064385e+01
2.469032867645907814e+01
2.504919382642276204e+01
2.515690233067927295e+01
2.501703976638715687e+01
2.490742720153956569e+01
2.502332472311345413e+01
2.493358099812272854e+01
2.488019541517386912e+01
2.454320343530113746e+01
2.505564259287884710e+01
2.502035527702244622e+01
2.489671568149551462e+01
2.481916786771553518e+01
2.510616499867105844e+01
2.521603007733674318e+01
2.504194527724088459e+01
2.443259174660129673e+01
2.492181402812819968e+01
2.518691876969315047e+01
2.520172094151513775e+01
2.503303389937236645e+01
2.523945673553943791e+01
2.506939592570929065e+01
2.488508075735887104e+01
2.459362874287158718e+01
2.481430584859548460e+01
2.477811670020303936e+01
2.498215387891729478e+01
2.488179349661577788e+01
2.509962617477000180e+01
2.474056543358967630e+01
2.505934535383568118e+01
2.490279104630334572e+01
2.474684485747037854e+01
2.503262279869120377e+01
2.488477758976187104e+01
2.499798510611668689e+01
2.461717872901843407e+01
2.487359957017853418e+01
2.470860881450892421e+01
2.498409059987630698e+01
2.490771397223878481e+01
2.511813256961808349e+01
2.498373557819341784e+01
2.464416041162201765e+01
2.467355437944620888e+01
2.505288439882215457e+01
2.500402192697262294e+01
2.521257037384318522e+01
2.483202289569657850e+01
2.470571666788744025e+01
2.515511606171293479e+01
2.478786947122624795e+01
2.452699997131933074e+01
2.502213841312563147e+01
2.495018864228073951e+01
2.449583898894956491e+01
2.510822503646874537e+01
2.501858169345170069e+01
2.481157580832426035e+01
2.477978646965553722e+01
2.510934219025624614e+01
2.509666411640252548e+01
2.503489777752538004e+01
2.459896644372771490e+01
2.527219067857950208e+01
2.504105671525717014e+01
2.487545726362129628e+01
2.499237220504271306e+01
2.514221473814171759e+01
2.482919701526152778e+01
2.469032827272976860e+01
2.506825704150647383e+01
2.473842507825062853e+01
2.490958818064833125e+01
2.498708504596442381e+01
2.476891529640447942e+01
2.482708053519839453e+01
2.486541010645682803e+01
2.496530728593731752e+01
2.498746046639741536e+01
2.474173459736399039e+01
2.470608353619221020e+01
2.500169034503650423e+01
2.492490828653766854e+01
2.501963175311631815e+01
2.482363757462755416e+01
2.509126804129794763e+01
2.499771828427846643e+01
2.500109912313353178e+01
2.455815315425554601e+01
2.523793134084187528e+01
2.497739057686492714e+01
2.483186372542273546e+01
2.515687421876269880e+01
2.486981207672667793e+01
2.438654113377909383e+01
2.478906427960930259e+01
2.504703430646619466e+01
2.515945401859876895e+01
2.506807704542510251e+01
2.499494292656755690e+01
2.484625017584433593e+01
2.524171393066717428e+01
2.501792393563923156e+01
2.473063847795319603e+01
2.493579939457050543e+01
2.479671483899440076e+01
2.501832624789944859e+01
2.481255443061912658e+01
2.469089691068188586e+01
2.501002948308133256e+01
2.464627096989832822e+01
2.483326824811009814e+01
2.491413065083394329e+01
2.467930959225437704e+01
2.471651830728718835e+01
2.473699560724757163e+01
2.449379961970664610e+01
2.500238332165634603e+01
2.463006824331459299e+01
2.474411364960774407e+01
2.488681031860089732e+01
2.458951284498955658e+01
2.495265420836646797e+01
2.482682071418001968e+01
2.454928724169061383e+01
2.493451488741299826e+01
2.486103096227406084e+01
2.464531045437287560e+01
2.518951190974837928e+01
2.523762716888970203e+01
2.494391330832334575e+01
2.501019268672806106e+01
2.489205575716318108e+01
2.506888287168603213e+01
2.469533949949104468e+01
2.483259683519275995e+01
2.504209381751005026e+01
2.546754284778471700e+01
2.480359872679899169e+01
2.460390473777655984e+01
2.501521366963792303e+01
2.494303338444882812e+01
2.503593293674910925e+01
2.479325535824030879e+01
2.470695208933339870e+01
2.517047415507029129e+01
2.504949421655325992e+01
2.474443780496369882e+01
2.481964547029287260e+01
2.474430728198225893e+01
2.459396466761156219e+01
2.489191616124637818e+01
2.500927537116580623e+01
2.491505207578919823e+01
2.485813337593843997e+01
2.465035636294934207e+01
2.511988789362054320e+01
2.514018355669945137e+01
2.487249647051244850e+01
2.481824606071059591e+01
2.495523696985150153e+01
2.480429108195498955e+01
2.489749670815956506e+01
2.498043851897249112e+01
2.489114954507093458e+01
2.519808465949471099e+01
2.471470734394414137e+01
2.493376968169937413e+01
2.537850870456377805e+01
2.490807610372928949e+01
2.449596621647621220e+01
2.493996440392711378e+01
2.496081370233050123e+01
2.477379778677164168e+01
2.520579041092462802e+01
2.502040262037200691e+01
2.512572933382571705e+01
2.502632557243795830e+01
2.496958133696247373e+01
2.473837585454658239e+01
2.473089969673711153e+01
2.495201882726415121e+01
2.512774660352134859e+01
2.507708358590176445e+01
2.498365822757685351e+01
2.480327581354270450e+01
2.492053482604822534e+01
2.504172023229047639e+01
2.486770398901369461e+01
2.504322560260423103e+01
2.478907579173927900e+01
2.521078813123091322e+01
2.476465332329441082e+01
2.533117613762482989e+01
2.512888479506017347e+01
2.453581028228207828e+01
2.501896855251704821e+01
2.490583573768664039e+01
2.510994309801420599e+01
2.507755214659081489e+01
2.469876149028378975e+01
2.482434221613421599e+01
2.488065197080933189e+01
2.483401218108854280e+01
2.487023883204910035e+01
2.490450883602107979e+01
2.525026126740056043e+01
2.477271359548139884e+01
2.445749400067455070e+01
2.485477726654578134e+01
2.437023103974432203e+01
2.493412827581725821e+01
2.494586775909551335e+01
2.493160929939672954e+01
2.528028565509377756e+01
2.504421391473694669e+01
2.512628714282742592e+01
2.501712018327697962e+01
2.523151331271574449e+01
2.483472692280082939e+01
2.489054220953712360e+01
2.495585552832530141e+01
2.492441367950400277e+01
2.510263325665503231e+01
2.488952083640699797e+01
2.501730749702684165e+01
2.455150454282912875e+01
2.447265934636197215e+01
2.498327055739690294e+01
2.475236336661116354e+01
2.522764597827456612e+01
2.458556577718337621e+01
2.494385776800740828e+01
2.496854602832118530e+01
2.481432514967738712e+01
2.518508983908974486e+01
2.504744139397598701e+01
2.484007641586699933e+01
2.488841812713003421e+01
2.473853587733310633e+01
2.494215213611213855e+01
2.493831584537835866e+01
2.497309890454080517e+01
2.495275456944816383e+01
2.490269472727004185e+01
2.513557604233221099e+01
2.507968737050030228e+01
2.466605543835672876e+01
2.511387234221232845e+01
2.460156019482012724e+01
2.506359240813251787e+01
2.482211626660826198e+01
2.506160400322604076e+01
2.510760548976293549e+01
2.505083005036151178e+01
2.486144019594564725e+01
2.476933225932016214e+01
2.487032773385504214e+01
2.466695297459926906e+01
2.485553666243711746e+01
2.498443168867770936e+01
2.513130472042705321e+01
2.506875039416167184e+01
2.477410310949733940e+01
2.498486815527548899e+01
2.501779376598436855e+01
2.512466699572829398e+01
2.487268076139132944e+01
2.506761074812760626e+01
2.480665524495248775e+01
2.532191622515203022e+01
2.531314151462092710e+01
2.480884266561025342e+01
2.497827773711866328e+01
2.494390559671527541e+01
2.490647919568239743e+01
2.516845162762281163e+01
2.485738792856897916e+01
2.492518960419096530e+01
2.494442337143329169e+01
2.496615607033221096e+01
2.474466353887030579e+01
2.516263474513831966e+01
2.519789994848350645e+01
2.489888284585440559e+01
2.480957328132144468e+01
2.496630902459493129e+01
2.525401567541365466e+01
2.537697316008985737e+01
2.459226300789290676e+01
2.505330219808103820e+01
2.482056528420600827e+01
2.479432728909059946e+01
2.464592403275115373e+01
2.485322484947374377e+01
2.518735478739306544e+01
2.502570581971187025e+01
2.455963362964708807e+01
2.511812162896107736e+01
2.499344015288635035e+01
2.497283476352204090e+01
2.465295129302777966e+01
2.504457846895879314e+01
2.490055744832040929e+01
2.511623342207343512e+01
2.492437734750327394e+01
2.479605901959878622e+01
2.492735524942682446e+01
2.520632275354376262e+01
2.493212301248781415e+01
2.466277691066247257e+01
2.482778337533886415e+01
2.474713610062313407e+01
2.524837103914190450e+01
2.488029680871967741e+01
2.492847049759954814e+01
2.471478450333602694e+01
2.521190744873033651e+01
2.475458346110112728e+01
2.458704693000266772e+01
2.459419787654181633e+01
2.517534882641312421e+01
2.492666951154397026e+01
2.514402801195047488e+01
2.472009207999728986e+01
2.515512074592645675e+01
2.509761878560881598e+01
2.492420077191251337e+01
2.480331668163968928e+01
2.467394726012323858e+01
2.486779500447445912e+01
2.481169950234493626e+01
2.494032761010265986e+01
2.502484872252807691e+01
2.491206173701627336e+01
2.516882368750191290e+01
2.460701850557155623e+01
2.473862000352044177e+01
2.489030032132108516e+01
2.467610359948994159e+01
2.486922880688691606e+01
2.482870396420688763e+01
2.501621886756392854e+01
2.536704552721898764e+01
2.478827225102335063e+01
2.500313945402623261e+01
2.500322820568543847e+01
2.507662692059838960e+01
2.522128735051355619e+01
2.484333560373890037e+01
2.476617671455964143e+01
2.470834085004176828e+01
2.502033321995513404e+01
2.462044830910780391e+01
2.457977881210029025e+01
2.522611777723313864e+01
2.472376607392550341e+01
2.476445549247596745e+01
2.501251035723869265e+01
2.480152028390569541e+01
2.522458875443428994e+01
2.524360088988899875e+01
2.470149724821323645e+01
2.515701791748405469e+01
2.493200584097927930e+01
2.484410774850942261e+01
2.521331249703262500e+01
2.502964830292966880e+01
2.500821544444103139e+01
2.499959391353331029e+01
2.482464631366779528e+01
2.500584365719284108e+01
2.525499475318215659e+01
2.500098801515777680e+01
2.480210809867364929e+01
2.511594410847532544e+01
2.489658615710747114e+01
2.491543868500298231e+01
2.491684141152651222e+01
2.504943152081940738e+01
2.470054928133889049e+01
2.502339686860503321e+01
2.463935714757942819e+01
2.510034262994385656e+01
2.513935059385488202e+01
2.470382439118830575e+01
2.497456660733047329e+01
2.451492874865714100e+01
2.506597022907975614e+01
2.482552144926450666e+01
2.466243444127437456e+01
2.516802484061527778e+01
2.497174191455211556e+01
2.486393762156952292e+01
2.501543107013527845e+01
2.502064132257783768e+01
2.453810232413027492e+01
2.493868169629405074e+01
2.452741702835506032e+01
2.510849959879237403e+01
2.488272574698298101e+01
2.510077432088075611e+01
2.515741971917027087e+01
2.472145111471302314e+01
2.451640204723359062e+01
2.510246915368426102e+01
2.519777265816628642e+01
2.489959628623341814e+01
2.475075409332681176e+01
2.535693286967901372e+01
2.484932899271672113e+01
2.523680802504998155e+01
2.525539272479281294e+01
2.478144351118763211e+01
2.501538531586766112e+01
2.508145538117871354e+01
2.490587690593341463e+01
2.507610210630553382e+01
2.487347673729889408e+01
2.466528177780346098e+01
2.492126015465211353e+01
2.484714948978714943e+01
2.479658945924830249e+01
2.507385026263925454e+01
2.479876513120155224e+01
2.494496270343691080e+01
2.487368665126950873e+01
2.505258089658019216e+01
2.461257928295835384e+01
2.472422702258447913e+01
2.495522448922621805e+01
2.487004630825036244e+01
2.506159714987457221e+01
2.487944779383366978e+01
2.503092502108517436e+01
2.458954091467195724e+01
2.468839067657773256e+01
2.490005448258379417e+01
2.472627494034582440e+01
2.475915604426022654e+01
2.484605965437107500e+01
2.521295931717738270e+01
2.495150237841152929e+01
2.504451422846874920e+01
2.500623010840907057e+01
2.522622562018512227e+01
2.484439121502375514e+01
2.475791626751000862e+01
2.527614085151898493e+01
2.498389734172291909e+01
2.481589729838591651e+01
2.494009631678828498e+01
2.509217144066323257e+01
2.514869894449292431e+01
2.472773682832066555e+01
2.461690957602458241e+01
2.496535287180997287e+01
2.515016477007987916e+01
2.525683134158632370e+01
2.486534537366649289e+01
2.516247620441313515e+01
2.477513938603625476e+01
2.481663721793626110e+01
2.485500112787008220e+01
2.463207478884581647e+01
2.526335214765861181e+01
2.482168659889718398e+01
2.475934274477928909e+01
2.462236789555669958e+01
2.472119464881088291e+01
2.486239959007398070e+01
2.501767204481975071e+01
2.493255909213097965e+01
2.525557704627322764e+01
2.508172771033048321e+01
2.491078995552615893e+01
2.460741679141327509e+01
2.473015708240082233e+01
2.492533080019355296e+01
2.502862382791806795e+01
2.527392061858712680e+01
2.501145692718116464e+01
2.485028162890376535e+01
2.488937783483440214e+01
2.512557467445836679e+01
2.499690012369732983e+01
2.485977086272001557e+01
2.494591332830523811e+01
2.485476693371784052e+01
2.482551918268425339e+01
2.488107649222527584e+01
2.488861292934020497e+01
2.486721307226201461e+01
2.471751605578948130e+01
2.504819049670294007e+01
2.479042714355127330e+01
2.499988988531026379e+01
2.499978168914344323e+01
2.490949880550083151e+01
2.493051625379527891e+01
2.479290649651397516e+01
2.507419252355751382e+01
2.482900069643277163e+01
2.472410162469846995e+01
2.484811337988494984e+01
2.485078692464702144e+01
2.479339367989650356e+01
2.499135507518579402e+01
2.517122404795867752e+01
2.485730557688028597e+01
2.506619110348103519e+01
2.479144877376723954e+01
2.477779434023328164e+01
2.527037306850873932e+01
2.495352028569634584e+01
2.490222305747642295e+01
2.521017530523187489e+01
2.527745242993617225e+01
2.496924104335584715e+01
2.502045117931159268e+01
2.499592789935989501e+01
2.500322633477504652e+01
2.486247435443310039e+01
2.479313603569026725e+01
2.514477054113848098e+01
2.460014215239104729e+01
2.465337654179071691e+01
2.486115979483033200e+01
2.453835232116840714e+01
2.515926863785191969e+01
2.518084452760343694e+01
2.475556670823255345e+01
2.481745044056099658e+01
2.508563545459577782e+01
2.512737580627150535e+01
2.462203906675138754e+01
2.490657936222978819e+01
2.482820092884263374e+01
2.465135171274344472e+01
2.497604862866763398e+01
2.478861544724405164e+01
2.517843486720164137e+01
2.490528371623071280e+01
2.499529373342537752e+01
2.512361599046444027e+01
