# Variable: A
# Sample shape: (3000,)
# Date: 2018-06-06 20:48:17.911094
1.469878444399133066e+01
1.493792966336450334e+01
1.463451219430844041e+01
1.489130320567629795e+01
1.462349754450051798e+01
1.471321735589078727e+01
1.498950505952693568e+01
1.457020383446985257e+01
1.486105094456890185e+01
1.482656636849265119e+01
1.466077869242415943e+01
1.477424410015147949e+01
1.477512902866308586e+01
1.467337392120349371e+01
1.446488881077103450e+01
1.520354844476464606e+01
1.472396285642288127e+01
1.483017400736510716e+01
1.476350316999338830e+01
1.461111807312046373e+01
1.504513342558549738e+01
1.473648012832489407e+01
1.469147488701523763e+01
1.443760734569743498e+01
1.454388955986724419e+01
1.474181782816472364e+01
1.478362406892799363e+01
1.482655661474231579e+01
1.470785667755134440e+01
1.494896479736066652e+01
1.443810625298367256e+01
1.444089233694560015e+01
1.460745155315531818e+01
1.459701372154280996e+01
1.489047739462468556e+01
1.473953082849857488e+01
1.456588116297080759e+01
1.459484603462785302e+01
1.450558110287591163e+01
1.471702170647252927e+01
1.464623969996256037e+01
1.447092046399509258e+01
1.476194589201166174e+01
1.451469551443993211e+01
1.471904500420464146e+01
1.437853165580654036e+01
1.475294489291881916e+01
1.466013276537075072e+01
1.472128722476564100e+01
1.481155375969205323e+01
1.472894693591866933e+01
1.463239354297521011e+01
1.479422063192528114e+01
1.501155882880415682e+01
1.474178194796619579e+01
1.469249239735068180e+01
1.439376952020656120e+01
1.465040748730898024e+01
1.473188807950633894e+01
1.467057600110683069e+01
1.484164260649475331e+01
1.462466838966482463e+01
1.479739104657974558e+01
1.481428129834113960e+01
1.446892086378078623e+01
1.469117748055069583e+01
1.450763352254889682e+01
1.469587628320616979e+01
1.465954949204954261e+01
1.457353196120563865e+01
1.463599290043465473e+01
1.471180809018183311e+01
1.484515624354422414e+01
1.484590390395823789e+01
1.482341777554515616e+01
1.493820564472953727e+01
1.454201606878242536e+01
1.478108956034243704e+01
1.480804713768206682e+01
1.479385360618891809e+01
1.469942561954649918e+01
1.483436280086770509e+01
1.453282489281758671e+01
1.464547029976721326e+01
1.473018854676611689e+01
1.489160878427932566e+01
1.464025890264878704e+01
1.477866978132856168e+01
1.459791052784946608e+01
1.467113490080694227e+01
1.489852181528256914e+01
1.456439320813226423e+01
1.460363884274250346e+01
1.485132350685104008e+01
1.476637706935657945e+01
1.485666576980828602e+01
1.465631447845309054e+01
1.487352709934621764e+01
1.454978241312548093e+01
1.465447762338207127e+01
1.480086405329070054e+01
1.482119195945518975e+01
1.483923930774174238e+01
1.462457347391496398e+01
1.458639765916561437e+01
1.465462363215987551e+01
1.475946520657426042e+01
1.477537875597068506e+01
1.473109530968674541e+01
1.468771364393984058e+01
1.464675535448345833e+01
1.467135707004331557e+01
1.466624678611920807e+01
1.474553744855174386e+01
1.479885600334161389e+01
1.508212566434384350e+01
1.470460651067377711e+01
1.487429677524838567e+01
1.476643505127228195e+01
1.481915281221296432e+01
1.461155438225766190e+01
1.469454465592607662e+01
1.490218758587214865e+01
1.486235590696607112e+01
1.456315948335229571e+01
1.484421089961958096e+01
1.475211400958958663e+01
1.460611812478344262e+01
1.492934968635349513e+01
1.480048818263158594e+01
1.485281843156721848e+01
1.466396297594418030e+01
1.458983211251054435e+01
1.438308838489527908e+01
1.481642966933638128e+01
1.515355567963772287e+01
1.465751386004757251e+01
1.452710496628678705e+01
1.475457177452770985e+01
1.457369824804587921e+01
1.468446064396324857e+01
1.456182999308106929e+01
1.477066992110339427e+01
1.480794001166587570e+01
1.480772404542730847e+01
1.464027078076594535e+01
1.471021652310857419e+01
1.465884564782547628e+01
1.482010470777231603e+01
1.442575918861110829e+01
1.505792629208462685e+01
1.499959236408489716e+01
1.481526728049863983e+01
1.471938350219982183e+01
1.495796088086662756e+01
1.486703984888458940e+01
1.482833196854891966e+01
1.452055579031273247e+01
1.445346712064736572e+01
1.458075929930878978e+01
1.478845749451325808e+01
1.479896171057132115e+01
1.462873494608807157e+01
1.476892143967714155e+01
1.469360944402599500e+01
1.468432037050296479e+01
1.462062615695005974e+01
1.471314955923916479e+01
1.454898450040855096e+01
1.482745422836609173e+01
1.478483971191953827e+01
1.483286867523204933e+01
1.482002282513367319e+01
1.454402651166841132e+01
1.492866345263054662e+01
1.450227404356250283e+01
1.464090058740434941e+01
1.469571813898566859e+01
1.483797154911855998e+01
1.478429178064233085e+01
1.480114412245691291e+01
1.454784170515235786e+01
1.468545248447042262e+01
1.467392405929460075e+01
1.461176410076943988e+01
1.451610195801691461e+01
1.480769136897310645e+01
1.417962486167672331e+01
1.471617430826165140e+01
1.461378896616377965e+01
1.454797669328128862e+01
1.475223485168573490e+01
1.488039824424446067e+01
1.451795975902996005e+01
1.481715146025836560e+01
1.455732929690974409e+01
1.476801506625642268e+01
1.468136617997628335e+01
1.442538965331618428e+01
1.450949369987349513e+01
1.479814908679688124e+01
1.461247762918720028e+01
1.469312131638469765e+01
1.483996595716809708e+01
1.485003899933041360e+01
1.480890154499518729e+01
1.498627577903164543e+01
1.491615520560902475e+01
1.458377400128219392e+01
1.448796109989509517e+01
1.505123701721432994e+01
1.495810050788030132e+01
1.501003929975466455e+01
1.475565723740929869e+01
1.481440380201204654e+01
1.493870957592033477e+01
1.475582367748334534e+01
1.464194493988198253e+01
1.460238958501672357e+01
1.457739116084277065e+01
1.467262434023431972e+01
1.478811862599904359e+01
1.472029848680706898e+01
1.488264385610155749e+01
1.470213576972811431e+01
1.452271147287072317e+01
1.476400999699683503e+01
1.489621549596983208e+01
1.470427471421454513e+01
1.505547386887754513e+01
1.488073873218248089e+01
1.455611799778978721e+01
1.489544303944017578e+01
1.478101253189382547e+01
1.509781269308727403e+01
1.478266409673355852e+01
1.511167855313492225e+01
1.484186044219291389e+01
1.444273380669396722e+01
1.499284026951277049e+01
1.451185908829178040e+01
1.439334437405441491e+01
1.486703505551272642e+01
1.494404069856871864e+01
1.472985560417834527e+01
1.457556907169230520e+01
1.487549552918517648e+01
1.461260214801243151e+01
1.458641680797104634e+01
1.483950287508405097e+01
1.466852670711247164e+01
1.471236521664705599e+01
1.482131644069126430e+01
1.477240416845359938e+01
1.464859990811471135e+01
1.471052781713213697e+01
1.460231069819506722e+01
1.470334629381460623e+01
1.447700862030663593e+01
1.469152177956678251e+01
1.467891155653964752e+01
1.479443546390282016e+01
1.474845044814707151e+01
1.480272517644680619e+01
1.485143059470684435e+01
1.465752662413549423e+01
1.489918808053079147e+01
1.478434161275726133e+01
1.461170360762437070e+01
1.453264411546390100e+01
1.468533607588228307e+01
1.482646309667170925e+01
1.451322441333146429e+01
1.525825633029261930e+01
1.480845999839368865e+01
1.450431077768648436e+01
1.457390783541296919e+01
1.482184236032090219e+01
1.482994040927149193e+01
1.474466504929501376e+01
1.509676498371598008e+01
1.454149845630186455e+01
1.448185061118134875e+01
1.485762031540248174e+01
1.474103560536943114e+01
1.459667184821744712e+01
1.469160439439404442e+01
1.491609098216650686e+01
1.481459562300765498e+01
1.477046703321776100e+01
1.480733398008760027e+01
1.439169056973848804e+01
1.499203671889698164e+01
1.475595329703605785e+01
1.493620186632549540e+01
1.462294820136047058e+01
1.493971280242026367e+01
1.468889612609629758e+01
1.477308600529764426e+01
1.480145541456931113e+01
1.476762877925153816e+01
1.515180506613113387e+01
1.461556309510116058e+01
1.455252652630817423e+01
1.466227499109753651e+01
1.457487936717096844e+01
1.472278827525523859e+01
1.482935845657217477e+01
1.477927444140047442e+01
1.470594713447013291e+01
1.480371678450786987e+01
1.487970699830125021e+01
1.434468314766176711e+01
1.481064020258035008e+01
1.445147068562855353e+01
1.468004148105341500e+01
1.486375882909614532e+01
1.462471867251568902e+01
1.457328367464010022e+01
1.467272113544747292e+01
1.477300898948836405e+01
1.475903005790754108e+01
1.469183023164444180e+01
1.454921698469077462e+01
1.447673042148598022e+01
1.474676712497445230e+01
1.480007473801926210e+01
1.487685200346200531e+01
1.471853840067010211e+01
1.467183722241651722e+01
1.470995367545871879e+01
1.504358901618083877e+01
1.473503467272599110e+01
1.457750782937570122e+01
1.486390437890891469e+01
1.485941876191690803e+01
1.498321210299126349e+01
1.488689364988985986e+01
1.486862902053799473e+01
1.440692895038432830e+01
1.440927578240357576e+01
1.479021212861388079e+01
1.467281764167747049e+01
1.475514699378227945e+01
1.454810852611208460e+01
1.465058682397998879e+01
1.478867352085588749e+01
1.478755422714458767e+01
1.459811607873784745e+01
1.489881386227951765e+01
1.473166839582809295e+01
1.474133156273009426e+01
1.461808708705865101e+01
1.481817618730076447e+01
1.483702537389556220e+01
1.486904318815186876e+01
1.467872741318469387e+01
1.469365290152914660e+01
1.501923560688928383e+01
1.470012403163199544e+01
1.474571745838704828e+01
1.465101421118264291e+01
1.483455535504656631e+01
1.459196101312748262e+01
1.440221150283665352e+01
1.494854215013861065e+01
1.462715280506216864e+01
1.505117923086691434e+01
1.470056036424644752e+01
1.469581326712142832e+01
1.472016945627177265e+01
1.469303303683948592e+01
1.434275092875668989e+01
1.482107066600445044e+01
1.486338517642611734e+01
1.467944725413383900e+01
1.477764799372755355e+01
1.490962187324669586e+01
1.507379012439354860e+01
1.500412370571678089e+01
1.449835443562401593e+01
1.487412429967141136e+01
1.495879825548036379e+01
1.450512380004208701e+01
1.495598599246210902e+01
1.461132308100649446e+01
1.489738490725996201e+01
1.455483563515081258e+01
1.468468219798936936e+01
1.479256806973389793e+01
1.489789576619620171e+01
1.481388196298862070e+01
1.448782602890636539e+01
1.469451360221761149e+01
1.462537229532683902e+01
1.480369395173863900e+01
1.485646375117195106e+01
1.464879408100794755e+01
1.458991074415486899e+01
1.469499452287070795e+01
1.470546357589825170e+01
1.460225950980973941e+01
1.489313287245757600e+01
1.479314829462276748e+01
1.472057285266310345e+01
1.468282883514318016e+01
1.455624565709387319e+01
1.466930179837802584e+01
1.465652279947649816e+01
1.481088219513036464e+01
1.497912073572880587e+01
1.446756541450788802e+01
1.482727129672923105e+01
1.487952904629894668e+01
1.481762319070190692e+01
1.497034661174882686e+01
1.490148930252302506e+01
1.481600397015850668e+01
1.487829277102690639e+01
1.478811110690273445e+01
1.471691811836808306e+01
1.489954436165887763e+01
1.466665665302138777e+01
1.474065136551855737e+01
1.466363171525861198e+01
1.491794539290628130e+01
1.479524122973314348e+01
1.497648056694155905e+01
1.460470992322245998e+01
1.476356504285034710e+01
1.451481031995527715e+01
1.483673700023220654e+01
1.492589907602654975e+01
1.495073502055837800e+01
1.489015625574666757e+01
1.470258789373809272e+01
1.474864174146336637e+01
1.474694390679740152e+01
1.477648567775044341e+01
1.482835993935165853e+01
1.484839807689438551e+01
1.493014950954589004e+01
1.484099721523228688e+01
1.444307055705396081e+01
1.483666789396191099e+01
1.477295164079421319e+01
1.479757856817002803e+01
1.481621461352728808e+01
1.450586205383610938e+01
1.512862773817049344e+01
1.479466507932953512e+01
1.441503476126496608e+01
1.477146167523630638e+01
1.456021836645125589e+01
1.489356747883493348e+01
1.467817142981177092e+01
1.476963279825595698e+01
1.469446697015323089e+01
1.468237050115860143e+01
1.471148233819039319e+01
1.469600371996227217e+01
1.440930915422599945e+01
1.472183033040494671e+01
1.449376226367217235e+01
1.489067085314519723e+01
1.468215402677098247e+01
1.457472897272522872e+01
1.451920624924447623e+01
1.486882282032907909e+01
1.489193662882975566e+01
1.492562798425765180e+01
1.464584032717494821e+01
1.481952619783148428e+01
1.470467921988435123e+01
1.484854177792007945e+01
1.468287653247461222e+01
1.456330702670986454e+01
1.464920535802082213e+01
1.476900287359787001e+01
1.496609324273025798e+01
1.492022160638739159e+01
1.477862420204998450e+01
1.476368814413364028e+01
1.458368839374905157e+01
1.492045970008014422e+01
1.489696187685851569e+01
1.472135541033471640e+01
1.473585540044236808e+01
1.461475253508323036e+01
1.498071608133555799e+01
1.495014632925300901e+01
1.471837776000016973e+01
1.474482338188576414e+01
1.478474452058953226e+01
1.474609079553296809e+01
1.476356540887432622e+01
1.481346693313763296e+01
1.442631902476269090e+01
1.474767027110659434e+01
1.493294283982745263e+01
1.485519697303131892e+01
1.465867662472580335e+01
1.497057984629245908e+01
1.463133482229327420e+01
1.484997450543613340e+01
1.474369029599978376e+01
1.462587580314323610e+01
1.476858637505048222e+01
1.487645785622847150e+01
1.481611100499664424e+01
1.491198607001550336e+01
1.482771102396751672e+01
1.465081195016129989e+01
1.478961860727547695e+01
1.470874533160607811e+01
1.476398947745729195e+01
1.488272134666306457e+01
1.450534569283085951e+01
1.479620969285848453e+01
1.468148177948743083e+01
1.490304751395152572e+01
1.471926957884706155e+01
1.458670022209067341e+01
1.466187457535370697e+01
1.478418110743692004e+01
1.454535716035228177e+01
1.448737152579748155e+01
1.464672646636224940e+01
1.465490565146855850e+01
1.443536367798700937e+01
1.464418391512435491e+01
1.469849583454080566e+01
1.452651026754292474e+01
1.461451257079329125e+01
1.498165194008879375e+01
1.480876404260523849e+01
1.493917010528723566e+01
1.503078988772927715e+01
1.450893069713758265e+01
1.483152868003049818e+01
1.457439690983420810e+01
1.479166492091024665e+01
1.478302412316856973e+01
1.464463021784428598e+01
1.456019944420208923e+01
1.480351609042018701e+01
1.473425056576787284e+01
1.445064875316849573e+01
1.462925053340237191e+01
1.485874499044070340e+01
1.461275082980725415e+01
1.440056312941739236e+01
1.480023779482971769e+01
1.469995031812587527e+01
1.476635377760276491e+01
1.474107636656104958e+01
1.451996774647704491e+01
1.475039537278382618e+01
1.500943087510774099e+01
1.488199276343720889e+01
1.472735821526133648e+01
1.454733673916702763e+01
1.461149747169864632e+01
1.494178679801014731e+01
1.484062483541219102e+01
1.460368585003481634e+01
1.475801747362456595e+01
1.478597847959770029e+01
1.492327268773544802e+01
1.466798021165805999e+01
1.474561460389392309e+01
1.453743650847574642e+01
1.470165476572091912e+01
1.482395090660590675e+01
1.474347365501015794e+01
1.470280935318726456e+01
1.456553816224441356e+01
1.464042352616160692e+01
1.484775464297457148e+01
1.490582760445339083e+01
1.459066104892643700e+01
1.453510512479551053e+01
1.486844060842090798e+01
1.457484555437611284e+01
1.505339496039862013e+01
1.489871235311801811e+01
1.471959261763125149e+01
1.480067574214476522e+01
1.502352778385450094e+01
1.484720759519198552e+01
1.467947722671016741e+01
1.478868787592437251e+01
1.437289177781175020e+01
1.436992739714721523e+01
1.444202677227415954e+01
1.475321612343463507e+01
1.486545742493071032e+01
1.474578665115879517e+01
1.503067183857075406e+01
1.469827324459674323e+01
1.474286550925447337e+01
1.464483066428525859e+01
1.452064292450446281e+01
1.500683277500678692e+01
1.483816408545758669e+01
1.494549216771880573e+01
1.475875270960975350e+01
1.482147711511898969e+01
1.462420754566187142e+01
1.492755308621116583e+01
1.472724583542500021e+01
1.477990334414878859e+01
1.485807643532931799e+01
1.466229264489408202e+01
1.458067119301715842e+01
1.486572751611762300e+01
1.471348087512255276e+01
1.461158576480606008e+01
1.451955528523052408e+01
1.454720826431880631e+01
1.453467486685193144e+01
1.472799757792355102e+01
1.463046997773683344e+01
1.488855830508590472e+01
1.455989594910589524e+01
1.477805197645344037e+01
1.462305671548312347e+01
1.469761407678502430e+01
1.459640826550898396e+01
1.457824520809375812e+01
1.472124788602096501e+01
1.493640152542044319e+01
1.502005505859815493e+01
1.479489389853016412e+01
1.462753646359291970e+01
1.449257138265027045e+01
1.471158591507212954e+01
1.475284043237638976e+01
1.470766351405056582e+01
1.469556071656915641e+01
1.452980458569715516e+01
1.484427270050599468e+01
1.478693193451592869e+01
1.489601954032238673e+01
1.484204596543508181e+01
1.460910391563256994e+01
1.485552532800179648e+01
1.447379049665243400e+01
1.469313039621540184e+01
1.457728949505031046e+01
1.468859191825051447e+01
1.464022484562582704e+01
1.481298565782716814e+01
1.439107917948142479e+01
1.465172212596922741e+01
1.468957106170158333e+01
1.489064765786350719e+01
1.457423908569816184e+01
1.452021320428695894e+01
1.464640194980347054e+01
1.467513915554167525e+01
1.475598113692642599e+01
1.440245770553764970e+01
1.507270343966838055e+01
1.467898684181111513e+01
1.513592990214298162e+01
1.468328891464003760e+01
1.488891352091600595e+01
1.460345396194305678e+01
1.431658088360723013e+01
1.482020586646546612e+01
1.473592289839635860e+01
1.488211411874754475e+01
1.465907291460749384e+01
1.477188515051860129e+01
1.483203130168170780e+01
1.481478458345970850e+01
1.458067273859918345e+01
1.447343566496070366e+01
1.491502811589897526e+01
1.461022522086957665e+01
1.480083076829705213e+01
1.481761437726050623e+01
1.454099437444469523e+01
1.459663479074678705e+01
1.454875228018399902e+01
1.463085818948034955e+01
1.493227508307397855e+01
1.468456795302626361e+01
1.474441511728235454e+01
1.476829115908545553e+01
1.467604764535726503e+01
1.440817035582916539e+01
1.460820337979762762e+01
1.477812823702195821e+01
1.500389029551312881e+01
1.472112881625385761e+01
1.442912565944154046e+01
1.476263749867789166e+01
1.509465662777404305e+01
1.467423369357625695e+01
1.509198705432182130e+01
1.478686852238753247e+01
1.463598801749666478e+01
1.451710723755406818e+01
1.465640818271979207e+01
1.459281348115045951e+01
1.463836361834746036e+01
1.471075427673698677e+01
1.477814292866105461e+01
1.467669722293933177e+01
1.467704583927818263e+01
1.474151176442746092e+01
1.477466264830763798e+01
1.487776975363195398e+01
1.480917638366746303e+01
1.482301660618377603e+01
1.464323885918331314e+01
1.475954119539466447e+01
1.502419457288253035e+01
1.448158493568797667e+01
1.468243598718908238e+01
1.460102198865403267e+01
1.498686175635775619e+01
1.487394316223938162e+01
1.475890565016247180e+01
1.473050514963852997e+01
1.481418124611949771e+01
1.476257383122770328e+01
1.492408891873770749e+01
1.474913253078564246e+01
1.481417946744459613e+01
1.480667810930074957e+01
1.458356604010445245e+01
1.465892579437893772e+01
1.455813161103862186e+01
1.472875599245703171e+01
1.462273506061696970e+01
1.469355510155833322e+01
1.470021971911349645e+01
1.488287673976390835e+01
1.465605539318679185e+01
1.472968429777467136e+01
1.466535383164845818e+01
1.482785870650019788e+01
1.462234412972214059e+01
1.486777053732995313e+01
1.453854024170527914e+01
1.446530255395729014e+01
1.462530859116607829e+01
1.470743718023464908e+01
1.484252453696525542e+01
1.462063778661814872e+01
1.476544292990063489e+01
1.467813223541229561e+01
1.475217810389402295e+01
1.470490775677582462e+01
1.462179443839670512e+01
1.498376715735345854e+01
1.490161246732568578e+01
1.465201162770924093e+01
1.462041150238333209e+01
1.496964210353963409e+01
1.488732653088445268e+01
1.474072316628388357e+01
1.491591040643142030e+01
1.450871287810575261e+01
1.479169585823082755e+01
1.467084337886307388e+01
1.487016948914985370e+01
1.471693586204927051e+01
1.454791175020344873e+01
1.514074124180986480e+01
1.454085370893602303e+01
1.490250380237577943e+01
1.460465741319018207e+01
1.451047169404684034e+01
1.481233703343711383e+01
1.465472068034362607e+01
1.474542213869285590e+01
1.456293770573400792e+01
1.484405140788384259e+01
1.480971830993866867e+01
1.473031684516881334e+01
1.493270379279355176e+01
1.481281075206410414e+01
1.472269697649439557e+01
1.477372831452827917e+01
1.482903912885178244e+01
1.453555735295539364e+01
1.469980144442120640e+01
1.459076325952159259e+01
1.493675658662813710e+01
1.484402046234787065e+01
1.474129499344178562e+01
1.457067880525174886e+01
1.486231831443916640e+01
1.467928730634133849e+01
1.493884818056079133e+01
1.479269473344057140e+01
1.461472925150891733e+01
1.482766826427741158e+01
1.486546446484252826e+01
1.482907495817052279e+01
1.469875433699943734e+01
1.479661744741562757e+01
1.476140802180823997e+01
1.475907182387336114e+01
1.495127965079863941e+01
1.463920263126719590e+01
1.444920056961256982e+01
1.468276274323522834e+01
1.485686532744513677e+01
1.452813143430345733e+01
1.457628467217175938e+01
1.485404043633077897e+01
1.502562199814904709e+01
1.473438932192507345e+01
1.484113307557576000e+01
1.475187703310623277e+01
1.496639944656661037e+01
1.466696853862167060e+01
1.482399311995908064e+01
1.475542301639021048e+01
1.502679697526183666e+01
1.480472795326787683e+01
1.447934392416720506e+01
1.472209789085579956e+01
1.469744905458548523e+01
1.473387412540817820e+01
1.476582347165834719e+01
1.469287790733816124e+01
1.462522836465136145e+01
1.476496495770750528e+01
1.483023268669702865e+01
1.499379434739978656e+01
1.468464193829837683e+01
1.477578925991735126e+01
1.479665011333126223e+01
1.498601341368380346e+01
1.491433753581369714e+01
1.497383934739691114e+01
1.462488094760441193e+01
1.481772854261260264e+01
1.489139700345781847e+01
1.480854171216171267e+01
1.482616860606911935e+01
1.435636416370214263e+01
1.460719425971679364e+01
1.473192190540324198e+01
1.470801959479568666e+01
1.484185766133097495e+01
1.448171210293144640e+01
1.465238598706635820e+01
1.438131204677734232e+01
1.464147621218302930e+01
1.481305545982663396e+01
1.483514217502758825e+01
1.480972121201397762e+01
1.493374051390063251e+01
1.470356012532856838e+01
1.456318501375182173e+01
1.474783167501252557e+01
1.478910129393310235e+01
1.469500015735217424e+01
1.470463483594892118e+01
1.488162776106984886e+01
1.484214468865381953e+01
1.496811845497729543e+01
1.504149783430742282e+01
1.466447695268152174e+01
1.467793200011967159e+01
1.459064952521093339e+01
1.452164498842888385e+01
1.485000939165648326e+01
1.457847644597190673e+01
1.463498092964585418e+01
1.466475219772824090e+01
1.480452577084690624e+01
1.461033995715048128e+01
1.503568048612588726e+01
1.474584771110428072e+01
1.483459153552657384e+01
1.479033049218060292e+01
1.473335463500680653e+01
1.465680234773168067e+01
1.510213806318729901e+01
1.475997294717952180e+01
1.469642339251411478e+01
1.460570042798891421e+01
1.442758523357082190e+01
1.471115724917870082e+01
1.468578781257346222e+01
1.506518813232220921e+01
1.476368672169604501e+01
1.469406289875580995e+01
1.483770172795922448e+01
1.477237944800553038e+01
1.482030992312089701e+01
1.478735943159025013e+01
1.490535770424253847e+01
1.456039950674081673e+01
1.480901742951163946e+01
1.453876591812380781e+01
1.486730446217410595e+01
1.480009718074937197e+01
1.450612644577607391e+01
1.463373607589661418e+01
1.455678179376758763e+01
1.452922551686518737e+01
1.507023385084172951e+01
1.463361917725901584e+01
1.450895194945980471e+01
1.474110626834256088e+01
1.481002977550873112e+01
1.487830281674167310e+01
1.482389062989864392e+01
1.464130179773017559e+01
1.479277017462074184e+01
1.464008630115539766e+01
1.444034619715278644e+01
1.479050138372153178e+01
1.454834018652984717e+01
1.484487693233312200e+01
1.479428893940390743e+01
1.482508575613219648e+01
1.482023998157774969e+01
1.477390240063408733e+01
1.498030598809789282e+01
1.471152582235362161e+01
1.485892237117562154e+01
1.470450713841396961e+01
1.464331710633155659e+01
1.477820340707843805e+01
1.461108344377925938e+01
1.480392842283396426e+01
1.460857910434819651e+01
1.484795967738803313e+01
1.480539542282697951e+01
1.439733741133618494e+01
1.469541921394810657e+01
1.483824913920685162e+01
1.498603190077664848e+01
1.449915561861875624e+01
1.501478604227768621e+01
1.485377643459312580e+01
1.486199861384095477e+01
1.473582772904645033e+01
1.474912046868383619e+01
1.488540394468975592e+01
1.491264980200102386e+01
1.496165446084084749e+01
1.480069534524329633e+01
1.468151111863598857e+01
1.462555108079456012e+01
1.476722860577791430e+01
1.494978649590471420e+01
1.489203791387271991e+01
1.486102238644379092e+01
1.468844319796230735e+01
1.452994023249918243e+01
1.479826851049572767e+01
1.452319110094093269e+01
1.461264014508451936e+01
1.467867853672840894e+01
1.461917506056819605e+01
1.460190781983178887e+01
1.467921152904898285e+01
1.459065179379764032e+01
1.468645864930797984e+01
1.488951689715507953e+01
1.499457244559751068e+01
1.466536657873978022e+01
1.464881747882560603e+01
1.458894118615865665e+01
1.488660436216290783e+01
1.515590077753231313e+01
1.464907760949218130e+01
1.471907280387499561e+01
1.449373411666582712e+01
1.459985778043432347e+01
1.482483142318284308e+01
1.459223432326788839e+01
1.497366728413337000e+01
1.470798631439352100e+01
1.471128505589779500e+01
1.477751135222024637e+01
1.489175730206380877e+01
1.469014141052707423e+01
1.451506566820373578e+01
1.474907247119337228e+01
1.478699041542638781e+01
1.490478935929621862e+01
1.451628163915279224e+01
1.469374765071815148e+01
1.473171071214822270e+01
1.463570785785075756e+01
1.450737798094090181e+01
1.476592464290169460e+01
1.461056273761863267e+01
1.485176498944407086e+01
1.459866764748704959e+01
1.479227569743417448e+01
1.462571852462198940e+01
1.480159293936589471e+01
1.483581221697881070e+01
1.474034274620054674e+01
1.492423506553361179e+01
1.480054306262375796e+01
1.495103073771113600e+01
1.460730639247439022e+01
1.480880790439657524e+01
1.464298521885453930e+01
1.483599933651318281e+01
1.478332874196281566e+01
1.511086855427465281e+01
1.463440255347362218e+01
1.494492714130693933e+01
1.476763405285451647e+01
1.477884291471495537e+01
1.493363069151172162e+01
1.472533714080101852e+01
1.495588871861829716e+01
1.482074247341555129e+01
1.452851043824399291e+01
1.473251128074612026e+01
1.456290616047522057e+01
1.481718128349550945e+01
1.469354832933890442e+01
1.485315348502278354e+01
1.460322767957688939e+01
1.476571759081990187e+01
1.456535278770363817e+01
1.448052260226749155e+01
1.492741854166865068e+01
1.476714159023675421e+01
1.494631869125094603e+01
1.451138202005073197e+01
1.477961055031240356e+01
1.474882122171636567e+01
1.479166872198684501e+01
1.470605984432331681e+01
1.476302426050535921e+01
1.464476027402716696e+01
1.480938531421993787e+01
1.489010790205851897e+01
1.486662074813466283e+01
1.475211084653435378e+01
1.492443267318199496e+01
1.473639409687855384e+01
1.476744985795393106e+01
1.460296666693508527e+01
1.490995142424003994e+01
1.473729896150323171e+01
1.471479499077379316e+01
1.477850668425250014e+01
1.479709015296311669e+01
1.488519050686678469e+01
1.479208663039394089e+01
1.442286929547523755e+01
1.475205482765524678e+01
1.483648123269683339e+01
1.472506628518406124e+01
1.481071665473770160e+01
1.447097610421507596e+01
1.483227283068206859e+01
1.479621446097366011e+01
1.475693883845940491e+01
1.481051056752036033e+01
1.443973723573138379e+01
1.463440295625874121e+01
1.463797862138529915e+01
1.475551178469414815e+01
1.487224608166780193e+01
1.475717111075459265e+01
1.477698857918014319e+01
1.487667744343266563e+01
1.500442952749753367e+01
1.480598487091151050e+01
1.471075777819232577e+01
1.483698159367970781e+01
1.476672205192533305e+01
1.486797205805510202e+01
1.486792613570485955e+01
1.468129232338715084e+01
1.462511430788075906e+01
1.510874336929661688e+01
1.474358403061860123e+01
1.472609433799247469e+01
1.479744890465247664e+01
1.476939186541991766e+01
1.480147164881132937e+01
1.482926680586461465e+01
1.481894289068673487e+01
1.451470333394288659e+01
1.471598708392966159e+01
1.457652644317423452e+01
1.477833072718669172e+01
1.466136280907606881e+01
1.480680003850280180e+01
1.464150995068288985e+01
1.478342031046364013e+01
1.482704197042341576e+01
1.485332620625567124e+01
1.452725618305945510e+01
1.464543728599278793e+01
1.495456889872617978e+01
1.483003549509287744e+01
1.425657923878821798e+01
1.461256007053418138e+01
1.484045015201147599e+01
1.467295633883844275e+01
1.476148318990043684e+01
1.488463863197682535e+01
1.461838704245729836e+01
1.483633277437196618e+01
1.453121697765387488e+01
1.470096108085804154e+01
1.481263319346817653e+01
1.492110025934792361e+01
1.492756809269864604e+01
1.469020456386619955e+01
1.478815453388467205e+01
1.462430222191372486e+01
1.478560503963661255e+01
1.495974667862382290e+01
1.472044035799145334e+01
1.484706622569556878e+01
1.466931760794424910e+01
1.480489493115366884e+01
1.475503504141941313e+01
1.486255925765397023e+01
1.485072506208907051e+01
1.491994104529213949e+01
1.464927196320866365e+01
1.469186561297437166e+01
1.476623521580178888e+01
1.483155338710971627e+01
1.471229216689864927e+01
1.461722676477246452e+01
1.464314344112590938e+01
1.466839636616384901e+01
1.489287985389933411e+01
1.487724575595764698e+01
1.464943071431683919e+01
1.472852766177969741e+01
1.455652756434537665e+01
1.472222512321423338e+01
1.467096465861981969e+01
1.471894177997509701e+01
1.476460482731615542e+01
1.468392104754723881e+01
1.469729777415960470e+01
1.480227397664208588e+01
1.465945635255674695e+01
1.468141060648943785e+01
1.477782285325533174e+01
1.493945397611862447e+01
1.478618286761878942e+01
1.487647171507380861e+01
1.488462134575670248e+01
1.457041935964754842e+01
1.489915558954994168e+01
1.448364100886956862e+01
1.446638983486922392e+01
1.440879455102770379e+01
1.486685443195789347e+01
1.465755427784800879e+01
1.476112339057244860e+01
1.458853634796930976e+01
1.465398592939585853e+01
1.475684697796330624e+01
1.497872473224376044e+01
1.466151654386777992e+01
1.462319008295518152e+01
1.471445736922121839e+01
1.480531425729599171e+01
1.471153405364348288e+01
1.461736909691115827e+01
1.483637374890401084e+01
1.489416907119695743e+01
1.481685388860776520e+01
1.461596497838882769e+01
1.468485216797822801e+01
1.474716378646733084e+01
1.488242633743468524e+01
1.494686212839235928e+01
1.446286159496918167e+01
1.445551101568854691e+01
1.479435307577727166e+01
1.452432798717488183e+01
1.447103473694891029e+01
1.455942974919536326e+01
1.464804555538218800e+01
1.459867027864976485e+01
1.468402967333527798e+01
1.453321845154973424e+01
1.474643925551719903e+01
1.483711563690283697e+01
1.425405426832227995e+01
1.467754752424859710e+01
1.482479260029759160e+01
1.474481528077248882e+01
1.473129815409925136e+01
1.488628419369410771e+01
1.481789464565071590e+01
1.480917753856929941e+01
1.455047452477653813e+01
1.481138214689718602e+01
1.477359058151027682e+01
1.475133710132248588e+01
1.475651957833144046e+01
1.476110059266227381e+01
1.457539418208120452e+01
1.488602051804635273e+01
1.460909443525636675e+01
1.482127502107996619e+01
1.460270176910189832e+01
1.486255308002628084e+01
1.479306566830924830e+01
1.491794580286259908e+01
1.474157670781837659e+01
1.493653580430625283e+01
1.463466611235697101e+01
1.474682118311897483e+01
1.488405583253763531e+01
1.455793642091653162e+01
1.456299983192084113e+01
1.442339453244041358e+01
1.480745001878841549e+01
1.466390002026998829e+01
1.507300843025972981e+01
1.515221505035373717e+01
1.491982200064845543e+01
1.475802243125811763e+01
1.470090899936680096e+01
1.467274027898444366e+01
1.469543369791312415e+01
1.470185031320271563e+01
1.473283858032457871e+01
1.457997919730851244e+01
1.464991163270141961e+01
1.470267022489483288e+01
1.483494665134939261e+01
1.469361973552994804e+01
1.471481443937835820e+01
1.487280998515195840e+01
1.490076122935103164e+01
1.475266000399907185e+01
1.495415136291259195e+01
1.473199164607158984e+01
1.439968391168324224e+01
1.474346659991649666e+01
1.464613837355405934e+01
1.471833530581147365e+01
1.487208768006242821e+01
1.479902119624280488e+01
1.489990039444113279e+01
1.479825073317103623e+01
1.470706574249026133e+01
1.479387361705864379e+01
1.478140118477842080e+01
1.510694454927143937e+01
1.474565175383137827e+01
1.464976433411995593e+01
1.481889229458738555e+01
1.440468468301086702e+01
1.473049380718750889e+01
1.490024879065882857e+01
1.489550426926849269e+01
1.467070950135783924e+01
1.446837852283834813e+01
1.483497267831778821e+01
1.443651707604685441e+01
1.473699557382139957e+01
1.473193588235444906e+01
1.459039012888374920e+01
1.477602166287524632e+01
1.462255445082384142e+01
1.482214686890545430e+01
1.481792726599884347e+01
1.462715421742538346e+01
1.476738052715771765e+01
1.496537913205911963e+01
1.457274802214738862e+01
1.467068061202801665e+01
1.471829377110427828e+01
1.498560787364717939e+01
1.461019368034085986e+01
1.470976693611821950e+01
1.492613403121399607e+01
1.476605345446968265e+01
1.456762024940175060e+01
1.481306261486353115e+01
1.456749694857559518e+01
1.484985658673688214e+01
1.471842757919760203e+01
1.463942192267309217e+01
1.477898926435845794e+01
1.488995380989649142e+01
1.503466986764798818e+01
1.448825575234986296e+01
1.489652300252237715e+01
1.473341220926542050e+01
1.476044780502398268e+01
1.467301296006002431e+01
1.481903687692639870e+01
1.485827481126787575e+01
1.468415675393853093e+01
1.461972583138863513e+01
1.467311598245842497e+01
1.478363828492164345e+01
1.457558013924274398e+01
1.472308403171519764e+01
1.495883069333909354e+01
1.494325952930195456e+01
1.500096114101976674e+01
1.471052091537952222e+01
1.481949381682370870e+01
1.441894034608542441e+01
1.474666349768270379e+01
1.494977049645248002e+01
1.439807178456707426e+01
1.485859315649482504e+01
1.500370345807678163e+01
1.478452408266884710e+01
1.456834948966661969e+01
1.490989495363165318e+01
1.501190201417997727e+01
1.444151674993339896e+01
1.438445346721712781e+01
1.452006699222286734e+01
1.453846462442943732e+01
1.489800573576206766e+01
1.478442289531366960e+01
1.484383241007884457e+01
1.480831647722094502e+01
1.470619319719365059e+01
1.496187208564296434e+01
1.489837029760825615e+01
1.445723818166485231e+01
1.470256892561367934e+01
1.476925016164914695e+01
1.475908739853725038e+01
1.484812929029500417e+01
1.475551422334094198e+01
1.448103913636902007e+01
1.509891372485776984e+01
1.472808168777588200e+01
1.458756504166220047e+01
1.486161023817443194e+01
1.496089374766866698e+01
1.483325172682551063e+01
1.482258271336145050e+01
1.468367969086931168e+01
1.460407249499261972e+01
1.475967223919738025e+01
1.490542965687301447e+01
1.501911265441097676e+01
1.472418751899910028e+01
1.473311989029827629e+01
1.481936153428323877e+01
1.490621250546061560e+01
1.479255128637708339e+01
1.459711588726059794e+01
1.479974274392758460e+01
1.477804797294201755e+01
1.492861378852502519e+01
1.467415361324222189e+01
1.462474648630027296e+01
1.476297324069849815e+01
1.471887982379286619e+01
1.452082602951501755e+01
1.518218062375219191e+01
1.507087995042838102e+01
1.485845335202766293e+01
1.483574820107405401e+01
1.485196482664027862e+01
1.447872119527443857e+01
1.466173713719295968e+01
1.475257326419916915e+01
1.494478604136597788e+01
1.483841523646624871e+01
1.458379054328242397e+01
1.500866388898615256e+01
1.501542845421375638e+01
1.459749333201482990e+01
1.467575577382069874e+01
1.480475454878538599e+01
1.485330412067027694e+01
1.481749089097351302e+01
1.494919511512234322e+01
1.474986423014356340e+01
1.460280709727054038e+01
1.459964397131881064e+01
1.460776621235939565e+01
1.496950290087114688e+01
1.465425857880645921e+01
1.482844349174816578e+01
1.498958394079940959e+01
1.493272651764788428e+01
1.482890579101457185e+01
1.475155161606510390e+01
1.475126719635138528e+01
1.503647120055260444e+01
1.467330959144734592e+01
1.479662870244985307e+01
1.463375427705346610e+01
1.463379497966180942e+01
1.471927828595176813e+01
1.465937574106289176e+01
1.458214241282022172e+01
1.469685634935835949e+01
1.447127874775717515e+01
1.452115633196869915e+01
1.481646027931604337e+01
1.499496430196389518e+01
1.487227312524057865e+01
1.495364340216017851e+01
1.484105352657555699e+01
1.496732386965459760e+01
1.494520988097664826e+01
1.436845792323157589e+01
1.486972841109345822e+01
1.483026898648890501e+01
1.478983189986868751e+01
1.484698714435712041e+01
1.478117379246435270e+01
1.494808229497363783e+01
1.478009418718490586e+01
1.484238451280298854e+01
1.480322782577550811e+01
1.482612981027680021e+01
1.475794940138239042e+01
1.457843931420526040e+01
1.472253011858373029e+01
1.487770711794763656e+01
1.483166873769410721e+01
1.464110718472059958e+01
1.481523900332109100e+01
1.493886605330283501e+01
1.472244002377822625e+01
1.487437493682299738e+01
1.455869821445409329e+01
1.482970520917321089e+01
1.496759814020838775e+01
1.477187556239737987e+01
1.461189460268789908e+01
1.481000127565199520e+01
1.460213591172514214e+01
1.501105029292866533e+01
1.490935180687023909e+01
1.461006088909557299e+01
1.477594071409912857e+01
1.460883138484281751e+01
1.437811329110182257e+01
1.499978159019137536e+01
1.477849977408434512e+01
1.471677687908396237e+01
1.466951329315501873e+01
1.440572991152129489e+01
1.480455230847861259e+01
1.474516269660251311e+01
1.457790507061338836e+01
1.489724223028080097e+01
1.486477605466287777e+01
1.470107682843116770e+01
1.469578582971098868e+01
1.479900259799237894e+01
1.488581023129416714e+01
1.425765635898012995e+01
1.479024766238031852e+01
1.473318184515253115e+01
1.473178574952886599e+01
1.477989870572057640e+01
1.456150493232188126e+01
1.475801529491380037e+01
1.485333722389811939e+01
1.466108344139717623e+01
1.461769814599714223e+01
1.493371464431641549e+01
1.511299647942317215e+01
1.486299946384004933e+01
1.471904315518042772e+01
1.489404721932690912e+01
1.498288912194778710e+01
1.470806733517575893e+01
1.462181617490404939e+01
1.458255459884986394e+01
1.488515380705765878e+01
1.463374051413356547e+01
1.476418086879308511e+01
1.460840645159301054e+01
1.472487582557094754e+01
1.449056151006709570e+01
1.495013624238582572e+01
1.490678952712695526e+01
1.492423974260660202e+01
1.482063062401101483e+01
1.456520458343531566e+01
1.444262250093873412e+01
1.467364229345176874e+01
1.487116399875399253e+01
1.458390953372085974e+01
1.473774539552718643e+01
1.478776575004767402e+01
1.464184903268767179e+01
1.484054782985004550e+01
1.479631735435495088e+01
1.480114624058426642e+01
1.460433762641967448e+01
1.463574996765918534e+01
1.481885375230997859e+01
1.492553085600536456e+01
1.496332901379662772e+01
1.460649648092621788e+01
1.452798618298280431e+01
1.460798735344107158e+01
1.464805029220261723e+01
1.470761438838409418e+01
1.471525344884978459e+01
1.467493809351382517e+01
1.456952989266286735e+01
1.496428697952780773e+01
1.463508525988813957e+01
1.474129796291019545e+01
1.456548374049866723e+01
1.474070918277955933e+01
1.475868273533299480e+01
1.476364465160718709e+01
1.449195754329834074e+01
1.479574481417045106e+01
1.481692894653865622e+01
1.514265583446350760e+01
1.466796654724542748e+01
1.492443320637033466e+01
1.469984949595367141e+01
1.478622070403227795e+01
1.498568654840575398e+01
1.451270954746063069e+01
1.466492250240278494e+01
1.475091204289062219e+01
1.472804565547184019e+01
1.484326521213456118e+01
1.461808413412501295e+01
1.473888842511742681e+01
1.505228419369466586e+01
1.462342156837195084e+01
1.480186919591224282e+01
1.464779298443576039e+01
1.491231403903011099e+01
1.485579084538309580e+01
1.505454358590539243e+01
1.479159521908433561e+01
1.479796078739187770e+01
1.483306154600644078e+01
1.459556791766009987e+01
1.475055787328972734e+01
1.466842112036672319e+01
1.475034830089844284e+01
1.468725787166994756e+01
1.485436523693666899e+01
1.474418074522028022e+01
1.454770158368279631e+01
1.462268838800471116e+01
1.443779810964379351e+01
1.460503515757421944e+01
1.481072606973115846e+01
1.489998218944327846e+01
1.486961653614274859e+01
1.499495773995005266e+01
1.457186072550476830e+01
1.467606880793588786e+01
1.441516868092074688e+01
1.485315602610702612e+01
1.466072132660070970e+01
1.469803163624369446e+01
1.461645555027758014e+01
1.480053770025786619e+01
1.458188765276319288e+01
1.462200525833907605e+01
1.489597218852711791e+01
1.452937864735497442e+01
1.482288923390173885e+01
1.465995072394114018e+01
1.493510766821972169e+01
1.463742520188907292e+01
1.482175274243185825e+01
1.470480106966434342e+01
1.461435390346493968e+01
1.476202909206448588e+01
1.458657070333019590e+01
1.476692876262861631e+01
1.459252607260967771e+01
1.486170309217027885e+01
1.489651062141136073e+01
1.469584362505900721e+01
1.455143231364101375e+01
1.458906534797749366e+01
1.512214140030022591e+01
1.475631956895621322e+01
1.460519519536448918e+01
1.455246782119270854e+01
1.467103667927469424e+01
1.462089988380572692e+01
1.436971815583014767e+01
1.462918749939179364e+01
1.480546215212627814e+01
1.476639925502588468e+01
1.480905786420474612e+01
1.471876898910430675e+01
1.461710736606768890e+01
1.474973443010987317e+01
1.504331383454802484e+01
1.454582759872276654e+01
1.482567648074974542e+01
1.456017820867288748e+01
1.471583366148542460e+01
1.516564627524202535e+01
1.466879474983103293e+01
1.483818129993616708e+01
1.449622889273532778e+01
1.501987053615335377e+01
1.443260692550255797e+01
1.469663170446418299e+01
1.439831535388606554e+01
1.466595450558741298e+01
1.462909179853070540e+01
1.484530987432312976e+01
1.472673849420353420e+01
1.466499840421463041e+01
1.471634043813375037e+01
1.485899790698258194e+01
1.468312473348950853e+01
1.468355948108353637e+01
1.458762155873730570e+01
1.464135696844616596e+01
1.471903879035061635e+01
1.494775515543394739e+01
1.501719440982375886e+01
1.444014982555654036e+01
1.482035208932916426e+01
1.474884771818225815e+01
1.454858245734373767e+01
1.490808989816067509e+01
1.476916467682119993e+01
1.490311205029749608e+01
1.482420461689878088e+01
1.441303396604875253e+01
1.461910352688527759e+01
1.473043077746767082e+01
1.457186687324288066e+01
1.459350165083355577e+01
1.471209985573736923e+01
1.490685832461429250e+01
1.497807181883823624e+01
1.476862113468835425e+01
1.447624627339824777e+01
1.496126736853291561e+01
1.487361757034403809e+01
1.448138281710489927e+01
1.455450903788486805e+01
1.480293848074500751e+01
1.441311219372052577e+01
1.469118991625886395e+01
1.452174407523522781e+01
1.464820946332588214e+01
1.455979384089945938e+01
1.452539085094543658e+01
1.479207358213385781e+01
1.464574625732176294e+01
1.473802645514410692e+01
1.471219882908467724e+01
1.494740544812074035e+01
1.494884104914625667e+01
1.472448687368707176e+01
1.490526363128165244e+01
1.457904025189493957e+01
1.472656468510266947e+01
1.483071064310098208e+01
1.460744763765397991e+01
1.485702590238886600e+01
1.487168536767732796e+01
1.482548370651654501e+01
1.460943548401493608e+01
1.467973623434451902e+01
1.485920014591954441e+01
1.469507676088322512e+01
1.450318782572630205e+01
1.474997991933784647e+01
1.434229567531529881e+01
1.499241668449636400e+01
1.467923583832268264e+01
1.460933747523761816e+01
1.449660861948203916e+01
1.465581418956391246e+01
1.487727496721009146e+01
1.480176705188545050e+01
1.479368634927118720e+01
1.436274315723447792e+01
1.485516817153271951e+01
1.477515494599983015e+01
1.511679782162473273e+01
1.478013754084029330e+01
1.494975589598200116e+01
1.487728105685203772e+01
1.442595662254337796e+01
1.452917471929205995e+01
1.456223946861762464e+01
1.444039510256334502e+01
1.477357931936506041e+01
1.479574959103350729e+01
1.496848849804594650e+01
1.484238926990406959e+01
1.476239841784410167e+01
1.469462187780920637e+01
1.480790584746803340e+01
1.442633730784936930e+01
1.484454062461048984e+01
1.497944869939665224e+01
1.458991168566446284e+01
1.449282712042004206e+01
1.442618881931011821e+01
1.453838612978002942e+01
1.459934859207188040e+01
1.476144254665650024e+01
1.451084901597696053e+01
1.488767479935562221e+01
1.489817609827215072e+01
1.448318531357853267e+01
1.481566462238980542e+01
1.478150456783838962e+01
1.453556496398892151e+01
1.499032247826334796e+01
1.481700886830553010e+01
1.471501659632374626e+01
1.506777368018878782e+01
1.457710121859435759e+01
1.473608502155237687e+01
1.459248691352532212e+01
1.481950046905637741e+01
1.473126460484499312e+01
1.486569582605785023e+01
1.484777027748346789e+01
1.475785653722104307e+01
1.460934361234821033e+01
1.466301519030785627e+01
1.479029571855724257e+01
1.482235537553704852e+01
1.460180495963175495e+01
1.484303971569551450e+01
1.477162279874992734e+01
1.484200436009854052e+01
1.488792258741186281e+01
1.480160910147420239e+01
1.485001217750930635e+01
1.461093529606375618e+01
1.509195027031697478e+01
1.486234566127403411e+01
1.482818358847552176e+01
1.472923232541470462e+01
1.461201631648081367e+01
1.465581554173289369e+01
1.509833936499539853e+01
1.459518257254829265e+01
1.470196101452831350e+01
1.483689966508111802e+01
1.491807525101589071e+01
1.464063407475209111e+01
1.505404256666360219e+01
1.467163411223717873e+01
1.465217829649817105e+01
1.476226988850849153e+01
1.452056414741580959e+01
1.468410956295580228e+01
1.468054575424674546e+01
1.476616346965538717e+01
1.455748185238451775e+01
1.460593590365862404e+01
1.497776415157781571e+01
1.475988340859058567e+01
1.458118136357184902e+01
1.436108099947258765e+01
1.479059012088963954e+01
1.479955797295995445e+01
1.455004531223505282e+01
1.468526337085227773e+01
1.470034033747705848e+01
1.460234531115925805e+01
1.456443934834641318e+01
1.472363372933644854e+01
1.465413946513488774e+01
1.457490166244988217e+01
1.460442265613612278e+01
1.472946913140267888e+01
1.462581996237875614e+01
1.478325521930241138e+01
1.471670441238320137e+01
1.493581931916564010e+01
1.459990664121498583e+01
1.468789808724245916e+01
1.486082094593782621e+01
1.485349294211113680e+01
1.479395309885409660e+01
1.474898080797264122e+01
1.459043880283537398e+01
1.473950043541461064e+01
1.470575822578298819e+01
1.507405266344366268e+01
1.484841823008290085e+01
1.500107890388545506e+01
1.484523576678921586e+01
1.506238656912776186e+01
1.495932036462127179e+01
1.484180507194423804e+01
1.473798086557981613e+01
1.475019100929569582e+01
1.465114211658394083e+01
1.442936612753368664e+01
1.457865554934780761e+01
1.503957502613079633e+01
1.456053854521169022e+01
1.489480730750554827e+01
1.457558883943000083e+01
1.453858097637014346e+01
1.452294687684198138e+01
1.467571836611229763e+01
1.489143703888021975e+01
1.474911791945997130e+01
1.467013599303324689e+01
1.485386466264544758e+01
1.452806224959297055e+01
1.508138567990469703e+01
1.479380719957006107e+01
1.479451422231221969e+01
1.465980411096589719e+01
1.487403922362516084e+01
1.465716706881915066e+01
1.483655668019571294e+01
1.459424011102628960e+01
1.496076196087609134e+01
1.499477344946221180e+01
1.476328322673061066e+01
1.486099972600671570e+01
1.475262532219347378e+01
1.496114118943156512e+01
1.449955970716563236e+01
1.445805672905047778e+01
1.468662894085662707e+01
1.469689700840806701e+01
1.474300852535518480e+01
1.474880490331390526e+01
1.492993132584829397e+01
1.490904565509709556e+01
1.467969742354425478e+01
1.447986038961646571e+01
1.483888773570138042e+01
1.454646823332335792e+01
1.477633713801710336e+01
1.473313731777772162e+01
1.474963594047434867e+01
1.467971111996688016e+01
1.477981187450477307e+01
1.488924873924084125e+01
1.466381709981669523e+01
1.480378278432805672e+01
1.478636337704379677e+01
1.471697730501627355e+01
1.451866764253462883e+01
1.495809585740272318e+01
1.470617676506077665e+01
1.488798828420160980e+01
1.464240451742955251e+01
1.495568976409306394e+01
1.485306450624754504e+01
1.481623435239928099e+01
1.472670058425732442e+01
1.449849454378159486e+01
1.475909788207522766e+01
1.511156957683813928e+01
1.476853862849645616e+01
1.492595138452364978e+01
1.478508055362688012e+01
1.464111732348900041e+01
1.492878278424149130e+01
1.463284589309518502e+01
1.473703552413437023e+01
1.486942768730782660e+01
1.464367767122291220e+01
1.462842954787137906e+01
1.471144462023577759e+01
1.461505030459786703e+01
1.489012961567959437e+01
1.476086772545280290e+01
1.514155891764812623e+01
1.482935633700810740e+01
1.481640804942603395e+01
1.468093338643048718e+01
1.487845614787247683e+01
1.492273865859460891e+01
1.477194130938117134e+01
1.465372072108906565e+01
1.489991965966493837e+01
1.456381542875592139e+01
1.465592579992989819e+01
1.470168000197021563e+01
1.464440043040354134e+01
1.450597020645223623e+01
1.498093718391846529e+01
1.476377047624191619e+01
1.501060938655946408e+01
1.486706320247834689e+01
1.482808151397594010e+01
1.457672065032573272e+01
1.458111557200003894e+01
1.498138419204482652e+01
1.445502112810330964e+01
1.482718384705036208e+01
1.462707860659402215e+01
1.499575115185140284e+01
1.476246232303622108e+01
1.512895659484359001e+01
1.448271861709556241e+01
1.478846189142424805e+01
1.441409465558399461e+01
1.455256186169486909e+01
1.450719382574866145e+01
1.457569684423931378e+01
1.465989643945644794e+01
1.493944455505086388e+01
1.445915104940306684e+01
1.482326525355992786e+01
1.458388685093027703e+01
1.474615283837633406e+01
1.440990121520797373e+01
1.499957326110092914e+01
1.467223236192545599e+01
1.502869429932417589e+01
1.478883821190864722e+01
1.482632790419569346e+01
1.472011925443042202e+01
1.481331539607826109e+01
1.487794658450850172e+01
1.485291400052377497e+01
1.486192084020397886e+01
1.494490754711545755e+01
1.456134548091218761e+01
1.491247556270537089e+01
1.476444224932308913e+01
1.472770158374781602e+01
1.465020083022759856e+01
1.480106521180984736e+01
1.464962633604445763e+01
1.472291498079244576e+01
1.494026513681073709e+01
1.452021519549477446e+01
1.472068332906785315e+01
1.478769615740723253e+01
1.455184409346672858e+01
1.464351564431192720e+01
1.479770642565545558e+01
1.478728960542759907e+01
1.444164017438258796e+01
1.478869478135379545e+01
1.467899458484957087e+01
1.461982020814253502e+01
1.456734163207585553e+01
1.477555252060139246e+01
1.498102651491268489e+01
1.483964367480360735e+01
1.466533338546168075e+01
1.484988388219315425e+01
1.445402296110649587e+01
1.489525691315906641e+01
1.491622242851609670e+01
1.495088737127951184e+01
1.473799828531749512e+01
1.465987036235649832e+01
1.457893655203675465e+01
1.458966879660146176e+01
1.470776150159763418e+01
1.457870981306159663e+01
1.477005589796520901e+01
1.460148074343092439e+01
1.471694483311453538e+01
1.491028512662115979e+01
1.479383040412025352e+01
1.458900198171120444e+01
1.474363765949760996e+01
1.460795594429020383e+01
1.468915163119971368e+01
1.475088608758698960e+01
1.477993985814284272e+01
1.491867202651982005e+01
1.481337954617294983e+01
1.462575958450758939e+01
1.456791718007615799e+01
1.444625071725970855e+01
1.476041335506904240e+01
1.476703931695813488e+01
1.472023673769973406e+01
1.480492700653753424e+01
1.489979855755716187e+01
1.451093574826051658e+01
1.469064708517944418e+01
1.465661581565753657e+01
1.499514869615337176e+01
1.456452983443752203e+01
1.470197590670718490e+01
1.440892716944322594e+01
1.469000864781311755e+01
1.481724534906402901e+01
1.480735744723232195e+01
1.481599376620010133e+01
1.458428005712961983e+01
1.454272654886961291e+01
1.441115741542366990e+01
1.461093988286176071e+01
1.478402993543354071e+01
1.464541689454624773e+01
1.482257815682487490e+01
1.482711210480236019e+01
1.467790597325655888e+01
1.477394785741465633e+01
1.462413737970208594e+01
1.477569395326236545e+01
1.494211628520063151e+01
1.456748895192476034e+01
1.451295858159824093e+01
1.488794307894564817e+01
1.473074523853930451e+01
1.474650081382524824e+01
1.453758416188947855e+01
1.481523603422271762e+01
1.474068198989106904e+01
1.477747466621012329e+01
1.480752170903197396e+01
1.472414321786840752e+01
1.470015713778235344e+01
1.469227975383290463e+01
1.492373565088751342e+01
1.464580360712841056e+01
1.470642866591458819e+01
1.467474721411075400e+01
1.460192911991148179e+01
1.472278548885291372e+01
1.474112425784183245e+01
1.461124049745648534e+01
1.463868442190976005e+01
1.486455903876902873e+01
1.475017217580433559e+01
1.486793379610232968e+01
1.453796506458550297e+01
1.478093010693185150e+01
1.454527886799385605e+01
1.467029778326499745e+01
1.465824904650458116e+01
1.470762722154061208e+01
1.480969025435900832e+01
1.474462345457862611e+01
1.459595876886760735e+01
1.484686109499188866e+01
1.478253791085304769e+01
1.470360927871279877e+01
1.462632022441262336e+01
1.465433270324545134e+01
1.471526648877408228e+01
1.491034521763581822e+01
1.473226555875099386e+01
1.492626651971062124e+01
1.492670710558212654e+01
1.494590006957066741e+01
1.469846810644227908e+01
1.435682857728336792e+01
1.448472699575856204e+01
1.490196591775584167e+01
1.487033970719456555e+01
1.474238647361937282e+01
1.466507730242483554e+01
1.469777785460375874e+01
1.452702683733339306e+01
1.459539882442482650e+01
1.472066362959763985e+01
1.473904169350876359e+01
1.488507084659261537e+01
1.500502235301761722e+01
1.479167862826800572e+01
1.458957543432974191e+01
1.478598596607059612e+01
1.431146050892897037e+01
1.460820515796840624e+01
1.460140836177141388e+01
1.474683070850753808e+01
1.479296296241927955e+01
1.469272222575327369e+01
1.485488699513650879e+01
1.473374247924570035e+01
1.479079396895204823e+01
1.467965588205855099e+01
1.463000631585872746e+01
1.471754670160994927e+01
1.485219672026340731e+01
1.482370492704212950e+01
1.492006552418453147e+01
1.481174584598012522e+01
1.465962066840324418e+01
1.469303444898667799e+01
1.508624941410283071e+01
1.455909664550448746e+01
1.453804943088959156e+01
1.464147444144805554e+01
1.474512047178571628e+01
1.448645564721239865e+01
1.498031800203097497e+01
1.442526723049817150e+01
1.472393545395525827e+01
1.482227560765767649e+01
1.449690095492590736e+01
1.480208300014087008e+01
1.473306759136689337e+01
1.451351857421589031e+01
1.484189438521621263e+01
1.462277432972150315e+01
1.485594756699904195e+01
1.467713449860459107e+01
1.485881579692423848e+01
1.473592600899378091e+01
1.455393206698461306e+01
1.475848752058015378e+01
1.442125192244555265e+01
1.472880747180711758e+01
1.490645999574883085e+01
1.483005186851850077e+01
1.478839238612735585e+01
1.479929173939807185e+01
1.477397994278684479e+01
1.487982957036054721e+01
1.473590248802953617e+01
1.478228273960939099e+01
1.493063707668946272e+01
1.452709399716471772e+01
1.462734620911176897e+01
1.482898591486739726e+01
1.475901115542004405e+01
1.495116353174564239e+01
1.469942625659524005e+01
1.478746757031558445e+01
1.459523068706650761e+01
1.500910293531665829e+01
1.472029273839178387e+01
1.471192352991393371e+01
1.487534168445288962e+01
1.455704153380453469e+01
1.511517415110823848e+01
1.481029022275416018e+01
1.458401229750631956e+01
1.463798623829292822e+01
1.456361588918104388e+01
1.482202810057977871e+01
1.470740292694774887e+01
1.480672862322681915e+01
1.468840512966252021e+01
1.486646426109366992e+01
1.490336895861768518e+01
1.463491726220543576e+01
1.483527793398148908e+01
1.484296328803366549e+01
1.481061230259120443e+01
1.476140298609480439e+01
1.467538775715738808e+01
1.456131948233372775e+01
1.504148958612995379e+01
1.480903803797050067e+01
1.485322590720750568e+01
1.475394303219885650e+01
1.483511311811917999e+01
1.480552069478978261e+01
1.455632417214811625e+01
1.476766108463011484e+01
1.447541119758376738e+01
1.476281272642394704e+01
1.451095926817011161e+01
1.477914499285575367e+01
1.483834396057665650e+01
1.460117402689864896e+01
1.486281157870495839e+01
1.495653051775172138e+01
1.455608149157738573e+01
1.438510227769802796e+01
1.489998335387228856e+01
1.497934810193378219e+01
1.450952495932764386e+01
1.477053357167090830e+01
1.440925838914772683e+01
1.473301373337381470e+01
1.485292019905317140e+01
1.457141417334620037e+01
1.476362377362239364e+01
1.463216610077246749e+01
1.450428982580206139e+01
1.470885714496264640e+01
1.482244768064617091e+01
1.476448895679870077e+01
1.487427576905296434e+01
1.483875661085034992e+01
1.460889549244113894e+01
1.462610967534468998e+01
1.465640259073984097e+01
1.477521670604846094e+01
1.460539742083784276e+01
1.462112621935233570e+01
1.471007097896962357e+01
1.474192975286141305e+01
1.474710034456274421e+01
1.494399594576275980e+01
1.522180168009790435e+01
1.517980715626548083e+01
1.489996390623367617e+01
1.458016445617136370e+01
1.475764472842794461e+01
1.463051965544320154e+01
1.481850142353474098e+01
1.457036641124472176e+01
1.461267378677812090e+01
1.469423292870065012e+01
1.467625396974324303e+01
1.491545638321386491e+01
1.472036008206173996e+01
1.462988337191583099e+01
1.467593762797582002e+01
1.463463546734726073e+01
1.457251630436467238e+01
1.472754792205121710e+01
1.482640238467768690e+01
1.477022760337106710e+01
1.445203674391279769e+01
1.486021695963450817e+01
1.455515460546175888e+01
1.479525351026181923e+01
1.474491232175083688e+01
1.502404750444283010e+01
1.463696602256909607e+01
1.486308771336478074e+01
1.500789034826452806e+01
1.433974651824710556e+01
1.447000050759149836e+01
1.461427537403910648e+01
1.511669984043818360e+01
1.459322403199809237e+01
1.482832745558430076e+01
1.465362630510978192e+01
1.464353446985886364e+01
1.473241698575958480e+01
1.517539213086613614e+01
1.506129800906771266e+01
1.482845576507249064e+01
1.494672614213156692e+01
1.473865835391172041e+01
1.460521357525000141e+01
1.480351537921889182e+01
1.475885462300109197e+01
1.474801152439974317e+01
1.461531361006860230e+01
1.474500540602248400e+01
1.475897139166721495e+01
1.474525941005318508e+01
1.463284649587840924e+01
1.462624586461681098e+01
1.484736830585374889e+01
1.458687704235022231e+01
1.450387455256938196e+01
1.453662164886543984e+01
1.461727049712267146e+01
1.461988770784492964e+01
1.488157214713531751e+01
1.471086251045319493e+01
1.468331382042932631e+01
1.444626301335970453e+01
1.470209828667639762e+01
1.477711735585894992e+01
1.455116682477303058e+01
1.487352549183380113e+01
1.455372948560573043e+01
1.469749186325008417e+01
1.473812467465992171e+01
1.484772588108066493e+01
1.482660219839622684e+01
1.449585728052829303e+01
1.448139136786252301e+01
1.477564081084256209e+01
1.462344505554305485e+01
1.479075340429743513e+01
1.473129660561724918e+01
1.486221169577439838e+01
1.473023895356690183e+01
1.467955425978727924e+01
1.490456555907809033e+01
1.464568064902288924e+01
1.465361736496299372e+01
1.479952677553438001e+01
1.483068989509932223e+01
1.484301080441147924e+01
1.479852827067971432e+01
1.494544404862239517e+01
1.462614466129953428e+01
1.455872428091061010e+01
1.471386455656300640e+01
1.459591062459387167e+01
1.485543482620273537e+01
1.463870166396541883e+01
1.465774463353091583e+01
1.462517334691388804e+01
1.474463196206350268e+01
1.462405685863873650e+01
1.495234735633034973e+01
1.501616037950513416e+01
1.476250149786482169e+01
1.479067434995788766e+01
1.448255688019178855e+01
1.444271465559544154e+01
1.459339347619805416e+01
1.485768441157002506e+01
1.457035090955947254e+01
1.498439805634336963e+01
1.470317719011931601e+01
1.486879551821784240e+01
1.504782050837348883e+01
1.445613069090580005e+01
1.477792654894265034e+01
1.467428874869093747e+01
1.496832564336530957e+01
1.467856940783367747e+01
1.425138534134025470e+01
1.480742448173206149e+01
1.492514635675073187e+01
1.475654869216231013e+01
1.470420039628851328e+01
1.511690424378350706e+01
1.492410692028093067e+01
1.448333615508173366e+01
1.462295477574972935e+01
1.470663395628838721e+01
1.475921023122869258e+01
1.482099595173123063e+01
1.489999176780487566e+01
1.461046956060520863e+01
1.469548618010964169e+01
1.455002834638137976e+01
1.474003775343952682e+01
1.470341907462053221e+01
1.470335007848677833e+01
1.461755842168090780e+01
1.459716140220553271e+01
1.458023201144626135e+01
1.469902722531591266e+01
1.463339700744056593e+01
1.482705482415015119e+01
1.467057658970778533e+01
1.448286538245360866e+01
1.464511199150138765e+01
1.497508705390903749e+01
1.481759859286663783e+01
1.469272371880023620e+01
1.475400632143477431e+01
1.484582274532585799e+01
1.479430352681533023e+01
1.488674807968655500e+01
1.465411893967736390e+01
1.472510762376339954e+01
1.482859378470110734e+01
1.450805324918738570e+01
1.469056940823075230e+01
1.473511315182750891e+01
1.488604959545509843e+01
1.450625734970163450e+01
1.485417786095564985e+01
1.446285377299349584e+01
1.479331005684363198e+01
1.501220972926067709e+01
1.486298192629904769e+01
1.477577661156103161e+01
1.483317953076142182e+01
1.447709158252559369e+01
1.475610357555749808e+01
1.455671366237152853e+01
1.467016271624591539e+01
1.454338576176895437e+01
1.452376612759697494e+01
1.476238587044022132e+01
1.472305937389256947e+01
1.465165101568321582e+01
1.484920192870493949e+01
1.496478871539267708e+01
1.472206774782452143e+01
1.448238263399497150e+01
1.489614126598462107e+01
1.471797305231110364e+01
1.448288800009243005e+01
1.462749201426062129e+01
1.494860058021077265e+01
1.448244365487186336e+01
1.478311321643474585e+01
1.460566530060191148e+01
1.478726445592918104e+01
1.481268006569646900e+01
1.495747799828809477e+01
1.489076780359286190e+01
1.485873314098620845e+01
1.498068300734365543e+01
1.467324509815611755e+01
1.471884707082975829e+01
1.454918006735433700e+01
1.484974873688227426e+01
1.491792050465480024e+01
1.451950474027244375e+01
1.501118528245116579e+01
1.469089274975349291e+01
1.483450659973978247e+01
1.500166574345179171e+01
1.493416731915921325e+01
1.477310699465479260e+01
1.468045840312063532e+01
1.463028610186192502e+01
1.469851858485620433e+01
1.440878752906260196e+01
1.457112841285221982e+01
1.475436106748116849e+01
1.473453752910285708e+01
1.486740038072801973e+01
1.508624895946008415e+01
1.485225872630351773e+01
1.482664404541569247e+01
1.470742118534260534e+01
1.465509156132523749e+01
1.480322187983840898e+01
1.483553030506493720e+01
1.455450126408764966e+01
1.496514820788529221e+01
1.488453716892792755e+01
1.490978329791351165e+01
1.465170641800924400e+01
1.467403466945374468e+01
1.459800015705041965e+01
1.443897920200908125e+01
1.482914208008442181e+01
1.472852132318648977e+01
1.456084643521400501e+01
1.467753613403536761e+01
1.458617666800790325e+01
1.499601628555933708e+01
1.485984913017197506e+01
1.489497235195772973e+01
1.465375061946963164e+01
1.471700082302874435e+01
1.502182241724803013e+01
1.483486076710523527e+01
1.472085159433254375e+01
1.449196404715272379e+01
1.481970140910595646e+01
1.466402333292085025e+01
1.482125492218949958e+01
1.480860785443775463e+01
1.489646711415342217e+01
1.473577203649552381e+01
1.461716617212199587e+01
1.466135084109639308e+01
1.493608284560784405e+01
1.486528485751497541e+01
1.491282928610215919e+01
1.477496773765775728e+01
1.467731341812323897e+01
1.466832398608199028e+01
1.472555429110914105e+01
1.490377775696009621e+01
1.447844071491270412e+01
1.491807553651851848e+01
1.477392343126707530e+01
1.478807746360442721e+01
1.482719977332970984e+01
1.462494151122510821e+01
1.469979474376103390e+01
1.471863715525364036e+01
1.482902052598372578e+01
1.470291794021435372e+01
1.469099662200171430e+01
1.503797393431932505e+01
1.450266730312258900e+01
1.477049971445688037e+01
1.474731147166922085e+01
1.472864556757895649e+01
1.471350192801117096e+01
1.450348894665358479e+01
1.484204806267140597e+01
1.462476182702078908e+01
1.495072382174656056e+01
1.509076760098814773e+01
1.493084726934513462e+01
1.463434872482872962e+01
1.450633253462418537e+01
1.470372460093819100e+01
1.471066948108190608e+01
1.461141417558249245e+01
1.470844891677037047e+01
1.465982074800245805e+01
1.473832046071987456e+01
1.465789040300825619e+01
1.476620159657535680e+01
1.474620542040967486e+01
1.475358576392368626e+01
1.467232438765537950e+01
1.486072592666980441e+01
1.461367808597068496e+01
1.467957874815535924e+01
1.474965618161241210e+01
1.475730598763261803e+01
1.478320986783452184e+01
1.483722107324352457e+01
1.474757674457136147e+01
1.499594352541642550e+01
1.492732619833999941e+01
1.461762204635684625e+01
1.478635423590475462e+01
1.487049878814849357e+01
1.496571037494140732e+01
1.469305507813160538e+01
1.501941045641772199e+01
1.462762469838986412e+01
1.459058818892396658e+01
1.480545946187034723e+01
1.454351390657610388e+01
1.478734675943573507e+01
1.480506100019856675e+01
1.461837919302919353e+01
1.475677567979012217e+01
1.455329459406466874e+01
1.487308411723616963e+01
1.445638712787092750e+01
1.450612152244810815e+01
1.487855309908272439e+01
1.475030867226327835e+01
1.437538128334101728e+01
1.458067486604580765e+01
1.491789168907293650e+01
1.470538782562349489e+01
1.502832980372886240e+01
1.440915600434076360e+01
1.481815985751032194e+01
1.475181741115152967e+01
1.495626391472183947e+01
1.448799025799218576e+01
1.482706045305151221e+01
1.470987318902015417e+01
1.469846100462303973e+01
1.464041250388827109e+01
1.500163310749329071e+01
1.506160074165078377e+01
1.472985071026593396e+01
1.477235346493701229e+01
1.499653823573144429e+01
1.494160258142233744e+01
1.484374152365999677e+01
1.460466189111938995e+01
1.473199556367677232e+01
1.473776097344673275e+01
1.465822105613406912e+01
1.466607239279179531e+01
1.442767636169454448e+01
1.510662303907264814e+01
1.478726750113266952e+01
1.453359526476921282e+01
1.471779276026062355e+01
1.493121553085132902e+01
1.455544475959364625e+01
1.493405099776210676e+01
1.486555227854050187e+01
1.473178473268115418e+01
1.468202330201610017e+01
1.469903270876312895e+01
1.460248597986305086e+01
1.475838953312460511e+01
1.493939404634789270e+01
1.464899990574066457e+01
1.469942244272953502e+01
1.476278481216125904e+01
1.485753974809374256e+01
1.480328658523038321e+01
1.495219909491045662e+01
1.497976349768529936e+01
1.472993743883310280e+01
1.483660232742997387e+01
1.482312906369286942e+01
1.481069791844614869e+01
1.469057884900523803e+01
1.455916221860380766e+01
1.464609923736249009e+01
1.484304089679974048e+01
1.466600059161173242e+01
1.476758314852426501e+01
1.486642339755575115e+01
1.463291625769316617e+01
1.470112730299783976e+01
1.480278619974800769e+01
1.434566885159888905e+01
1.483423701011800233e+01
1.479781066473671558e+01
1.500900617921764457e+01
1.449511592504532409e+01
1.469528485211838031e+01
1.437841772451837663e+01
1.465363897951428562e+01
1.479322049092137981e+01
1.509231792936828143e+01
1.453983483625600037e+01
1.484045412111327522e+01
1.449543085762917372e+01
1.490338436243667886e+01
1.472082418394484726e+01
1.471745284330042836e+01
1.466361947193698434e+01
1.483091917820002870e+01
1.475952997825980795e+01
1.481296113604201636e+01
1.435259052952089220e+01
1.483649493955575416e+01
1.486648113028751617e+01
1.460479950609755306e+01
1.471884760931378722e+01
1.445636360502342299e+01
1.458478936287572303e+01
1.464911005044964476e+01
1.444060335319979060e+01
1.463297991546174792e+01
1.472524226211364784e+01
1.480401482838106908e+01
1.467632538005920750e+01
1.484529600023857476e+01
1.491168189950956702e+01
1.492388141826869763e+01
1.480973537569491505e+01
1.491712782872930276e+01
1.475958043535648478e+01
1.470473094993471896e+01
1.467135296942555911e+01
1.458461456124407007e+01
1.461903072125460845e+01
1.464317386312982450e+01
1.491328474239429625e+01
1.470231714866016581e+01
1.484730791757906054e+01
1.462833545056241746e+01
1.462217886439059100e+01
1.484430380602888633e+01
1.481481749492272648e+01
1.491975237354559702e+01
1.503366891341481093e+01
1.456251729559143726e+01
1.485232850880271727e+01
1.468283432963284163e+01
1.461859710628338505e+01
1.459423218732939276e+01
1.460819161374578457e+01
1.477237626138375148e+01
1.460331568836580374e+01
1.480406412968771690e+01
1.482022295366176756e+01
1.470515170280199513e+01
1.474792671877251493e+01
1.465876178464075963e+01
1.475564734587960736e+01
1.472205405639196130e+01
1.475632227711079381e+01
1.478284420203764071e+01
1.500367852094628063e+01
1.468395443048875393e+01
1.494258878412434299e+01
1.461107757251382822e+01
1.462726668373739969e+01
1.435478946702001579e+01
1.458376256386405601e+01
1.452922561749892871e+01
1.475073445736441613e+01
1.480016196768819547e+01
1.467534981956027629e+01
1.451761433379234489e+01
1.478226886485041902e+01
1.440682276121847849e+01
1.475352111145766365e+01
1.464906640240407576e+01
1.483901512576392889e+01
1.479417993884475457e+01
1.476063424384811285e+01
1.460510489990760874e+01
1.486582401389360797e+01
1.473032706386881330e+01
1.458291895664646987e+01
1.441362191757540678e+01
1.491912279425471333e+01
1.471188650956884025e+01
1.476995604132684292e+01
1.468984066448446413e+01
1.478701602440403740e+01
1.458852354322033662e+01
1.474979728605183205e+01
1.447053692041703421e+01
1.478490348254719855e+01
1.481764238335712136e+01
1.482552501466703276e+01
1.461359019389684910e+01
1.468121795527473594e+01
1.469414897322660529e+01
1.471924705857837701e+01
1.462377680843355421e+01
1.498527030054673759e+01
1.468526861080090207e+01
1.484311245577583982e+01
1.502137137769013719e+01
1.467783210209731948e+01
1.459851696411235800e+01
1.465313397316343824e+01
1.462237332579742244e+01
1.487757243408267271e+01
1.456418572994813943e+01
1.502256192320824368e+01
1.489249440762765886e+01
1.470937667078882782e+01
1.467425693667766140e+01
1.454362804786880758e+01
1.503978100164656695e+01
1.470117564198086058e+01
1.475637332784025801e+01
1.456713084199607344e+01
1.466290344945584145e+01
1.482158025334546636e+01
1.491022116747429216e+01
1.447170205496644790e+01
1.478012040730076215e+01
1.484187127272071649e+01
1.447513951613797367e+01
1.487212267738584082e+01
1.479435996605328718e+01
1.503916440490413819e+01
1.461142267754928170e+01
1.472596873812677742e+01
1.449291186328638759e+01
1.455698435897679666e+01
1.484479264279746680e+01
1.473928348175385672e+01
1.466653001723281768e+01
1.482564828300402837e+01
1.484613797695294402e+01
1.483857641773034786e+01
1.496469390644250019e+01
1.455514716119797214e+01
1.473269605085368994e+01
1.468627565867594065e+01
1.482295033891444724e+01
1.462211342493810307e+01
1.465713456804023451e+01
1.473581831388576724e+01
1.468702464776990446e+01
1.497501763406868669e+01
1.465414321272917419e+01
1.451476372475099730e+01
1.463575636013870707e+01
1.486599993226082006e+01
1.467745826455260705e+01
1.454046255862499137e+01
1.448643475423727445e+01
1.478843676618559400e+01
1.497709550106336174e+01
1.456881271461944749e+01
1.468141876973083804e+01
1.473951991517311377e+01
1.470890323910963637e+01
1.496786054181288605e+01
1.471007549307785567e+01
1.468307331132552029e+01
1.457739814560156688e+01
1.483789975420156715e+01
1.477075751682150795e+01
1.443030766722328728e+01
1.441129218639878751e+01
1.482691218662320587e+01
1.504616032353546551e+01
1.485536814365295122e+01
1.485562823117350106e+01
1.488622264893428238e+01
1.461716795396356439e+01
1.450619745000002148e+01
1.473007792233869040e+01
1.476076345259663292e+01
1.478845946546810275e+01
1.460786243754686708e+01
1.508180326135107663e+01
1.464617262750068960e+01
1.460905238647654869e+01
1.478394227230937119e+01
1.451954071564274251e+01
1.469291566508489488e+01
1.468640332813712490e+01
1.498001795884514564e+01
1.461830609638310818e+01
1.481577570321969439e+01
1.493433423435339513e+01
1.472642765045251423e+01
1.480789098823475491e+01
1.493908349522784462e+01
1.487404834546091870e+01
1.482890816828765779e+01
1.474719118329372769e+01
1.469750156547833164e+01
1.474324483056021329e+01
1.458761787523432041e+01
1.464193281718307560e+01
1.496106022758551291e+01
1.469834616699843366e+01
1.470205217079152682e+01
1.470905549283067337e+01
1.469046339456350836e+01
1.467170540494747577e+01
1.471752331956517956e+01
1.485419998746648851e+01
1.475952673564113660e+01
1.442764478559202956e+01
1.467916003164861571e+01
1.473747156455451268e+01
1.489329317002458630e+01
1.462515858306674588e+01
1.491262067209177467e+01
1.480630675023280851e+01
1.481129188613791214e+01
1.471876661750922111e+01
1.472322925383837244e+01
1.481740338253900724e+01
1.471135574589612638e+01
1.495613876525116659e+01
1.483857527509006502e+01
1.476718179954027832e+01
1.459773799834934493e+01
1.480885499942546524e+01
1.469955820905705224e+01
1.474066527005276583e+01
1.512678556813628106e+01
1.467287180981443662e+01
1.474529526679120650e+01
1.461243463510324503e+01
1.481098442729549802e+01
1.485601340316542540e+01
1.479371966367605218e+01
1.470243152972260425e+01
1.468219981648928574e+01
1.491036390047401028e+01
1.457529028946430572e+01
1.459924733279908082e+01
1.456222326511790932e+01
1.486446626794360348e+01
1.489729536768606977e+01
1.460458691226677530e+01
1.485827091082823337e+01
1.454977104037901370e+01
1.470870214851716185e+01
1.476898004921046947e+01
1.475251705717408335e+01
1.460200763825736381e+01
1.483664335735950779e+01
1.463739211693027187e+01
1.451999493454911772e+01
1.474196518937834099e+01
1.466218623344498084e+01
1.483699851691493343e+01
1.455003339130194284e+01
1.458954457776474101e+01
1.479842147929491425e+01
1.463999855645760562e+01
1.467390871478522385e+01
1.473613814796413379e+01
1.451158835228530464e+01
1.490237910733737614e+01
1.472230297619126560e+01
1.496669388684418145e+01
1.448770751733323436e+01
1.491831262853849616e+01
1.476749322372904416e+01
1.475341024877792329e+01
1.469528291486131799e+01
1.474923954235064372e+01
1.474634648189010910e+01
1.477334372911683502e+01
1.470818458148153240e+01
1.469938330889880085e+01
1.454569355302337819e+01
1.504887537159656041e+01
1.495458629619400348e+01
1.447610322402946004e+01
1.476896394223590825e+01
1.494343570189415260e+01
1.474955564275571263e+01
1.453230780223188034e+01
1.479047955810010251e+01
1.481603542000170748e+01
1.428991205523758445e+01
1.433403228069799873e+01
1.469660271166098120e+01
1.496490517091564065e+01
1.461875427609149725e+01
1.477006965378604875e+01
1.450442037383536942e+01
1.462513917352818993e+01
1.469846665308940636e+01
1.477713270008771573e+01
1.467321331546675900e+01
1.473212395318584811e+01
1.462940262684091053e+01
1.469155992212921369e+01
1.472085422033435265e+01
1.493283333410321667e+01
1.468959458974110888e+01
1.477956808750089124e+01
1.500820918584240538e+01
1.483298562646561436e+01
1.467049198461706361e+01
1.463921929619637652e+01
1.480595834540552858e+01
1.481241534370729518e+01
1.485685974282534438e+01
1.473594338480497612e+01
1.475638716222410274e+01
1.464655505334453878e+01
1.440169423278498684e+01
1.485536092468971603e+01
1.474315857296111787e+01
1.448258206545821203e+01
1.483569952182651264e+01
1.461722588419226909e+01
1.462014007349300471e+01
1.465545724363343894e+01
1.462283442564387670e+01
1.464370415423918281e+01
1.453666280623481555e+01
1.471648699788692838e+01
1.475021338346622279e+01
1.465176628592801222e+01
1.478551378516520565e+01
1.454795625824421634e+01
1.461818758523256179e+01
1.453895759095126117e+01
1.468396720124821186e+01
1.469157884320034313e+01
1.474118764139764082e+01
1.476996412973461936e+01
1.491574488101102780e+01
1.466833958490422773e+01
1.493571965069658880e+01
1.459937187118083024e+01
1.504396352804041648e+01
1.485218060314322841e+01
1.450373725709716055e+01
1.481211137183574422e+01
1.502541072914459264e+01
1.480183194090397336e+01
1.476707523649936782e+01
1.460895265093937567e+01
1.462230602586657291e+01
1.469110617440658118e+01
1.512827179405062594e+01
1.470269751390201129e+01
1.469228702718702806e+01
1.504018018428925352e+01
1.480938249395807560e+01
1.458841982909533819e+01
1.502580246286485810e+01
1.478187317693050673e+01
1.467368801769046271e+01
1.511554604458960505e+01
1.464629422227791267e+01
1.459880429262084789e+01
1.498304211985183976e+01
1.456536415691461173e+01
1.503786051646980582e+01
1.481836507470082687e+01
1.466814986238263963e+01
1.475175527931044783e+01
1.498540883617469888e+01
1.463771308390015058e+01
1.465921743926967302e+01
1.446950035948171731e+01
1.470761686034119720e+01
1.491234083029195645e+01
1.491435054706846053e+01
1.459187170465989780e+01
1.471845011644084167e+01
1.467490384344581145e+01
1.454900064271373417e+01
1.472542892476976739e+01
1.462224939018449632e+01
1.444749100210551696e+01
1.468530744131180299e+01
1.487306797450300877e+01
1.479703426817060574e+01
1.469003997888978930e+01
