# Variable: deviance
# Sample shape: (3000,)
# Date: 2018-06-06 20:48:17.935582
-2.079608593750000000e+04
-2.079439843750000000e+04
-2.079573828125000000e+04
-2.079508789062500000e+04
-2.079564453125000000e+04
-2.079611328125000000e+04
-2.079342773437500000e+04
-2.079505078125000000e+04
-2.079544531250000000e+04
-2.079576171875000000e+04
-2.079591992187500000e+04
-2.079605273437500000e+04
-2.079604882812500000e+04
-2.079598437500000000e+04
-2.079317382812500000e+04
-2.078716796875000000e+04
-2.079612500000000000e+04
-2.079573046875000000e+04
-2.079608789062500000e+04
-2.079552734375000000e+04
-2.079214843750000000e+04
-2.079612500000000000e+04
-2.079605859375000000e+04
-2.079253125000000000e+04
-2.079466796875000000e+04
-2.079612304687500000e+04
-2.079601562500000000e+04
-2.079575976562500000e+04
-2.079610546875000000e+04
-2.079420703125000000e+04
-2.079254492187500000e+04
-2.079261328125000000e+04
-2.079548828125000000e+04
-2.079537890625000000e+04
-2.079510156250000000e+04
-2.079612695312500000e+04
-2.079499023437500000e+04
-2.079535351562500000e+04
-2.079400390625000000e+04
-2.079611718750000000e+04
-2.079582812500000000e+04
-2.079330273437500000e+04
-2.079608984375000000e+04
-2.079417382812500000e+04
-2.079612109375000000e+04
-2.079092773437500000e+04
-2.079610937500000000e+04
-2.079591796875000000e+04
-2.079612500000000000e+04
-2.079586718750000000e+04
-2.079612890625000000e+04
-2.079572265625000000e+04
-2.079596679687500000e+04
-2.079295312500000000e+04
-2.079612304687500000e+04
-2.079606640625000000e+04
-2.079137109375000000e+04
-2.079585156250000000e+04
-2.079612695312500000e+04
-2.079597656250000000e+04
-2.079563281250000000e+04
-2.079565625000000000e+04
-2.079594921875000000e+04
-2.079584765625000000e+04
-2.079326367187500000e+04
-2.079605859375000000e+04
-2.079404687500000000e+04
-2.079607421875000000e+04
-2.079591406250000000e+04
-2.079509570312500000e+04
-2.079575195312500000e+04
-2.079610937500000000e+04
-2.079559960937500000e+04
-2.079559765625000000e+04
-2.079578515625000000e+04
-2.079439062500000000e+04
-2.079463671875000000e+04
-2.079602734375000000e+04
-2.079588671875000000e+04
-2.079596875000000000e+04
-2.079608593750000000e+04
-2.079569921875000000e+04
-2.079449023437500000e+04
-2.079582421875000000e+04
-2.079612695312500000e+04
-2.079508203125000000e+04
-2.079578515625000000e+04
-2.079603515625000000e+04
-2.079538867187500000e+04
-2.079597656250000000e+04
-2.079499218750000000e+04
-2.079497265625000000e+04
-2.079545312500000000e+04
-2.079553906250000000e+04
-2.079607812500000000e+04
-2.079549023437500000e+04
-2.079589257812500000e+04
-2.079530468750000000e+04
-2.079475781250000000e+04
-2.079588281250000000e+04
-2.079592968750000000e+04
-2.079579882812500000e+04
-2.079565429687500000e+04
-2.079565429687500000e+04
-2.079525781250000000e+04
-2.079588281250000000e+04
-2.079609570312500000e+04
-2.079604687500000000e+04
-2.079612500000000000e+04
-2.079604882812500000e+04
-2.079583203125000000e+04
-2.079597851562500000e+04
-2.079595117187500000e+04
-2.079611718750000000e+04
-2.079594140625000000e+04
-2.079116015625000000e+04
-2.079609765625000000e+04
-2.079530078125000000e+04
-2.079607812500000000e+04
-2.079581445312500000e+04
-2.079553125000000000e+04
-2.079607226562500000e+04
-2.079494140625000000e+04
-2.079542968750000000e+04
-2.079495117187500000e+04
-2.079560937500000000e+04
-2.079611328125000000e+04
-2.079548046875000000e+04
-2.079453906250000000e+04
-2.079593554687500000e+04
-2.079553125000000000e+04
-2.079594140625000000e+04
-2.079529687500000000e+04
-2.079106250000000000e+04
-2.079583203125000000e+04
-2.078895312500000000e+04
-2.079590429687500000e+04
-2.079439843750000000e+04
-2.079610546875000000e+04
-2.079509765625000000e+04
-2.079603515625000000e+04
-2.079493359375000000e+04
-2.079606640625000000e+04
-2.079589062500000000e+04
-2.079589062500000000e+04
-2.079578320312500000e+04
-2.079610937500000000e+04
-2.079591210937500000e+04
-2.079580468750000000e+04
-2.079223242187500000e+04
-2.079181835937500000e+04
-2.079321484375000000e+04
-2.079584179687500000e+04
-2.079611914062500000e+04
-2.079404296875000000e+04
-2.079538281250000000e+04
-2.079574609375000000e+04
-2.079428125000000000e+04
-2.079291406250000000e+04
-2.079518554687500000e+04
-2.079599609375000000e+04
-2.079594140625000000e+04
-2.079568945312500000e+04
-2.079607421875000000e+04
-2.079607031250000000e+04
-2.079603515625000000e+04
-2.079561914062500000e+04
-2.079611328125000000e+04
-2.079474609375000000e+04
-2.079575390625000000e+04
-2.079601171875000000e+04
-2.079570703125000000e+04
-2.079580859375000000e+04
-2.079466796875000000e+04
-2.079454882812500000e+04
-2.079394531250000000e+04
-2.079578906250000000e+04
-2.079607617187500000e+04
-2.079566601562500000e+04
-2.079601757812500000e+04
-2.079593164062500000e+04
-2.079472656250000000e+04
-2.079603906250000000e+04
-2.079599218750000000e+04
-2.079553710937500000e+04
-2.079419921875000000e+04
-2.079589257812500000e+04
-2.078330664062500000e+04
-2.079611914062500000e+04
-2.079555468750000000e+04
-2.079472851562500000e+04
-2.079610937500000000e+04
-2.079522656250000000e+04
-2.079423437500000000e+04
-2.079582617187500000e+04
-2.079487109375000000e+04
-2.079607226562500000e+04
-2.079602343750000000e+04
-2.079222460937500000e+04
-2.079408203125000000e+04
-2.079594726562500000e+04
-2.079554101562500000e+04
-2.079606445312500000e+04
-2.079564843750000000e+04
-2.079555664062500000e+04
-2.079588085937500000e+04
-2.079349218750000000e+04
-2.079474218750000000e+04
-2.079522070312500000e+04
-2.079366406250000000e+04
-2.079199023437500000e+04
-2.079404101562500000e+04
-2.079298437500000000e+04
-2.079610546875000000e+04
-2.079584960937500000e+04
-2.079438671875000000e+04
-2.079610156250000000e+04
-2.079579687500000000e+04
-2.079543750000000000e+04
-2.079514062500000000e+04
-2.079598437500000000e+04
-2.079599609375000000e+04
-2.079612109375000000e+04
-2.079519921875000000e+04
-2.079609179687500000e+04
-2.079431835937500000e+04
-2.079608593750000000e+04
-2.079502539062500000e+04
-2.079609765625000000e+04
-2.079188281250000000e+04
-2.079522265625000000e+04
-2.079485156250000000e+04
-2.079503320312500000e+04
-2.079602734375000000e+04
-2.079070703125000000e+04
-2.079602343750000000e+04
-2.079029687500000000e+04
-2.079563085937500000e+04
-2.079265625000000000e+04
-2.079335742187500000e+04
-2.079412500000000000e+04
-2.079135937500000000e+04
-2.079537890625000000e+04
-2.079429296875000000e+04
-2.079612500000000000e+04
-2.079511914062500000e+04
-2.079528515625000000e+04
-2.079554296875000000e+04
-2.079525585937500000e+04
-2.079565429687500000e+04
-2.079596484375000000e+04
-2.079611132812500000e+04
-2.079579882812500000e+04
-2.079605859375000000e+04
-2.079584375000000000e+04
-2.079610742187500000e+04
-2.079543554687500000e+04
-2.079609375000000000e+04
-2.079343750000000000e+04
-2.079606250000000000e+04
-2.079601562500000000e+04
-2.079596484375000000e+04
-2.079611718750000000e+04
-2.079592187500000000e+04
-2.079554296875000000e+04
-2.079590039062500000e+04
-2.079498437500000000e+04
-2.079601562500000000e+04
-2.079553320312500000e+04
-2.079448437500000000e+04
-2.079603906250000000e+04
-2.079575781250000000e+04
-2.079414843750000000e+04
-2.078499804687500000e+04
-2.079588671875000000e+04
-2.079398437500000000e+04
-2.079509960937500000e+04
-2.079579492187500000e+04
-2.079573437500000000e+04
-2.079612109375000000e+04
-2.079073828125000000e+04
-2.079462890625000000e+04
-2.079353710937500000e+04
-2.079547851562500000e+04
-2.079612500000000000e+04
-2.079537500000000000e+04
-2.079605859375000000e+04
-2.079474023437500000e+04
-2.079584765625000000e+04
-2.079606640625000000e+04
-2.079589257812500000e+04
-2.079131250000000000e+04
-2.079337890625000000e+04
-2.079610351562500000e+04
-2.079442382812500000e+04
-2.079564257812500000e+04
-2.079436718750000000e+04
-2.079605273437500000e+04
-2.079605859375000000e+04
-2.079592773437500000e+04
-2.079607812500000000e+04
-2.078901171875000000e+04
-2.079557226562500000e+04
-2.079480078125000000e+04
-2.079593164062500000e+04
-2.079510937500000000e+04
-2.079612695312500000e+04
-2.079573632812500000e+04
-2.079603515625000000e+04
-2.079609960937500000e+04
-2.079591601562500000e+04
-2.079523632812500000e+04
-2.078987500000000000e+04
-2.079587304687500000e+04
-2.079286328125000000e+04
-2.079601757812500000e+04
-2.079541601562500000e+04
-2.079566015625000000e+04
-2.079508984375000000e+04
-2.079598437500000000e+04
-2.079605664062500000e+04
-2.079609960937500000e+04
-2.079606445312500000e+04
-2.079475195312500000e+04
-2.079343164062500000e+04
-2.079611718750000000e+04
-2.079593750000000000e+04
-2.079526562500000000e+04
-2.079612109375000000e+04
-2.079598046875000000e+04
-2.079610937500000000e+04
-2.079218554687500000e+04
-2.079612695312500000e+04
-2.079514453125000000e+04
-2.079541406250000000e+04
-2.079546093750000000e+04
-2.079355859375000000e+04
-2.079514453125000000e+04
-2.079536328125000000e+04
-2.079173828125000000e+04
-2.079180078125000000e+04
-2.079598828125000000e+04
-2.079598437500000000e+04
-2.079610546875000000e+04
-2.079473242187500000e+04
-2.079585937500000000e+04
-2.079599218750000000e+04
-2.079600000000000000e+04
-2.079539062500000000e+04
-2.079498828125000000e+04
-2.079612890625000000e+04
-2.079612500000000000e+04
-2.079559375000000000e+04
-2.079582421875000000e+04
-2.079567382812500000e+04
-2.079535742187500000e+04
-2.079600976562500000e+04
-2.079606640625000000e+04
-2.079277343750000000e+04
-2.079608593750000000e+04
-2.079612109375000000e+04
-2.079585937500000000e+04
-2.079569531250000000e+04
-2.079532031250000000e+04
-2.079160546875000000e+04
-2.079421484375000000e+04
-2.079567968750000000e+04
-2.079199414062500000e+04
-2.079608593750000000e+04
-2.079607617187500000e+04
-2.079612109375000000e+04
-2.079606640625000000e+04
-2.078981250000000000e+04
-2.079580078125000000e+04
-2.079541796875000000e+04
-2.079601367187500000e+04
-2.079603906250000000e+04
-2.079483593750000000e+04
-2.079139062500000000e+04
-2.079311718750000000e+04
-2.079386914062500000e+04
-2.079530078125000000e+04
-2.079403125000000000e+04
-2.079399804687500000e+04
-2.079408007812500000e+04
-2.079552929687500000e+04
-2.079500781250000000e+04
-2.079483203125000000e+04
-2.079603906250000000e+04
-2.079597656250000000e+04
-2.079500195312500000e+04
-2.079585156250000000e+04
-2.079365820312500000e+04
-2.079607421875000000e+04
-2.079566015625000000e+04
-2.079591210937500000e+04
-2.079549218750000000e+04
-2.079584570312500000e+04
-2.079529687500000000e+04
-2.079607226562500000e+04
-2.079609765625000000e+04
-2.079543359375000000e+04
-2.079506640625000000e+04
-2.079597265625000000e+04
-2.079612109375000000e+04
-2.079602734375000000e+04
-2.079485742187500000e+04
-2.079596484375000000e+04
-2.079589843750000000e+04
-2.079587109375000000e+04
-2.079363867187500000e+04
-2.079323242187500000e+04
-2.079575390625000000e+04
-2.079523828125000000e+04
-2.079582421875000000e+04
-2.079381250000000000e+04
-2.079494921875000000e+04
-2.079583789062500000e+04
-2.079525000000000000e+04
-2.079599804687500000e+04
-2.079611914062500000e+04
-2.079498046875000000e+04
-2.079595312500000000e+04
-2.079612500000000000e+04
-2.079593945312500000e+04
-2.079471875000000000e+04
-2.079596289062500000e+04
-2.079369335937500000e+04
-2.079546289062500000e+04
-2.079608593750000000e+04
-2.079417578125000000e+04
-2.079567773437500000e+04
-2.079458984375000000e+04
-2.079417968750000000e+04
-2.079510156250000000e+04
-2.079609375000000000e+04
-2.079611523437500000e+04
-2.079611914062500000e+04
-2.079604492187500000e+04
-2.079574609375000000e+04
-2.079557031250000000e+04
-2.079452734375000000e+04
-2.079563867187500000e+04
-2.079266015625000000e+04
-2.079567578125000000e+04
-2.079605859375000000e+04
-2.079594921875000000e+04
-2.079583593750000000e+04
-2.079401562500000000e+04
-2.078976562500000000e+04
-2.079596289062500000e+04
-2.079195312500000000e+04
-2.079606250000000000e+04
-2.079491015625000000e+04
-2.079505859375000000e+04
-2.079601171875000000e+04
-2.079607031250000000e+04
-2.079607031250000000e+04
-2.079602734375000000e+04
-2.079610937500000000e+04
-2.079607617187500000e+04
-2.079180468750000000e+04
-2.079612500000000000e+04
-2.079378125000000000e+04
-2.079509375000000000e+04
-2.079602734375000000e+04
-2.079510937500000000e+04
-2.079425390625000000e+04
-2.079536132812500000e+04
-2.079508007812500000e+04
-2.079459570312500000e+04
-2.079582421875000000e+04
-2.079581445312500000e+04
-2.079609570312500000e+04
-2.079557031250000000e+04
-2.079603125000000000e+04
-2.079495703125000000e+04
-2.079584570312500000e+04
-2.079607421875000000e+04
-2.079389453125000000e+04
-2.079468164062500000e+04
-2.079603515625000000e+04
-2.079608593750000000e+04
-2.079522265625000000e+04
-2.079467773437500000e+04
-2.079501562500000000e+04
-2.079612109375000000e+04
-2.079612890625000000e+04
-2.079556250000000000e+04
-2.079360742187500000e+04
-2.079418359375000000e+04
-2.079612109375000000e+04
-2.079612109375000000e+04
-2.079601171875000000e+04
-2.079612109375000000e+04
-2.079608593750000000e+04
-2.079585546875000000e+04
-2.079224804687500000e+04
-2.079611718750000000e+04
-2.079448046875000000e+04
-2.079550390625000000e+04
-2.079590820312500000e+04
-2.079380859375000000e+04
-2.079571484375000000e+04
-2.079555468750000000e+04
-2.079612109375000000e+04
-2.079566406250000000e+04
-2.079607421875000000e+04
-2.079527343750000000e+04
-2.079583593750000000e+04
-2.079480468750000000e+04
-2.079575000000000000e+04
-2.079585546875000000e+04
-2.079598828125000000e+04
-2.079610546875000000e+04
-2.079608593750000000e+04
-2.079519531250000000e+04
-2.079400390625000000e+04
-2.079595703125000000e+04
-2.079602343750000000e+04
-2.079492968750000000e+04
-2.079612109375000000e+04
-2.079525781250000000e+04
-2.079592578125000000e+04
-2.079601367187500000e+04
-2.079469140625000000e+04
-2.079365234375000000e+04
-2.079583203125000000e+04
-2.079588476562500000e+04
-2.079247656250000000e+04
-2.079581054687500000e+04
-2.079608203125000000e+04
-2.079438671875000000e+04
-2.079555859375000000e+04
-2.079358984375000000e+04
-2.079588671875000000e+04
-2.079437695312500000e+04
-2.079250000000000000e+04
-2.079407031250000000e+04
-2.079571875000000000e+04
-2.079510742187500000e+04
-2.079598046875000000e+04
-2.079601953125000000e+04
-2.079581445312500000e+04
-2.079491406250000000e+04
-2.079591601562500000e+04
-2.079612890625000000e+04
-2.079284765625000000e+04
-2.079569531250000000e+04
-2.079546875000000000e+04
-2.079554687500000000e+04
-2.079155859375000000e+04
-2.079593359375000000e+04
-2.079608398437500000e+04
-2.079607617187500000e+04
-2.079612304687500000e+04
-2.079426953125000000e+04
-2.079611328125000000e+04
-2.079299609375000000e+04
-2.079520312500000000e+04
-2.079612500000000000e+04
-2.079472265625000000e+04
-2.079553125000000000e+04
-2.079433398437500000e+04
-2.079564453125000000e+04
-2.079545117187500000e+04
-2.079609960937500000e+04
-2.079600781250000000e+04
-2.079463281250000000e+04
-2.079595703125000000e+04
-2.079611914062500000e+04
-2.079456445312500000e+04
-2.079608984375000000e+04
-2.079578125000000000e+04
-2.079612109375000000e+04
-2.079609375000000000e+04
-2.079498437500000000e+04
-2.079578515625000000e+04
-2.079557421875000000e+04
-2.079489062500000000e+04
-2.079530664062500000e+04
-2.079452929687500000e+04
-2.079536328125000000e+04
-2.079511328125000000e+04
-2.079193750000000000e+04
-2.079499218750000000e+04
-2.079612109375000000e+04
-2.079593359375000000e+04
-2.079267187500000000e+04
-2.079558203125000000e+04
-2.079601757812500000e+04
-2.079599218750000000e+04
-2.079075976562500000e+04
-2.079066601562500000e+04
-2.079263671875000000e+04
-2.079610937500000000e+04
-2.079539648437500000e+04
-2.079611718750000000e+04
-2.079250390625000000e+04
-2.079608203125000000e+04
-2.079612109375000000e+04
-2.079582031250000000e+04
-2.079428125000000000e+04
-2.079305468750000000e+04
-2.079566406250000000e+04
-2.079426953125000000e+04
-2.079609765625000000e+04
-2.079579882812500000e+04
-2.079565234375000000e+04
-2.079456445312500000e+04
-2.079612500000000000e+04
-2.079603125000000000e+04
-2.079547265625000000e+04
-2.079592968750000000e+04
-2.079518359375000000e+04
-2.079539257812500000e+04
-2.079611328125000000e+04
-2.079553125000000000e+04
-2.079426171875000000e+04
-2.079472070312500000e+04
-2.079452343750000000e+04
-2.079612695312500000e+04
-2.079570703125000000e+04
-2.079512304687500000e+04
-2.079490625000000000e+04
-2.079603906250000000e+04
-2.079564062500000000e+04
-2.079608203125000000e+04
-2.079536914062500000e+04
-2.079515625000000000e+04
-2.079612500000000000e+04
-2.079442578125000000e+04
-2.079275781250000000e+04
-2.079596289062500000e+04
-2.079568164062500000e+04
-2.079375585937500000e+04
-2.079611132812500000e+04
-2.079610937500000000e+04
-2.079610546875000000e+04
-2.079607421875000000e+04
-2.079444140625000000e+04
-2.079561328125000000e+04
-2.079600000000000000e+04
-2.079502929687500000e+04
-2.079562695312500000e+04
-2.079550781250000000e+04
-2.079550195312500000e+04
-2.079336328125000000e+04
-2.079606640625000000e+04
-2.079514453125000000e+04
-2.079605078125000000e+04
-2.079578125000000000e+04
-2.079585546875000000e+04
-2.079129492187500000e+04
-2.079586523437500000e+04
-2.079605664062500000e+04
-2.079509765625000000e+04
-2.079510156250000000e+04
-2.079427343750000000e+04
-2.079583007812500000e+04
-2.079599609375000000e+04
-2.079610546875000000e+04
-2.079161328125000000e+04
-2.079142187500000000e+04
-2.079601562500000000e+04
-2.078953125000000000e+04
-2.079603320312500000e+04
-2.079511914062500000e+04
-2.079544726562500000e+04
-2.078892578125000000e+04
-2.079580664062500000e+04
-2.079612890625000000e+04
-2.079520312500000000e+04
-2.079591210937500000e+04
-2.079606054687500000e+04
-2.079571484375000000e+04
-2.079584375000000000e+04
-2.079518359375000000e+04
-2.079335937500000000e+04
-2.079475585937500000e+04
-2.079551953125000000e+04
-2.079593164062500000e+04
-2.079582226562500000e+04
-2.079462500000000000e+04
-2.079537109375000000e+04
-2.079474218750000000e+04
-2.079570703125000000e+04
-2.079449023437500000e+04
-2.079603515625000000e+04
-2.079612109375000000e+04
-2.079607421875000000e+04
-2.079600000000000000e+04
-2.079176953125000000e+04
-2.079549804687500000e+04
-2.079603906250000000e+04
-2.079311718750000000e+04
-2.079612500000000000e+04
-2.079232031250000000e+04
-2.079608984375000000e+04
-2.079080468750000000e+04
-2.079599218750000000e+04
-2.079088085937500000e+04
-2.079600000000000000e+04
-2.079575000000000000e+04
-2.079422070312500000e+04
-2.079589453125000000e+04
-2.079532812500000000e+04
-2.079576953125000000e+04
-2.079610937500000000e+04
-2.079604101562500000e+04
-2.079600195312500000e+04
-2.079600390625000000e+04
-2.079612304687500000e+04
-2.079605468750000000e+04
-2.079525781250000000e+04
-2.079588085937500000e+04
-2.079578515625000000e+04
-2.079580664062500000e+04
-2.079609765625000000e+04
-2.079266015625000000e+04
-2.079353125000000000e+04
-2.079602734375000000e+04
-2.079542187500000000e+04
-2.079348046875000000e+04
-2.079530273437500000e+04
-2.079609375000000000e+04
-2.079612890625000000e+04
-2.079585156250000000e+04
-2.079609179687500000e+04
-2.079462109375000000e+04
-2.079611328125000000e+04
-2.079584765625000000e+04
-2.079589843750000000e+04
-2.079521875000000000e+04
-2.079591015625000000e+04
-2.079488281250000000e+04
-2.079612500000000000e+04
-2.079564062500000000e+04
-2.079606640625000000e+04
-2.079608593750000000e+04
-2.079519531250000000e+04
-2.079589062500000000e+04
-2.079612890625000000e+04
-2.079594531250000000e+04
-2.079574804687500000e+04
-2.079563281250000000e+04
-2.079537304687500000e+04
-2.079458398437500000e+04
-2.079318164062500000e+04
-2.079566210937500000e+04
-2.079610351562500000e+04
-2.079562695312500000e+04
-2.079562109375000000e+04
-2.079608203125000000e+04
-2.079600781250000000e+04
-2.079610937500000000e+04
-2.079609960937500000e+04
-2.079563085937500000e+04
-2.079354687500000000e+04
-2.079494921875000000e+04
-2.079586718750000000e+04
-2.079561718750000000e+04
-2.079382812500000000e+04
-2.079514062500000000e+04
-2.079612500000000000e+04
-2.079474414062500000e+04
-2.079406640625000000e+04
-2.079598242187500000e+04
-2.079597656250000000e+04
-2.079534765625000000e+04
-2.079611718750000000e+04
-2.079473046875000000e+04
-2.078937500000000000e+04
-2.079461914062500000e+04
-2.079494140625000000e+04
-2.079546093750000000e+04
-2.079409765625000000e+04
-2.079586132812500000e+04
-2.079588281250000000e+04
-2.079612109375000000e+04
-2.079494921875000000e+04
-2.079561328125000000e+04
-2.079587890625000000e+04
-2.079612890625000000e+04
-2.079448046875000000e+04
-2.079586132812500000e+04
-2.079612500000000000e+04
-2.079605859375000000e+04
-2.079574218750000000e+04
-2.079453515625000000e+04
-2.079608593750000000e+04
-2.079530859375000000e+04
-2.079441406250000000e+04
-2.079560937500000000e+04
-2.079612500000000000e+04
-2.079505273437500000e+04
-2.079542773437500000e+04
-2.079601171875000000e+04
-2.079438281250000000e+04
-2.079597460937500000e+04
-2.079556640625000000e+04
-2.079574804687500000e+04
-2.079539648437500000e+04
-2.079573828125000000e+04
-2.079608203125000000e+04
-2.079595703125000000e+04
-2.079608984375000000e+04
-2.079609570312500000e+04
-2.079416406250000000e+04
-2.079577343750000000e+04
-2.079280859375000000e+04
-2.079602734375000000e+04
-2.079548632812500000e+04
-2.079441210937500000e+04
-2.079513085937500000e+04
-2.079551562500000000e+04
-2.079262500000000000e+04
-2.079612500000000000e+04
-2.079563671875000000e+04
-2.079610937500000000e+04
-2.079388867187500000e+04
-2.079595507812500000e+04
-2.079577929687500000e+04
-2.079610156250000000e+04
-2.079259570312500000e+04
-2.079590820312500000e+04
-2.079348437500000000e+04
-2.079612500000000000e+04
-2.079608203125000000e+04
-2.079612890625000000e+04
-2.079608007812500000e+04
-2.079606640625000000e+04
-2.079566210937500000e+04
-2.079608203125000000e+04
-2.079573046875000000e+04
-2.079333789062500000e+04
-2.079603515625000000e+04
-2.079605078125000000e+04
-2.079595507812500000e+04
-2.079350000000000000e+04
-2.079476953125000000e+04
-2.079374218750000000e+04
-2.079565625000000000e+04
-2.079582617187500000e+04
-2.079508789062500000e+04
-2.079588671875000000e+04
-2.079576171875000000e+04
-2.079025000000000000e+04
-2.079548828125000000e+04
-2.079612890625000000e+04
-2.079610351562500000e+04
-2.079563085937500000e+04
-2.079353320312500000e+04
-2.079586718750000000e+04
-2.079101171875000000e+04
-2.079579296875000000e+04
-2.079585742187500000e+04
-2.079569140625000000e+04
-2.079587890625000000e+04
-2.079446484375000000e+04
-2.079609375000000000e+04
-2.079495312500000000e+04
-2.079611718750000000e+04
-2.079599609375000000e+04
-2.079607421875000000e+04
-2.079609765625000000e+04
-2.079520898437500000e+04
-2.079562890625000000e+04
-2.079385937500000000e+04
-2.079223632812500000e+04
-2.079594531250000000e+04
-2.079600781250000000e+04
-2.079530468750000000e+04
-2.079429882812500000e+04
-2.079555468750000000e+04
-2.079515429687500000e+04
-2.079574218750000000e+04
-2.079594335937500000e+04
-2.079591015625000000e+04
-2.079551953125000000e+04
-2.079238281250000000e+04
-2.079612109375000000e+04
-2.079569140625000000e+04
-2.079598437500000000e+04
-2.079612890625000000e+04
-2.079589843750000000e+04
-2.079058398437500000e+04
-2.079609570312500000e+04
-2.079607617187500000e+04
-2.079547656250000000e+04
-2.079227929687500000e+04
-2.079611132812500000e+04
-2.079603906250000000e+04
-2.079162500000000000e+04
-2.079608593750000000e+04
-2.079607031250000000e+04
-2.079566992187500000e+04
-2.079605859375000000e+04
-2.079580468750000000e+04
-2.079600195312500000e+04
-2.079489843750000000e+04
-2.079491406250000000e+04
-2.079588281250000000e+04
-2.079458593750000000e+04
-2.079537500000000000e+04
-2.079593750000000000e+04
-2.079401953125000000e+04
-2.079573242187500000e+04
-2.079486328125000000e+04
-2.079443359375000000e+04
-2.079148828125000000e+04
-2.079573046875000000e+04
-2.079407226562500000e+04
-2.079612500000000000e+04
-2.079587890625000000e+04
-2.079525000000000000e+04
-2.079578125000000000e+04
-2.079579296875000000e+04
-2.079597460937500000e+04
-2.079578320312500000e+04
-2.079259765625000000e+04
-2.079598437500000000e+04
-2.079473632812500000e+04
-2.079560351562500000e+04
-2.079596875000000000e+04
-2.079576953125000000e+04
-2.079580859375000000e+04
-2.079605468750000000e+04
-2.079361718750000000e+04
-2.079611132812500000e+04
-2.079546875000000000e+04
-2.079609570312500000e+04
-2.079580468750000000e+04
-2.079603906250000000e+04
-2.079552734375000000e+04
-2.079591406250000000e+04
-2.079550195312500000e+04
-2.079557421875000000e+04
-2.079590625000000000e+04
-2.079146875000000000e+04
-2.079607421875000000e+04
-2.079566210937500000e+04
-2.079350000000000000e+04
-2.079388281250000000e+04
-2.079287500000000000e+04
-2.079551953125000000e+04
-2.079543359375000000e+04
-2.079612890625000000e+04
-2.079611718750000000e+04
-2.079516210937500000e+04
-2.079479687500000000e+04
-2.079398046875000000e+04
-2.079593359375000000e+04
-2.079602539062500000e+04
-2.079566015625000000e+04
-2.079607617187500000e+04
-2.079419531250000000e+04
-2.079507812500000000e+04
-2.079544531250000000e+04
-2.079605078125000000e+04
-2.079444140625000000e+04
-2.079594531250000000e+04
-2.079432812500000000e+04
-2.079554296875000000e+04
-2.079600781250000000e+04
-2.079560351562500000e+04
-2.079542968750000000e+04
-2.079601562500000000e+04
-2.079530859375000000e+04
-2.079604296875000000e+04
-2.079511132812500000e+04
-2.079332226562500000e+04
-2.079594921875000000e+04
-2.079584375000000000e+04
-2.079528515625000000e+04
-2.079515234375000000e+04
-2.078887500000000000e+04
-2.079584765625000000e+04
-2.079612109375000000e+04
-2.079378125000000000e+04
-2.079541015625000000e+04
-2.079577343750000000e+04
-2.079532421875000000e+04
-2.079374609375000000e+04
-2.079610742187500000e+04
-2.079610937500000000e+04
-2.079603906250000000e+04
-2.079508203125000000e+04
-2.079605859375000000e+04
-2.079418359375000000e+04
-2.079611523437500000e+04
-2.079600390625000000e+04
-2.079490625000000000e+04
-2.079420312500000000e+04
-2.079607031250000000e+04
-2.079612890625000000e+04
-2.079575000000000000e+04
-2.079404296875000000e+04
-2.079608007812500000e+04
-2.079552343750000000e+04
-2.079553906250000000e+04
-2.079540234375000000e+04
-2.079597851562500000e+04
-2.079566406250000000e+04
-2.079592578125000000e+04
-2.079568359375000000e+04
-2.079612500000000000e+04
-2.079461914062500000e+04
-2.079593164062500000e+04
-2.079417187500000000e+04
-2.079549218750000000e+04
-2.079588476562500000e+04
-2.079580468750000000e+04
-2.079568164062500000e+04
-2.079601562500000000e+04
-2.079032031250000000e+04
-2.079573828125000000e+04
-2.079427734375000000e+04
-2.079607421875000000e+04
-2.079603515625000000e+04
-2.079446484375000000e+04
-2.079612695312500000e+04
-2.079408203125000000e+04
-2.079580468750000000e+04
-2.079441601562500000e+04
-2.079612890625000000e+04
-2.079494726562500000e+04
-2.079582812500000000e+04
-2.079606640625000000e+04
-2.079552343750000000e+04
-2.079544531250000000e+04
-2.079608203125000000e+04
-2.079498437500000000e+04
-2.079351171875000000e+04
-2.079456640625000000e+04
-2.079607617187500000e+04
-2.079425390625000000e+04
-2.079411328125000000e+04
-2.079603125000000000e+04
-2.079611523437500000e+04
-2.079598046875000000e+04
-2.079610156250000000e+04
-2.079608984375000000e+04
-2.079581445312500000e+04
-2.079588281250000000e+04
-2.079510742187500000e+04
-2.079538281250000000e+04
-2.079610937500000000e+04
-2.079461328125000000e+04
-2.079612890625000000e+04
-2.079607617187500000e+04
-2.079544531250000000e+04
-2.079483593750000000e+04
-2.079612500000000000e+04
-2.079611718750000000e+04
-2.079603906250000000e+04
-2.079595312500000000e+04
-2.079516601562500000e+04
-2.079597656250000000e+04
-2.079216015625000000e+04
-2.079610937500000000e+04
-2.079567968750000000e+04
-2.079612500000000000e+04
-2.079587304687500000e+04
-2.079330468750000000e+04
-2.079571679687500000e+04
-2.079595898437500000e+04
-2.079610156250000000e+04
-2.079587109375000000e+04
-2.079258203125000000e+04
-2.079573828125000000e+04
-2.079576757812500000e+04
-2.079610546875000000e+04
-2.079532031250000000e+04
-2.079609960937500000e+04
-2.079604296875000000e+04
-2.079527148437500000e+04
-2.079310742187500000e+04
-2.079590039062500000e+04
-2.079611132812500000e+04
-2.079567578125000000e+04
-2.079607812500000000e+04
-2.079537109375000000e+04
-2.079537109375000000e+04
-2.079602148437500000e+04
-2.079565820312500000e+04
-2.079038281250000000e+04
-2.079612109375000000e+04
-2.079612500000000000e+04
-2.079595312500000000e+04
-2.079606835937500000e+04
-2.079592968750000000e+04
-2.079573828125000000e+04
-2.079581640625000000e+04
-2.079417578125000000e+04
-2.079611914062500000e+04
-2.079513281250000000e+04
-2.079603906250000000e+04
-2.079592578125000000e+04
-2.079589648437500000e+04
-2.079579296875000000e+04
-2.079601757812500000e+04
-2.079575585937500000e+04
-2.079552148437500000e+04
-2.079439648437500000e+04
-2.079582031250000000e+04
-2.079410742187500000e+04
-2.079573242187500000e+04
-2.078666406250000000e+04
-2.079554296875000000e+04
-2.079564257812500000e+04
-2.079598437500000000e+04
-2.079609375000000000e+04
-2.079517382812500000e+04
-2.079559765625000000e+04
-2.079568164062500000e+04
-2.079446484375000000e+04
-2.079608984375000000e+04
-2.079585937500000000e+04
-2.079466796875000000e+04
-2.079456445312500000e+04
-2.079605859375000000e+04
-2.079599609375000000e+04
-2.079565234375000000e+04
-2.079600781250000000e+04
-2.079401171875000000e+04
-2.079612500000000000e+04
-2.079558593750000000e+04
-2.079596875000000000e+04
-2.079591015625000000e+04
-2.079610546875000000e+04
-2.079542578125000000e+04
-2.079554687500000000e+04
-2.079468750000000000e+04
-2.079584570312500000e+04
-2.079606250000000000e+04
-2.079608007812500000e+04
-2.079571875000000000e+04
-2.079610937500000000e+04
-2.079558593750000000e+04
-2.079580468750000000e+04
-2.079596093750000000e+04
-2.079506640625000000e+04
-2.079526171875000000e+04
-2.079584960937500000e+04
-2.079612500000000000e+04
-2.079485937500000000e+04
-2.079612500000000000e+04
-2.079597851562500000e+04
-2.079612109375000000e+04
-2.079608593750000000e+04
-2.079603320312500000e+04
-2.079607812500000000e+04
-2.079592187500000000e+04
-2.079591406250000000e+04
-2.079602343750000000e+04
-2.079604296875000000e+04
-2.079437304687500000e+04
-2.079600585937500000e+04
-2.079527343750000000e+04
-2.079517382812500000e+04
-2.079505468750000000e+04
-2.079498437500000000e+04
-2.079357617187500000e+04
-2.079320312500000000e+04
-2.079178906250000000e+04
-2.079538085937500000e+04
-2.079590234375000000e+04
-2.079608984375000000e+04
-2.079528125000000000e+04
-2.079588085937500000e+04
-2.079610156250000000e+04
-2.079364843750000000e+04
-2.079592578125000000e+04
-2.079564257812500000e+04
-2.079611718750000000e+04
-2.079590429687500000e+04
-2.079610937500000000e+04
-2.079558593750000000e+04
-2.079567968750000000e+04
-2.079505078125000000e+04
-2.079583203125000000e+04
-2.079557421875000000e+04
-2.079603710937500000e+04
-2.079611718750000000e+04
-2.079520117187500000e+04
-2.079424609375000000e+04
-2.079312500000000000e+04
-2.079295898437500000e+04
-2.079596679687500000e+04
-2.079434960937500000e+04
-2.079330468750000000e+04
-2.079490039062500000e+04
-2.079583789062500000e+04
-2.079539648437500000e+04
-2.079603320312500000e+04
-2.079449609375000000e+04
-2.079611914062500000e+04
-2.079567382812500000e+04
-2.078656250000000000e+04
-2.079600585937500000e+04
-2.079577343750000000e+04
-2.079612109375000000e+04
-2.079612500000000000e+04
-2.079515234375000000e+04
-2.079582421875000000e+04
-2.079588281250000000e+04
-2.079476757812500000e+04
-2.079586718750000000e+04
-2.079605468750000000e+04
-2.079611328125000000e+04
-2.079610156250000000e+04
-2.079609375000000000e+04
-2.079512109375000000e+04
-2.079515625000000000e+04
-2.079550781250000000e+04
-2.079580078125000000e+04
-2.079543750000000000e+04
-2.079542968750000000e+04
-2.079597656250000000e+04
-2.079471484375000000e+04
-2.079612500000000000e+04
-2.079441796875000000e+04
-2.079573828125000000e+04
-2.079612109375000000e+04
-2.079518359375000000e+04
-2.079487890625000000e+04
-2.079495117187500000e+04
-2.079217382812500000e+04
-2.079589062500000000e+04
-2.079594140625000000e+04
-2.079141406250000000e+04
-2.078899804687500000e+04
-2.079468554687500000e+04
-2.079609765625000000e+04
-2.079608984375000000e+04
-2.079598437500000000e+04
-2.079607031250000000e+04
-2.079608984375000000e+04
-2.079612890625000000e+04
-2.079517773437500000e+04
-2.079585546875000000e+04
-2.079609375000000000e+04
-2.079569140625000000e+04
-2.079607031250000000e+04
-2.079611523437500000e+04
-2.079531640625000000e+04
-2.079496093750000000e+04
-2.079610937500000000e+04
-2.079411328125000000e+04
-2.079612890625000000e+04
-2.079153710937500000e+04
-2.079612109375000000e+04
-2.079582421875000000e+04
-2.079612109375000000e+04
-2.079532421875000000e+04
-2.079594140625000000e+04
-2.079497265625000000e+04
-2.079594726562500000e+04
-2.079610156250000000e+04
-2.079596875000000000e+04
-2.079602343750000000e+04
-2.079044140625000000e+04
-2.079612109375000000e+04
-2.079584765625000000e+04
-2.079581445312500000e+04
-2.079167578125000000e+04
-2.079612695312500000e+04
-2.079496679687500000e+04
-2.079503125000000000e+04
-2.079597460937500000e+04
-2.079324609375000000e+04
-2.079569140625000000e+04
-2.079250390625000000e+04
-2.079612695312500000e+04
-2.079612890625000000e+04
-2.079530468750000000e+04
-2.079604882812500000e+04
-2.079563671875000000e+04
-2.079579296875000000e+04
-2.079582226562500000e+04
-2.079567773437500000e+04
-2.079607421875000000e+04
-2.079390820312500000e+04
-2.079508398437500000e+04
-2.079597656250000000e+04
-2.079612109375000000e+04
-2.079351171875000000e+04
-2.079551953125000000e+04
-2.079610546875000000e+04
-2.079458593750000000e+04
-2.079607812500000000e+04
-2.079501562500000000e+04
-2.079585742187500000e+04
-2.079501171875000000e+04
-2.079555859375000000e+04
-2.079611914062500000e+04
-2.079577539062500000e+04
-2.079603906250000000e+04
-2.079510546875000000e+04
-2.079240625000000000e+04
-2.079366992187500000e+04
-2.079501953125000000e+04
-2.079612890625000000e+04
-2.079609570312500000e+04
-2.079598437500000000e+04
-2.079581445312500000e+04
-2.079547265625000000e+04
-2.079603515625000000e+04
-2.079560937500000000e+04
-2.079598828125000000e+04
-2.079601562500000000e+04
-2.079512109375000000e+04
-2.079612500000000000e+04
-2.079402929687500000e+04
-2.079430664062500000e+04
-2.079318750000000000e+04
-2.079610546875000000e+04
-2.079581054687500000e+04
-2.079205468750000000e+04
-2.079612109375000000e+04
-2.079419140625000000e+04
-2.079148828125000000e+04
-2.079547070312500000e+04
-2.079312304687500000e+04
-2.079601171875000000e+04
-2.079502734375000000e+04
-2.079483593750000000e+04
-2.079294531250000000e+04
-2.079262500000000000e+04
-2.079109960937500000e+04
-2.079427343750000000e+04
-2.079458203125000000e+04
-2.079500000000000000e+04
-2.079601562500000000e+04
-2.079561328125000000e+04
-2.079588867187500000e+04
-2.079610156250000000e+04
-2.079397265625000000e+04
-2.079499414062500000e+04
-2.079300000000000000e+04
-2.079609179687500000e+04
-2.079607031250000000e+04
-2.079609765625000000e+04
-2.079557421875000000e+04
-2.079610156250000000e+04
-2.079351953125000000e+04
-2.079067578125000000e+04
-2.079612500000000000e+04
-2.079526953125000000e+04
-2.079543945312500000e+04
-2.079399414062500000e+04
-2.079570312500000000e+04
-2.079578906250000000e+04
-2.079603320312500000e+04
-2.079545312500000000e+04
-2.079609375000000000e+04
-2.079489453125000000e+04
-2.079277929687500000e+04
-2.079612500000000000e+04
-2.079612890625000000e+04
-2.079581250000000000e+04
-2.079488867187500000e+04
-2.079597656250000000e+04
-2.079538281250000000e+04
-2.079593945312500000e+04
-2.079603906250000000e+04
-2.079454882812500000e+04
-2.079599218750000000e+04
-2.079566015625000000e+04
-2.079608789062500000e+04
-2.079612109375000000e+04
-2.079428320312500000e+04
-2.078795312500000000e+04
-2.079147265625000000e+04
-2.079547265625000000e+04
-2.079568164062500000e+04
-2.079553710937500000e+04
-2.079347265625000000e+04
-2.079592968750000000e+04
-2.079610937500000000e+04
-2.079427734375000000e+04
-2.079566015625000000e+04
-2.079522460937500000e+04
-2.079301562500000000e+04
-2.079286328125000000e+04
-2.079538281250000000e+04
-2.079599609375000000e+04
-2.079591015625000000e+04
-2.079552343750000000e+04
-2.079582812500000000e+04
-2.079420312500000000e+04
-2.079611328125000000e+04
-2.079544335937500000e+04
-2.079540625000000000e+04
-2.079549609375000000e+04
-2.079383203125000000e+04
-2.079588281250000000e+04
-2.079574609375000000e+04
-2.079342578125000000e+04
-2.079448046875000000e+04
-2.079573828125000000e+04
-2.079611328125000000e+04
-2.079611328125000000e+04
-2.079235937500000000e+04
-2.079598828125000000e+04
-2.079595507812500000e+04
-2.079573046875000000e+04
-2.079573437500000000e+04
-2.079612304687500000e+04
-2.079591015625000000e+04
-2.079520312500000000e+04
-2.079607812500000000e+04
-2.079331054687500000e+04
-2.079429296875000000e+04
-2.079583593750000000e+04
-2.079331250000000000e+04
-2.079532226562500000e+04
-2.079412304687500000e+04
-2.079563867187500000e+04
-2.079387109375000000e+04
-2.079426953125000000e+04
-2.079062500000000000e+04
-2.079534765625000000e+04
-2.079573046875000000e+04
-2.079598828125000000e+04
-2.079558789062500000e+04
-2.079602929687500000e+04
-2.079422265625000000e+04
-2.079602734375000000e+04
-2.079562695312500000e+04
-2.079591796875000000e+04
-2.079576171875000000e+04
-2.079610156250000000e+04
-2.079515820312500000e+04
-2.079612500000000000e+04
-2.079525781250000000e+04
-2.079571875000000000e+04
-2.079579101562500000e+04
-2.079583984375000000e+04
-2.079438085937500000e+04
-2.079612500000000000e+04
-2.079529687500000000e+04
-2.079488671875000000e+04
-2.079573632812500000e+04
-2.079386718750000000e+04
-2.079606250000000000e+04
-2.079553515625000000e+04
-2.079587695312500000e+04
-2.079543359375000000e+04
-2.079296093750000000e+04
-2.079483984375000000e+04
-2.079551953125000000e+04
-2.079605078125000000e+04
-2.079550781250000000e+04
-2.079091601562500000e+04
-2.079321289062500000e+04
-2.079603906250000000e+04
-2.079611914062500000e+04
-2.079597070312500000e+04
-2.079170703125000000e+04
-2.079591015625000000e+04
-2.079612109375000000e+04
-2.079514843750000000e+04
-2.079501171875000000e+04
-2.079540429687500000e+04
-2.079608984375000000e+04
-2.079607617187500000e+04
-2.079594140625000000e+04
-2.079516015625000000e+04
-2.078670898437500000e+04
-2.079598828125000000e+04
-2.079612500000000000e+04
-2.079612695312500000e+04
-2.079603320312500000e+04
-2.079492968750000000e+04
-2.079609960937500000e+04
-2.079552343750000000e+04
-2.079592382812500000e+04
-2.079559375000000000e+04
-2.079446679687500000e+04
-2.079025195312500000e+04
-2.079542578125000000e+04
-2.079612304687500000e+04
-2.079505468750000000e+04
-2.079356640625000000e+04
-2.079610546875000000e+04
-2.079563085937500000e+04
-2.079521093750000000e+04
-2.079516601562500000e+04
-2.079573046875000000e+04
-2.079608398437500000e+04
-2.079550390625000000e+04
-2.079612500000000000e+04
-2.079371484375000000e+04
-2.079418750000000000e+04
-2.079487890625000000e+04
-2.079461718750000000e+04
-2.079580273437500000e+04
-2.079498046875000000e+04
-2.079265234375000000e+04
-2.079598828125000000e+04
-2.079533398437500000e+04
-2.079522265625000000e+04
-2.079612500000000000e+04
-2.079600000000000000e+04
-2.079579687500000000e+04
-2.079564453125000000e+04
-2.079595703125000000e+04
-2.079592968750000000e+04
-2.079545703125000000e+04
-2.079574804687500000e+04
-2.079581640625000000e+04
-2.079459765625000000e+04
-2.079394531250000000e+04
-2.079548046875000000e+04
-2.079441015625000000e+04
-2.079549609375000000e+04
-2.079584179687500000e+04
-2.079610546875000000e+04
-2.079611718750000000e+04
-2.079599609375000000e+04
-2.079504101562500000e+04
-2.079392968750000000e+04
-2.079574609375000000e+04
-2.079612109375000000e+04
-2.079498828125000000e+04
-2.079612304687500000e+04
-2.079609765625000000e+04
-2.079608593750000000e+04
-2.079374218750000000e+04
-2.079595703125000000e+04
-2.079583007812500000e+04
-2.078931445312500000e+04
-2.079596093750000000e+04
-2.079461328125000000e+04
-2.079608984375000000e+04
-2.079600781250000000e+04
-2.079351171875000000e+04
-2.079414062500000000e+04
-2.079594335937500000e+04
-2.079611328125000000e+04
-2.079612695312500000e+04
-2.079561914062500000e+04
-2.079559375000000000e+04
-2.079612695312500000e+04
-2.079196679687500000e+04
-2.079564648437500000e+04
-2.079592382812500000e+04
-2.079583789062500000e+04
-2.079479687500000000e+04
-2.079549804687500000e+04
-2.079191015625000000e+04
-2.079598046875000000e+04
-2.079595117187500000e+04
-2.079570703125000000e+04
-2.079536132812500000e+04
-2.079611328125000000e+04
-2.079596484375000000e+04
-2.079611328125000000e+04
-2.079604296875000000e+04
-2.079551171875000000e+04
-2.079612500000000000e+04
-2.079472656250000000e+04
-2.079563671875000000e+04
-2.079253515625000000e+04
-2.079546679687500000e+04
-2.079587109375000000e+04
-2.079497460937500000e+04
-2.079535351562500000e+04
-2.079331640625000000e+04
-2.079507226562500000e+04
-2.079600195312500000e+04
-2.079195703125000000e+04
-2.079552734375000000e+04
-2.079591992187500000e+04
-2.079608203125000000e+04
-2.079557812500000000e+04
-2.079593359375000000e+04
-2.079520312500000000e+04
-2.079563281250000000e+04
-2.079502734375000000e+04
-2.079443359375000000e+04
-2.079578515625000000e+04
-2.079591796875000000e+04
-2.079444335937500000e+04
-2.079576171875000000e+04
-2.079579687500000000e+04
-2.079609765625000000e+04
-2.079555859375000000e+04
-2.079609179687500000e+04
-2.079526171875000000e+04
-2.079607812500000000e+04
-2.079533007812500000e+04
-2.079543750000000000e+04
-2.079501953125000000e+04
-2.079607226562500000e+04
-2.079478125000000000e+04
-2.079528906250000000e+04
-2.078997460937500000e+04
-2.079610156250000000e+04
-2.079546875000000000e+04
-2.079479882812500000e+04
-2.079597656250000000e+04
-2.079562109375000000e+04
-2.079066210937500000e+04
-2.079569531250000000e+04
-2.079590429687500000e+04
-2.079607617187500000e+04
-2.079588281250000000e+04
-2.079611718750000000e+04
-2.079558593750000000e+04
-2.079611328125000000e+04
-2.079219531250000000e+04
-2.079469921875000000e+04
-2.079576953125000000e+04
-2.079491210937500000e+04
-2.079611914062500000e+04
-2.078853906250000000e+04
-2.079596289062500000e+04
-2.079566406250000000e+04
-2.079382617187500000e+04
-2.079275781250000000e+04
-2.079241015625000000e+04
-2.079607812500000000e+04
-2.079149804687500000e+04
-2.079594921875000000e+04
-2.079569726562500000e+04
-2.079560156250000000e+04
-2.079612890625000000e+04
-2.079594531250000000e+04
-2.079611718750000000e+04
-2.079546484375000000e+04
-2.079603125000000000e+04
-2.079603125000000000e+04
-2.079527148437500000e+04
-2.079579492187500000e+04
-2.079611914062500000e+04
-2.079423046875000000e+04
-2.079282031250000000e+04
-2.079259375000000000e+04
-2.079580468750000000e+04
-2.079611328125000000e+04
-2.079474023437500000e+04
-2.079485937500000000e+04
-2.079607226562500000e+04
-2.079492968750000000e+04
-2.079577929687500000e+04
-2.079190234375000000e+04
-2.079560546875000000e+04
-2.079612695312500000e+04
-2.079507031250000000e+04
-2.079533984375000000e+04
-2.079610937500000000e+04
-2.079487500000000000e+04
-2.079366406250000000e+04
-2.079607031250000000e+04
-2.079341992187500000e+04
-2.079398437500000000e+04
-2.079530664062500000e+04
-2.079352929687500000e+04
-2.079482812500000000e+04
-2.079591796875000000e+04
-2.079190234375000000e+04
-2.079605859375000000e+04
-2.079430078125000000e+04
-2.079583984375000000e+04
-2.079490625000000000e+04
-2.079436718750000000e+04
-2.079598046875000000e+04
-2.079582421875000000e+04
-2.079612500000000000e+04
-2.079611328125000000e+04
-2.079423046875000000e+04
-2.079420898437500000e+04
-2.079612500000000000e+04
-2.079490234375000000e+04
-2.079516796875000000e+04
-2.079612500000000000e+04
-2.079572656250000000e+04
-2.079548828125000000e+04
-2.079548828125000000e+04
-2.079532812500000000e+04
-2.079576562500000000e+04
-2.079550976562500000e+04
-2.079601757812500000e+04
-2.079546093750000000e+04
-2.079607421875000000e+04
-2.079396093750000000e+04
-2.079611328125000000e+04
-2.078979687500000000e+04
-2.079336718750000000e+04
-2.079601562500000000e+04
-2.079550976562500000e+04
-2.079383593750000000e+04
-2.079589062500000000e+04
-2.079526367187500000e+04
-2.079592578125000000e+04
-2.079597265625000000e+04
-2.079044726562500000e+04
-2.079550390625000000e+04
-2.079605273437500000e+04
-2.079013671875000000e+04
-2.079603125000000000e+04
-2.079419335937500000e+04
-2.079526367187500000e+04
-2.079224023437500000e+04
-2.079442968750000000e+04
-2.079493750000000000e+04
-2.079259765625000000e+04
-2.079605468750000000e+04
-2.079595898437500000e+04
-2.079384765625000000e+04
-2.079562500000000000e+04
-2.079608984375000000e+04
-2.079607226562500000e+04
-2.079588671875000000e+04
-2.079224609375000000e+04
-2.079560742187500000e+04
-2.079363281250000000e+04
-2.079529687500000000e+04
-2.079376171875000000e+04
-2.079224414062500000e+04
-2.079457812500000000e+04
-2.079540234375000000e+04
-2.079608984375000000e+04
-2.079410351562500000e+04
-2.079513671875000000e+04
-2.079499804687500000e+04
-2.079356835937500000e+04
-2.079584179687500000e+04
-2.079602734375000000e+04
-2.079453515625000000e+04
-2.079341210937500000e+04
-2.079583007812500000e+04
-2.079611718750000000e+04
-2.079155468750000000e+04
-2.079514257812500000e+04
-2.079612695312500000e+04
-2.079532617187500000e+04
-2.079581054687500000e+04
-2.079612890625000000e+04
-2.079539453125000000e+04
-2.079557812500000000e+04
-2.079609960937500000e+04
-2.079551171875000000e+04
-2.079592968750000000e+04
-2.079598437500000000e+04
-2.079578906250000000e+04
-2.079543359375000000e+04
-2.079562109375000000e+04
-2.079606250000000000e+04
-2.079563085937500000e+04
-2.079513281250000000e+04
-2.079592968750000000e+04
-2.079555468750000000e+04
-2.079552734375000000e+04
-2.079087890625000000e+04
-2.079542968750000000e+04
-2.079574609375000000e+04
-2.079612890625000000e+04
-2.079553906250000000e+04
-2.079588867187500000e+04
-2.079069531250000000e+04
-2.079535937500000000e+04
-2.079608984375000000e+04
-2.079567578125000000e+04
-2.079471093750000000e+04
-2.079578906250000000e+04
-2.079191992187500000e+04
-2.079598046875000000e+04
-2.079586523437500000e+04
-2.079608593750000000e+04
-2.079428125000000000e+04
-2.079603515625000000e+04
-2.079602148437500000e+04
-2.079607812500000000e+04
-2.079487109375000000e+04
-2.079547460937500000e+04
-2.079366992187500000e+04
-2.079609375000000000e+04
-2.079519531250000000e+04
-2.079039648437500000e+04
-2.079598828125000000e+04
-2.079593945312500000e+04
-2.079476562500000000e+04
-2.079604101562500000e+04
-2.079608984375000000e+04
-2.079543750000000000e+04
-2.079497265625000000e+04
-2.079612500000000000e+04
-2.079588281250000000e+04
-2.079511328125000000e+04
-2.079546093750000000e+04
-2.079612695312500000e+04
-2.079566406250000000e+04
-2.079601562500000000e+04
-2.079611718750000000e+04
-2.079443359375000000e+04
-2.079541210937500000e+04
-2.079604882812500000e+04
-2.079544726562500000e+04
-2.079551953125000000e+04
-2.079597265625000000e+04
-2.079611718750000000e+04
-2.079530664062500000e+04
-2.079612500000000000e+04
-2.079609765625000000e+04
-2.079138281250000000e+04
-2.079557421875000000e+04
-2.079317968750000000e+04
-2.079560156250000000e+04
-2.079170117187500000e+04
-2.079401757812500000e+04
-2.079563085937500000e+04
-2.079612500000000000e+04
-2.079611328125000000e+04
-2.079586328125000000e+04
-2.079232421875000000e+04
-2.079516015625000000e+04
-2.079228515625000000e+04
-2.079491406250000000e+04
-2.079504296875000000e+04
-2.079512304687500000e+04
-2.079458593750000000e+04
-2.079432226562500000e+04
-2.079600000000000000e+04
-2.079508593750000000e+04
-2.079611718750000000e+04
-2.079597265625000000e+04
-2.079551757812500000e+04
-2.079441210937500000e+04
-2.079117968750000000e+04
-2.079596875000000000e+04
-2.079596875000000000e+04
-2.079591796875000000e+04
-2.079530078125000000e+04
-2.079589843750000000e+04
-2.079567578125000000e+04
-2.079534765625000000e+04
-2.079399609375000000e+04
-2.079331835937500000e+04
-2.079608593750000000e+04
-2.079544335937500000e+04
-2.079610937500000000e+04
-2.079398828125000000e+04
-2.079389453125000000e+04
-2.079301757812500000e+04
-2.079604492187500000e+04
-2.079607812500000000e+04
-2.079612109375000000e+04
-2.079611718750000000e+04
-2.079452734375000000e+04
-2.079484765625000000e+04
-2.079601757812500000e+04
-2.079349609375000000e+04
-2.079565820312500000e+04
-2.079470703125000000e+04
-2.079604492187500000e+04
-2.079612890625000000e+04
-2.079611328125000000e+04
-2.079601757812500000e+04
-2.079602929687500000e+04
-2.079511718750000000e+04
-2.079593750000000000e+04
-2.079591406250000000e+04
-2.079600390625000000e+04
-2.079611718750000000e+04
-2.079424804687500000e+04
-2.079404296875000000e+04
-2.079610156250000000e+04
-2.079513281250000000e+04
-2.079580078125000000e+04
-2.079408593750000000e+04
-2.079552734375000000e+04
-2.079583593750000000e+04
-2.079612890625000000e+04
-2.079387304687500000e+04
-2.079609765625000000e+04
-2.079029687500000000e+04
-2.079607421875000000e+04
-2.079458984375000000e+04
-2.079601171875000000e+04
-2.079579296875000000e+04
-2.079454687500000000e+04
-2.079572460937500000e+04
-2.079612304687500000e+04
-2.079535156250000000e+04
-2.079580664062500000e+04
-2.079568945312500000e+04
-2.079611328125000000e+04
-2.079557031250000000e+04
-2.079510546875000000e+04
-2.079609375000000000e+04
-2.078935156250000000e+04
-2.079573828125000000e+04
-2.079583398437500000e+04
-2.079602343750000000e+04
-2.079524804687500000e+04
-2.079464062500000000e+04
-2.079606054687500000e+04
-2.079587890625000000e+04
-2.079497656250000000e+04
-2.079495898437500000e+04
-2.079589062500000000e+04
-2.079609179687500000e+04
-2.079581250000000000e+04
-2.079401367187500000e+04
-2.079360351562500000e+04
-2.079608789062500000e+04
-2.079297070312500000e+04
-2.079537890625000000e+04
-2.079574609375000000e+04
-2.079513281250000000e+04
-2.079519140625000000e+04
-2.079359375000000000e+04
-2.079294531250000000e+04
-2.079575195312500000e+04
-2.079567578125000000e+04
-2.079330078125000000e+04
-2.079608984375000000e+04
-2.078975976562500000e+04
-2.079355664062500000e+04
-2.079599609375000000e+04
-2.079192578125000000e+04
-2.079479882812500000e+04
-2.079403906250000000e+04
-2.079512304687500000e+04
-2.079591406250000000e+04
-2.079437304687500000e+04
-2.079304296875000000e+04
-2.079578515625000000e+04
-2.079522656250000000e+04
-2.079612109375000000e+04
-2.079181640625000000e+04
-2.079321484375000000e+04
-2.079598242187500000e+04
-2.079255273437500000e+04
-2.079599218750000000e+04
-2.079576171875000000e+04
-2.079612109375000000e+04
-2.079585156250000000e+04
-2.079525781250000000e+04
-2.079553125000000000e+04
-2.079543554687500000e+04
-2.079427734375000000e+04
-2.079492578125000000e+04
-2.079479882812500000e+04
-2.079608203125000000e+04
-2.079612695312500000e+04
-2.079585156250000000e+04
-2.079592968750000000e+04
-2.079585156250000000e+04
-2.079612695312500000e+04
-2.079435546875000000e+04
-2.079427734375000000e+04
-2.079612500000000000e+04
-2.079600000000000000e+04
-2.079478906250000000e+04
-2.079580664062500000e+04
-2.079595117187500000e+04
-2.079600195312500000e+04
-2.079262890625000000e+04
-2.079599218750000000e+04
-2.079601171875000000e+04
-2.079560937500000000e+04
-2.079501171875000000e+04
-2.079604882812500000e+04
-2.079360351562500000e+04
-2.079565625000000000e+04
-2.079594531250000000e+04
-2.079555859375000000e+04
-2.079292578125000000e+04
-2.079503906250000000e+04
-2.079474218750000000e+04
-2.079417187500000000e+04
-2.079612500000000000e+04
-2.079591406250000000e+04
-2.079516406250000000e+04
-2.079529296875000000e+04
-2.079610156250000000e+04
-2.079516210937500000e+04
-2.079607031250000000e+04
-2.079542968750000000e+04
-2.079612109375000000e+04
-2.079482421875000000e+04
-2.079597070312500000e+04
-2.079528906250000000e+04
-2.079612109375000000e+04
-2.079549609375000000e+04
-2.079605468750000000e+04
-2.079611328125000000e+04
-2.079603515625000000e+04
-2.079470312500000000e+04
-2.079585742187500000e+04
-2.079566601562500000e+04
-2.079501953125000000e+04
-2.079274218750000000e+04
-2.079609375000000000e+04
-2.079607421875000000e+04
-2.079612500000000000e+04
-2.079591015625000000e+04
-2.079497265625000000e+04
-2.079410546875000000e+04
-2.079605859375000000e+04
-2.079589843750000000e+04
-2.079330859375000000e+04
-2.079497265625000000e+04
-2.079608984375000000e+04
-2.079178906250000000e+04
-2.079605859375000000e+04
-2.079582812500000000e+04
-2.079589257812500000e+04
-2.079583789062500000e+04
-2.079523046875000000e+04
-2.079464843750000000e+04
-2.079185156250000000e+04
-2.079552734375000000e+04
-2.079601562500000000e+04
-2.079582031250000000e+04
-2.079578906250000000e+04
-2.079575390625000000e+04
-2.079601171875000000e+04
-2.079605468750000000e+04
-2.079565234375000000e+04
-2.079605078125000000e+04
-2.079432617187500000e+04
-2.079501171875000000e+04
-2.079414453125000000e+04
-2.079513281250000000e+04
-2.079612890625000000e+04
-2.079611718750000000e+04
-2.079456640625000000e+04
-2.079584179687500000e+04
-2.079612304687500000e+04
-2.079604296875000000e+04
-2.079589257812500000e+04
-2.079612890625000000e+04
-2.079608593750000000e+04
-2.079606250000000000e+04
-2.079462304687500000e+04
-2.079582226562500000e+04
-2.079610156250000000e+04
-2.079599414062500000e+04
-2.079543164062500000e+04
-2.079612500000000000e+04
-2.079612304687500000e+04
-2.079552734375000000e+04
-2.079577148437500000e+04
-2.079541015625000000e+04
-2.079611718750000000e+04
-2.079537109375000000e+04
-2.079457421875000000e+04
-2.079602734375000000e+04
-2.079468750000000000e+04
-2.079597070312500000e+04
-2.079590625000000000e+04
-2.079610351562500000e+04
-2.079587890625000000e+04
-2.079611914062500000e+04
-2.079536523437500000e+04
-2.079558593750000000e+04
-2.079602148437500000e+04
-2.079609570312500000e+04
-2.079567187500000000e+04
-2.079588085937500000e+04
-2.079611718750000000e+04
-2.079482421875000000e+04
-2.079613085937500000e+04
-2.079458984375000000e+04
-2.079457617187500000e+04
-2.079426171875000000e+04
-2.079608203125000000e+04
-2.079025976562500000e+04
-2.079359765625000000e+04
-2.079494726562500000e+04
-2.079534375000000000e+04
-2.079612304687500000e+04
-2.079594335937500000e+04
-2.079607812500000000e+04
-2.079439453125000000e+04
-2.079535937500000000e+04
-2.079612109375000000e+04
-2.079612304687500000e+04
-2.079516796875000000e+04
-2.079309570312500000e+04
-2.079598046875000000e+04
-2.079529296875000000e+04
-2.079600781250000000e+04
-2.078874218750000000e+04
-2.079550000000000000e+04
-2.079542773437500000e+04
-2.079611718750000000e+04
-2.079597460937500000e+04
-2.079606445312500000e+04
-2.079550781250000000e+04
-2.079612695312500000e+04
-2.079598632812500000e+04
-2.079601562500000000e+04
-2.079570312500000000e+04
-2.079612109375000000e+04
-2.079553515625000000e+04
-2.079578125000000000e+04
-2.079468359375000000e+04
-2.079586523437500000e+04
-2.079591406250000000e+04
-2.079606640625000000e+04
-2.079104492187500000e+04
-2.079489648437500000e+04
-2.079457421875000000e+04
-2.079579101562500000e+04
-2.079612109375000000e+04
-2.079363476562500000e+04
-2.079361718750000000e+04
-2.079222070312500000e+04
-2.079612500000000000e+04
-2.079579296875000000e+04
-2.079384375000000000e+04
-2.079592773437500000e+04
-2.079612890625000000e+04
-2.079415625000000000e+04
-2.079563281250000000e+04
-2.079563867187500000e+04
-2.079549609375000000e+04
-2.079600390625000000e+04
-2.079546875000000000e+04
-2.079613085937500000e+04
-2.079482031250000000e+04
-2.079609570312500000e+04
-2.079211718750000000e+04
-2.079612890625000000e+04
-2.079488281250000000e+04
-2.079573242187500000e+04
-2.079599609375000000e+04
-2.079594140625000000e+04
-2.079605468750000000e+04
-2.079523046875000000e+04
-2.079612695312500000e+04
-2.079602343750000000e+04
-2.079451953125000000e+04
-2.079439062500000000e+04
-2.079567968750000000e+04
-2.079573828125000000e+04
-2.079609765625000000e+04
-2.079416796875000000e+04
-2.079608593750000000e+04
-2.079600000000000000e+04
-2.079535937500000000e+04
-2.079300390625000000e+04
-2.079612500000000000e+04
-2.079611132812500000e+04
-2.079528515625000000e+04
-2.079486718750000000e+04
-2.079018945312500000e+04
-2.079587695312500000e+04
-2.079522656250000000e+04
-2.079576562500000000e+04
-2.079496093750000000e+04
-2.079579687500000000e+04
-2.079610351562500000e+04
-2.079589843750000000e+04
-2.079605273437500000e+04
-2.079538671875000000e+04
-2.079492578125000000e+04
-2.079573828125000000e+04
-2.079568750000000000e+04
-2.079562304687500000e+04
-2.079587304687500000e+04
-2.079608984375000000e+04
-2.079599804687500000e+04
-2.079492578125000000e+04
-2.079223828125000000e+04
-2.079588281250000000e+04
-2.079552734375000000e+04
-2.079610937500000000e+04
-2.079569140625000000e+04
-2.079590625000000000e+04
-2.079485351562500000e+04
-2.079607421875000000e+04
-2.079340234375000000e+04
-2.079608593750000000e+04
-2.079410546875000000e+04
-2.079603515625000000e+04
-2.079566210937500000e+04
-2.079542578125000000e+04
-2.079542578125000000e+04
-2.079407031250000000e+04
-2.079485156250000000e+04
-2.079112109375000000e+04
-2.079497070312500000e+04
-2.079363476562500000e+04
-2.079408398437500000e+04
-2.079606445312500000e+04
-2.079180078125000000e+04
-2.079612890625000000e+04
-2.079552539062500000e+04
-2.079506445312500000e+04
-2.079608593750000000e+04
-2.079572070312500000e+04
-2.079398242187500000e+04
-2.079610937500000000e+04
-2.079579101562500000e+04
-2.079608593750000000e+04
-2.079530078125000000e+04
-2.079566015625000000e+04
-2.079550585937500000e+04
-2.079566601562500000e+04
-2.079589453125000000e+04
-2.079605273437500000e+04
-2.079547070312500000e+04
-2.079562109375000000e+04
-2.079610742187500000e+04
-2.079612304687500000e+04
-2.079611718750000000e+04
-2.079429687500000000e+04
-2.078646875000000000e+04
-2.078804296875000000e+04
-2.079497460937500000e+04
-2.079517578125000000e+04
-2.079610156250000000e+04
-2.079570703125000000e+04
-2.079582226562500000e+04
-2.079505468750000000e+04
-2.079554687500000000e+04
-2.079607226562500000e+04
-2.079600390625000000e+04
-2.079475195312500000e+04
-2.079612304687500000e+04
-2.079569726562500000e+04
-2.079600000000000000e+04
-2.079574218750000000e+04
-2.079507812500000000e+04
-2.079612500000000000e+04
-2.079575781250000000e+04
-2.079606835937500000e+04
-2.079287500000000000e+04
-2.079545312500000000e+04
-2.079483789062500000e+04
-2.079596289062500000e+04
-2.079612109375000000e+04
-2.079266406250000000e+04
-2.079575781250000000e+04
-2.079542578125000000e+04
-2.079303515625000000e+04
-2.078971289062500000e+04
-2.079328515625000000e+04
-2.079555859375000000e+04
-2.079014062500000000e+04
-2.079533398437500000e+04
-2.079574609375000000e+04
-2.079587695312500000e+04
-2.079580468750000000e+04
-2.079612890625000000e+04
-2.078819531250000000e+04
-2.079172851562500000e+04
-2.079574414062500000e+04
-2.079424804687500000e+04
-2.079612500000000000e+04
-2.079546875000000000e+04
-2.079591796875000000e+04
-2.079609765625000000e+04
-2.079611718750000000e+04
-2.079556640625000000e+04
-2.079612109375000000e+04
-2.079609765625000000e+04
-2.079611718750000000e+04
-2.079572460937500000e+04
-2.079566796875000000e+04
-2.079558007812500000e+04
-2.079526367187500000e+04
-2.079397656250000000e+04
-2.079455078125000000e+04
-2.079558984375000000e+04
-2.079561132812500000e+04
-2.079521289062500000e+04
-2.079611132812500000e+04
-2.079603125000000000e+04
-2.079273828125000000e+04
-2.079609179687500000e+04
-2.079604492187500000e+04
-2.079478125000000000e+04
-2.079530468750000000e+04
-2.079481835937500000e+04
-2.079608203125000000e+04
-2.079612304687500000e+04
-2.079557617187500000e+04
-2.079576171875000000e+04
-2.079382031250000000e+04
-2.079352734375000000e+04
-2.079605078125000000e+04
-2.079564453125000000e+04
-2.079598437500000000e+04
-2.079612890625000000e+04
-2.079542968750000000e+04
-2.079612890625000000e+04
-2.079601562500000000e+04
-2.079490625000000000e+04
-2.079582421875000000e+04
-2.079587500000000000e+04
-2.079593945312500000e+04
-2.079572656250000000e+04
-2.079562109375000000e+04
-2.079594335937500000e+04
-2.079426953125000000e+04
-2.079566601562500000e+04
-2.079489062500000000e+04
-2.079611718750000000e+04
-2.079536523437500000e+04
-2.079550000000000000e+04
-2.079577343750000000e+04
-2.079590429687500000e+04
-2.079566015625000000e+04
-2.079612109375000000e+04
-2.079565234375000000e+04
-2.079414843750000000e+04
-2.079284375000000000e+04
-2.079608789062500000e+04
-2.079598437500000000e+04
-2.079355468750000000e+04
-2.079265625000000000e+04
-2.079533789062500000e+04
-2.079547851562500000e+04
-2.079505273437500000e+04
-2.079353320312500000e+04
-2.079609570312500000e+04
-2.079535937500000000e+04
-2.079207812500000000e+04
-2.079297265625000000e+04
-2.079603906250000000e+04
-2.079599218750000000e+04
-2.079385156250000000e+04
-2.079601171875000000e+04
-2.078645507812500000e+04
-2.079589062500000000e+04
-2.079460546875000000e+04
-2.079609960937500000e+04
-2.079609765625000000e+04
-2.079013671875000000e+04
-2.079462109375000000e+04
-2.079356640625000000e+04
-2.079564257812500000e+04
-2.079610351562500000e+04
-2.079609765625000000e+04
-2.079580468750000000e+04
-2.079497265625000000e+04
-2.079552343750000000e+04
-2.079607226562500000e+04
-2.079476171875000000e+04
-2.079612500000000000e+04
-2.079609570312500000e+04
-2.079609375000000000e+04
-2.079558789062500000e+04
-2.079538085937500000e+04
-2.079518359375000000e+04
-2.079608203125000000e+04
-2.079573046875000000e+04
-2.079575390625000000e+04
-2.079597656250000000e+04
-2.079355859375000000e+04
-2.079581835937500000e+04
-2.079372070312500000e+04
-2.079582617187500000e+04
-2.079606640625000000e+04
-2.079610937500000000e+04
-2.079559570312500000e+04
-2.079596875000000000e+04
-2.079514648437500000e+04
-2.079588281250000000e+04
-2.079612500000000000e+04
-2.079574218750000000e+04
-2.079405273437500000e+04
-2.079605859375000000e+04
-2.079612500000000000e+04
-2.079515429687500000e+04
-2.079402343750000000e+04
-2.079551367187500000e+04
-2.079312500000000000e+04
-2.079597070312500000e+04
-2.079293359375000000e+04
-2.079542578125000000e+04
-2.079604687500000000e+04
-2.079570703125000000e+04
-2.079343750000000000e+04
-2.079610351562500000e+04
-2.079486523437500000e+04
-2.079596875000000000e+04
-2.079466406250000000e+04
-2.079433398437500000e+04
-2.079608789062500000e+04
-2.079612500000000000e+04
-2.079586132812500000e+04
-2.079556250000000000e+04
-2.079391796875000000e+04
-2.079612109375000000e+04
-2.079354687500000000e+04
-2.079502343750000000e+04
-2.079612500000000000e+04
-2.079356250000000000e+04
-2.079567968750000000e+04
-2.079421484375000000e+04
-2.079354882812500000e+04
-2.079601953125000000e+04
-2.079547460937500000e+04
-2.079600390625000000e+04
-2.079586132812500000e+04
-2.079405468750000000e+04
-2.079509765625000000e+04
-2.079547265625000000e+04
-2.079360937500000000e+04
-2.079598828125000000e+04
-2.079612500000000000e+04
-2.079474804687500000e+04
-2.079555859375000000e+04
-2.079471484375000000e+04
-2.079426367187500000e+04
-2.079295703125000000e+04
-2.079605859375000000e+04
-2.079569531250000000e+04
-2.079317187500000000e+04
-2.079445898437500000e+04
-2.079605468750000000e+04
-2.079601953125000000e+04
-2.079570507812500000e+04
-2.079608398437500000e+04
-2.079178710937500000e+04
-2.079506250000000000e+04
-2.079610937500000000e+04
-2.079612500000000000e+04
-2.079537500000000000e+04
-2.079104492187500000e+04
-2.079553515625000000e+04
-2.079576171875000000e+04
-2.079610156250000000e+04
-2.079588476562500000e+04
-2.079592187500000000e+04
-2.079568750000000000e+04
-2.079482812500000000e+04
-2.079391015625000000e+04
-2.079517187500000000e+04
-2.079483398437500000e+04
-2.079586328125000000e+04
-2.079599023437500000e+04
-2.079539062500000000e+04
-2.079256445312500000e+04
-2.079573828125000000e+04
-2.079613085937500000e+04
-2.079491992187500000e+04
-2.079600781250000000e+04
-2.079525390625000000e+04
-2.079329296875000000e+04
-2.079545703125000000e+04
-2.079504296875000000e+04
-2.079587890625000000e+04
-2.079611718750000000e+04
-2.079271093750000000e+04
-2.079569140625000000e+04
-2.079612500000000000e+04
-2.079374218750000000e+04
-2.079581054687500000e+04
-2.079594140625000000e+04
-2.079580078125000000e+04
-2.079588476562500000e+04
-2.079502343750000000e+04
-2.079612890625000000e+04
-2.079558789062500000e+04
-2.079592187500000000e+04
-2.079442578125000000e+04
-2.079540039062500000e+04
-2.079479101562500000e+04
-2.079605078125000000e+04
-2.079600390625000000e+04
-2.079596484375000000e+04
-2.079612500000000000e+04
-2.079491992187500000e+04
-2.079346484375000000e+04
-2.079471093750000000e+04
-2.079605273437500000e+04
-2.079599609375000000e+04
-2.079575390625000000e+04
-2.079565625000000000e+04
-2.079608593750000000e+04
-2.079612109375000000e+04
-2.079574023437500000e+04
-2.079609375000000000e+04
-2.079606054687500000e+04
-2.079232812500000000e+04
-2.079395312500000000e+04
-2.079606640625000000e+04
-2.079611718750000000e+04
-2.079612890625000000e+04
-2.079611328125000000e+04
-2.079396679687500000e+04
-2.079563085937500000e+04
-2.079565820312500000e+04
-2.079417578125000000e+04
-2.079091601562500000e+04
-2.079451562500000000e+04
-2.079573437500000000e+04
-2.079402343750000000e+04
-2.079609570312500000e+04
-2.079611132812500000e+04
-2.079552929687500000e+04
-2.079610742187500000e+04
-2.079591796875000000e+04
-2.079612500000000000e+04
-2.079590234375000000e+04
-2.079608007812500000e+04
-2.079611914062500000e+04
-2.079610546875000000e+04
-2.079598046875000000e+04
-2.079544726562500000e+04
-2.079555273437500000e+04
-2.079601562500000000e+04
-2.079611523437500000e+04
-2.079610156250000000e+04
-2.079602148437500000e+04
-2.079567382812500000e+04
-2.079611523437500000e+04
-2.079329101562500000e+04
-2.079456835937500000e+04
-2.079559179687500000e+04
-2.079600781250000000e+04
-2.079533789062500000e+04
-2.079390429687500000e+04
-2.079606445312500000e+04
-2.079276953125000000e+04
-2.079568164062500000e+04
-2.079530859375000000e+04
-2.079590429687500000e+04
-2.079466015625000000e+04
-2.079600000000000000e+04
-2.079591015625000000e+04
-2.079559765625000000e+04
-2.079610351562500000e+04
-2.079481054687500000e+04
-2.079531445312500000e+04
-2.079297851562500000e+04
-2.079401953125000000e+04
-2.079525000000000000e+04
-2.079611132812500000e+04
-2.079083203125000000e+04
-2.079518554687500000e+04
-2.079471484375000000e+04
-2.079610156250000000e+04
-2.079255859375000000e+04
-2.079179687500000000e+04
-2.079582031250000000e+04
-2.079610937500000000e+04
-2.079407617187500000e+04
-2.079366406250000000e+04
-2.079575390625000000e+04
-2.079610937500000000e+04
-2.079608007812500000e+04
-2.079578515625000000e+04
-2.079316796875000000e+04
-2.079171875000000000e+04
-2.079612890625000000e+04
-2.079605859375000000e+04
-2.079328125000000000e+04
-2.079433593750000000e+04
-2.079561718750000000e+04
-2.079546093750000000e+04
-2.079612890625000000e+04
-2.079612695312500000e+04
-2.079590625000000000e+04
-2.079595312500000000e+04
-2.079228515625000000e+04
-2.079044726562500000e+04
-2.079600390625000000e+04
-2.079450195312500000e+04
-2.079612109375000000e+04
-2.079450781250000000e+04
-2.079484375000000000e+04
-2.079446093750000000e+04
-2.079539843750000000e+04
-2.079612890625000000e+04
-2.079602734375000000e+04
-2.079608203125000000e+04
-2.079543750000000000e+04
-2.079609765625000000e+04
-2.079437304687500000e+04
-2.079584375000000000e+04
-2.079608593750000000e+04
-2.079608984375000000e+04
-2.079548437500000000e+04
-2.079591796875000000e+04
-2.079414843750000000e+04
-2.079362500000000000e+04
-2.079612890625000000e+04
-2.079567773437500000e+04
-2.079578515625000000e+04
-2.079587109375000000e+04
-2.079606054687500000e+04
-2.079489648437500000e+04
-2.079582812500000000e+04
-2.079562109375000000e+04
-2.079594921875000000e+04
-2.079607617187500000e+04
-2.079538671875000000e+04
-2.079572656250000000e+04
-2.079608789062500000e+04
-2.079592187500000000e+04
-2.078990625000000000e+04
-2.079569921875000000e+04
-2.079594921875000000e+04
-2.079300585937500000e+04
-2.079380468750000000e+04
-2.079607226562500000e+04
-2.079092578125000000e+04
-2.079587890625000000e+04
-2.079597265625000000e+04
-2.079087109375000000e+04
-2.079460156250000000e+04
-2.079564648437500000e+04
-2.079381250000000000e+04
-2.079492578125000000e+04
-2.079612109375000000e+04
-2.079611718750000000e+04
-2.079593554687500000e+04
-2.079572656250000000e+04
-2.079609570312500000e+04
-2.079585546875000000e+04
-2.079012890625000000e+04
-2.079567578125000000e+04
-2.079538671875000000e+04
-2.079546484375000000e+04
-2.079612500000000000e+04
-2.079298046875000000e+04
-2.079523632812500000e+04
-2.079584570312500000e+04
-2.079260546875000000e+04
-2.079572656250000000e+04
-2.079612890625000000e+04
-2.079591406250000000e+04
-2.079600390625000000e+04
-2.079560156250000000e+04
-2.079480468750000000e+04
-2.079462109375000000e+04
-2.079587890625000000e+04
-2.079473046875000000e+04
-2.079609570312500000e+04
-2.079609765625000000e+04
-2.079598046875000000e+04
-2.079523437500000000e+04
-2.079560546875000000e+04
-2.079580664062500000e+04
-2.079478320312500000e+04
-2.079609765625000000e+04
-2.079558203125000000e+04
-2.079568945312500000e+04
-2.079563476562500000e+04
-2.079560937500000000e+04
-2.079584765625000000e+04
-2.079468750000000000e+04
-2.079243359375000000e+04
-2.079494335937500000e+04
-2.079553320312500000e+04
-2.079603125000000000e+04
-2.079560156250000000e+04
-2.079534765625000000e+04
-2.079549804687500000e+04
-2.079605859375000000e+04
-2.079544921875000000e+04
-2.079591210937500000e+04
-2.079580664062500000e+04
-2.079609765625000000e+04
-2.079611718750000000e+04
-2.079591015625000000e+04
-2.079610351562500000e+04
-2.079612109375000000e+04
-2.079610351562500000e+04
-2.079602148437500000e+04
-2.079312304687500000e+04
-2.079603515625000000e+04
-2.079432031250000000e+04
-2.079552343750000000e+04
-2.079567578125000000e+04
-2.079019921875000000e+04
-2.079522265625000000e+04
-2.079443359375000000e+04
-2.079611132812500000e+04
-2.079593359375000000e+04
-2.079599609375000000e+04
-2.079422656250000000e+04
-2.079602343750000000e+04
-2.079173437500000000e+04
-2.079610937500000000e+04
-2.079584960937500000e+04
-2.079566015625000000e+04
-2.079596875000000000e+04
-2.079608984375000000e+04
-2.079546875000000000e+04
-2.079539453125000000e+04
-2.079612890625000000e+04
-2.079521289062500000e+04
-2.079191796875000000e+04
-2.079469921875000000e+04
-2.079611328125000000e+04
-2.079606640625000000e+04
-2.079605859375000000e+04
-2.079600195312500000e+04
-2.079528125000000000e+04
-2.079611718750000000e+04
-2.079329687500000000e+04
-2.079601171875000000e+04
-2.079582226562500000e+04
-2.079576757812500000e+04
-2.079555468750000000e+04
-2.079602343750000000e+04
-2.079607031250000000e+04
-2.079612109375000000e+04
-2.079564648437500000e+04
-2.079351757812500000e+04
-2.079603906250000000e+04
-2.079562109375000000e+04
-2.079272265625000000e+04
-2.079601171875000000e+04
-2.079539453125000000e+04
-2.079587500000000000e+04
-2.079563476562500000e+04
-2.079525781250000000e+04
-2.079496875000000000e+04
-2.079269726562500000e+04
-2.079507421875000000e+04
-2.079610546875000000e+04
-2.079599414062500000e+04
-2.079466406250000000e+04
-2.079228125000000000e+04
-2.079608984375000000e+04
-2.079610546875000000e+04
-2.079500781250000000e+04
-2.079593164062500000e+04
-2.079579687500000000e+04
-2.079482812500000000e+04
-2.079332226562500000e+04
-2.079603125000000000e+04
-2.079563085937500000e+04
-2.079339453125000000e+04
-2.079532031250000000e+04
-2.079596679687500000e+04
-2.079229687500000000e+04
-2.079553320312500000e+04
-2.079612890625000000e+04
-2.079376367187500000e+04
-2.079486718750000000e+04
-2.079560937500000000e+04
-2.079612500000000000e+04
-2.079595312500000000e+04
-2.079576757812500000e+04
-2.079559375000000000e+04
-2.079566015625000000e+04
-2.079392187500000000e+04
-2.079483789062500000e+04
-2.079612500000000000e+04
-2.079604492187500000e+04
-2.079578906250000000e+04
-2.079563281250000000e+04
-2.079590039062500000e+04
-2.079612890625000000e+04
-2.079604687500000000e+04
-2.079372070312500000e+04
-2.079588281250000000e+04
-2.079417773437500000e+04
-2.079574804687500000e+04
-2.079538867187500000e+04
-2.079600781250000000e+04
-2.079461328125000000e+04
-2.079363281250000000e+04
-2.079599609375000000e+04
-2.079367968750000000e+04
-2.079502929687500000e+04
-2.079602343750000000e+04
-2.079612500000000000e+04
-2.079610546875000000e+04
-2.079385937500000000e+04
-2.079610546875000000e+04
-2.079603125000000000e+04
-2.079514453125000000e+04
-2.079566796875000000e+04
-2.079606250000000000e+04
-2.079234765625000000e+04
-2.079185546875000000e+04
-2.079575976562500000e+04
-2.079212109375000000e+04
-2.079550390625000000e+04
-2.079550000000000000e+04
-2.079515234375000000e+04
-2.079558593750000000e+04
-2.079401953125000000e+04
-2.079612890625000000e+04
-2.079609375000000000e+04
-2.079599609375000000e+04
-2.079549218750000000e+04
-2.079116796875000000e+04
-2.079582617187500000e+04
-2.079550585937500000e+04
-2.079601367187500000e+04
-2.079426367187500000e+04
-2.079606640625000000e+04
-2.079604296875000000e+04
-2.079362500000000000e+04
-2.079559570312500000e+04
-2.079583984375000000e+04
-2.079445703125000000e+04
-2.079612500000000000e+04
-2.079588867187500000e+04
-2.079437890625000000e+04
-2.079529687500000000e+04
-2.079573828125000000e+04
-2.079611718750000000e+04
-2.079608203125000000e+04
-2.079612109375000000e+04
-2.079527148437500000e+04
-2.079579687500000000e+04
-2.079398828125000000e+04
-2.079608398437500000e+04
-2.079609179687500000e+04
-2.079610546875000000e+04
-2.079606054687500000e+04
-2.079598046875000000e+04
-2.079611718750000000e+04
-2.079551757812500000e+04
-2.079609765625000000e+04
-2.079228125000000000e+04
-2.079601562500000000e+04
-2.079612890625000000e+04
-2.079506445312500000e+04
-2.079566015625000000e+04
-2.079479296875000000e+04
-2.079590234375000000e+04
-2.079586718750000000e+04
-2.079612109375000000e+04
-2.079612304687500000e+04
-2.079582812500000000e+04
-2.079610937500000000e+04
-2.079407812500000000e+04
-2.079566210937500000e+04
-2.079607812500000000e+04
-2.079538671875000000e+04
-2.079588281250000000e+04
-2.079608203125000000e+04
-2.079612500000000000e+04
-2.078982812500000000e+04
-2.079598437500000000e+04
-2.079612304687500000e+04
-2.079554101562500000e+04
-2.079586718750000000e+04
-2.079549609375000000e+04
-2.079596875000000000e+04
-2.079609179687500000e+04
-2.079602734375000000e+04
-2.079482812500000000e+04
-2.079511718750000000e+04
-2.079540429687500000e+04
-2.079494140625000000e+04
-2.079541015625000000e+04
-2.079500976562500000e+04
-2.079546289062500000e+04
-2.079547265625000000e+04
-2.079475976562500000e+04
-2.079610937500000000e+04
-2.079607031250000000e+04
-2.079610937500000000e+04
-2.079543359375000000e+04
-2.079567578125000000e+04
-2.079576367187500000e+04
-2.079427148437500000e+04
-2.079612304687500000e+04
-2.079592773437500000e+04
-2.079567578125000000e+04
-2.079476171875000000e+04
-2.079529296875000000e+04
-2.079594531250000000e+04
-2.079578125000000000e+04
-2.079599023437500000e+04
-2.079612500000000000e+04
-2.079411914062500000e+04
-2.079494140625000000e+04
-2.079612500000000000e+04
-2.079388281250000000e+04
-2.079365625000000000e+04
-2.079470703125000000e+04
-2.079607421875000000e+04
-2.079610742187500000e+04
-2.079607421875000000e+04
-2.079611328125000000e+04
-2.079612109375000000e+04
-2.079605468750000000e+04
-2.079610546875000000e+04
-2.079608789062500000e+04
-2.079469531250000000e+04
-2.079205468750000000e+04
-2.079410742187500000e+04
-2.079341406250000000e+04
-2.079607031250000000e+04
-2.079430078125000000e+04
-2.079611328125000000e+04
-2.079448046875000000e+04
-2.079598828125000000e+04
-2.079583789062500000e+04
-2.078795703125000000e+04
-2.078952148437500000e+04
-2.079607812500000000e+04
-2.079391796875000000e+04
-2.079560351562500000e+04
-2.079607031250000000e+04
-2.079398828125000000e+04
-2.079566015625000000e+04
-2.079608398437500000e+04
-2.079604296875000000e+04
-2.079599023437500000e+04
-2.079612500000000000e+04
-2.079569726562500000e+04
-2.079606250000000000e+04
-2.079612500000000000e+04
-2.079448046875000000e+04
-2.079605859375000000e+04
-2.079603125000000000e+04
-2.079302734375000000e+04
-2.079570703125000000e+04
-2.079597656250000000e+04
-2.079577343750000000e+04
-2.079590234375000000e+04
-2.079586328125000000e+04
-2.079548828125000000e+04
-2.079612890625000000e+04
-2.079609960937500000e+04
-2.079582812500000000e+04
-2.079158984375000000e+04
-2.079550390625000000e+04
-2.079612304687500000e+04
-2.079355273437500000e+04
-2.079568554687500000e+04
-2.079558789062500000e+04
-2.079561328125000000e+04
-2.079588867187500000e+04
-2.079563671875000000e+04
-2.079580859375000000e+04
-2.079455273437500000e+04
-2.079611718750000000e+04
-2.079611328125000000e+04
-2.079586328125000000e+04
-2.079600781250000000e+04
-2.079473046875000000e+04
-2.079559570312500000e+04
-2.079458984375000000e+04
-2.079603125000000000e+04
-2.079606250000000000e+04
-2.079612500000000000e+04
-2.079606835937500000e+04
-2.079474804687500000e+04
-2.079596093750000000e+04
-2.079443359375000000e+04
-2.079540625000000000e+04
-2.079217578125000000e+04
-2.079553125000000000e+04
-2.079397070312500000e+04
-2.079586523437500000e+04
-2.079263085937500000e+04
-2.079592773437500000e+04
-2.079607617187500000e+04
-2.079550195312500000e+04
-2.079563671875000000e+04
-2.079606054687500000e+04
-2.078977929687500000e+04
-2.079609375000000000e+04
-2.079606250000000000e+04
-2.079227148437500000e+04
-2.079588281250000000e+04
-2.079527929687500000e+04
-2.079261718750000000e+04
-2.079602148437500000e+04
-2.079598632812500000e+04
-2.079017578125000000e+04
-2.079582812500000000e+04
-2.079540039062500000e+04
-2.079356054687500000e+04
-2.079498242187500000e+04
-2.079232812500000000e+04
-2.079582031250000000e+04
-2.079596093750000000e+04
-2.079611328125000000e+04
-2.079351171875000000e+04
-2.079576562500000000e+04
-2.079591210937500000e+04
-2.079327343750000000e+04
-2.079610156250000000e+04
-2.079480078125000000e+04
-2.079476953125000000e+04
-2.079532421875000000e+04
-2.079612109375000000e+04
-2.079599609375000000e+04
-2.079474609375000000e+04
-2.079612695312500000e+04
-2.079563281250000000e+04
-2.079277148437500000e+04
-2.079603710937500000e+04
-2.079531250000000000e+04
-2.079595312500000000e+04
-2.079605859375000000e+04
