# Variable: A
# Sample shape: (2500,)
# Date: 2018-11-21 09:05:56.351579
1.798820979317891045e+01
1.806983310919408225e+01
1.810074650906501503e+01
1.805187227606085187e+01
1.808406208507310708e+01
1.792205752283166120e+01
1.790573507688750254e+01
1.798906662146749369e+01
1.803637158293695819e+01
1.805592086557949827e+01
1.803931149278438895e+01
1.812239192688253553e+01
1.796652003896906535e+01
1.794201272382041878e+01
1.808158059532211936e+01
1.797443425696527797e+01
1.794094727916234788e+01
1.798174301756172966e+01
1.796601251880658623e+01
1.822679176177635085e+01
1.796682564451797859e+01
1.790223482170394576e+01
1.801577650151540766e+01
1.796351248046166305e+01
1.789486823541162508e+01
1.806463230412156307e+01
1.811640323344260395e+01
1.805611213192113240e+01
1.802385049615059742e+01
1.804174133673598135e+01
1.784102123620030511e+01
1.806387302921628546e+01
1.806397634048173373e+01
1.800986848321267431e+01
1.792761891007249275e+01
1.791861663376934288e+01
1.797816036429262354e+01
1.795037618496775167e+01
1.814240254622029980e+01
1.787286480715973980e+01
1.801604221964279162e+01
1.797695236456159407e+01
1.795835315868533755e+01
1.798013354711807921e+01
1.800957498171536386e+01
1.802286047585422679e+01
1.803103210311408588e+01
1.810897724439616496e+01
1.799526315826009437e+01
1.800104335266373567e+01
1.805849189731265980e+01
1.798418450336513885e+01
1.799017561100619034e+01
1.799364451409150334e+01
1.791971680364619601e+01
1.808992569990444110e+01
1.806571965408503289e+01
1.808182358340679485e+01
1.811485407787025537e+01
1.808005582962834268e+01
1.810362122568667687e+01
1.797812201259529630e+01
1.797748140391290761e+01
1.803731038086340988e+01
1.788696016917565501e+01
1.818149494391806442e+01
1.795303524741663281e+01
1.795958611096260427e+01
1.804406447843435402e+01
1.802174218472068645e+01
1.801447762568531274e+01
1.796263470224674563e+01
1.806455068943700937e+01
1.801066100101741441e+01
1.801622868059311955e+01
1.810891354191872438e+01
1.803302281939578933e+01
1.791198099745282590e+01
1.816556527853051506e+01
1.814355511562539292e+01
1.808525188489118207e+01
1.794176595177819422e+01
1.794787524401042234e+01
1.807542347852945497e+01
1.799075621287518345e+01
1.795779265990041651e+01
1.776541670228755976e+01
1.801054282315391930e+01
1.801796884161613832e+01
1.813399855597177535e+01
1.808593151109507247e+01
1.800362254518813998e+01
1.806496569336347946e+01
1.807542696330617105e+01
1.803734212534011050e+01
1.791685641558911612e+01
1.789999803617452656e+01
1.795978032808946168e+01
1.789593593163596807e+01
1.808372139003659029e+01
1.788543919270734506e+01
1.792552235834811825e+01
1.807529020160912125e+01
1.798767106505931679e+01
1.804145905227246871e+01
1.793707282048368867e+01
1.803733471327127091e+01
1.806556456937804711e+01
1.803554314129827674e+01
1.808122788621485810e+01
1.801874954212273039e+01
1.812182271738742045e+01
1.783755788941554599e+01
1.790204095858880251e+01
1.801820978472601453e+01
1.789758180326208148e+01
1.816414936903312238e+01
1.810990578769447623e+01
1.794949768793551570e+01
1.802436317057144066e+01
1.788895010267839325e+01
1.808290123871702448e+01
1.810148768694893917e+01
1.791323317052062691e+01
1.794574246044820498e+01
1.796935433259850612e+01
1.790293995794361592e+01
1.806459299996388523e+01
1.811603584048656401e+01
1.788546362899964848e+01
1.795406577845789187e+01
1.801130538397290692e+01
1.793712926280975140e+01
1.818622689612511678e+01
1.812132331650186501e+01
1.797415745154905764e+01
1.803162482384342624e+01
1.810664737345638642e+01
1.808747450638067988e+01
1.803432357050566281e+01
1.810864525298631733e+01
1.805036166984507418e+01
1.798310243089664340e+01
1.812082159083033872e+01
1.794276916536779609e+01
1.797537126196975166e+01
1.795117777965720762e+01
1.793045145389094941e+01
1.786208178548697134e+01
1.803953892322623531e+01
1.818799399532365157e+01
1.789573749380799228e+01
1.788238901981474527e+01
1.800712313091986871e+01
1.808887196400938890e+01
1.803289537269909104e+01
1.797987087160655406e+01
1.798055166715320752e+01
1.800193580615839650e+01
1.815757426128914176e+01
1.795478892158411455e+01
1.812464476023367865e+01
1.795515786976859474e+01
1.779616922796357770e+01
1.804490020492483637e+01
1.804699700408354346e+01
1.808135523389100641e+01
1.808301355083213835e+01
1.803355993553088510e+01
1.790954310161632890e+01
1.804544451082612611e+01
1.805957720114630405e+01
1.825291557102685402e+01
1.797761414052633100e+01
1.797715069478255145e+01
1.811667272256543981e+01
1.810892691177798852e+01
1.808891754929344486e+01
1.803363148167190033e+01
1.794584804711958981e+01
1.810225795233949952e+01
1.785023574547685143e+01
1.791723361070647513e+01
1.797794243956183990e+01
1.806550901879388604e+01
1.803709575316781155e+01
1.797702573286725070e+01
1.806251305785071892e+01
1.796103346908962450e+01
1.812944933804707048e+01
1.804620038601550291e+01
1.801831695118808696e+01
1.795369636519127354e+01
1.790955563933123784e+01
1.804826064042403289e+01
1.794718156003533593e+01
1.795950129935911121e+01
1.789923803945205094e+01
1.804257733483587955e+01
1.787081125601050147e+01
1.805921049126915179e+01
1.807985356448553915e+01
1.803678285996196351e+01
1.791064201037343651e+01
1.791939156123479293e+01
1.799536169997770685e+01
1.806972256866968962e+01
1.802972333897203328e+01
1.803716329537891383e+01
1.799101905955823710e+01
1.801876743017690430e+01
1.808326557965400738e+01
1.811520016546361234e+01
1.807114327736942982e+01
1.803120706171189624e+01
1.792407790592874406e+01
1.796508673501616471e+01
1.798028843667437116e+01
1.800815364583184319e+01
1.807078951025578561e+01
1.804957625031589075e+01
1.809336018242871447e+01
1.814007810006841126e+01
1.800297400773296630e+01
1.813409983751242649e+01
1.811435462668726970e+01
1.813169677576329164e+01
1.808810123556315475e+01
1.811176448965225561e+01
1.807518001328015700e+01
1.798533136520022424e+01
1.793197461597261011e+01
1.799934189088678949e+01
1.799403034749851571e+01
1.806505122227462579e+01
1.810109688679147055e+01
1.806964992322097174e+01
1.815062747901829354e+01
1.794046424779514481e+01
1.802548725613742064e+01
1.803070054918406484e+01
1.806180024155788288e+01
1.804960942224703402e+01
1.796759565905941614e+01
1.808860713825606581e+01
1.802898658804316767e+01
1.804791761286186258e+01
1.819048706597966714e+01
1.781330979518782343e+01
1.798855062311100284e+01
1.801842020698185820e+01
1.806380714854456926e+01
1.795899517168172110e+01
1.793211055213379979e+01
1.791384339378133816e+01
1.791826359886269771e+01
1.813445741161527636e+01
1.802231073457999244e+01
1.805168169894166041e+01
1.801710471409179348e+01
1.792905671351531183e+01
1.806474329005512303e+01
1.795205628716816904e+01
1.795809825071557952e+01
1.791211150828128496e+01
1.785569963743312272e+01
1.793981067165167431e+01
1.806445083594739032e+01
1.803004853652592487e+01
1.799573451849589389e+01
1.792763128960421781e+01
1.804578945876516727e+01
1.800761659626130395e+01
1.787606261211504943e+01
1.781625786563618874e+01
1.790769407896163656e+01
1.814755897552586106e+01
1.801421530634538115e+01
1.792683386230037357e+01
1.804902964132069698e+01
1.817636008244675594e+01
1.792946555112698093e+01
1.806759117514649304e+01
1.803207117839249207e+01
1.810086144383688023e+01
1.792421445923823242e+01
1.800529897388302913e+01
1.796746677353840127e+01
1.817534165257669088e+01
1.787717146357343623e+01
1.810491241864909995e+01
1.795696249953255474e+01
1.792461599765019997e+01
1.800169312788804632e+01
1.802816769741417957e+01
1.808629885979878082e+01
1.801021521292913263e+01
1.791393327318679241e+01
1.806897347019173949e+01
1.787661039389923801e+01
1.795732267950965166e+01
1.801601260224015988e+01
1.806238801232936808e+01
1.799759486955569443e+01
1.791372514933995319e+01
1.790170340215958689e+01
1.807694384364266327e+01
1.804338049117007614e+01
1.784834420646225794e+01
1.793798311325120309e+01
1.794659702707594562e+01
1.806894043870271815e+01
1.805322359123935172e+01
1.787500958114745586e+01
1.802488004278585620e+01
1.796685343353954778e+01
1.800961188969603910e+01
1.789676795003336451e+01
1.792546351313898612e+01
1.803240978514423176e+01
1.803896389358843422e+01
1.812157466542944562e+01
1.807061117221659075e+01
1.802360431232886029e+01
1.799157066227029134e+01
1.796142757690179437e+01
1.819039240176067906e+01
1.810923951971447110e+01
1.804405641543456085e+01
1.808445999526926329e+01
1.797609276303352033e+01
1.805768251132194280e+01
1.804919807493833517e+01
1.793732980811355304e+01
1.794816460560562632e+01
1.791957064567248281e+01
1.805152602717220844e+01
1.811533775289656489e+01
1.797105278954098040e+01
1.782176283650384363e+01
1.817236010993057249e+01
1.800676022044384084e+01
1.798756536640819803e+01
1.792903404328752970e+01
1.795632050757860654e+01
1.798760591557210375e+01
1.810369435555182704e+01
1.813790007026587503e+01
1.813898307814056210e+01
1.803425801417435181e+01
1.810283268626960052e+01
1.802376607641710748e+01
1.806583585014738347e+01
1.803614402211071877e+01
1.806973515436496669e+01
1.804735495360326780e+01
1.802713660244344851e+01
1.812421169188564818e+01
1.789045053501778071e+01
1.802614954506703171e+01
1.809482163684242551e+01
1.802543900572512214e+01
1.791619003692643730e+01
1.781621187286587471e+01
1.806872904932170343e+01
1.804859343694596419e+01
1.800714469429660269e+01
1.803270318455473387e+01
1.795210053028868558e+01
1.794737954637790267e+01
1.816484074565147111e+01
1.801716297341866024e+01
1.781363267754880297e+01
1.800703955150454050e+01
1.797925952732170174e+01
1.805543675574928741e+01
1.822196039955036184e+01
1.790850172289820819e+01
1.803401973684328041e+01
1.793861418271132635e+01
1.809725915538593455e+01
1.796130150707362105e+01
1.792500162267937469e+01
1.793701173818665495e+01
1.783961511224543628e+01
1.806022722595865204e+01
1.814108012196671638e+01
1.792188944401986817e+01
1.803899051636717132e+01
1.783068622874615983e+01
1.812293036673625579e+01
1.796734509813127900e+01
1.808957223691767169e+01
1.800236265106871514e+01
1.793885607993459175e+01
1.806159678470331897e+01
1.802524326246134123e+01
1.793576942569215049e+01
1.794520371235290668e+01
1.799411315780751863e+01
1.803398961763041441e+01
1.788969509386658530e+01
1.804842044635812215e+01
1.806533196757871096e+01
1.794194671209622527e+01
1.811062666165778978e+01
1.809593759282927650e+01
1.810896684660615463e+01
1.786910288300003913e+01
1.806454977166915299e+01
1.815746363028539534e+01
1.809482895044215667e+01
1.800003310507065635e+01
1.796262367357720890e+01
1.801338824819152862e+01
1.801757016613755269e+01
1.794183243490499535e+01
1.792691454113397853e+01
1.811972348104965036e+01
1.803477801300685712e+01
1.808689507839420685e+01
1.809597193059480347e+01
1.798197943532928988e+01
1.800616355310343764e+01
1.796719533660386148e+01
1.811485952779007036e+01
1.812186433890940762e+01
1.805330399052863655e+01
1.813441276091642962e+01
1.795770005879021625e+01
1.791409753928285653e+01
1.790224033869444398e+01
1.796791992295952411e+01
1.803923034849998430e+01
1.795044572891602996e+01
1.799175150051739891e+01
1.807835952875302254e+01
1.797078818992254767e+01
1.797981215808346533e+01
1.787524403905462478e+01
1.800114147198233994e+01
1.812439990141658441e+01
1.807705017681489679e+01
1.798868486274373524e+01
1.796007863040419394e+01
1.801646790921024177e+01
1.795589555552320249e+01
1.786365606908771042e+01
1.803660927821980309e+01
1.814872663874827552e+01
1.797613939471889211e+01
1.810673939684153311e+01
1.797689694086109569e+01
1.809375973961426709e+01
1.806444143217841258e+01
1.797227121622673707e+01
1.801124111110236115e+01
1.786633495622923817e+01
1.797056529274815517e+01
1.802649334680023330e+01
1.800687396279483821e+01
1.793420415959797154e+01
1.794584258228040596e+01
1.799075889202409684e+01
1.804258275289057423e+01
1.801958677957093613e+01
1.795914891268589386e+01
1.799920838676712620e+01
1.789663807836358700e+01
1.807722385098941942e+01
1.801310440440843408e+01
1.806546623761158443e+01
1.808322694040947098e+01
1.811521405804499096e+01
1.812842428799010719e+01
1.802853352086861705e+01
1.797595605528104201e+01
1.797420789089986570e+01
1.807046756182662151e+01
1.807953006395950624e+01
1.789988211415797181e+01
1.800628614980504594e+01
1.802412118489226245e+01
1.803383351437728521e+01
1.803075110867639097e+01
1.808244972543946361e+01
1.800691577732620274e+01
1.799391118158820646e+01
1.808769419197709993e+01
1.815668876639924534e+01
1.805143704776907754e+01
1.798533554865633022e+01
1.791096369617246609e+01
1.801978080974262397e+01
1.799398860653011667e+01
1.810145636340034514e+01
1.799081962541629665e+01
1.804352891318462326e+01
1.799712220649882255e+01
1.792923934549718368e+01
1.806918917794975954e+01
1.814128128082012736e+01
1.800092823616461502e+01
1.792360263466838788e+01
1.789595444412476510e+01
1.798118618710655525e+01
1.787637390668799853e+01
1.791588201641514999e+01
1.800739576817752408e+01
1.804829554741610664e+01
1.799506291747592712e+01
1.794001790321654255e+01
1.786366710605496522e+01
1.785101850747642871e+01
1.809580812082110413e+01
1.799443829095286773e+01
1.816425150746223594e+01
1.802788327086402731e+01
1.793390689737602273e+01
1.801480465174079271e+01
1.808972397455666936e+01
1.788968168928684932e+01
1.795575213747670418e+01
1.807402997612013351e+01
1.782586432272200128e+01
1.801163986287965102e+01
1.795091758697465778e+01
1.811889708777611929e+01
1.799234593489948963e+01
1.804076366558640032e+01
1.803334207887075991e+01
1.818330855004968427e+01
1.804235640207675573e+01
1.796172169941929297e+01
1.788038876738796290e+01
1.815079685708853674e+01
1.800424094602052705e+01
1.797770811390197210e+01
1.800682008811256551e+01
1.797818353697028471e+01
1.806192755964476504e+01
1.802659017910179529e+01
1.807811591644063398e+01
1.817242179036699312e+01
1.807028579069969609e+01
1.802095127336647451e+01
1.804539105888233053e+01
1.800330135806245835e+01
1.795999792671044659e+01
1.823047093029429533e+01
1.794330603484544184e+01
1.805336987965588591e+01
1.802820971087954049e+01
1.793895782817023843e+01
1.787502846771790388e+01
1.780620907656645358e+01
1.793158067882362516e+01
1.808022586381654762e+01
1.803958850843546102e+01
1.790690809919306759e+01
1.790783792913408945e+01
1.809510758480460879e+01
1.801933727083137882e+01
1.794097736130297704e+01
1.796857021333738658e+01
1.803510060462865994e+01
1.799513616320738407e+01
1.798082878206079016e+01
1.799934635447671027e+01
1.801939267271325917e+01
1.809844606787772747e+01
1.809970748081893888e+01
1.794562127564992693e+01
1.804812224797246856e+01
1.800813150990767753e+01
1.789719269540227131e+01
1.800082369850808917e+01
1.794040565004464227e+01
1.820819570686947486e+01
1.805152078294953455e+01
1.788289224998666782e+01
1.799712104613229968e+01
1.809706985034789284e+01
1.793261678626605260e+01
1.793809260370917258e+01
1.798905616063378332e+01
1.813476145853573129e+01
1.785324988248278544e+01
1.815082833198799861e+01
1.796461337031397676e+01
1.787976520114728274e+01
1.796905644958459192e+01
1.788532324195357859e+01
1.803023249430339092e+01
1.803361372915670557e+01
1.814463370561206901e+01
1.792511802467307547e+01
1.792154255160010479e+01
1.803666255180749900e+01
1.798361936872672118e+01
1.801372857293917207e+01
1.797791145122928924e+01
1.803251218374986564e+01
1.800205249156880782e+01
1.809805869823214408e+01
1.805970819701812502e+01
1.798892166044573315e+01
1.805561401788065012e+01
1.801737623904923780e+01
1.797052917647931736e+01
1.802260166233495653e+01
1.801604108754550992e+01
1.788175390467939962e+01
1.797148256914550757e+01
1.808284138703521648e+01
1.793997123466333932e+01
1.795804392524062365e+01
1.809854404050953391e+01
1.803403575315021712e+01
1.799627856715304475e+01
1.804569054679985030e+01
1.801764223932293518e+01
1.809202802762163387e+01
1.820905994381543991e+01
1.802474708238025869e+01
1.793997647674848039e+01
1.798474711735057241e+01
1.807128900435471763e+01
1.803112520842798361e+01
1.806216287851075464e+01
1.811361775191424073e+01
1.803636178835402148e+01
1.802492912808063252e+01
1.796307986288928404e+01
1.805016256367767014e+01
1.802025238323223633e+01
1.805884809427700333e+01
1.804480892959633564e+01
1.796814416303164919e+01
1.803241009037163423e+01
1.805278869511516149e+01
1.798744738508177576e+01
1.800632380359645168e+01
1.803927963444277083e+01
1.793823629286933752e+01
1.800946564450245191e+01
1.794787979054363447e+01
1.800454770662846826e+01
1.802712734237239545e+01
1.775444372129461712e+01
1.804267627950238051e+01
1.798242766272747417e+01
1.810544377740994193e+01
1.795863244982813711e+01
1.802998356085282339e+01
1.808314389788559140e+01
1.789376452588017941e+01
1.803509623335092371e+01
1.801572579645453942e+01
1.813394412748233009e+01
1.797904976788114340e+01
1.810848580514184292e+01
1.790368859425625914e+01
1.795873941349326230e+01
1.806689565971275258e+01
1.795541348308917762e+01
1.803235430939486861e+01
1.803814898507187792e+01
1.801808468858451562e+01
1.801967305799450614e+01
1.808619696836029078e+01
1.802250822709773814e+01
1.801955232844662547e+01
1.803853311658861713e+01
1.799669759094108556e+01
1.800024404256525656e+01
1.800769696507027007e+01
1.809306296201280162e+01
1.806448970184554526e+01
1.798708237760624939e+01
1.800698360320093627e+01
1.799319461118810537e+01
1.804270371523152150e+01
1.798202843950499741e+01
1.805597452464674646e+01
1.788240495107908146e+01
1.793363555434120826e+01
1.806578122584685531e+01
1.804725345898933853e+01
1.800179949714165417e+01
1.801418359361395716e+01
1.789466672907535738e+01
1.807499583631468454e+01
1.800331183380403033e+01
1.796325875229619129e+01
1.820170138807432991e+01
1.800063896955394327e+01
1.797119188952860469e+01
1.805839631918869870e+01
1.787456939440811254e+01
1.802199376963259780e+01
1.803237526939081192e+01
1.808913841588488935e+01
1.790517204068552815e+01
1.788999950504628345e+01
1.809214420354463115e+01
1.813807088042993598e+01
1.794207246756781515e+01
1.800517196336418735e+01
1.808390607251264015e+01
1.790001588762406470e+01
1.800352177740911230e+01
1.793937489016447628e+01
1.794068013142518936e+01
1.813295052776108918e+01
1.795483094818462888e+01
1.807809600298373809e+01
1.783222995927752663e+01
1.790977628260904453e+01
1.788190196465456694e+01
1.814427824290691760e+01
1.796020009939916307e+01
1.783189133505755919e+01
1.797751725508082288e+01
1.798028819407333145e+01
1.807666291822280158e+01
1.798959568224503869e+01
1.790083685207424935e+01
1.790951094237214036e+01
1.795976226983026791e+01
1.794099014161502126e+01
1.804212619769094772e+01
1.792750842528034383e+01
1.799880058134113270e+01
1.801962565985615683e+01
1.803938112719208320e+01
1.795019330411565051e+01
1.797580434182091835e+01
1.810705955566160341e+01
1.803579700958832177e+01
1.806175264679328762e+01
1.785177858524368588e+01
1.801041990731040343e+01
1.804190980673985933e+01
1.795518973971854493e+01
1.800256078944871518e+01
1.808430481947529600e+01
1.801829225161014847e+01
1.801505429728261376e+01
1.802882786277654503e+01
1.796043140040006492e+01
1.803530520287795369e+01
1.815472684715159346e+01
1.817205442126051196e+01
1.800887400107768244e+01
1.804801778942017521e+01
1.789020788129088757e+01
1.799612239121237778e+01
1.793569778234212819e+01
1.797403791658458516e+01
1.802641807464890533e+01
1.796435031014128469e+01
1.804119458819945265e+01
1.806017360082096346e+01
1.794515432598052840e+01
1.797822679977202753e+01
1.797287811852158157e+01
1.802141770128310228e+01
1.794532370723581849e+01
1.797969757054022821e+01
1.791099658954174956e+01
1.812376232341837579e+01
1.807638265972617475e+01
1.792370704181438512e+01
1.783218783383485473e+01
1.811802406219083039e+01
1.810965454579651635e+01
1.795742170582182240e+01
1.802223009003799703e+01
1.803427296447067363e+01
1.806106387999153640e+01
1.794495700091868784e+01
1.797498677422371216e+01
1.806677034969635542e+01
1.802593048553366728e+01
1.809113698353040789e+01
1.794931470870948687e+01
1.808166759809567026e+01
1.802857546227675911e+01
1.805190950911590164e+01
1.792304334449598002e+01
1.784453297045300246e+01
1.808989882537160909e+01
1.796220047886598081e+01
1.797950817417000735e+01
1.798622503963783359e+01
1.796927605627122304e+01
1.792664779044043044e+01
1.807712803443171623e+01
1.810574197435197874e+01
1.808503547958849111e+01
1.790150917815707743e+01
1.796863639731418161e+01
1.805204574501789594e+01
1.792313598047162770e+01
1.793613905680510712e+01
1.773738900062766177e+01
1.796224514121373517e+01
1.799446415532635157e+01
1.805105479422393699e+01
1.797953079461811043e+01
1.802175804801616366e+01
1.795929052057188713e+01
1.789023083583642304e+01
1.797017275492998323e+01
1.808162119374447485e+01
1.812391128289974063e+01
1.804182404720239319e+01
1.805434715986363159e+01
1.801154314150005575e+01
1.793689873711996441e+01
1.800337233610857623e+01
1.799454179466123804e+01
1.796582041272583297e+01
1.778274292744344010e+01
1.805745553860806041e+01
1.789333059537922210e+01
1.805228101903788840e+01
1.796943394153515783e+01
1.813856499469948602e+01
1.797273967911212367e+01
1.798126043221792969e+01
1.785787329861858197e+01
1.794207809794370334e+01
1.793539070528970214e+01
1.804656870309699812e+01
1.794716266348759248e+01
1.804112390778083963e+01
1.798124502188489515e+01
1.805207974198488685e+01
1.799202777482430093e+01
1.807439879097985624e+01
1.817494839388519168e+01
1.791002978422150704e+01
1.800567718771906556e+01
1.796441804053253932e+01
1.795110612771182446e+01
1.789196831322528070e+01
1.803118350029956574e+01
1.799439210813540413e+01
1.802879219695526913e+01
1.792023460544058722e+01
1.806827093690454689e+01
1.800410232546525080e+01
1.790476278133744970e+01
1.789523755573716812e+01
1.806584265926264976e+01
1.808736854336789435e+01
1.787953663328105591e+01
1.797792163303374124e+01
1.798256817759392590e+01
1.814747564986533845e+01
1.804250326391301940e+01
1.795030053979493800e+01
1.805738624403613457e+01
1.789272713126501202e+01
1.812578409042583161e+01
1.811332984079918518e+01
1.800604654998848275e+01
1.805554951326589475e+01
1.795653826274032028e+01
1.795916334686230442e+01
1.802987508444217468e+01
1.800751498176861887e+01
1.794319503205140620e+01
1.808531956347815139e+01
1.806440644829952191e+01
1.799832267840420386e+01
1.786705334699950498e+01
1.806587997673091550e+01
1.802202808768948117e+01
1.788881656958683308e+01
1.789313329921360207e+01
1.805619698109853388e+01
1.805138851588918314e+01
1.787585758153519677e+01
1.796560683624790400e+01
1.803930301977206696e+01
1.797892536309064937e+01
1.799065681382721138e+01
1.802973836706799204e+01
1.791062644416739502e+01
1.789403675445817399e+01
1.814626889961714795e+01
1.812039390075442924e+01
1.804863691930294678e+01
1.794605908567159247e+01
1.792044489346484681e+01
1.790037098221033673e+01
1.794737154807194202e+01
1.795140554553370293e+01
1.795073875011323494e+01
1.815255760259363527e+01
1.806766866339675914e+01
1.794548830294518993e+01
1.803615322433979529e+01
1.800343570802134963e+01
1.810334362712924161e+01
1.805867264366486324e+01
1.801485127378080975e+01
1.795406345336725096e+01
1.788573958507344841e+01
1.803821359922010359e+01
1.801012076269659801e+01
1.800151622595547352e+01
1.799029308592870535e+01
1.809528096104765282e+01
1.797489709729932272e+01
1.793746739781991550e+01
1.797374300174309880e+01
1.786630479475128652e+01
1.795607109546488900e+01
1.805198490603961048e+01
1.803715498631723335e+01
1.795690047331080663e+01
1.790822863503110796e+01
1.822886379909787280e+01
1.801981079456681201e+01
1.804221048685040429e+01
1.794912756103938634e+01
1.813069980526593028e+01
1.814808468287550980e+01
1.788944123667840103e+01
1.815738622803915092e+01
1.795284409626087552e+01
1.795186148296400219e+01
1.813734625685162882e+01
1.797003372246387087e+01
1.795322392917406162e+01
1.801846851368718916e+01
1.795247378933609639e+01
1.788026049156050945e+01
1.795882885781393057e+01
1.804133525610586730e+01
1.790086115840719927e+01
1.800863789800757075e+01
1.785630433833457431e+01
1.787945726376677769e+01
1.790733528977436961e+01
1.800582323904758653e+01
1.794764615176542932e+01
1.803219629339728769e+01
1.789282550180053022e+01
1.798530839399289505e+01
1.796076341578516633e+01
1.804842455805684054e+01
1.794132911161947419e+01
1.790840315168518160e+01
1.788084802492392456e+01
1.806983844873712286e+01
1.809508067602136450e+01
1.798457512397048674e+01
1.799429512308358525e+01
1.801159668648768175e+01
1.791919198231529009e+01
1.808497011843077473e+01
1.814206375177542441e+01
1.795541735419368479e+01
1.809221782241965215e+01
1.796091345699241160e+01
1.801571662489115155e+01
1.805653507662389501e+01
1.803666004067380513e+01
1.818515843469588589e+01
1.806583993629026708e+01
1.798667098151343069e+01
1.787888973378007051e+01
1.791198537050492590e+01
1.812500947620602787e+01
1.793070559137676412e+01
1.812056997713580131e+01
1.791010596145865463e+01
1.806640334529281589e+01
1.780966552419456761e+01
1.790328992298395150e+01
1.799868380751431829e+01
1.797483365068038452e+01
1.800708257671587020e+01
1.802724548694652640e+01
1.797226868443538095e+01
1.802976010614145252e+01
1.798202162473362975e+01
1.807915164688022003e+01
1.802915831102274069e+01
1.783731799793483219e+01
1.804363911506353446e+01
1.805861204352224902e+01
1.812358813302645899e+01
1.790953116469379225e+01
1.801521803745804462e+01
1.809701742398214108e+01
1.801011257372917740e+01
1.799081829781771091e+01
1.786189345525882644e+01
1.794939842010620978e+01
1.810502784851151503e+01
1.799153968400899117e+01
1.815022572215872998e+01
1.789716303631552208e+01
1.796900564238905673e+01
1.804859475258626844e+01
1.795799493899319188e+01
1.799537779485611111e+01
1.794750582369012193e+01
1.805740685971442971e+01
1.801442691286051456e+01
1.807824374110809629e+01
1.809140506627148426e+01
1.801143560458726256e+01
1.808916777364024497e+01
1.791205225682028157e+01
1.793331594385874794e+01
1.803128858569033000e+01
1.792158229960702798e+01
1.805761489374540574e+01
1.806835615378514248e+01
1.791601673638842840e+01
1.802001004405988738e+01
1.795450655777660032e+01
1.790655442649926599e+01
1.800507019093938865e+01
1.804410421958118960e+01
1.813448199354467150e+01
1.803658621547966234e+01
1.803745336379098063e+01
1.796045853169121287e+01
1.796924466836433965e+01
1.808992640927834827e+01
1.794685239977474822e+01
1.794288629023064630e+01
1.793336117264616192e+01
1.805866039817844282e+01
1.807915020237552284e+01
1.811942372523791178e+01
1.801190752955056240e+01
1.811678993750118849e+01
1.801384216294074037e+01
1.800833282203796770e+01
1.802122674561525173e+01
1.801753391970601470e+01
1.804138633463049857e+01
1.797497038400808123e+01
1.807489111167624429e+01
1.814096284937491887e+01
1.807788899421353790e+01
1.797381772479981876e+01
1.799910578726536770e+01
1.789235434187339990e+01
1.785799739775709938e+01
1.799038580831615874e+01
1.795394687622967922e+01
1.802532792538142914e+01
1.803616060235306051e+01
1.782891285424495464e+01
1.801824108413168446e+01
1.799858596362271612e+01
1.806479000267249191e+01
1.804280691862501129e+01
1.792513350429788233e+01
1.795129690200326067e+01
1.794590706470114227e+01
1.794567282792113616e+01
1.791297125848356586e+01
1.801155171320636583e+01
1.806425926907409263e+01
1.800465673642698405e+01
1.794054115950124739e+01
1.802043736783071992e+01
1.805507478489538187e+01
1.786934550726196491e+01
1.791813234180936121e+01
1.820964960136627653e+01
1.812146877345580620e+01
1.798173170067672544e+01
1.799448390038165968e+01
1.810695548057954696e+01
1.794595919043779730e+01
1.795573221123218843e+01
1.802370161431763407e+01
1.810891885201629137e+01
1.784452540735366100e+01
1.785633116977748358e+01
1.804297614744720590e+01
1.799356986162566940e+01
1.798353553902669333e+01
1.787733203652418368e+01
1.794780836330743412e+01
1.811675023459728706e+01
1.804435261707271820e+01
1.794368786053645337e+01
1.823104440392476278e+01
1.793934807693768363e+01
1.796565778600631802e+01
1.797378085290668892e+01
1.791508613633515523e+01
1.806479066232275343e+01
1.790714395368795664e+01
1.790283400735779296e+01
1.802698074885995183e+01
1.798554649931962146e+01
1.783636184188130969e+01
1.803548245209011469e+01
1.804006765447892491e+01
1.809543735449708635e+01
1.792433957780207265e+01
1.800301775722139652e+01
1.813442455544971921e+01
1.791714721628229512e+01
1.803409577149056275e+01
1.788877745163113531e+01
1.802194776817173150e+01
1.786636778387718039e+01
1.814263641548134132e+01
1.790635706946865113e+01
1.800185295904474003e+01
1.794548199556446377e+01
1.804570543439676200e+01
1.806264119925488387e+01
1.790522013439810323e+01
1.788563791465891484e+01
1.801236018805817807e+01
1.802936551042836655e+01
1.807391246027399134e+01
1.790862038837158465e+01
1.808898239019475440e+01
1.815134606501401393e+01
1.801308415146847253e+01
1.803447097007211397e+01
1.792679505842971466e+01
1.798174096470989980e+01
1.799214002392474043e+01
1.806450715102971216e+01
1.797224498485527988e+01
1.798700145617753776e+01
1.794956957706864742e+01
1.784801894483258522e+01
1.804507106374492764e+01
1.814685965927699840e+01
1.802329698743460185e+01
1.813141355184050241e+01
1.800583044547749623e+01
1.796316810268439568e+01
1.805779271746621362e+01
1.794080694612894433e+01
1.797510929175529526e+01
1.800723687388279615e+01
1.799554428850992949e+01
1.803978193325212587e+01
1.811071952477247393e+01
1.788059940614710897e+01
1.805342135746676036e+01
1.803661125840806179e+01
1.796261886781070416e+01
1.801523133365422069e+01
1.797664192096182845e+01
1.805955442157903690e+01
1.811314108964952041e+01
1.796962774198236801e+01
1.803597145483609054e+01
1.799311264908575936e+01
1.804087971994437112e+01
1.822730575104238682e+01
1.794013588902007328e+01
1.804714326205914787e+01
1.804659310715233289e+01
1.791936809490293925e+01
1.791948402115306394e+01
1.809310552613089484e+01
1.795460034482396949e+01
1.804433369657670383e+01
1.806239622492453378e+01
1.810369675058923278e+01
1.810061505427011852e+01
1.800624763745777557e+01
1.790729131746923741e+01
1.795867100308180397e+01
1.806252206343452116e+01
1.799877051000231631e+01
1.788957636873593415e+01
1.794824806433532061e+01
1.790615684015911668e+01
1.797685594787481733e+01
1.805222596127326895e+01
1.809146167433657482e+01
1.795775999586734883e+01
1.802394161455208632e+01
1.800081327129279529e+01
1.816605531321956590e+01
1.810604125999752512e+01
1.805600153111380735e+01
1.788903040541964984e+01
1.807502678446006072e+01
1.796325544568143329e+01
1.798675187580263213e+01
1.798242315174031702e+01
1.791009002675124506e+01
1.800430721223962038e+01
1.791491622227762548e+01
1.812428179081702595e+01
1.793905240864045325e+01
1.780932411949279626e+01
1.791177034097383469e+01
1.794551906843726741e+01
1.790821538030308346e+01
1.806055553766681143e+01
1.796103385227732829e+01
1.806650930369535146e+01
1.806777394850210783e+01
1.809181283883940594e+01
1.797954417547292749e+01
1.803892196802527437e+01
1.789052468577439470e+01
1.794676970756350798e+01
1.804300653891653283e+01
1.803588302140711974e+01
1.796114482129505774e+01
1.802390136252578756e+01
1.790872764398536887e+01
1.808368011390722074e+01
1.807472392287559160e+01
1.808877793447179982e+01
1.801703024819554955e+01
1.812945782437827447e+01
1.792626527304658168e+01
1.792747789443188822e+01
1.798439021838233387e+01
1.802573818231748248e+01
1.803289184907399800e+01
1.812179509262284327e+01
1.809900893340629580e+01
1.799160395673823842e+01
1.786846806682387623e+01
1.794019240564796647e+01
1.790250677661362388e+01
1.790702783988728086e+01
1.800397563753828223e+01
1.812188901904778504e+01
1.788197524250238502e+01
1.798724890801781484e+01
1.806604550996406289e+01
1.800697396442562948e+01
1.791863898035970593e+01
1.802277965404926263e+01
1.789927601333872076e+01
1.798566594747695291e+01
1.802689391589134971e+01
1.789994292693960887e+01
1.806326892272751294e+01
1.796960748394986496e+01
1.795961443388478074e+01
1.797439086128588315e+01
1.807350282831547261e+01
1.810131580682937269e+01
1.803438551771872511e+01
1.791493672844608298e+01
1.802713625362772021e+01
1.795447878800219854e+01
1.806858780711836587e+01
1.792915138176807943e+01
1.794700105779307364e+01
1.800312773850540893e+01
1.801692290091445869e+01
1.801232070257202977e+01
1.799271725599486871e+01
1.792261299702736466e+01
1.811587208505919477e+01
1.805192621711194789e+01
1.792007299088822236e+01
1.801249064996748217e+01
1.790274963110131878e+01
1.808676973425241741e+01
1.813392686788851194e+01
1.811107671444783662e+01
1.790123548678644383e+01
1.799207015882392469e+01
1.800845539054196109e+01
1.795557966506502723e+01
1.807180757248174174e+01
1.817310814229868399e+01
1.812529627999675341e+01
1.788948016670002872e+01
1.793808453092432131e+01
1.802886287290187184e+01
1.790572014430643932e+01
1.804185001018570134e+01
1.798030725456930057e+01
1.797161093836121637e+01
1.809434442201862581e+01
1.784743498889045910e+01
1.810264246092705420e+01
1.782258606784562005e+01
1.807395302551612204e+01
1.781067471056975648e+01
1.798238207470583561e+01
1.794959673646931009e+01
1.789794768298606442e+01
1.796776760178527255e+01
1.788729089741483236e+01
1.804501822915779385e+01
1.801337623923322084e+01
1.802532503331648783e+01
1.806584308242605275e+01
1.790227859717758818e+01
1.805798159554097282e+01
1.782367104975240579e+01
1.799672670163873534e+01
1.811370763982170473e+01
1.803637593721327903e+01
1.809783066061423895e+01
1.797798182243309384e+01
1.797339924765425323e+01
1.796595157955752242e+01
1.799207183588523051e+01
1.792062430594284450e+01
1.792313746111479844e+01
1.800568486927375744e+01
1.799721765635926829e+01
1.799549821596733423e+01
1.810111104545011074e+01
1.809605556806642568e+01
1.800535678948007501e+01
1.805336835888782687e+01
1.786266946870116357e+01
1.798379571104438668e+01
1.802597612044826647e+01
1.799307078570490503e+01
1.798231726982881540e+01
1.801082167750019636e+01
1.808706923497031127e+01
1.808836075503738883e+01
1.789538337307133986e+01
1.815157095648563512e+01
1.797401209697287072e+01
1.801924813578395401e+01
1.805816097181186919e+01
1.805999101418930408e+01
1.802536941812581972e+01
1.794906131409235428e+01
1.805065231853122043e+01
1.794989167906471295e+01
1.797755438262299776e+01
1.790602210256813009e+01
1.799642703589303139e+01
1.797067015140401480e+01
1.812766102413732128e+01
1.798325371639712600e+01
1.793766672934865980e+01
1.793132901651205913e+01
1.805492803326216489e+01
1.805038226567265980e+01
1.809645047752963620e+01
1.803561182326343371e+01
1.811381846906913751e+01
1.806650257899001133e+01
1.792164069275190030e+01
1.800075455699072791e+01
1.809433888769214960e+01
1.799238401189363046e+01
1.790229068156759595e+01
1.809440374271138907e+01
1.800147377333408372e+01
1.800711012459795768e+01
1.797346120693902449e+01
1.796581810701855275e+01
1.800025460875521688e+01
1.799115752246192557e+01
1.798964121345714773e+01
1.795806644486482995e+01
1.804392621234669747e+01
1.792193068377289578e+01
1.808471128956465890e+01
1.799771376157341507e+01
1.806469395174361026e+01
1.803222941330136919e+01
1.818905704686725144e+01
1.800983427379199142e+01
1.799109147515389751e+01
1.790273332538858497e+01
1.796312267775256188e+01
1.791808047377993773e+01
1.796220976363424171e+01
1.810647697505154596e+01
1.785476962681914515e+01
1.797710893354260975e+01
1.804979536174222687e+01
1.803490870242951516e+01
1.780262452248290472e+01
1.803726253720978789e+01
1.797320924415526022e+01
1.800947459064037304e+01
1.806028591841965891e+01
1.790849628403599070e+01
1.786913325486125359e+01
1.797846813109689634e+01
1.802958241511957382e+01
1.803309391358917324e+01
1.808027311330115694e+01
1.793744375410481950e+01
1.795439985673258576e+01
1.783828849106539138e+01
1.807022996930599135e+01
1.802589816672221090e+01
1.798080098600398813e+01
1.798486374722001457e+01
1.819888197927088669e+01
1.800489275680644496e+01
1.789269045079440090e+01
1.797363108476080029e+01
1.794128779823775588e+01
1.795847467043386558e+01
1.800334268412506589e+01
1.801990665592344598e+01
1.792974007031291706e+01
1.802487432211323082e+01
1.811172542895377191e+01
1.790850737713268614e+01
1.796079396497412972e+01
1.804203321712830288e+01
1.788686326027326245e+01
1.806689287239512964e+01
1.801964173020670756e+01
1.790008712570124771e+01
1.805687363192177486e+01
1.786772325284675134e+01
1.809282920127953886e+01
1.801276131248392076e+01
1.793300980214749885e+01
1.797257992728480858e+01
1.811723092401989277e+01
1.816586275239374970e+01
1.784506430313701131e+01
1.796783290324391658e+01
1.794093278209153297e+01
1.817524866717520027e+01
1.786065751316455774e+01
1.804092079126511194e+01
1.798865915145204397e+01
1.797764196745228205e+01
1.797386127555797586e+01
1.786012724621043901e+01
1.793271028199868056e+01
1.793603484862635966e+01
1.807646879373759319e+01
1.794252273591838076e+01
1.814509019172276183e+01
1.793037741089760218e+01
1.773352450364872723e+01
1.790878609424502699e+01
1.805333237926269518e+01
1.798015812526019630e+01
1.802109733982389272e+01
1.803070176702895466e+01
1.785984586811483155e+01
1.792754818560665342e+01
1.793031895397104947e+01
1.810572278760921350e+01
1.779996310890642164e+01
1.803400751022654802e+01
1.787080288445069343e+01
1.797359840654857521e+01
1.799358398781216550e+01
1.804918982776222691e+01
1.795345429743394305e+01
1.794522321645447960e+01
1.796993974657033277e+01
1.801532123052546552e+01
1.803018863381274173e+01
1.784238103810796261e+01
1.796032809864555091e+01
1.800117297698808017e+01
1.797916379838886058e+01
1.801963388350645445e+01
1.798761209063775723e+01
1.796641163365264404e+01
1.810610777500597735e+01
1.798807207684640019e+01
1.783691889313856294e+01
1.788140485126941570e+01
1.786974894348853837e+01
1.796269213743334348e+01
1.798438363693120579e+01
1.792883764179548578e+01
1.805916472923484406e+01
1.797030688883587857e+01
1.819755866251070486e+01
1.800931013681516646e+01
1.790784617554551872e+01
1.793813125642784456e+01
1.801480809460272781e+01
1.801366949216856383e+01
1.793708185831585666e+01
1.815503398099798105e+01
1.810554973870126005e+01
1.789510744882515070e+01
1.811945592063892363e+01
1.810576186075688199e+01
1.790936919988916642e+01
1.800062961996845701e+01
1.808206684247191021e+01
1.805927660041059823e+01
1.798204006860801485e+01
1.797890701323666462e+01
1.807554487885156647e+01
1.805384382784379937e+01
1.803827895928185043e+01
1.794823814079099478e+01
1.809524931228075317e+01
1.800247535490657924e+01
1.795747921420439042e+01
1.794238163714803846e+01
1.791565632052645896e+01
1.808861544999976800e+01
1.799015693346701994e+01
1.798359468751407420e+01
1.796098410092509923e+01
1.805929577384114282e+01
1.801283726144226094e+01
1.794010862736473655e+01
1.816619170202038447e+01
1.803006367989760861e+01
1.797401418576490784e+01
1.800608657693042503e+01
1.789772269089195689e+01
1.803775318288063190e+01
1.813596074024432880e+01
1.799172027481803582e+01
1.794935435125435319e+01
1.810502819518809048e+01
1.786610681951525237e+01
1.808005911736270477e+01
1.811033071307893749e+01
1.794300663926321349e+01
1.783019416018409586e+01
1.802316122420619493e+01
1.820971500974087931e+01
1.787026073410430271e+01
1.796670388007937902e+01
1.815820779251887274e+01
1.804903456968223097e+01
1.803447639885911258e+01
1.774035217264723485e+01
1.794935033832307170e+01
1.807270338246455665e+01
1.790758160479383321e+01
1.803377862714686941e+01
1.793354537966804330e+01
1.793761204515942964e+01
1.797295014515725597e+01
1.817408877829722869e+01
1.787139976262279362e+01
1.804142903241027796e+01
1.805697147621762966e+01
1.805384968592272088e+01
1.809540219561280239e+01
1.791462866407865917e+01
1.801619911431471266e+01
1.806544727450059895e+01
1.797460163031622571e+01
1.784483795495534508e+01
1.809476287614799617e+01
1.786828657303083290e+01
1.806106438051372010e+01
1.803474306928745108e+01
1.789517502870872079e+01
1.805104602464086838e+01
1.793988725176681953e+01
1.800373209321562840e+01
1.800946666095095949e+01
1.788132935063389795e+01
1.806151926791726936e+01
1.816103583009316935e+01
1.806089510102716389e+01
1.805553580381879186e+01
1.793405128376390678e+01
1.818352149347838065e+01
1.800185435832319669e+01
1.808011442150928616e+01
1.803460672719901936e+01
1.804359464336546282e+01
1.800982359008455091e+01
1.807533604490029333e+01
1.806084519998118054e+01
1.795017240447102935e+01
1.801599157183955313e+01
1.806174447358565516e+01
1.815287146435411714e+01
1.815515274437550985e+01
1.803138710383880650e+01
1.805453153378123687e+01
1.798573527546959738e+01
1.798642257884768014e+01
1.803324115520882387e+01
1.813489684586450679e+01
1.805365454418202376e+01
1.802117104043923490e+01
1.795693746356706555e+01
1.798857338348350154e+01
1.799349438642120802e+01
1.786745470203764441e+01
1.802755524992416980e+01
1.805568476449762727e+01
1.787951511473945843e+01
1.813114098054497347e+01
1.806876102100071080e+01
1.813974132118678995e+01
1.794261003621115691e+01
1.784572421014389221e+01
1.804394239353728224e+01
1.802958421950386381e+01
1.815333557849790225e+01
1.800455690317855684e+01
1.801506604983896054e+01
1.801630660493358960e+01
1.788010550811472044e+01
1.791856732824777509e+01
1.808048703499760634e+01
1.784907960465822185e+01
1.808267611950724429e+01
1.791040008359138014e+01
1.819242331916536060e+01
1.785922269987826994e+01
1.796636255129700999e+01
1.800343107766027018e+01
1.794669198760772844e+01
1.802514835070952515e+01
1.782511841248071249e+01
1.800044339944648542e+01
1.808499649321250757e+01
1.806016963178074519e+01
1.791961954721211470e+01
1.798303729609764900e+01
1.796600954852662468e+01
1.809778085018541205e+01
1.790399018552652066e+01
1.788528508984867926e+01
1.791546302032467253e+01
1.804835758418188263e+01
1.796391516849436343e+01
1.813927388322087353e+01
1.806513284197320246e+01
1.805792046767003356e+01
1.795530837639531541e+01
1.806434209549455261e+01
1.809856599965659285e+01
1.790630300168030331e+01
1.809519499844667578e+01
1.793464569468119052e+01
1.790199302955800320e+01
1.802207017247841492e+01
1.803299671711272367e+01
1.801760509857041370e+01
1.795262851188897457e+01
1.807214682464925914e+01
1.776439512912257968e+01
1.803904811728972746e+01
1.798233717107035545e+01
1.803678046871879559e+01
1.790589521505746617e+01
1.798593767276677369e+01
1.802922615365897130e+01
1.801978298565023806e+01
1.801328743295981738e+01
1.802478042044239004e+01
1.790309991431798764e+01
1.799196828063660547e+01
1.817563526695303366e+01
1.812282303432634123e+01
1.800764769521465425e+01
1.797513520661152953e+01
1.792288889993901080e+01
1.824005830122934313e+01
1.787141782055007511e+01
1.799576570522125607e+01
1.798481966953349698e+01
1.800195131167559026e+01
1.806134551039390246e+01
1.798142158534503565e+01
1.813165203198540709e+01
1.803675304242166177e+01
1.791862843154628493e+01
1.799533359483527661e+01
1.787209739084204330e+01
1.798405442896395812e+01
1.800410805612120768e+01
1.797638398357889500e+01
1.811173017870375190e+01
1.785005924583171932e+01
1.792995617094498684e+01
1.792751598714995254e+01
1.809510113594023650e+01
1.799353744434460367e+01
1.803861266791144402e+01
1.786848838659276950e+01
1.793598131895872427e+01
1.805135873441940930e+01
1.797848675010385122e+01
1.800306436557020362e+01
1.798557703795524532e+01
1.802025524544664137e+01
1.798265994242265009e+01
1.799789480792546570e+01
1.794363254902878424e+01
1.806095328294909308e+01
1.800351220592141033e+01
1.811424894871976221e+01
1.797788811570538670e+01
1.802062511309502213e+01
1.790887728990470507e+01
1.808924956021583696e+01
1.802431896495277996e+01
1.800841900533760409e+01
1.799306034567135271e+01
1.806701952748984752e+01
1.804338354990828819e+01
1.804698425412284379e+01
1.794638336334265105e+01
1.788083508996448856e+01
1.801533414480284634e+01
1.803010946237295897e+01
1.792653886966422050e+01
1.801074764896101144e+01
1.810560605199310302e+01
1.801633276318345978e+01
1.789723348687225268e+01
1.792720020695773187e+01
1.787092368039351342e+01
1.804474885004578866e+01
1.790818109443602069e+01
1.792625964046028741e+01
1.798201870804962610e+01
1.802320429619537023e+01
1.812378966897210475e+01
1.804286724850369339e+01
1.813241822452980401e+01
1.789563668038480415e+01
1.802264679119462443e+01
1.816661693443383285e+01
1.799408472060713038e+01
1.799432758914368335e+01
1.792946157234819893e+01
1.802110490297970813e+01
1.793392817127265459e+01
1.799646927081774450e+01
1.793680242426421145e+01
1.797256344523354343e+01
1.801604333464993246e+01
1.809986824622016144e+01
1.814872942784388243e+01
1.802327172981964054e+01
1.801598764139968978e+01
1.800991442235813977e+01
1.792018514212409386e+01
1.803306949802000503e+01
1.793990820045903334e+01
1.805182627189387290e+01
1.810823426137013925e+01
1.796888128282128605e+01
1.803079752266046043e+01
1.818316091970715576e+01
1.801807047149373275e+01
1.797629350480680799e+01
1.806202107379820987e+01
1.793693142913503991e+01
1.796969765216173798e+01
1.795345990102268274e+01
1.809298351498744850e+01
1.810034804315696988e+01
1.795879150574959127e+01
1.798403878183094662e+01
1.815163448614320885e+01
1.786305602419878724e+01
1.814264109760937771e+01
1.807814450913373605e+01
1.798922767364582143e+01
1.803922497203651076e+01
1.804435553632602307e+01
1.792418182842986951e+01
1.813176220976366082e+01
1.800945891102727003e+01
1.800905056234557833e+01
1.811574030504942812e+01
1.810020065503532649e+01
1.795413590973673834e+01
1.796178674746979809e+01
1.781224367545147658e+01
1.789180128866190245e+01
1.788815839686402853e+01
1.812291104731449209e+01
1.802311448258736348e+01
1.796181114428067360e+01
1.796874810794485100e+01
1.798643415218585773e+01
1.792102537658828609e+01
1.801804941711562336e+01
1.795545626460486943e+01
1.801315168831761682e+01
1.802214297896272654e+01
1.810596060821270825e+01
1.811210906798340403e+01
1.797482527100939365e+01
1.801615993257473747e+01
1.801703067537355452e+01
1.809089240499173812e+01
1.807412948266974695e+01
1.804131966103578932e+01
1.791434783519431306e+01
1.792838626082724574e+01
1.793764665228618682e+01
1.803718647795880514e+01
1.807642000401013149e+01
1.801651987941429311e+01
1.787122753862729851e+01
1.800563089312479903e+01
1.792608056944373374e+01
1.793237969102784746e+01
1.800741451005662341e+01
1.803849666125328710e+01
1.802439312351162215e+01
1.799644198402553030e+01
1.802547009771140907e+01
1.788648594020125770e+01
1.804494110525495287e+01
1.810643770070695169e+01
1.807574985223633490e+01
1.798273106076217687e+01
1.809551452614856970e+01
1.797549038633690088e+01
1.809011329012666636e+01
1.786993010360562195e+01
1.789492505657536014e+01
1.792482484557952915e+01
1.808832000897206171e+01
1.794720349766249257e+01
1.789354086766234886e+01
1.809323272837263374e+01
1.802476976418117616e+01
1.805420819160518775e+01
1.789099243620969659e+01
1.806793866821197980e+01
1.787599429433333498e+01
1.794501747685091786e+01
1.788839453539324609e+01
1.808903160350078565e+01
1.800556157195758189e+01
1.802814781683470713e+01
1.792436943791131299e+01
1.788792444842681562e+01
1.798498943084008417e+01
1.804470640648102986e+01
1.792874520831732355e+01
1.800390485927434625e+01
1.804857406707703049e+01
1.801290407552120243e+01
1.796760532696421819e+01
1.805771591045463609e+01
1.799240733515038926e+01
1.789612137319828378e+01
1.791174985282692944e+01
1.807496359830831523e+01
1.800086942797838319e+01
1.809962671999482353e+01
1.793024414893946172e+01
1.805344907299876667e+01
1.817565894037918639e+01
1.787575494566642575e+01
1.798552756861910495e+01
1.810962395422922810e+01
1.804231124420456212e+01
1.806777647290765998e+01
1.811493456652145895e+01
1.807426899817418331e+01
1.816755204610229057e+01
1.794117497992605692e+01
1.802759595988762342e+01
1.807457737102966178e+01
1.807121206305665240e+01
1.805658851304394119e+01
1.795426211652890558e+01
1.789961527639297501e+01
1.811738160311985979e+01
1.809381723210539405e+01
1.797004511435944707e+01
1.784573752982610628e+01
1.796095710653631627e+01
1.807189802692006708e+01
1.817687923167377662e+01
1.795893997671650411e+01
1.803162497468150960e+01
1.787201015637767654e+01
1.799039005502943311e+01
1.788943800358988767e+01
1.801292169496881357e+01
1.817507138665374100e+01
1.794777479508340789e+01
1.812300255668793270e+01
1.812307894440250422e+01
1.793633845655252301e+01
1.804522309689582471e+01
1.803683328788865126e+01
1.793621244181392171e+01
1.803795798546705242e+01
1.797896529306085611e+01
1.800156394662892012e+01
1.811569478291441015e+01
1.798729964549604432e+01
1.818548621928183451e+01
1.803309034683539025e+01
1.796716234840761217e+01
1.795149710939146104e+01
1.785487261648831137e+01
1.802742563219060301e+01
1.799411808388438416e+01
1.802090805312067801e+01
1.802027205435694768e+01
1.808818200844668311e+01
1.802578448508047515e+01
1.804457655859349785e+01
1.794209399016688167e+01
1.806085027572473933e+01
1.803017574543477508e+01
1.791342522526292669e+01
1.792036863538962166e+01
1.802515638037658974e+01
1.802254313025664700e+01
1.816425903931861185e+01
1.797413186393175977e+01
1.812161760630928242e+01
1.792986098541576467e+01
1.794989819701427081e+01
1.802270387716206557e+01
1.810380039154929221e+01
1.809531407996059471e+01
1.797005775468577937e+01
1.797803719772451458e+01
1.811743825202129443e+01
1.794426811092130691e+01
1.794594076121295956e+01
1.798737862114093389e+01
1.800877816925454056e+01
1.793560176051523314e+01
1.805988037193402818e+01
1.798123680814114422e+01
1.787826799269423006e+01
1.805385745029497357e+01
1.797937005724497794e+01
1.794180447598059658e+01
1.798088345964949042e+01
1.797470436829653551e+01
1.803605764925900345e+01
1.800318808421538463e+01
1.795412353838306885e+01
1.795759083300320924e+01
1.783879891069639356e+01
1.795762490647788923e+01
1.794717533214138783e+01
1.803251403005805642e+01
1.797746412004837424e+01
1.805706040255039824e+01
1.799593736942576427e+01
1.801048766084373298e+01
1.819017172047963271e+01
1.798743048905458153e+01
1.808017799687713634e+01
1.803725863975686039e+01
1.806580363070198203e+01
1.799459015184775978e+01
1.821119438338190832e+01
1.809576354299175804e+01
1.806622119274972960e+01
1.800076306335575183e+01
1.806612345433204325e+01
1.806763770392642243e+01
1.804480951559432000e+01
1.796927474984217454e+01
1.802488361804605788e+01
1.807774532003382006e+01
1.795321080042132422e+01
1.803861128474564168e+01
1.808542661328682044e+01
1.792753853725904989e+01
1.802093045134215643e+01
1.803273884702650065e+01
1.792978370384107478e+01
1.796480190789327835e+01
1.803901535968740433e+01
1.807880833035038748e+01
1.810143234980054316e+01
1.799869907229281196e+01
1.801160155400732421e+01
1.794457811265784386e+01
1.803801284781152958e+01
1.802998418320400020e+01
1.807818756025465134e+01
1.793836732865497297e+01
1.810960419825359935e+01
1.792744948446369335e+01
1.806909590598597859e+01
1.793620311375705256e+01
1.802377919788013472e+01
1.799697847842819698e+01
1.788421096960638224e+01
1.791695577148062668e+01
1.796736275939621308e+01
1.799732596989321465e+01
1.804698567099022455e+01
1.797164560889237706e+01
1.795142608769837977e+01
1.783863910278278553e+01
1.792493576795293464e+01
1.793260714570331160e+01
1.795100458675731758e+01
1.797859851573384304e+01
1.797499014732559885e+01
1.810667920877605752e+01
1.790345520391605305e+01
1.801435558352504529e+01
1.802463534312760274e+01
1.799151089102434753e+01
1.803745367306412462e+01
1.797099591594012935e+01
1.791953311109282154e+01
1.810269281845602762e+01
1.797644813685981902e+01
1.794934182419790858e+01
1.799178096609687216e+01
1.808930944456969314e+01
1.796828165196911087e+01
1.805639109613507998e+01
1.793011771749424099e+01
1.803129403861606761e+01
1.798288214956346920e+01
1.814154252788094723e+01
1.807399582579270358e+01
1.804099335708178131e+01
1.781043633583472996e+01
1.798165561301367887e+01
1.788374511748711626e+01
1.803661959984609098e+01
1.801779890454752220e+01
1.812436392771214599e+01
1.805660637542340652e+01
1.808017400783394280e+01
1.802468942618729741e+01
1.807967943992860427e+01
1.799701878587766402e+01
1.801972122494914430e+01
1.809208307549209493e+01
1.803692454041479820e+01
1.782272815230720298e+01
1.802146040960874274e+01
1.812654857845415535e+01
1.804100543431072978e+01
1.803824173466202652e+01
1.807922880103501484e+01
1.801766533727789721e+01
1.815743207629067157e+01
1.793329868439715824e+01
1.797444667942530216e+01
1.804233554902609882e+01
1.789967354485258610e+01
1.804999197142458911e+01
1.793901716772894162e+01
1.802744321766929758e+01
1.793740514273827813e+01
1.811793314632645036e+01
1.794543512809537944e+01
1.806815479454256490e+01
1.815595292142721107e+01
1.792907744391415648e+01
1.797745591303727508e+01
1.803630273971298692e+01
1.796108390975366120e+01
1.799010773151319142e+01
1.800191877894397408e+01
1.802112918709728717e+01
1.795508878933857488e+01
1.794870623354514194e+01
1.794764253936994791e+01
1.797965757418993604e+01
1.816275487827791935e+01
1.803032364155112788e+01
1.794861589045547134e+01
1.797556758315258207e+01
1.804009655028881909e+01
1.806204222836939977e+01
1.804144305238771295e+01
1.793164779586415847e+01
1.799827257021854976e+01
1.799033617670335872e+01
1.802858761241144592e+01
1.788981493013114488e+01
1.804255983984734257e+01
1.808089895268413017e+01
1.802849649652906194e+01
1.803300245084585285e+01
1.795180814682066739e+01
1.808156079090306889e+01
1.797488293865236741e+01
1.797147282053553141e+01
1.795514193220054722e+01
1.808968134621545687e+01
1.807456229517941182e+01
1.797968442614778795e+01
1.802248540630310103e+01
1.798292232237644939e+01
1.812664554526567429e+01
1.822250428557146051e+01
1.794469615467986401e+01
1.789733328892868158e+01
1.791107744073942598e+01
1.796552962974572765e+01
1.798266533561567826e+01
1.798475714663634761e+01
1.790765181631698155e+01
1.812146395334344007e+01
1.793627968871538414e+01
1.808604946353861465e+01
1.793530764055622839e+01
1.811162991015498136e+01
1.806065190945576404e+01
1.788890823661960283e+01
1.787251874863361678e+01
1.808695689047145194e+01
1.805629167859916961e+01
1.787772016914288287e+01
1.794487580108041058e+01
1.782697130474826253e+01
1.805402186331247449e+01
1.797936192566114144e+01
1.803175206783051365e+01
1.794104804632809191e+01
1.801969639628780229e+01
1.795980552812099873e+01
1.802468643861505271e+01
1.797688107886778752e+01
1.803627561553313896e+01
1.802973603080440057e+01
1.808662068871534601e+01
1.789123774412034606e+01
1.809003567650649913e+01
1.797718510186261653e+01
1.789352464228346662e+01
1.792364349505872667e+01
1.797953514110238160e+01
1.799153590124864266e+01
1.795196325099886181e+01
1.801600543946928212e+01
1.798981693512543956e+01
1.810762234541052962e+01
1.807196461216699035e+01
1.805693358930505354e+01
1.796336158131146021e+01
1.793583067472104631e+01
1.793628147825841168e+01
1.802149321884789757e+01
1.813081614174071277e+01
1.789853101347719644e+01
1.797779764405807157e+01
1.808551586790438037e+01
1.793094608531709255e+01
1.796882387083302035e+01
1.801444828802338805e+01
1.814942650493605925e+01
1.789059000307942782e+01
1.796191059041365179e+01
1.798270134779831864e+01
1.807211955044830987e+01
1.790297401816371803e+01
1.815506866227163130e+01
1.806909343729360629e+01
1.800036401760890570e+01
1.803670779410832736e+01
1.792008334437247896e+01
1.796448822727392525e+01
1.789866114236084016e+01
1.795867010509531170e+01
1.792970564477952422e+01
1.804186069500053335e+01
1.797232920335778061e+01
1.808574417875833618e+01
1.799313919308983145e+01
1.787794748763927188e+01
1.799674583000550498e+01
1.792118586022532867e+01
1.794658671586590870e+01
1.806423249842338663e+01
1.805841840714164803e+01
1.806246385250721076e+01
1.805881340018833470e+01
1.785375419260917340e+01
1.800024175677156180e+01
1.798639212290871470e+01
1.792813343097107648e+01
1.790470161314752318e+01
1.796121180429960518e+01
1.798224280643511719e+01
1.788981893460490014e+01
1.795952262747076134e+01
1.799798392367529232e+01
1.808216711215531447e+01
1.789463723833198827e+01
1.791500089273941754e+01
1.800680417359862417e+01
1.802793620430962918e+01
1.785570818081320610e+01
1.801081935295373881e+01
1.808907303396420829e+01
1.779943229185603926e+01
1.801358281083003376e+01
1.802049571301625264e+01
1.810929102696279358e+01
1.806968719970262427e+01
1.797676435168147790e+01
1.816623981272463340e+01
1.804633240756216139e+01
1.792998965698366831e+01
1.791168590110992298e+01
1.807749622799103406e+01
1.796265430066916124e+01
1.814286108284059651e+01
1.794701379273086062e+01
1.788621054565630786e+01
1.795540591386540186e+01
1.805261137829951679e+01
1.789634790796714725e+01
1.796138531217798473e+01
1.797208948821292651e+01
1.808001876674496344e+01
1.788629230101788892e+01
1.797559179064312573e+01
1.790506530374176108e+01
1.809558645026186596e+01
1.785942566673058352e+01
1.824475402623331988e+01
1.806518532754153838e+01
1.817046182491701245e+01
1.789873857975534577e+01
1.799248408746081296e+01
1.814161083912257055e+01
1.801203031396931920e+01
1.790562080990626725e+01
1.801534853998145280e+01
1.799072349721954822e+01
1.800533702135886926e+01
1.794014632306486234e+01
1.796173947359556067e+01
1.806287095800389508e+01
1.807837554001094560e+01
1.804708620535369334e+01
1.787918460938955079e+01
1.808948662055595946e+01
1.815533556021457073e+01
1.817441601630913794e+01
1.805818822127126921e+01
1.799024419132019048e+01
1.800925343649871735e+01
1.789719499978970063e+01
1.802065215966809575e+01
1.797507055234649087e+01
1.806750930405974387e+01
1.807931488761449756e+01
1.806532812386366516e+01
1.803354159249629163e+01
1.804192666530872202e+01
1.798689365871750567e+01
1.793275058442887371e+01
1.798928283123892058e+01
1.805472201594480097e+01
1.782606345927474223e+01
1.805866345385530281e+01
1.792617370087716466e+01
1.808003552968911265e+01
1.799126631793899733e+01
1.794395687092031721e+01
1.800170421494922834e+01
1.802538916455346296e+01
1.792258946741639747e+01
1.797845884935105332e+01
1.799821352005059794e+01
1.794947459113016919e+01
1.809667459486517771e+01
1.791518054510826730e+01
1.807502026871864231e+01
1.799957458703348934e+01
1.794774988058087573e+01
1.797948067399419969e+01
1.798475801749070868e+01
1.795638530309317815e+01
1.802923906528383569e+01
1.799027468573728328e+01
1.794287677947197324e+01
1.797414251997001244e+01
1.800540945207341181e+01
1.795545165422506173e+01
1.786009264038052535e+01
1.790054198303331745e+01
1.803449825132534912e+01
1.810916355454097015e+01
1.796376136682284397e+01
1.808545199389072522e+01
1.804032334294076634e+01
1.802601218825732587e+01
1.799780691446858327e+01
1.798695925163499254e+01
1.812735724575216523e+01
1.811877540377195572e+01
1.806005841121696065e+01
1.806584801601470147e+01
1.806577203670611809e+01
1.788038450884404895e+01
1.805715808844056625e+01
1.783947785173171852e+01
1.805626054524711321e+01
1.810046343328434659e+01
1.789675712092462945e+01
1.777639363264194827e+01
1.807462116504667549e+01
1.799294416099762017e+01
1.802621919091573233e+01
1.797447821841230819e+01
1.801410310670187798e+01
1.811273433066560656e+01
1.791045141111029793e+01
1.798638164709976195e+01
1.793773400201936852e+01
1.794472594590922654e+01
1.806462524901263578e+01
1.799690942808268090e+01
1.804917723690627085e+01
1.792425416155708362e+01
1.806669602185273860e+01
1.800934765938333371e+01
1.788922796193143228e+01
1.793744602090104223e+01
1.803640014181313589e+01
1.791971953168058462e+01
1.817795111796741381e+01
1.797477971265289654e+01
1.798085984754415634e+01
1.799443632865786213e+01
1.805676364175669590e+01
1.803108193892068201e+01
1.808463195522512024e+01
1.809943139072710494e+01
1.806303921754991748e+01
1.802933187400319781e+01
1.811992524070151944e+01
1.805205085736399440e+01
1.799880641890219479e+01
1.801077871652960027e+01
1.806269778473770771e+01
1.801980648359510795e+01
1.793246272409560405e+01
1.808266601126657847e+01
1.790927010007484199e+01
1.810201911584777434e+01
1.808812868636121607e+01
1.791582118699351511e+01
1.787884857267390259e+01
1.805085138964951241e+01
1.806495091546092979e+01
1.800112153641983426e+01
1.799504796319823186e+01
1.801894862558053845e+01
1.797808622231452347e+01
1.809877953427502462e+01
1.800795808958218913e+01
1.809107958532114324e+01
1.805180213439329151e+01
1.804866855429064643e+01
1.801094414901439933e+01
1.795165059564462240e+01
1.806251526702680010e+01
1.795804496190493538e+01
1.804119678679257532e+01
1.803078951789447260e+01
1.809571086002944895e+01
1.798828563890499410e+01
1.797123515738704569e+01
1.796312179857351055e+01
1.818438870970561894e+01
1.799726392216590654e+01
1.804183388203675520e+01
1.795048683674531276e+01
1.789684288279821800e+01
1.792992080192555093e+01
1.811435014901372398e+01
1.808330925243461351e+01
1.800153058945124229e+01
1.797432242036492411e+01
1.788932072355757441e+01
1.793480182655324384e+01
1.809626594170115510e+01
1.807330321584569433e+01
1.801707442244433111e+01
1.814498264816850437e+01
1.794723492818095067e+01
1.799076621802054277e+01
1.792700634182081032e+01
1.801277803365350749e+01
1.803494456836846993e+01
1.804156309442345929e+01
1.806104464389803965e+01
1.815784247681822450e+01
1.789931436071310245e+01
1.790111157820856391e+01
1.806046171038659409e+01
1.796578239474609973e+01
1.798838672940504324e+01
1.808803247618616794e+01
1.811945876639590125e+01
1.801693357036132426e+01
1.787459370646902812e+01
1.798119162435372687e+01
1.790632912854891146e+01
1.793090740206384481e+01
1.802928330720099837e+01
1.785262303563919772e+01
1.798193898315946981e+01
1.794794585190821579e+01
1.802954646627900104e+01
1.804071531129925887e+01
1.801513147753912136e+01
1.809530686908831854e+01
1.790636573277028276e+01
1.788243951503093143e+01
1.819898786934112067e+01
1.807560915171883664e+01
1.799999548387431147e+01
1.795094297414781792e+01
1.808276988541899044e+01
1.795539676598954770e+01
1.788973854458390278e+01
1.809866177196225578e+01
1.803124227312578398e+01
1.821480473798173350e+01
1.807680305361567008e+01
1.803540528497005013e+01
1.796055347163259341e+01
1.798386701715018887e+01
1.800543836893877980e+01
1.814548982377571917e+01
1.803532970386381606e+01
1.801958655638674145e+01
1.811212943350568239e+01
1.797880464889868080e+01
1.805242157960851301e+01
1.780049178881892757e+01
1.790792202262429100e+01
1.795485583416276754e+01
1.810723231004326905e+01
1.805543213411575110e+01
1.814270052184465243e+01
1.811607092393572316e+01
1.802753881533872260e+01
1.814265414133369703e+01
1.803092398120725193e+01
1.790331485947125145e+01
1.797889547810335387e+01
1.800835844226183369e+01
1.790068133472975731e+01
1.808432189609254692e+01
1.812427126243409603e+01
1.788218280358026036e+01
1.796699292314643159e+01
1.802084788766792656e+01
1.803602507206787919e+01
1.787751958033342703e+01
1.820217149906578058e+01
1.808614410301902709e+01
1.802303634621956263e+01
1.793365106159714273e+01
1.802411028227629686e+01
1.798876677998183027e+01
1.811838096499299766e+01
1.810340311351973952e+01
1.796361494858458840e+01
1.808595808519366699e+01
1.795370890127536967e+01
1.803989744119315475e+01
1.788858613633964012e+01
1.792425525769202110e+01
1.800947309365151128e+01
1.798653384751444051e+01
1.792112171264999532e+01
1.813813959170574108e+01
1.797576883177622165e+01
1.795677117731261063e+01
1.796768212747392468e+01
1.794377313762729997e+01
